 0.3551075 -2.7346172 -0.63376576 2 g
 7.5136037 13.139379 4.9972973 4 a
 -1.6859392 0.5413373 0.20672788 106 g
 8.39467 7.533954 2.1440077 115 a
 -0.8023023 -0.4999587 1.0397646 305 g
 1.5759833 5.79337 2.4624364 312 a
 1.5362195 -0.17159092 -1.8039588 509 g
 1.5161282 1.9327193 -3.1860838 512 a
 1.5388826 1.6113954 -1.9046263 709 g
 4.7165775 12.78384 -3.7205894 713 a
 1.5380837 -0.7433716 -1.3895708 905 g
 5.4091 9.193734 0.1364695 910 a
 -1.5064421 -2.5322168 0.031225564 1107 g
 11.663952 15.187618 -0.02932897 1110 a
 -3.3821065 -0.37239328 2.4592295 1308 g
 -3.1986535 5.1289787 0.842759 1311 a
 2.5290458 2.468667 0.8810403 1510 g
 6.1764417 10.961852 -11.385028 1514 a
 -2.2310882 0.059571452 -0.89182603 1708 g
 8.752603 12.743737 -10.181343 1712 a
 -5.279076 -8.726196 -0.0872851 1912 g
 19.612701 10.518925 -3.715801 1915 a
 0.40730545 -6.5591826 -3.2332773 2107 g
 -1.690905 7.7350674 -6.5864487 2112 a
 1.079221 -4.0952263 -1.0944927 2301 g
 6.18542 3.2836475 2.0213048 2303 a
 0.7860069 -3.4209137 0.7659917 2504 g
 7.4082584 4.158728 -2.7114334 2505 a
 3.9181507 6.444234 -2.2795992 2710 g
 0.31902736 7.193379 -3.4320881 2714 a
 1.6986723 1.416452 0.39527968 2909 g
 0.04129998 6.986879 -1.2557588 2913 a
 -4.484655 -1.6459169 2.648314 3110 g
 3.544017 8.410232 -0.89064306 3114 a
 0.05390398 0.70458907 2.1524334 3308 g
 9.807847 12.85387 11.340137 3312 a
 -1.3671588 -2.1428628 0.44401553 3507 g
 -0.49679685 13.217789 -2.3253684 3512 a
 1.0770905 -0.012333898 0.104196176 3714 g
 4.2054152 6.5271926 2.2385786 3719 a
 2.0736454 3.1445773 -2.1677465 3909 g
 8.025364 9.035119 -0.44831428 3913 a
 0.21768838 0.840144 -0.944024 4109 g
 2.2361844 13.2273655 -0.8158242 4113 a
 -1.1549048 -1.6459169 2.7609656 4325 g
 -2.171541 6.2644286 -1.4107834 4330 a
 1.858462 -1.319147 -1.2324444 4512 g
 -2.291251 19.612701 9.139865 4515 a
 -0.21587424 -1.6698854 -0.5669204 4713 g
 2.5582044 8.261791 -0.31064767 4717 a
 0.4728192 1.840161 -1.4497583 4913 g
 6.005855 7.0610995 2.4139538 4917 a
 -0.43052503 -0.35188693 -0.55227304 5111 g
 -0.37588966 11.898584 5.94181 5113 a
 -2.422037 -0.7399095 3.480818 5312 g
 3.2172086 3.9875429 1.417966 5316 a
 0.09465034 1.1024653 0.4850282 5514 g
 17.135302 12.444462 -4.0001125 5519 a
 1.9213126 0.14239576 1.1819775 5714 g
 0.20649989 11.6825075 -3.6086605 5719 a
 -0.23824479 0.58927417 -1.703025 5912 g
 4.370615 7.3071036 2.4109612 5916 a
 1.368174 -2.2153008 -1.1389674 6114 g
 5.9202623 9.59177 -1.8698715 6120 a
 -2.8894217 1.2324276 1.4445652 6313 g
 1.1599907 6.962937 -2.1942859 6317 a
 0.74898905 2.6476314 0.64401895 6513 g
 10.645219 13.483545 19.612701 6517 a
 -0.59137994 -0.0070075756 0.4994093 6720 g
 0.5542577 11.514913 -1.5592239 6723 a
 -0.6270663 3.648181 -0.9472198 6913 g
 4.398747 7.6231384 1.1881226 6917 a
 3.6268008 -0.5681356 -1.0580074 7112 g
 6.558317 11.672332 -1.4586674 7116 a
 0.18546413 -0.1148656 0.12630041 7313 g
 -0.02813187 12.299014 -0.44232875 7319 a
 -1.5346715 -3.7388952 2.307962 7512 g
 2.517503 6.31351 -0.9636662 7515 a
 -0.58285785 -1.0203403 -0.49448243 7713 g
 -0.18136078 14.889541 1.6627731 7717 a
 1.2019928 -1.7191539 0.689559 7918 g
 3.4691982 5.4917 2.3971944 7922 a
 0.7364722 0.70778483 -1.7339176 8113 g
 5.051167 8.375516 1.5023615 8117 a
 0.49811924 -2.5966654 -0.69821423 8313 g
 3.1477766 11.5394535 1.2737153 8317 a
 -2.4505327 3.1973078 3.029945 8516 g
 4.5232453 4.522647 3.6230257 8521 a
 0.10423772 3.5102293 0.5428188 8713 g
 14.254478 12.688072 6.5696893 8717 a
 -1.4553094 -4.0811114 0.33029854 8915 g
 1.4628572 7.20535 -2.956839 8920 a
 0.4160939 3.8298085 -0.39274967 9116 g
 3.4650085 6.5499372 -1.049259 9121 a
 0.54126245 1.2521349 -0.9299093 9313 g
 7.004237 12.484565 -2.28347 9317 a
 -0.62174 0.41989714 0.098337226 9515 g
 0.17776948 14.34905 -0.46567222 9520 a
 -2.02203 -1.0645489 1.6056864 9719 g
 3.0496144 4.3718123 0.2148796 9722 a
 0.24032526 1.2172476 -0.067844026 9920 g
 6.6828156 15.811308 -4.2580876 9924 a
 -0.26913747 1.3424162 0.6940864 10117 g
 2.4187422 9.474455 -0.32800564 10127 a
 -0.64704 1.1133842 -0.36052543 10324 g
 5.4102974 7.290344 1.0773908 10328 a
 0.67015946 -3.1529996 -0.50114036 10519 g
 7.173627 11.808802 -0.41718966 10522 a
 -0.63186 2.1126022 0.06797719 10719 g
 4.048595 9.432556 -1.8369513 10722 a
 1.2035906 -1.1196762 1.7529593 10923 g
 -1.5460558 5.233725 -2.1745336 10926 a
 0.914105 -0.74923056 -0.69129 11118 g
 2.717419 13.79958 -0.7428011 11122 a
 0.07707348 -1.7862655 0.14440991 11319 g
 1.6759412 7.243657 -1.5753847 11323 a
 1.1742958 0.1067094 -0.2891527 11522 g
 2.6683378 9.52174 -1.9907787 11525 a
 0.89999026 -1.3897208 -0.68623 11719 g
 9.229049 10.045472 0.866701 11723 a
 -0.23904374 2.0127337 -1.4926353 11921 g
 2.8287494 12.992135 -1.5460558 11925 a
 0.29784954 -2.0190258 2.0232701 12126 g
 -1.1653777 8.613739 -1.1145009 12130 a
 0.65418047 0.47822037 -7.323693E-4 12320 g
 15.355212 10.531495 2.6797101 12324 a
 0.12287985 -2.3633726 0.20486367 12520 g
 2.463035 9.57561 -1.4909891 12524 a
 -0.30695435 1.7911588 -0.9794441 12723 g
 4.6004586 7.4268136 -0.4429273 12727 a
 2.0097294 2.365869 -0.77970695 12918 g
 3.915717 9.770737 -1.1210849 12922 a
 0.13086933 2.1815782 0.080494046 13118 g
 2.822764 15.075689 -1.858499 13122 a
 -1.4324062 2.8119483 2.0983713 13323 g
 1.38325 5.627571 -1.163582 13327 a
 0.49439082 -0.005409679 0.22297317 13521 g
 18.759768 12.307394 2.2703018 13525 a
 0.12234722 -1.1316605 0.5750431 13721 g
 3.4494462 15.205575 -3.8055837 13725 a
 -1.2478491 1.3272362 -2.1323266 13923 g
 3.3357215 6.4840965 0.32800564 13927 a
 0.85524917 2.3264542 -0.7179217 14130 g
 6.8330517 9.6049385 -0.7781156 14134 a
 0.19771467 0.17462 -0.54082143 14322 g
 3.122039 13.282433 -1.2653356 14326 a
 -1.3056397 2.0281801 2.5367274 14524 g
 1.4149733 5.7185507 0.4321534 14528 a
 0.9231598 1.7866313 0.45307028 14722 g
 10.187927 4.97156 -0.3561375 14726 a
 0.64885414 -0.18357515 0.09727196 14921 g
 -0.43754035 13.037026 -4.341286 14924 a
 -0.7301306 -1.7543075 -0.887565 15126 g
 8.902241 8.321647 -2.1320367 15142 a
 -2.4156454 -6.827629 -0.14614096 15319 g
 4.879383 1.910573 -0.87089086 15327 a
 0.115689315 -0.43764073 3.040065 15523 g
 9.808446 9.327211 3.709217 15527 a
 2.364729 0.3796834 -2.5302029 15724 g
 -2.9741971 1.7884687 -1.6932992 15728 a
 -1.0055015 -3.1644514 -0.13548832 15923 g
 9.194333 11.480796 -0.9552865 15927 a
 -0.64357793 -1.7170233 -1.9107515 16120 g
 0.019752163 0.9187749 1.5693992 16124 a
 -0.5042946 -0.23470785 2.6973162 16321 g
 14.479533 9.803658 1.9135658 16325 a
 0.4858687 0.33440968 -1.4809173 16520 g
 -0.545878 0.23702596 0.59735334 16524 a
 0.69039947 2.3038173 -0.4127234 16720 g
 5.363012 7.0664864 -1.769315 16724 a
 -0.08484671 -1.2291322 0.25466478 16921 g
 1.5544355 -0.6913257 -1.1348516 16924 a
 -1.678216 -1.8744161 0.43389553 17121 g
 15.067309 19.612701 1.2946646 17125 a
 -0.1591489 -5.2537007 0.20299946 17321 g
 2.409764 8.607155 -1.5460558 17325 a
 -0.9754078 -0.48105025 0.3444133 17522 g
 3.2740707 9.260772 1.6136919 17525 a
 -1.5818095 -0.34975642 -0.95574194 17721 g
 0.5141548 7.756615 1.5580268 17725 a
 -1.0925869 -0.948435 -0.6103299 17921 g
 2.2619221 7.6488757 1.6705543 17925 a
 1.5487363 -0.95589185 0.19900471 18123 g
 2.3648727 12.297817 2.3122003 18126 a
 0.6728226 -1.3175491 0.77451384 18323 g
 5.056554 8.890868 -0.6326678 18326 a
 -0.42653027 0.60525316 -0.4774382 18522 g
 4.1611223 9.668385 -0.1933318 18526 a
 0.68134475 -1.1798637 -0.14853781 18723 g
 5.419874 12.501923 0.6075287 18727 a
 -0.8606255 -0.12525193 0.5958157 18922 g
 1.3449428 12.273276 -1.1252748 18926 a
 -1.5176274 -1.5271399 0.88716555 19123 g
 3.3087866 4.042011 0.0724246 19126 a
 0.5468551 1.134157 0.26132268 19323 g
 10.478224 7.1448965 4.9679685 19327 a
 -0.4765977 0.17515264 0.79448754 19523 g
 1.4957775 11.88781 -1.6178818 19526 a
 0.17081675 3.4851956 -1.2484233 19722 g
 4.022857 7.6428905 -0.7930793 19726 a
 0.26029897 1.6393586 -0.5501425 19923 g
 3.1800983 11.477204 -0.22864626 19927 a
 -9.571401E-4 -2.6278243 0.32683644 20123 g
 3.5230677 7.3268557 3.6493618 20127 a
 -3.4268475 -0.22085941 2.427538 20323 g
 6.331466 5.595848 0.40761283 20327 a
 -0.73359275 -0.41979754 1.6834507 20523 g
 3.6715083 9.294889 3.74513 20527 a
 1.8840283 0.6446679 -2.5863955 20723 g
 1.7304093 6.1866174 -3.8295257 20727 a
 0.10743351 -0.6922389 -0.2505369 20923 g
 5.0679264 8.552687 -0.8511387 20927 a
 1.3460697 3.2047646 -1.4175341 21124 g
 4.173692 8.718486 -0.26755205 21127 a
 0.10397141 -0.9881161 -0.16771257 21324 g
 -0.8206126 8.318055 2.906561 21327 a
 -3.1533408 -0.037367612 2.8744164 21523 g
 6.022016 5.9531827 1.2431892 21527 a
 -0.19803105 0.117362045 0.9079382 21725 g
 13.959991 16.663046 19.612701 21729 a
 -2.3570557 1.5280385 -0.37970018 21924 g
 4.059369 8.896255 -1.3784616 21928 a
 0.10636825 3.1280656 -0.9141966 22124 g
 1.9734207 7.7829514 -1.3371617 22128 a
 0.93141556 0.4108424 0.004593953 22326 g
 4.969166 10.28549 2.6437972 22330 a
 1.2344832 1.061719 -0.9485514 22525 g
 3.3500867 11.024101 -1.4939818 22530 a
 -2.5783644 -3.0480711 1.2637365 22725 g
 6.482301 4.8518496 -1.0253168 22730 a
 -0.25901744 -1.1961089 1.0509499 22926 g
 0.8972271 4.859631 2.3642743 22931 a
 0.6160973 -0.23790364 -1.6287228 23126 g
 2.903568 6.986879 -0.46686932 23130 a
 0.36123276 -2.353785 0.6607968 23326 g
 3.6870706 8.39467 -2.2888567 23331 a
 -1.012692 -1.1098226 -0.90194607 23527 g
 5.4091 8.710106 -0.80445176 23531 a
 0.007298659 -1.7836024 -0.41831604 23726 g
 6.4266357 13.297397 1.590947 23730 a
 -0.47606507 0.994341 0.27756795 23927 g
 0.92655605 10.397419 0.30945057 23930 a
 0.1220809 -2.6762938 1.2283164 24128 g
 0.43514615 5.792771 -0.54408234 24131 a
 0.12580933 -0.4458965 -0.8841029 24328 g
 -0.25139117 8.872313 -3.638588 24331 a
 -1.7341424 3.3275363 2.200104 24527 g
 1.2557588 7.7254906 -10.063428 24531 a
 -3.273982 0.963981 0.570782 24728 g
 8.780735 10.09156 -0.8146271 24732 a
 -0.7977749 -2.082409 -3.0766835 24928 g
 12.400169 10.805631 0.973243 24931 a
 -2.5418792 -0.7913085 -0.5245761 25128 g
 2.4139538 8.854955 2.022502 25139 a
 -0.5988368 0.41004345 -1.5163373 25329 g
 7.597999 13.714586 2.6599581 25333 a
 1.0123756 -4.6161404 -0.21538316 25529 g
 3.1094694 6.5684924 0.2621651 25533 a
 -0.8923172 2.0412295 1.1188606 25729 g
 4.0659533 8.3072815 -2.8107927 25733 a
 -0.745577 2.3408353 -0.019640813 25929 g
 -1.3509283 19.106329 8.1797905 25933 a
 2.0214474 -0.33537534 1.6163391 26130 g
 3.9510314 2.7952304 -0.48722005 26134 a
 2.04728 1.0944759 1.7961024 26330 g
 4.7165775 6.7947445 -2.7910407 26335 a
 1.9037356 2.6441693 -0.12909673 26531 g
 1.7764976 7.909844 -4.994903 26535 a
 1.5010657 4.4505916 -0.62258047 26730 g
 5.6527104 9.030331 -0.35194764 26734 a
 -0.13518046 2.3855762 -1.5898405 26930 g
 3.7391446 9.909601 0.34955344 26934 a
 0.1335325 2.534447 -0.48436242 27131 g
 1.5705963 11.619659 -0.59256494 27135 a
 -3.1637273 -4.754891 2.0581574 27331 g
 1.4544775 6.655282 1.7812861 27335 a
 -0.1671384 1.2390854 0.7228485 27531 g
 18.966267 15.338453 19.612701 27535 a
 -2.7344255 1.0366852 0.2698448 27732 g
 1.4478935 4.8219223 -2.3104045 27736 a
 0.01821762 1.5839648 -0.8191218 27931 g
 4.0438066 6.0064535 -0.2172738 27936 a
 1.7199775 2.665741 -1.5365773 28132 g
 3.2124202 10.62008 0.032920275 28136 a
 0.3204864 -0.47945234 0.002197108 28332 g
 2.645593 18.104954 -1.7172412 28339 a
 -1.6294801 1.189018 2.88933 28532 g
 -1.8950106 5.5617304 -1.2036849 28536 a
 0.41715914 0.6244279 0.0946088 28732 g
 8.814254 7.3909006 -1.0498575 28736 a
 -0.9849951 -0.6243283 0.09274458 28933 g
 2.7934349 11.479 4.5124717 28937 a
 -0.043834034 0.30484858 -0.59088886 29133 g
 4.8297033 7.687183 -1.6358383 29137 a
 0.28959373 -0.48824078 -0.98556936 29335 g
 8.687361 13.970765 1.5328877 29339 a
 -1.4425262 -0.92446655 0.32310802 29533 g
 3.8642416 6.5655 0.35913026 29537 a
 -0.775937 1.1634517 0.11671303 29733 g
 0.5243302 2.2421699 1.2210429 29737 a
 1.7985408 -0.12684983 -1.05854 29932 g
 -1.2114661 3.845088 0.5722142 29939 a
 0.6195594 2.418866 0.32017854 30133 g
 4.3179426 7.3232646 -0.2184709 30147 a
 1.5117184 -1.4115587 -2.3941152 30333 g
 3.6804867 10.924144 -0.88645315 30337 a
 0.40197912 -2.238204 -0.20419787 30533 g
 3.4153287 16.867151 -3.4500446 30537 a
 -1.4419936 1.5205816 3.7053225 30734 g
 0.8319851 3.5853171 -1.3096284 30739 a
 0.7180964 0.89979875 0.43336287 30934 g
 9.156026 1.8543092 -0.022744916 30939 a
 -0.83266234 -1.4360598 0.14148043 31134 g
 0.9780314 10.12448 -3.2231941 31139 a
 -1.0872605 -1.318348 -1.4817163 31335 g
 3.964798 8.815451 -0.42197806 31340 a
 0.55271405 -2.7599173 -0.8276439 31534 g
 5.5180364 12.400169 1.1019313 31539 a
 -1.9887406 -3.711731 1.4179336 31735 g
 3.934272 5.0745106 0.9744401 31739 a
 -1.4803431 0.63161844 1.8277941 31936 g
 10.990582 11.498753 -1.2090719 31940 a
 -0.10162463 -1.4999757 -1.4084793 32135 g
 -1.1055226 1.8680758 -0.40462008 32139 a
 0.36442855 1.3133876 -0.6758437 32333 g
 4.0683475 8.44016 -1.3491327 32335 a
 0.99932617 1.822584 -1.7496302 32536 g
 4.477157 8.742428 -1.70946 32540 a
 0.6275489 -0.4368418 -0.04653874 32736 g
 2.3397336 13.996503 -1.5999253 32740 a
 -1.823092 0.6846154 3.0413966 32936 g
 0.92535895 5.333683 -1.4173675 32940 a
 0.4824066 0.9189735 0.3707786 33137 g
 11.652579 6.963536 -0.41240123 33141 a
 -0.11254359 -0.33723953 0.5843641 33337 g
 0.018555064 12.901155 -0.46866497 33341 a
 -1.4502494 -0.608083 -0.4050002 33537 g
 5.5000796 7.032369 -0.2621651 33541 a
 0.57934564 -1.6009095 -1.2771854 33737 g
 6.449381 13.410522 2.3307555 33742 a
 -0.82840127 1.0611863 0.8762466 33937 g
 0.8834604 7.5387425 -1.7603368 33941 a
 0.08346507 -4.1247873 0.8498813 34137 g
 0.19153613 3.8468835 -1.638831 34141 a
 0.8421997 -1.0397815 -1.2265854 34339 g
 -1.4502877 10.758944 0.789488 34343 a
 0.78440905 -1.211289 0.6496116 34537 g
 3.2555158 6.9928646 -1.441908 34542 a
 -0.117070965 0.334676 -1.4388393 34738 g
 5.856816 8.4664955 2.0805612 34742 a
 0.8134375 -2.5258253 -1.2332433 34939 g
 2.372654 9.507375 -2.0913353 34943 a
 -3.2931569 -0.032307606 2.148705 35139 g
 5.429451 5.048773 0.95229375 35153 a
 -0.49763668 1.0659801 0.8685234 35342 g
 13.724163 15.252262 2.741361 35346 a
 -0.48911455 -0.62273043 -1.5333816 35542 g
 0.44951138 5.66947 -1.8028339 35545 a
 -0.21427634 0.85026395 -0.5139235 35740 g
 2.7563248 7.2005615 0.18974048 35743 a
 1.8142534 3.3770711 -1.469732 35940 g
 5.5497594 10.846333 -0.8882488 35943 a
 -0.055285625 -0.74017584 -0.16371782 36140 g
 2.782661 16.09562 -1.1935096 36144 a
 -2.407123 0.736547 3.1292808 36340 g
 -0.96905315 4.198831 -0.3573346 36344 a
 0.33593273 1.363455 0.29567745 36539 g
 11.8339405 2.9783869 -0.8331822 36543 a
 -0.39617023 -0.35561535 0.8964866 36741 g
 2.2667105 10.226832 -1.6106992 36744 a
 3.7444045E-4 0.695268 -1.2822455 36941 g
 3.406949 9.045294 2.0775685 36944 a
 1.3644456 -1.6768095 -0.19540945 37140 g
 7.57286 17.51179 -0.86011696 37144 a
 -0.5927115 2.312872 1.0432267 37341 g
 4.8261123 6.1447186 -1.2659341 37344 a
 -0.9082961 -1.0296614 0.67730844 37541 g
 3.9468415 5.3803697 -0.18435353 37545 a
 0.7471248 0.4225603 -1.5999606 37741 g
 -2.753332 18.446127 0.53211135 37744 a
 0.2712179 -0.361208 -0.27823377 37942 g
 2.915539 6.9701195 -2.3983915 37946 a
 0.24884737 0.7847502 -0.28622323 38141 g
 6.017826 8.196549 -0.25737667 38145 a
 1.0736283 -0.3910354 -1.5634753 38342 g
 2.2361844 8.525752 -1.8405426 38345 a
 -2.0545206 -1.6919895 1.1244532 38542 g
 5.770026 4.984728 -0.061650693 38546 a
 -0.14024046 1.0220379 1.3316472 38742 g
 5.478532 9.189545 5.5138464 38745 a
 1.0786884 -0.06213501 -1.7853166 38942 g
 0.6572084 5.9041014 -2.168548 38946 a
 -0.7146843 1.0840895 -0.12110725 39143 g
 3.7762547 6.862979 -0.094570965 39147 a
 1.7508702 0.43853927 -1.4217951 39343 g
 4.4681787 10.602123 0.17178397 39347 a
 0.70265 -2.1449933 -0.088616684 39543 g
 0.46507367 12.157756 -0.24061728 39546 a
 -2.6492045 0.33201283 2.4405873 39743 g
 9.698313 4.4621935 -3.2758665 39747 a
 1.0829494 1.1141832 1.4448315 39943 g
 2.5408466 8.514978 1.002572 39947 a
 -0.034779284 0.30404964 -0.34934014 40143 g
 4.3077674 8.322245 0.23343466 40158 a
 0.7678975 2.9890487 -1.0654641 40344 g
 2.3020248 8.435371 -1.8710686 40354 a
 1.1937369 -1.2640196 -0.19434418 40559 g
 6.1405287 13.51886 -0.43634325 40563 a
 0.101840876 0.9975368 0.33376065 40744 g
 0.700304 11.377247 -1.388637 40748 a
 -2.290743 -2.2323449 0.75001276 40945 g
 2.2529438 5.6179943 0.7404069 40949 a
 0.6057109 0.8875482 -0.52138036 41144 g
 3.1022868 11.306618 -2.510919 41148 a
 -0.011609784 0.82309973 0.8544086 41345 g
 4.311359 6.445191 1.9632454 41349 a
 0.34312326 0.31630018 -1.2550812 41545 g
 3.6876693 8.256405 -0.41240123 41550 a
 -0.9778046 -2.5553863 0.03894873 41745 g
 7.4028716 12.410943 0.38486794 41749 a
 -0.5809936 0.10031781 0.15452991 41945 g
 5.3103395 9.0554695 -4.4460325 41950 a
 2.1511433 -0.13057825 1.4552178 42146 g
 1.2970588 5.5102553 0.74639237 42150 a
 0.90425134 -0.75562215 -1.1853064 42346 g
 1.525705 16.837822 -2.915539 42350 a
 -0.03930666 -0.5899735 0.11085408 42546 g
 3.1902738 8.775947 -1.2467805 42550 a
 -0.23664689 -0.050683416 -0.77944064 42747 g
 4.4424415 8.418612 0.94331545 42750 a
 2.154339 -2.114367 -0.68995845 42946 g
 6.975507 12.486361 -0.58298814 42950 a
 1.367375 1.2792993 -0.78689754 43142 g
 7.177817 7.447763 -5.055357 43143 a
 3.2100163 3.5203493 1.5891747 43344 g
 -1.0929531 6.169259 -3.8546648 43346 a
 2.452613 1.2734402 -1.0103368 43547 g
 6.645705 12.097302 -4.2784386 43551 a
 1.6089237 0.53068465 0.009121327 43747 g
 6.5241995 10.892421 -1.6244658 43751 a
 1.2350159 4.964848 0.63629574 43948 g
 1.6597804 9.838972 -2.6809072 43952 a
 1.0656389 2.1168635 1.2384365 44147 g
 2.847903 11.378444 -0.94690675 44151 a
 0.28666425 1.6659902 -0.15865782 44348 g
 0.96426475 2.690484 -0.108337626 44352 a
 -2.694212 -4.1626043 1.0312425 44549 g
 5.3157263 9.668385 8.188768 44553 a
 1.1889433 4.246327 1.260807 44748 g
 1.1282675 2.0398598 1.1372458 44753 a
 1.2952033 2.272392 0.27357322 44948 g
 0.7212533 10.752359 8.257602 44953 a
 0.9074471 -2.4440663 -1.6755943 45149 g
 1.3611037 7.244256 3.1453824 45160 a
 0.40038124 -1.2962439 -0.027896613 45363 g
 10.927735 12.871827 -0.64583594 45367 a
 0.9194313 3.1059613 -1.6148742 45554 g
 -3.0783448 1.7256209 2.3983915 45562 a
 -0.034246653 -0.45255443 -0.7791743 45750 g
 3.7600937 7.8853035 -0.7685388 45754 a
 -0.039040342 1.3280351 -0.5735783 45949 g
 5.6377463 12.405556 4.8787847 45953 a
 -1.4787452 -1.1556289 1.2317786 46149 g
 6.0860605 6.83784 5.837662 46153 a
 0.5319414 -0.42539018 -0.0673114 46351 g
 3.9324763 11.535264 4.3538556 46355 a
 -0.22652689 -0.516204 -0.89262503 46550 g
 -1.6843209 3.912724 -0.2753332 46554 a
 -0.5245346 1.8726515 0.549743 46753 g
 6.5858502 7.8757267 1.7112557 46757 a
 4.0840654 7.17394 -2.8492494 46957 g
 -0.7469909 11.525687 -2.3774424 46965 a
 -0.11227727 -1.7119633 1.3609419 47155 g
 5.355231 7.153276 -2.6539726 47159 a
 4.0893917 0.948002 -0.69208896 47356 g
 7.415441 6.805518 -1.7998412 47359 a
 1.0560515 6.988584 -0.92165345 47556 g
 -1.7890673 13.7445135 -1.8435353 47559 a
 -1.9083132 -6.0891347 0.13748568 47755 g
 2.6378117 4.365228 6.126762 47759 a
 -0.03184981 -3.7594016 -1.6505606 47955 g
 4.4143095 6.4607534 -0.62967503 47958 a
 -0.044100348 8.72683 -0.43056658 48165 g
 -8.176797 19.612701 -6.1022215 48167 a
 -0.63665366 -8.726196 0.70926636 48355 g
 6.6708446 5.7825956 -1.3640964 48358 a
 -4.35922 0.2606401 -0.44361606 48555 g
 -1.7836803 18.095976 2.7868507 48559 a
 2.5634007 2.7538915 0.7580022 48755 g
 1.7794905 18.388067 -2.541445 48759 a
 -1.348783 -1.1772006 0.39501336 48954 g
 10.056246 6.8522053 5.629367 48958 a
 -4.103823 -5.9911304 0.33349434 49156 g
 1.2761095 10.34355 2.0165164 49159 a
 1.790285 -0.453886 0.62111574 49354 g
 2.9741971 12.951434 -2.3953989 49358 a
 0.25870106 -0.24935523 0.030426616 49555 g
 4.3688197 7.492056 -1.785476 49559 a
 -0.7570286 -2.7404761 -0.67824054 49755 g
 6.7342906 8.295909 0.5746084 49759 a
 -0.082183555 -2.135406 -0.36851493 49955 g
 3.2483332 8.835801 -0.47764325 49959 a
 -0.55356306 2.413273 -0.056658752 50155 g
 -4.5280337 7.912238 12.339716 50169 a
 -0.812156 -8.726196 1.7138107 50354 g
 7.790134 4.848857 3.0885203 50361 a
 -2.1818197 -2.0227542 2.0355206 50554 g
 1.7753005 4.7614684 0.18076223 50558 a
 2.022779 -0.07065713 -1.6423049 50756 g
 1.389834 5.1158104 1.9476831 50760 a
 -1.9634405 -5.3943157 1.3295165 50955 g
 2.7802668 6.4978633 -0.34117374 50958 a
 2.2997477 0.93868095 -0.6614626 51156 g
 5.569512 8.555081 0.7062895 51160 a
 0.13672829 0.5863447 -0.52590775 51354 g
 2.5570073 8.249821 -0.79607207 51358 a
 -0.93679196 -0.49702922 0.2022005 51556 g
 5.3522377 3.245939 2.8293478 51559 a
 -3.770928 1.334693 2.4019716 51756 g
 5.6724625 5.6664767 0.480636 51759 a
 -0.2765943 0.4127066 1.7745308 51955 g
 0.99179804 11.745954 8.091205 51958 a
 0.795328 -1.802777 -1.758685 52156 g
 -1.0295067 2.5007436 -0.25737667 52159 a
 -0.2997638 1.4196478 -0.4361592 52356 g
 4.3448777 8.455722 -0.4842273 52360 a
 2.3194551 -3.6880288 -1.0859705 52556 g
 3.7313633 10.1699705 -1.7328035 52559 a
 0.030734478 0.5234941 -0.22390527 52755 g
 2.730587 9.027337 -3.7493198 52759 a
 -3.796228 -4.1924314 1.5010241 52956 g
 5.913678 6.716933 1.0714053 52960 a
 -0.5969726 -0.4357765 1.404085 53157 g
 6.495469 4.1892543 5.2768207 53160 a
 0.9324808 -0.12178982 -0.6598647 53357 g
 -0.6913257 2.7012582 -0.7942764 53360 a
 0.39612016 0.011634552 -1.1187274 53557 g
 4.9146976 6.459556 -2.9239187 53561 a
 2.408671 1.225237 -1.9933095 53757 g
 3.9653966 10.521319 -0.5303157 53761 a
 0.8738913 0.24173167 -0.013781859 53958 g
 1.2940661 12.113463 1.9488802 53961 a
 -3.497155 -0.8626812 2.7457857 54158 g
 4.24492 4.887164 0.5530606 54162 a
 -0.06700353 0.5333478 0.5550693 54358 g
 17.961899 11.997943 5.6401405 54362 a
 -1.2158912 -3.0565934 0.61925155 54558 g
 0.93852705 8.2037325 -2.654571 54562 a
 0.074144006 0.60205734 -0.5882257 54758 g
 4.258686 6.5906386 -0.4309563 54762 a
 1.3567224 1.416452 -1.605287 54958 g
 5.1235914 8.476072 -0.033518825 54962 a
 0.2677558 -0.83924544 -0.78023964 55158 g
 4.4167037 9.173384 0.94810385 55170 a
 -0.9445151 -0.48131657 0.7574696 55362 g
 5.009867 4.736928 0.29807812 55366 a
 0.045914494 0.26649907 1.2155333 55559 g
 2.5139117 4.9757495 0.5847838 55563 a
 1.2091832 -0.50794816 -0.67451215 55759 g
 1.5682021 7.8715367 -1.2683283 55763 a
 0.19451888 -0.74417055 0.7332348 55960 g
 3.912724 7.171831 0.44352585 55964 a
 1.0065167 -1.0887836 -1.489173 56160 g
 4.0821137 8.11395 1.1569979 56164 a
 -0.08244987 -1.7138275 -0.5131246 56360 g
 6.30932 13.350069 1.0911574 56364 a
 -0.05368773 -1.1273994 0.2416153 56561 g
 0.7745243 9.688137 -1.9536686 56565 a
 -1.0845973 -3.2539337 1.0384331 56763 g
 -0.39444473 4.6016555 -0.4333505 56767 a
 0.89466393 -0.5628093 -0.6129931 56963 g
 2.7377696 19.612701 -1.9991584 56966 a
 0.5583067 -1.096773 -0.9504156 57165 g
 4.296395 10.709863 -1.271321 57178 a
 -0.17406261 0.03693458 -1.2556139 57363 g
 5.3875523 9.255983 0.80205756 57367 a
 0.78094697 -2.3119736 -0.5179182 57563 g
 4.859631 12.509106 1.6418238 57567 a
 -1.0907227 -0.21420151 0.6698516 57765 g
 6.196194 9.28232 -1.1282675 57780 a
 0.46482974 -2.0650985 1.9774637 57965 g
 1.127669 4.374805 -3.0963013 57979 a
 0.8376723 -1.6989138 -1.1791811 58163 g
 -0.4830302 3.0705638 -1.0815806 58167 a
 -0.27126798 2.1237876 -0.89528817 58379 g
 3.3207579 6.4284315 -2.2840683 58383 a
 3.5935113 -2.417701 -2.2316625 58563 g
 5.1301756 10.512939 0.7200562 58567 a
 0.39931598 -1.2070279 -0.5485446 58763 g
 2.5300727 11.434109 1.4173675 58767 a
 -1.471821 2.1464245 3.2698958 58967 g
 4.613028 4.912902 1.7591397 58981 a
 0.53913194 4.3509893 1.2853081 59165 g
 10.552444 15.163078 18.191145 59178 a
 -2.3309567 -1.9385983 0.56332517 59367 g
 0.31184477 6.347627 -2.236783 59381 a
 -0.6204084 4.1163645 0.45972818 59564 g
 2.7964275 4.402937 -1.7489643 59570 a
 1.0163704 -2.8968036 -1.515272 59765 g
 5.4300494 10.121488 1.1360487 59779 a
 0.7966596 -1.8009129 -0.8707871 59966 g
 2.8083985 13.978547 0.80684596 59980 a
 -2.1453345 2.4590795 2.981209 60298 g
