 1.1615126 -0.63418204 -0.49155295 2 g
 2.307412 11.56579 -0.516549 4 a
 -1.9839469 -0.5713314 3.6355476 116 g
 0.52732295 5.125387 0.22266077 117 a
 0.095715605 0.5338804 0.63762736 319 g
 14.623784 10.131663 -1.0971429 323 a
 2.2637951 1.7970177 -1.208476 519 g
 2.1547816 9.308058 -1.5957354 523 a
 -0.68192744 -0.2885037 -1.3842446 730 g
 4.875193 7.7997108 3.6212301 734 a
 1.4605857 0.018026138 -0.8705208 920 g
 6.52001 8.150461 -0.11971009 924 a
 0.16229463 -0.63391566 -0.38768968 1120 g
 4.1515455 11.811794 -1.4263457 1124 a
 -1.2531755 1.0934106 3.0496523 1321 g
 1.6621746 5.5748987 -0.06404489 1325 a
 0.5287456 0.9503988 0.5500093 1520 g
 10.87207 3.7379475 1.1402385 1525 a
 0.47494975 0.49286777 0.42617235 1723 g
 5.321712 9.96347 -1.882441 1727 a
 0.53487086 2.1765182 -1.3331119 1922 g
 4.1802764 6.05733 0.65900403 1927 a
 1.4808257 2.761082 -0.537892 2121 g
 4.9416323 9.019556 1.5592239 2125 a
 0.74419534 -2.6446023 0.20459735 2322 g
 4.0659533 10.371682 0.5105635 2326 a
 -2.2044566 1.8912936 2.84379 2522 g
 2.1045034 6.338649 -2.8670566 2527 a
 1.5902816 2.0116684 0.84162545 2718 g
 14.13836 4.969764 9.707291 2721 a
 -0.0664709 -0.2637363 0.79502016 2924 g
 0.9720459 7.8649526 -2.48578 2929 a
 0.31649166 0.2489222 -0.5224456 3123 g
 6.0363812 4.808754 -0.7757214 3127 a
 1.6733723 3.015414 -1.5746605 3322 g
 6.6163764 7.098808 0.5255273 3327 a
 0.7947954 -1.1002352 -0.44707817 3522 g
 3.8845923 7.3406224 -0.3549404 3527 a
 -3.7088764 0.6470648 2.308761 3725 g
 3.8355112 7.2969284 2.534861 3729 a
 0.9093113 2.712879 0.8810403 3923 g
 11.00435 12.385205 14.844649 3928 a
 -2.43482 -0.04296025 0.13402358 4123 g
 4.784812 7.929596 -4.128801 4127 a
 -0.51521355 2.2207267 -0.6340321 4324 g
 4.087501 7.665635 -0.7026982 4327 a
 0.7524511 -0.54390085 -0.08941563 4523 g
 5.3438582 9.314043 -0.729633 4527 a
 0.49012977 -1.2469754 -0.007390272 4724 g
 6.535572 7.3609734 -1.0097545 4728 a
 0.33992746 0.3692971 -0.35919386 4925 g
 4.8219223 8.065467 0.3274071 4929 a
 -1.8603762 1.6856976 1.3177987 5122 g
 1.6334441 7.3083005 -1.01574 5126 a
 0.61876047 0.5607784 0.86745816 5324 g
 14.182652 6.0022635 4.6471453 5328 a
 -1.0145563 -0.70395684 -0.40553287 5526 g
 6.540959 11.661558 -3.1190462 5529 a
 -0.06460669 1.5828996 -0.9754493 5727 g
 6.4511766 6.8522053 0.26515785 5732 a
 1.4470035 0.97916096 -1.0638663 5925 g
 6.3709707 7.004237 0.31783026 5929 a
 0.27468002 -0.09595715 -0.62497735 6125 g
 6.8288617 11.302427 2.1242554 6129 a
 -0.033980336 -1.4877251 0.6876948 6325 g
 6.9479733 8.938752 -2.5372553 6329 a
 -0.7884539 -0.82992435 1.8035593 6525 g
 4.011485 7.510012 0.61530983 6529 a
 0.28373477 0.31470227 0.13402358 6726 g
 7.904457 3.791817 2.2080526 6730 a
 0.41822442 -0.0030128341 0.4615924 6926 g
 -1.4981717 4.06715 -1.6573862 6929 a
 0.2810716 -0.03869919 0.6698516 7126 g
 6.066907 3.0639796 -0.32202014 7129 a
 1.4446067 0.82309973 -1.6686702 7327 g
 6.5960255 7.4962454 -0.7068881 7330 a
 -0.009745572 -0.8696054 -0.3059306 7526 g
 9.835381 9.605537 -2.2601264 7530 a
 -0.7008359 0.9685083 -0.0409461 7726 g
 5.406706 7.1873937 3.256713 7732 a
 0.6509847 -1.448843 0.16757941 7927 g
 5.233725 3.763685 -0.43394905 7932 a
 0.07920401 -1.7175559 -1.007141 8126 g
 3.7361517 9.303269 -0.12030864 8130 a
 -0.23451637 -1.9415277 0.8410928 8326 g
 3.4572272 6.870162 1.1629834 8330 a
 0.51170135 -0.5974304 -0.2460095 8528 g
 5.234922 5.5940523 -1.4496891 8532 a
 0.32954115 -3.779908 -0.58849204 8727 g
 9.494805 10.647015 -1.3162124 8732 a
 -0.57806414 0.7149754 0.19101523 8928 g
 5.7748146 6.42903 2.010531 8932 a
 -0.100026734 -2.4651053 0.61232734 9128 g
 4.0216603 5.096657 0.0688333 9133 a
 0.70131844 0.40338555 -1.2841097 9328 g
 4.8320975 7.0581064 2.3427265 9332 a
 -0.2947038 2.7949042 0.84215814 9528 g
 6.142923 6.589442 2.0266917 9532 a
 1.0089135 -0.8677412 -1.2353739 9732 g
 9.160215 7.2753806 1.9728222 9735 a
 0.7857406 -2.5063841 -0.98477036 9929 g
 2.9215245 7.5285673 2.7994204 9933 a
 -3.6417646 1.4111257 2.6539066 10128 g
 4.583101 3.478775 0.2088941 10135 a
 0.29998007 1.4372246 0.5854294 10352 g
 18.169598 7.619547 12.97777 10356 a
 -0.72027695 -0.43045017 -0.27956533 10529 g
 4.3161473 7.6321163 -3.822343 10533 a
 -0.047562458 0.79167444 -0.39647812 10729 g
 7.6051817 8.18398 0.023343466 10733 a
 1.1780243 -0.29942265 -1.5251257 10931 g
 6.983288 8.081029 -0.8451532 10934 a
 0.33566642 1.6942197 -0.09154616 11130 g
 4.9996915 10.824784 -1.6747441 11133 a
 -1.6627697 1.9520137 2.653374 11330 g
 4.137779 6.9838862 -0.8230068 11334 a
 1.5042615 1.4689163 0.52391034 11531 g
 12.400169 3.2782607 -0.090381116 11534 a
 0.18732835 0.011101919 0.48263136 11730 g
 3.2136173 8.604162 -2.405574 11736 a
 -0.7892528 0.044924065 -1.2779844 11931 g
 8.856153 7.07726 -2.6629508 11935 a
 1.5290289 -4.3048167 -0.57757306 12131 g
 10.732608 13.200431 0.2124854 12135 a
 0.0059670787 0.8404103 0.91699296 12331 g
 7.5926123 6.1764417 -1.2336124 12335 a
 2.4227858 -1.3761387 0.8115318 12531 g
 3.7750576 7.4735007 -0.5662287 12535 a
 0.36522752 -0.6866463 -0.94429034 12732 g
 6.167464 4.9536033 0.08080431 12736 a
 0.42727917 -1.2879881 -0.8625313 12932 g
 5.981314 7.641693 -1.5556326 12936 a
 -0.10508674 -0.18703726 -0.35147068 13132 g
 6.8480153 6.5750766 -0.3429694 13136 a
 -0.27765957 -0.16573198 -0.871586 13333 g
 9.7641535 7.152079 -2.9897594 13336 a
 -0.016403474 1.5735785 -0.98050934 13532 g
 8.118139 9.102755 -2.2397757 13536 a
 0.14764725 0.16396737 1.3255218 13732 g
 1.7651252 7.368156 -0.700304 13738 a
 0.5713562 -0.52845454 0.6916895 13934 g
 11.067198 4.4801497 -1.3862427 13937 a
 -0.51494724 -1.1063604 0.08155931 14133 g
 5.2504845 14.057555 -3.229778 14136 a
 -0.18897632 0.16716316 -1.8076872 14333 g
 5.677251 6.915652 0.92655605 14336 a
 0.63553834 -0.5723967 -0.50753194 14534 g
 8.05589 5.7305217 -0.88944596 14537 a
 0.3982507 1.6422881 -0.2358895 14733 g
 6.707356 11.988366 -0.5734113 14737 a
 -1.6518507 -1.093311 2.221143 14934 g
 0.32621 6.943185 1.2797008 14938 a
 0.72661847 0.75865126 0.53536195 15141 g
 16.687586 11.595717 -2.6072857 15145 a
 0.56895936 -1.3175491 -0.034554515 15336 g
 4.425682 7.313089 2.915539 15340 a
 0.28826216 -2.8318226 -0.6593321 15534 g
 6.172252 7.065888 -1.2138603 15538 a
 -0.7820623 -0.75402427 -0.6034057 15735 g
 9.534309 11.514315 -0.3585317 15741 a
 -0.47420087 0.32615387 0.1574594 15935 g
 7.271789 6.0944405 -1.3946224 15939 a
 1.6597902 -0.62965465 0.75640434 16136 g
 3.3369186 6.4763155 0.1604115 16139 a
 0.22541155 -0.28371 -0.34241593 16336 g
 7.3831196 18.175583 4.2796354 16339 a
 -1.2598333 -1.5489779 1.3183314 16535 g
 5.7107697 5.4282537 1.7938557 16539 a
 1.1351473 -1.277868 -1.8851851 16735 g
 8.342596 6.8809357 -1.1941081 16739 a
 -0.374066 -0.33937007 -1.041762 16936 g
 6.0758853 7.161656 -1.1019313 16940 a
 -1.8523867 1.7735819 1.9835889 17136 g
 6.081871 6.8486137 3.5128925 17139 a
 1.0493935 2.6542892 1.2365723 17336 g
 7.3112936 1.7142484 1.4191631 17340 a
 0.20703574 -1.3827965 -1.8178072 17537 g
 0.4973954 -0.7254431 -1.0301052 17541 a
 1.3215686 1.2489392 0.6024736 17736 g
 6.853402 6.779781 -2.822764 17743 a
 0.056034505 1.7101986 -0.986102 17938 g
 8.351574 6.8091097 -1.9285295 17948 a
 0.46030235 0.1479884 -0.558132 18135 g
 5.3983264 9.451111 -0.24600422 18137 a
 -1.7663666 0.3365402 2.374541 18337 g
 7.422025 4.7626657 0.47345337 18341 a
 0.5447246 1.7906262 0.7398927 18537 g
 14.813524 8.652046 7.599196 18541 a
 -1.5895327 -0.11859403 -0.5714478 18738 g
 5.981314 10.1460285 -0.7589619 18743 a
 -0.19590053 0.7392101 -1.1296463 18938 g
 5.2804117 7.035362 -2.1984756 18943 a
 1.4808257 -1.5252757 -0.5301688 19138 g
 7.824251 6.7013707 -1.1330559 19142 a
 0.02167973 0.12002521 -0.19780628 19339 g
 5.2744265 10.712855 -1.5460558 19343 a
 -2.10805 0.478753 2.5058348 19538 g
 4.4795513 4.5382094 0.23523031 19543 a
 0.87255967 0.41723397 0.28928587 19738 g
 12.04463 3.7259765 3.7774518 19745 a
 -0.17459524 -1.2214091 1.0956911 19940 g
 5.145139 8.341997 -0.2669535 19944 a
 1.6749701 2.3360415 -0.40579918 20156 g
 6.260239 8.039729 -1.3634979 20160 a
 -0.7770023 -0.26400262 -0.04733769 20349 g
 6.467337 11.021708 -1.3335704 20355 a
 -0.6196095 -0.5148724 0.39661127 20551 g
 5.2852 8.661025 0.0664391 20554 a
 -0.7530338 -0.95163083 0.040812943 20744 g
 6.3350577 7.9188223 -0.6368576 20748 a
 -1.305906 -0.752959 -0.1650494 20953 g
 6.9024835 5.5288105 0.06703765 20956 a
 -2.1948693 -1.3726766 0.2863564 21149 g
 6.4745197 6.7067575 1.9865888 21155 a
 -1.0422531 -0.9819908 -0.1812947 21349 g
 4.953005 7.949348 0.012569559 21352 a
 -0.79830754 -0.6605473 -0.42870235 21550 g
 5.2397103 8.240842 -1.7998412 21554 a
 -0.8220097 -2.1929302 -0.5373593 21753 g
 8.444349 10.58716 -0.54887074 21757 a
 0.300779 -2.55006 -0.22523685 21947 g
 7.855974 7.917625 -2.4486697 21951 a
 -0.084047765 -1.7798738 0.18542258 22148 g
 7.3729444 7.860164 -1.3922282 22154 a
 -0.51361567 -1.2443122 0.036818203 22348 g
 6.8683662 6.9946604 -0.9451111 22352 a
 -0.11973412 -0.9598866 -0.09527459 22548 g
 4.9542017 9.126099 -1.5131354 22552 a
 0.06375767 -1.037651 0.25306687 22748 g
 6.467337 8.60117 0.7308301 22752 a
 -0.20948265 -0.850697 0.21658157 22951 g
 7.5148005 5.8388596 0.74998367 22955 a
 -0.8457118 0.5298857 0.585962 23148 g
 4.722563 6.4206505 0.6733692 23152 a
 -0.011609784 -0.18650463 0.364387 23347 g
 9.388264 4.1066546 6.4302273 23351 a
 0.70637846 -0.05387921 -0.2212421 23548 g
 3.8869865 0.004189853 1.7902644 23552 a
 0.48853186 1.1525327 1.1313775 23750 g
 5.3181205 6.1399302 -0.7811083 23754 a
 1.043801 0.06809357 -0.7046058 23947 g
 6.171055 8.075044 -1.0301052 23951 a
 0.29971373 -1.4152871 -0.14747255 24149 g
 7.1826053 6.6403184 -1.858499 24153 a
 -0.15968154 -0.20514676 -0.46358976 24348 g
 7.189788 6.6726403 0.98102415 24352 a
 -1.4182914 1.8129967 0.70207584 24547 g
 6.0160303 5.945401 1.6430209 24551 a
 0.7915996 -1.2224743 1.1553458 24749 g
 3.5110967 5.6820393 2.0590134 24752 a
 0.9822819 -0.31353742 -1.0449579 24949 g
 2.5809495 5.831677 5.29358 24953 a
 -0.7146843 -2.2890704 1.3452293 25149 g
 6.1243677 5.230732 -2.6485856 25152 a
 0.040588174 -1.624079 -0.74801534 25347 g
 7.7159133 5.6185927 0.27952304 25351 a
 0.6379352 -0.3399027 -1.0098041 25549 g
 4.6926355 7.150882 -0.32800564 25552 a
 -1.0518405 2.8601515 1.8296583 25751 g
 4.938041 5.0637364 0.4285621 25755 a
 0.6709584 0.6428037 0.8141949 25950 g
 10.730812 5.683835 -0.63206923 25954 a
 0.54365927 -0.8738665 0.76492643 26149 g
 5.2846017 9.216479 -0.29568392 26153 a
 0.61130357 1.2635865 -0.73443323 26349 g
 6.4787097 7.047931 -1.4706384 26352 a
 -0.65449685 0.2819454 -0.3844939 26549 g
 9.237429 9.625289 -1.1701661 26553 a
 -0.35302705 0.7565207 0.16944362 26749 g
 7.48188 8.6813755 0.10055647 26753 a
 -0.29710066 -0.6778579 1.0839732 26950 g
 2.1003134 6.429629 1.3772645 26954 a
 -0.10881516 0.31363702 -0.32563803 27148 g
 18.86152 15.672444 3.3650506 27152 a
 -1.5735538 -2.3817482 0.42617235 27349 g
 5.8663926 8.246229 0.6218939 27352 a
 -0.67234004 -0.21366887 -0.6548047 27549 g
 6.704962 7.668628 -2.4774003 27553 a
 0.05443661 -0.35188693 -0.7520101 27749 g
 8.705916 9.294889 0.2184709 27755 a
 -1.0537047 0.21057269 1.1351058 27950 g
 5.0810947 4.465186 -1.4730326 27954 a
 1.368174 0.1762179 0.18222679 28149 g
 7.1006036 6.242881 2.5007436 28153 a
 0.79612696 -0.71567476 -1.2577444 28349 g
 2.1206641 4.123414 0.38606504 28353 a
 0.49811924 -0.9748003 0.8405602 28547 g
 5.523423 4.6255975 -2.3080103 28551 a
 -0.46221665 0.06516409 -1.2598749 28749 g
 9.809643 5.5365915 -1.1917139 28753 a
 0.9386061 0.22495376 -0.84761757 28949 g
 5.0002904 12.301409 -2.1218612 28954 a
 -2.1128438 1.5109942 2.3143535 29148 g
 3.6008794 5.044583 0.81163436 29151 a
 0.2712179 0.41723397 0.11910988 29347 g
 10.489596 10.547656 -0.7679402 29351 a
 0.47548237 0.6012584 0.5638578 29548 g
 3.1172507 9.2865095 -1.3215994 29552 a
 -0.37113652 -1.2283332 0.15186676 29748 g
 7.763199 5.8783636 -3.1693244 29754 a
 -0.48618507 -1.0605541 -0.3994076 29948 g
 6.727108 9.458294 -2.693477 29953 a
 -0.2318532 -0.08903293 0.1390836 30150 g
 6.681618 11.230003 -1.6178818 30162 a
 -3.3799758 0.025749305 1.2219249 30352 g
 2.6839 3.5128925 -1.8483237 30356 a
 0.27814215 0.42176136 -0.119509354 30552 g
 8.231864 3.2208 2.3876176 30556 a
 -0.1293215 0.84653556 0.74015903 30756 g
 5.779603 11.794436 -2.657564 30770 a
 0.53939825 0.48407933 -0.6207163 30950 g
 6.8091097 5.7784057 -1.7298107 30955 a
 -0.8001718 -0.98065925 -0.50007504 31156 g
 7.2424603 5.8999114 -1.8207904 31160 a
 -0.8249392 0.17595159 -0.36425385 31356 g
 6.9545574 6.3883286 -2.5480292 31361 a
 -0.3924418 -0.37825224 -0.26518425 31555 g
 3.6990416 8.509591 -1.8752584 31559 a
 -1.8726268 1.3778362 1.4743925 31758 g
 6.441001 5.1265845 0.30585927 31770 a
 -0.12958781 0.5586478 0.5409546 31959 g
 10.578181 5.883152 1.7250223 31972 a
 0.11435773 -1.1534984 -1.0247178 32157 g
 5.8041434 8.9758625 -0.29029694 32165 a
 1.5487363 -2.9836228 0.77504647 32355 g
 7.4148426 5.216367 -2.753332 32359 a
 -0.09816252 0.94267565 -1.5746605 32557 g
 9.3661175 5.0362034 -1.5227122 32563 a
 0.014222878 0.5003246 -1.1168631 32756 g
 8.05589 6.3141084 0.61171854 32760 a
 -1.677417 1.1512011 1.318065 32957 g
 7.008427 4.23235 -0.5758055 32971 a
 0.4027781 0.07049041 0.8054065 33157 g
 6.26383 5.229535 0.90500826 33164 a
 0.18120308 -0.79370534 -1.2164654 33359 g
 1.7022774 4.203021 0.81163436 33371 a
 0.8182312 -2.0571089 1.0514826 33556 g
 5.405509 5.595848 -2.814384 33560 a
 -1.5575747 -0.7846506 -0.6308363 33771 g
 7.7590094 5.590461 -1.5370775 33774 a
 -0.72879905 -0.50129026 -0.882505 33958 g
 10.287286 8.9040365 -0.53211135 33972 a
 -0.6249358 1.041479 0.55586827 34156 g
 8.265383 7.277775 2.8736405 34160 a
 1.6776333 1.5946175 0.014713965 34372 g
 5.0787005 6.1088057 0.85772276 34378 a
 0.15883252 -0.014730743 -0.62417835 34558 g
 11.742961 12.188881 -1.6005238 34571 a
 -0.33678174 0.7184375 -0.34241593 34756 g
 5.2929816 12.173319 2.4331074 34761 a
 -2.1378775 -3.1522007 0.3177817 34957 g
 6.678027 5.525219 -2.0608091 34971 a
 -0.6403821 -0.943375 -0.5373593 35158 g
 6.1596823 7.2203135 -1.5334862 35178 a
 0.54419196 -0.0767824 -0.6284394 35357 g
 5.0637364 6.667852 -0.22625206 35370 a
 -0.87926763 1.9315073 1.9377825 35583 g
 8.051102 5.5976434 -0.6859388 35587 a
 0.94260085 1.2305634 1.0549446 35764 g
 6.1411276 4.35625 0.7870938 35774 a
 -0.059280366 0.28434226 -0.3802328 35959 g
 13.31655 8.26658 1.0295067 35973 a
 0.06935031 -0.5588145 -0.21857895 36165 g
 4.3807907 15.14991 3.7427359 36174 a
 -0.4385145 -1.6701517 -0.114715666 36371 g
 5.5042696 5.878962 -1.1192893 36374 a
 1.1159726 -1.9015803 -0.55759937 36559 g
 7.5572977 8.115746 -3.5942953 36573 a
 -0.2630122 0.31896335 -0.4332297 36771 g
 5.1020436 10.910975 -2.0667946 36775 a
 -1.93601 0.2816791 1.9918448 36960 g
 2.6102784 4.309563 -0.8158242 36975 a
 1.0621767 1.2518686 0.33908698 37160 g
 16.174627 6.968324 2.285864 37173 a
 2.060862 1.4124572 0.58303255 37356 g
 3.394978 10.368689 -1.7112557 37368 a
 0.6549794 0.9397462 -0.28302744 37570 g
 6.5726824 7.0826473 -0.842759 37574 a
 0.87708706 -2.0374017 -0.81565964 37759 g
 9.062652 10.939108 -1.6771383 37772 a
 0.1652241 0.4571814 0.1228383 37969 g
 6.2075663 8.848371 0.17477672 37974 a
 -2.2601166 -0.44456494 1.3050154 38164 g
 2.4355016 4.9254713 -0.75836337 38174 a
 1.0155715 0.94054514 0.009121327 38365 g
 9.499594 3.4691982 1.9405005 38374 a
 -0.28831223 -0.91115075 0.71406007 38574 g
 6.184223 12.258911 1.6927006 38578 a
 0.41369703 2.4241922 -0.45693186 38771 g
 5.422867 7.4926543 -1.4730326 38774 a
 1.0784221 -1.3505723 -0.6524079 38971 g
 7.1550717 6.905476 -1.7998412 38977 a
 -0.104021475 -0.1694604 -0.46998134 39174 g
 7.4764934 9.892841 -1.650802 39178 a
 -0.76501805 0.056641974 0.525242 39371 g
 8.620922 10.903793 0.25019407 39375 a
 -0.3743323 0.6720985 0.9308414 39574 g
 3.7834373 6.393716 0.88046765 39578 a
 -0.013207681 0.29366332 0.05679191 39775 g
 13.325528 7.006033 2.8538885 39779 a
 0.3551075 1.0816927 0.36305544 39971 g
 4.0222588 6.752846 -1.4862007 39977 a
 0.43819812 -1.0576246 0.2599911 40179 g
 6.223727 6.7684083 -2.5995045 40183 a
 -0.4915114 0.8489324 -1.3528192 40374 g
 8.049905 5.9106855 -1.4784195 40379 a
 -0.57646626 -0.3795838 -0.34401384 40563 g
 8.34918 6.283582 -1.8866309 40567 a
 -0.07605828 0.30245173 -0.45187184 40766 g
 3.4087446 6.409278 -1.602918 40770 a
 -1.8989921 1.056659 1.8917099 40965 g
 6.3368535 5.8843493 2.2188265 40969 a
 -0.2880459 0.44359928 0.7553391 41165 g
 11.481993 5.6987987 1.4490906 41169 a
 0.26349476 -1.9740183 -1.2308465 41365 g
 1.9913772 4.5872903 0.89782566 41369 a
 0.29545268 -1.5708158 0.72551167 41566 g
 6.427833 5.8119245 -2.0123265 41570 a
 -0.5008325 -0.2815795 -1.2697287 41770 g
 7.1006036 5.7227407 -1.2988545 41774 a
 0.5156961 -0.14256248 -0.8015449 41966 g
 9.45171 10.034698 -0.25917232 41970 a
 -0.29390487 0.45984456 0.42990077 42167 g
 8.768166 7.1107793 1.3634979 42170 a
 1.1295547 -0.5399061 0.30846062 42366 g
 4.329315 6.3607955 0.6500258 42369 a
 0.5676277 -0.3433648 -0.5876931 42566 g
 11.459248 10.346542 -3.4979286 42570 a
 -0.38338706 1.5826333 0.008322379 42769 g
 5.6419363 10.259753 -0.16460137 42773 a
 -0.3905776 -4.838248 0.083157204 42966 g
 6.295553 6.0764837 -2.4265234 42970 a
 -1.2632955 -0.7596169 -0.054261908 43167 g
 9.032125 6.4284315 -2.3331497 43170 a
 -0.7261359 0.24173167 -0.103530385 43369 g
 6.752846 10.758944 -2.0632033 43373 a
 -0.9775383 0.5163036 1.6134095 43567 g
 2.0033484 5.86759 -0.99179804 43571 a
 0.51436454 0.082740955 -0.064115606 43766 g
 12.511499 6.2662244 3.7361517 43772 a
 -0.8044328 -0.45015758 0.9377656 43970 g
 8.484452 14.759655 2.416348 43975 a
 2.4355688 -2.832089 0.1920805 44168 g
 6.6002154 6.471527 2.9317 44172 a
 0.24884737 -2.9577901 -1.0596052 44366 g
 7.819463 6.463746 -0.6901286 44370 a
 -0.7096243 -0.51753557 -0.66013104 44567 g
 7.815273 6.8563952 -2.520496 44571 a
 -0.15355627 0.43161505 -0.45639923 44767 g
 6.5481415 10.62427 -2.2068555 44770 a
 -1.0025721 1.0886168 2.1700103 44967 g
 3.3931823 5.7029886 -0.7344214 44971 a
 0.64326155 0.75811857 0.53349775 45171 g
 13.453618 5.0505686 1.2916719 45185 a
 0.39745176 0.35038865 0.23549002 45369 g
 5.8484364 10.125677 -2.8754363 45373 a
 -0.23984268 0.35438338 -0.55706674 45569 g
 6.060323 7.815273 -0.094570965 45574 a
 1.069101 -0.42752072 -0.69129 45775 g
 7.1185603 6.215348 -0.7080852 45779 a
 0.6440605 -0.10341401 -0.6369615 45970 g
 7.9188223 6.7803793 1.062427 45974 a
 -1.8947309 0.8870156 1.6698686 46169 g
 6.477513 5.510854 0.25258827 46174 a
 0.4376655 0.8358829 0.44907555 46367 g
 5.9956794 5.9047 0.45070848 46371 a
 1.0536547 -0.20514676 -1.0010157 46569 g
 10.926538 17.157448 -0.3776853 46574 a
 -0.52400196 2.3538847 0.36145753 46769 g
 5.312135 5.704784 -4.010886 46774 a
 -0.8118897 -1.1180784 -1.1333748 46967 g
 6.4601545 5.925649 -2.190096 46971 a
 0.388397 -0.32871744 -0.79062593 47170 g
 9.636662 8.013393 -2.8275523 47174 a
 0.0022386531 0.5479952 0.042943474 47369 g
 6.5726824 9.828796 0.1436521 47374 a
 -1.1154901 0.86357975 1.1108711 47571 g
 3.8815994 5.3474493 -0.676362 47575 a
 0.75564694 0.37462342 -0.23509054 47769 g
 8.690353 8.659229 -2.1769278 47777 a
 -0.10881516 -1.2536333 0.78303593 47967 g
 4.7483006 7.503428 -0.66498953 47971 a
 1.2683054 1.0515989 -0.39274967 48176 g
 6.1985884 6.707356 -1.9500773 48180 a
 0.23925999 0.119492576 -1.0052767 48369 g
 6.3111157 6.9808936 -1.3934253 48374 a
 0.06961663 -0.04642236 -0.2824948 48572 g
 6.0088477 6.9767036 -1.0737995 48577 a
 -2.6635857 0.9352188 1.0983542 48773 g
 2.468422 7.8823104 0.12509704 48777 a
 -0.07978671 -0.03869919 0.47410926 48970 g
 4.8739963 7.33763 3.0657754 48974 a
 2.0121262 1.8295916E-4 -0.6545384 49170 g
 1.0642227 4.1174283 -4.210802 49174 a
 0.040854488 -1.535662 1.4917032 49376 g
 1.1408371 9.018359 -2.124854 49380 a
 -0.30189434 -0.84377277 -0.490754 49571 g
 4.935048 8.447941 1.1935096 49575 a
 -0.20415632 -0.9596203 -0.16638099 49772 g
 5.7909756 8.339603 -2.4779987 49779 a
 0.3103664 0.24838957 -0.65640265 49975 g
 2.9622262 9.0476885 -1.6938977 49980 a
 -0.2731322 -0.10394664 0.4400208 50172 g
 2.6916811 9.598953 -3.5883098 50185 a
 -0.011876101 1.5261743 0.40140495 50374 g
 4.706402 6.2704144 -0.38606504 50379 a
 0.3551075 0.5344131 -0.2774348 50575 g
 8.891466 7.3867106 -1.8710686 50580 a
 0.52608246 0.003911385 0.9145961 50772 g
 4.011485 8.236652 -3.4213142 50777 a
 -0.26247954 0.055843025 -0.056658752 50973 g
 5.6820393 8.959103 -3.316568 50977 a
 0.12394512 -0.11619718 -0.6572016 51175 g
 7.602189 6.4978633 0.7811083 51180 a
 -1.0515742 0.52429307 -0.11897672 51377 g
 4.9099092 9.033323 -2.2457612 51380 a
 -0.53518724 -0.25521418 -0.49661297 51574 g
 4.1383777 9.419388 -2.2709002 51579 a
 -0.75143594 -0.23843627 -0.62204784 51777 g
 0.3669114 8.258201 1.6154876 51783 a
 -0.46434715 -1.2397848 0.94735295 51976 g
 2.1398177 9.106945 -3.6978445 51980 a
 0.15537041 -1.5692178 0.9896972 52176 g
 4.766257 8.630499 -2.1559787 52180 a
 0.48959714 0.45931193 -0.31898013 52377 g
 3.7427359 8.292317 -2.463035 52381 a
 -0.3495649 0.520032 -0.52271193 52576 g
 3.863643 9.296685 -1.2108675 52580 a
 0.05310503 0.6175037 0.05892244 52775 g
 3.5727475 8.738237 -1.5705963 52779 a
 0.51196766 0.5266899 0.16784573 52972 g
 5.3725886 9.019556 0.8463503 52983 a
 -0.5114851 0.8156429 0.25546372 53177 g
 5.707777 4.07134 3.6337996 53180 a
 -0.7572949 -0.9263308 0.30499852 53379 g
 7.5722613 9.598354 1.0079589 53383 a
 0.84992284 4.074553 -2.2231402 53579 g
 -2.8461072 9.238626 -0.110133275 53584 a
 -1.10537 -2.7481992 1.2410996 53777 g
 6.019023 8.062474 0.30645782 53784 a
 0.51010346 1.0742358 -0.017243968 53977 g
 6.0208187 7.5267715 0.7146692 53982 a
 0.07627453 0.112568356 0.0096539585 54180 g
 6.543353 7.7093296 0.93852705 54185 a
 0.17268096 0.3016528 0.0043276367 54380 g
 5.6736593 8.39467 1.364695 54385 a
 0.34046012 0.3730255 0.26052374 54578 g
 5.561132 8.13849 1.043872 54583 a
 -0.30402488 -0.019790748 -0.2854243 54777 g
 6.71394 7.1664443 1.0905589 54781 a
 0.015021826 -0.21606572 0.11165303 54977 g
 5.604826 7.908048 1.2635399 54981 a
 0.02354394 0.071555674 -0.04653874 55179 g
 5.482722 8.072051 1.0163386 55183 a
 -0.123728864 -0.2602742 0.021105552 55382 g
 6.3763576 7.3849154 1.3814543 55386 a
 0.08026927 0.10218203 -0.04787032 55579 g
 5.9106855 7.621941 1.2389994 55584 a
 0.36762434 0.70778483 0.033089776 55779 g
 5.4683566 8.119336 1.3772645 55786 a
 0.004369182 0.11070415 -0.007390272 55983 g
 6.6971807 7.241862 1.6095021 55987 a
 0.0011733888 -0.041362353 -0.09447564 56180 g
 5.140351 8.174403 1.377863 56184 a
 0.20170942 0.27448854 0.08209194 56383 g
 5.6898203 7.790134 1.614889 56387 a
 -0.21693951 -0.30261844 -0.020706078 56584 g
 5.3324857 8.008605 1.3000516 56587 a
 0.058431353 0.045723014 0.0599877 56780 g
 5.919065 7.7009497 1.6154876 56785 a
 0.1268746 0.18287581 -0.079828255 56981 g
 4.8895583 8.494029 1.210269 56985 a
 -0.24410374 -0.38544276 0.13988253 57182 g
 6.343437 7.0407486 1.4736311 57186 a
 0.0906556 0.071821995 -0.07317035 57384 g
 5.875371 7.828441 1.4802152 57388 a
 0.23659682 0.39166763 -0.015912388 57582 g
 5.7245364 7.81647 1.5699978 57586 a
 0.028870264 0.15491262 -0.028162928 57783 g
 5.783793 7.9433627 1.5346833 57789 a
 0.14525041 0.2454601 0.022969764 57982 g
 5.48751 8.166622 1.5191209 57986 a
 -0.07978671 -0.1265835 -0.005259743 58183 g
 6.2045736 7.315483 1.4341269 58186 a
 -0.116804644 -0.14922038 -0.108590394 58387 g
 5.363012 8.376713 1.3102269 58391 a
 0.34898221 0.5530552 0.0996688 58583 g
 5.7562594 8.103176 2.219425 58587 a
 0.09331876 0.19459371 0.19740681 58783 g
 5.3438582 8.137293 1.5813702 58787 a
 0.28986004 0.23773693 -0.014048175 58984 g
 4.8823757 8.590994 1.4496891 58988 a
 -0.46434715 -0.73964316 -0.023635555 59183 g
 6.30513 7.291541 1.5939398 59186 a
 0.06775241 0.22761692 -0.056658752 59386 g
 4.8823757 7.968502 1.4688427 59390 a
 0.07680716 0.28274435 0.06611297 59585 g
 5.923255 7.8206596 1.6771383 59588 a
 -0.03850771 -0.3164669 -0.19221365 59782 g
 4.829105 8.070854 1.1761516 59786 a
 0.013956562 -0.20701097 -0.08302405 59984 g
 5.725135 8.69993 1.5622166 59988 a
 -0.27366483 -0.3596101 -0.12110725 60323 g
