 0.28000635 0.5229615 0.02057292 3 g
 2.806603 8.826224 -0.04070143 6 a
 0.37082013 0.4720951 -0.17570205 110 g
 2.9831753 9.1751795 -0.60333884 114 a
 0.3684233 -0.24136575 -0.007922905 311 g
 3.6541502 9.27394 -0.92057055 315 a
 0.02354394 -0.08157609 -0.39594546 509 g
 2.8640637 9.586384 -1.0702082 513 a
 0.07627453 2.075318 0.21658157 710 g
 2.8089972 9.045294 0.4770447 714 a
 -1.8955299 1.6356301 0.2914164 909 g
 4.0360255 8.122928 1.8590976 913 a
 -0.030251913 0.0206893 0.19394471 1110 g
 4.132991 8.829217 2.6210523 1113 a
 0.44272548 0.21057269 -0.12643357 1310 g
 4.863222 7.050924 1.9644425 1314 a
 0.028870264 0.017493507 0.3606586 1509 g
 3.632004 8.841188 3.5775359 1513 a
 0.42062125 1.2705108 0.2762364 1710 g
 3.8726213 7.69257 0.12629414 1713 a
 0.64219624 0.7410744 -0.42550656 1910 g
 2.3529017 9.813833 -0.8086416 1914 a
 0.30344218 0.9535946 0.02057292 2111 g
 2.633622 9.487024 -0.7428011 2115 a
 0.17134938 0.12694943 -0.29021797 2311 g
 3.9917328 8.6813755 -1.1109096 2315 a
 0.23340103 1.0742358 -0.3248391 2511 g
 0.6703765 9.09258 0.8355764 2515 a
 -1.1096311 0.257178 0.18196048 2711 g
 2.961029 9.3661175 0.9223662 2715 a
 0.20836732 -0.57505983 0.69089055 2911 g
 2.2331917 8.042722 0.97743285 2916 a
 0.07920401 -0.14922038 0.4421513 3112 g
 6.4661403 9.57142 0.6943185 3116 a
 0.021413414 -0.30608055 -0.71632373 3311 g
 1.4347254 7.8835077 -0.4369418 3315 a
 0.68134475 -0.50794816 -0.01910818 3511 g
 3.6888664 8.484452 -1.4311341 3515 a
 -0.30216065 0.6803543 -0.43536025 3712 g
 3.6367924 9.437943 -0.8086416 3716 a
 0.17214833 -1.7654928 -0.33229592 3912 g
 3.697246 9.263765 -0.49081135 3916 a
 -0.22652689 -0.81873906 -0.17570205 4112 g
 1.1755531 8.922591 4.268263 4116 a
 -0.42919344 -3.1016006 0.596881 4323 g
 4.560954 7.6841903 2.2882583 4327 a
 -0.84145075 -1.6571022 0.58809257 4512 g
 4.1138372 8.315661 2.2266076 4516 a
 0.8914681 1.0396147 -0.89928293 4712 g
 1.9099745 8.237849 -2.2852654 4716 a
 -0.44144398 1.6103301 -0.24414529 4913 g
 2.6755204 8.72507 -1.46585 4917 a
 0.45417708 1.1661149 -0.08408931 5110 g
 2.621651 9.740809 -0.023343466 5111 a
 0.4344697 0.030542996 -0.12084094 5312 g
 3.8965633 9.781511 -1.2707225 5316 a
 -0.32825965 1.4769058 -0.27051058 5523 g
 1.70946 8.444948 0.8888474 5527 a
 -2.698473 0.4225603 1.0895658 5722 g
 4.3448777 7.1873937 1.4263457 5725 a
 -0.04596456 -0.62805676 0.4565324 5922 g
 7.00304 9.011177 3.3010056 5926 a
 0.5042445 -0.3548164 -0.3024685 6126 g
 5.430648 13.942035 3.5996823 6130 a
 0.18280098 0.6199005 0.15799204 6323 g
 2.5821466 9.975441 4.911705 6327 a
 0.73514056 -0.7979664 -0.619651 6523 g
 2.2098482 9.906608 0.41599256 6527 a
 -0.3743323 -0.30048794 -0.24574319 6726 g
 3.4835634 9.248202 -0.3369839 6730 a
 -0.0070824106 0.34506232 -0.36052543 6930 g
 1.1540052 10.02153 3.8325183 6934 a
 -1.1506438 -4.1527505 0.771318 7126 g
 6.9946604 5.713164 1.1737574 7130 a
 1.2070527 0.30378333 1.1628027 7324 g
 0.93852705 7.15986 1.5394717 7327 a
 0.4232844 -0.3593438 -0.06944192 7525 g
 5.161899 11.991958 -2.1757307 7529 a
 0.87708706 0.37994972 -0.29607692 7723 g
 2.0326772 11.282077 0.21547815 7727 a
 -0.21374372 -0.7036905 -0.6817027 7926 g
 2.7072437 8.125322 -0.9379285 7929 a
 0.44672024 0.73548174 -0.45852977 8124 g
 3.0921116 9.359533 -0.19093758 8127 a
 0.3716191 -0.27545422 -0.0065913238 8324 g
 2.1176715 9.442133 -1.1558008 8327 a
 -1.2427891 -1.7745476 0.9265803 8526 g
 0.7116765 9.045893 -0.29328972 8530 a
 0.31276324 -0.886916 0.63816 8725 g
 4.721366 7.1365166 1.2539631 8729 a
 -0.27899116 0.30378333 -0.14241254 8926 g
 7.7189064 12.604275 0.8511387 8929 a
 0.048577655 -0.4456302 -0.25959164 9126 g
 2.6156654 11.13603 0.048482586 9130 a
 -0.44144398 -0.62992096 -0.7967512 9323 g
 3.9923313 7.6943655 -0.8888474 9327 a
 0.1436525 -1.0640162 -0.2342916 9525 g
 3.2261868 8.898649 -0.7290344 9529 a
 -0.44410715 -0.3596101 -0.08941563 9726 g
 1.6130934 9.621099 -1.8088194 9729 a
 -1.6768844 -3.1884198 0.47703874 9923 g
 3.555988 8.1163435 0.9624691 9927 a
 -0.27526274 0.030542996 0.9114003 10124 g
 3.9737763 7.639898 0.7691373 10131 a
 0.57588357 -0.111137174 -0.38635808 10322 g
 4.3688197 10.314819 -1.8171991 10326 a
 0.9947988 1.1850233 -0.17144099 10523 g
 1.8842367 9.0237465 -1.2306197 10527 a
 0.048045024 -0.28317738 -0.3482749 10725 g
 2.846706 8.480263 -1.1941081 10729 a
 0.44032866 -0.16812882 -0.19461049 10925 g
 3.537433 8.924985 -0.7038953 10928 a
 0.14817987 -1.2794659 -0.2643853 11124 g
 4.679467 8.762778 0.02932897 11128 a
 0.33779696 -0.41660175 -0.5291035 11325 g
 0.7691373 9.290101 -0.91578215 11329 a
 -1.9969964 -0.15321513 1.2344418 11525 g
 5.133767 7.690176 -0.10235212 11529 a
 0.28187057 1.3514708 1.2557471 11725 g
 4.311359 8.170812 1.049259 11729 a
 0.35137907 0.653989 -0.08621984 11926 g
 5.78918 9.03871 3.104681 11931 a
 -0.19057421 -0.55508614 0.5377588 12129 g
 2.3582888 8.025963 0.048482586 12133 a
 0.55271405 -0.9934424 -0.9480188 12325 g
 4.510676 7.86615 0.504578 12329 a
 1.1620452 0.95386094 -0.20552945 12525 g
 4.11683 8.714894 0.16579847 12529 a
 0.5830741 0.62762374 -0.70114374 12725 g
 5.144541 8.967483 0.026934769 12729 a
 0.22727576 0.1911316 -0.59514993 12925 g
 0.64703304 8.093599 -0.53689975 12929 a
 -1.6467906 0.82815975 1.8011624 13125 g
 3.0693667 7.133524 -1.371279 13129 a
 0.22567786 2.020457 0.72258216 13319 g
 6.0327897 8.125322 2.4570496 13320 a
 0.110629305 0.545332 -0.4508066 13526 g
 6.2345014 19.099146 0.6422446 13529 a
 -0.3442386 -8.335694E-5 -0.41725075 13725 g
 3.2124202 10.277111 -1.359308 13729 a
 -0.3905776 -0.53271556 -0.857205 13926 g
 3.2752678 8.817844 -0.74758947 13930 a
 -0.09336883 -1.0861205 0.10472881 14127 g
 3.8474822 8.89805 -0.8810662 14130 a
 0.21529154 -0.113267705 -0.44334975 14324 g
 5.7149596 10.076596 -0.33758244 14328 a
 0.81397015 1.1498696 -0.51845086 14526 g
 2.146402 10.956466 -0.42197806 14530 a
 -1.6457254 0.60338897 1.1966249 14726 g
 2.2361844 7.6375036 1.2958617 14729 a
 -0.24037533 0.60019314 1.1473564 14926 g
 6.666056 6.929418 2.0709844 14929 a
 0.10237351 -0.25468156 -0.32324117 15130 g
 5.8143187 12.735357 0.11731588 15139 a
 1.2222327 -0.6389757 -1.0452242 15323 g
 3.3093853 11.785458 -3.5164838 15331 a
 -0.11227727 -1.4480441 -1.4127403 15526 g
 3.9414546 8.4234 -0.8822633 15529 a
 -0.037708763 0.9687746 -0.45000765 15729 g
 3.8959646 8.733449 -0.013766659 15731 a
 0.6009173 -1.1942447 0.063183494 15927 g
 4.597466 8.3072815 -0.27712885 15932 a
 -0.3642123 0.48434564 -0.52084774 16129 g
 1.453879 8.47727 -3.566762 16133 a
 -1.1889933 -0.5747935 0.957473 16332 g
 5.4049106 7.3591776 -0.24061728 16336 a
 -0.11174464 0.7764944 1.2110059 16528 g
 5.204396 7.8571715 1.2246342 16532 a
 0.1585662 0.7799565 0.2104563 16729 g
 9.763555 8.007407 2.3253684 16733 a
 0.862706 1.0968727 0.29035112 16932 g
 2.6288335 11.190498 -2.9472623 16936 a
 0.09118823 -1.8339361 -1.1586748 17130 g
 4.4436383 8.237849 -0.5967548 17134 a
 0.45870447 1.6651913 -0.4574645 17333 g
 4.274847 8.608353 -0.25558102 17337 a
 1.2741644 0.23320955 -0.5759752 17532 g
 6.7402763 12.16434 -0.2693477 17536 a
 0.13726091 1.2758371 0.08368984 17730 g
 3.8594532 13.351864 0.10354923 17734 a
 -0.9130898 -0.030976025 0.9641309 17930 g
 4.3897686 6.736685 1.0103531 17934 a
 0.5966562 1.1157812 0.71113056 18134 g
 10.647614 7.4226236 3.3662477 18138 a
 0.24431999 1.0015315 0.53376406 18333 g
 3.3530796 10.344149 -2.8886044 18337 a
 -0.037176132 -0.6283231 -1.3280518 18530 g
 4.4167037 8.331821 -0.7410054 18534 a
 0.4312739 0.67449534 -0.3059306 18733 g
 4.478953 8.731055 -0.38486794 18736 a
 0.7617722 0.8651777 -0.4558666 18931 g
 7.3897038 12.019491 -0.3184288 18935 a
 0.790268 1.5583985 -0.28329375 19132 g
 4.250905 12.508507 -1.2282255 19136 a
 -1.0262742 0.17861475 0.8863666 19335 g
 1.9949685 7.4705076 0.053869538 19348 a
 0.46296552 1.2971424 0.6698516 19532 g
 11.893197 7.9313917 4.4436383 19536 a
 0.040854488 1.0041947 0.19474365 19732 g
 -0.48362875 6.364985 -1.6519991 19736 a
 0.4808087 0.0060419133 -0.1631852 19934 g
 6.18542 9.167398 -0.48961425 19941 a
 0.5670951 1.1709086 -0.87211865 20132 g
 4.5005007 8.643068 0.3878607 20154 a
 -0.062209845 -0.844838 -0.2526674 20335 g
 5.4085016 8.276156 -0.83737206 20346 a
 0.40730545 -0.5159376 -0.34214962 20534 g
 0.8463503 7.767389 -1.258153 20541 a
 -2.5141823 0.73361754 1.5364442 20733 g
 3.803788 7.114969 0.14963761 20741 a
 0.43207285 1.2305634 1.0594721 20933 g
 7.6189485 7.1448965 1.8902222 20937 a
 0.45630762 -0.7202021 -0.8279102 21141 g
 5.6616883 8.016984 2.5713725 21151 a
 -0.060878266 0.5836815 0.30686274 21335 g
 4.441244 8.376115 -0.3513491 21345 a
 0.3023769 0.41323924 -0.9437577 21533 g
 4.6255975 8.628703 0.04369418 21536 a
 -0.2797901 -1.7138275 -0.06438192 21736 g
 4.932654 7.471705 -1.4089876 21749 a
 -0.0014897723 0.5655721 -0.20073576 21933 g
 3.3063924 7.8966756 1.6699557 21937 a
 -2.5011327 0.6577174 1.0890331 22133 g
 4.540005 7.080253 0.6488287 22136 a
 -0.24916375 -0.78252006 1.0538794 22349 g
 6.0465565 6.8719573 3.1531637 22354 a
 0.8259544 0.08993149 -0.7008774 22534 g
 4.5884876 9.4696665 6.271013 22537 a
 0.83181334 -0.09968558 0.37796915 22734 g
 4.2778397 8.260594 -0.22026655 22741 a
 0.22035155 0.56397414 -0.9520135 22937 g
 3.9695864 7.8547773 -1.0115502 22951 a
 -0.23052162 -0.27305737 -0.13096094 23136 g
 4.5005007 8.374319 -0.39025488 23151 a
 0.15057673 -0.23444153 -0.22230737 23359 g
 3.7966053 12.847885 1.5676036 23361 a
 -0.23052162 -1.3364576 0.76519275 23534 g
 4.496909 10.200497 -0.8391677 23541 a
 -0.909894 0.37009603 0.5675862 23734 g
 4.1138372 7.69257 1.0372878 23740 a
 0.23819472 0.71577436 0.5574662 23935 g
 9.23683 7.9607205 2.5019407 23949 a
 -0.17752472 -0.69064105 -0.15812519 24148 g
 2.0374656 7.3807254 -2.408567 24153 a
 -0.08591198 0.1959253 0.6269747 24335 g
 4.396353 6.381745 -0.28550854 24349 a
 0.35590646 0.8068544 -0.6295047 24541 g
 4.829105 8.695142 2.7820623 24549 a
 -0.46967348 -1.7239475 -0.03641873 24748 g
 5.732916 9.5492735 -1.5598224 24752 a
 -0.47393453 1.2263023 0.13642043 24936 g
 4.2024226 9.288904 -0.6398504 24950 a
 -1.3815398 0.5807521 1.0661299 25137 g
 4.708796 6.079477 -0.26036942 25156 a
 0.35137907 0.3381381 0.30979222 25346 g
 11.448474 8.157045 3.0609868 25351 a
 -0.4054913 -0.09196241 0.7574696 25548 g
 4.8105497 9.734225 -2.315193 25553 a
 -0.523203 0.70458907 -0.9091366 25737 g
 4.296395 8.335413 0.05267244 25751 a
 1.0435346 1.2481402 -0.6441521 25943 g
 5.4168816 8.026561 0.12808979 25947 a
 0.5284793 0.3876729 -0.55280566 26139 g
 3.1082723 8.683171 0.3393781 26143 a
 -1.8843447 -2.5479295 0.79209065 26338 g
 4.6351743 8.219893 -0.048482586 26342 a
 -0.31414488 -0.655221 1.1454922 26539 g
 4.31914 7.1849995 2.9346926 26542 a
 1.3194381 0.46810037 -0.9453556 26741 g
 2.1589713 5.6102133 0.38187516 26745 a
 0.6094394 -0.42965123 0.23735423 26939 g
 3.6888664 8.918402 -1.7561469 26943 a
 0.38999492 -1.0765331 -0.31445274 27140 g
 5.182848 7.9990277 -0.6440403 27144 a
 0.104770355 -1.2975755 -0.5173856 27339 g
 6.4601545 9.537901 -1.6005238 27343 a
 -0.060079318 1.1951433 -0.49288455 27540 g
 2.2960393 9.391256 -0.97384155 27544 a
 -1.8976605 1.081959 1.2815797 27744 g
 3.2429461 6.247071 0.12030864 27749 a
 0.30504006 0.51071095 0.74734956 27940 g
 13.330915 8.188768 5.439028 27944 a
 -0.12133202 -0.5228619 0.026698189 28141 g
 3.6727054 9.299678 -2.509722 28145 a
 0.36176538 0.081675686 -1.2731907 28337 g
 5.0427876 7.137714 -0.30166942 28341 a
 0.84992284 1.2452108 -0.77571225 28540 g
 5.5258174 8.406641 0.29688102 28544 a
 0.5532467 0.1826095 -0.57570887 28743 g
 8.1720085 13.9833355 0.29448682 28747 a
 0.42195284 0.9155114 0.01711081 28942 g
 5.1864395 10.5291 -0.27473465 28946 a
 -0.019599268 -1.0507004 1.1417637 29142 g
 3.2662897 7.383718 -0.045489833 29146 a
 0.759109 0.6292216 -0.10299776 29341 g
 5.005677 4.1706996 1.4395138 29345 a
 0.122613534 -0.7068863 0.446945 29544 g
 3.4386723 9.949105 -1.9231426 29547 a
 0.23206945 -0.02032338 -1.011402 29740 g
 5.45459 7.3472066 -2.006341 29744 a
 0.21342732 0.4923351 -0.47131294 29944 g
 5.0667295 7.855974 -0.24899697 29947 a
 0.65870786 0.15251577 -0.4332297 30145 g
 4.927267 10.339958 -0.06584055 30158 a
 0.5500509 0.07102305 0.48076716 30337 g
 5.217564 10.738593 -1.8800468 30353 a
 -0.07552565 -0.18863516 0.8088686 30542 g
 2.867655 7.7171106 0.260968 30545 a
 0.7087753 0.88168925 0.2898185 30744 g
 8.938153 6.075287 1.0348936 30747 a
 0.5553772 -0.37665433 0.4485429 30955 g
 -0.8571242 6.659472 -2.3403323 30959 a
 0.28799585 -0.13031194 -0.23349264 31144 g
 5.4647655 8.276755 -0.3405752 31148 a
 0.9841461 1.7757125 -1.0465558 31344 g
 4.7165775 8.690353 0.14844051 31348 a
 0.5881341 -0.6368452 -0.3187138 31543 g
 5.48751 8.47308 -2.3822308 31546 a
 0.36469486 -0.139633 -0.22736737 31743 g
 3.25372 6.913856 0.044891283 31747 a
 -0.92720455 1.7410914 0.40167126 31944 g
 5.1583076 6.5337763 1.055843 31948 a
 0.12580933 -0.8421749 0.5614609 32145 g
 4.8081555 6.739678 0.88765025 32149 a
 -0.051557202 -0.08397293 -0.24627583 32343 g
 7.560889 6.4607534 2.6731262 32347 a
 0.02434289 -0.12445298 0.287688 32546 g
 1.7645266 4.7680526 -0.54527944 32550 a
 0.0049018143 -1.0578909 0.4450808 32745 g
 4.5896845 8.371326 -1.240795 32750 a
 -0.16633944 0.8095176 -0.49661297 32944 g
 5.0571527 8.107366 0.17896658 32947 a
 0.66057205 -1.4001071 -0.18156101 33149 g
 5.073912 8.008605 -1.6382325 33153 a
 -0.074194066 0.2505201 -0.22497053 33345 g
 4.8668137 9.800665 -0.42556936 33349 a
 0.45364445 -0.5492272 0.14627412 33543 g
 4.5447936 12.440272 -0.47105917 33547 a
 -1.4622337 -0.5114103 0.98197407 33744 g
 3.5434184 6.525397 0.6584055 33748 a
 0.46376446 0.7400091 0.3641207 33945 g
 9.589376 6.506243 2.6767175 33948 a
 -0.21960266 -0.3265869 0.31991223 34147 g
 3.5936968 8.874707 -1.6502035 34152 a
 -0.08884145 0.30245173 -0.53895724 34348 g
 5.786187 7.9702973 0.3333926 34352 a
 0.84326494 0.41030976 -0.6438858 34546 g
 5.73112 8.025963 -0.10175357 34550 a
 0.19132309 -0.31886375 -0.6233794 34746 g
 6.9731126 9.370906 -1.2725182 34751 a
 0.4589708 0.45931193 0.4386892 34949 g
 4.235343 6.0944405 -1.2509704 34953 a
 -1.409503 2.0942266 0.62803996 35148 g
 5.697003 5.5629277 1.270124 35159 a
 0.35377592 1.3123224 0.35160384 35345 g
 12.823943 9.038112 2.6246436 35361 a
 -0.5660799 0.07421884 0.35240278 35552 g
 4.799776 11.59033 -0.9247604 35556 a
 -0.142371 0.82336605 -1.0175272 35750 g
 4.620809 7.3005195 -0.66020113 35753 a
 0.0823998 -0.49836078 -0.21378526 35946 g
 5.964555 8.605359 -0.53330845 35951 a
 0.17427886 0.01855877 -0.60686785 36150 g
 6.658275 10.79366 1.3072342 36154 a
 0.25017896 -0.3926333 0.48209873 36348 g
 5.5467668 9.463082 -0.40581718 36352 a
 -0.03983929 -0.21686468 0.5691841 36548 g
 3.1130607 7.1329255 0.65900403 36552 a
 0.7188953 0.68115324 -0.18049574 36752 g
 6.4697313 5.641338 -1.2521675 36756 a
 0.22807471 -0.40355226 0.18036258 36947 g
 2.7323828 9.347562 -0.5410896 36952 a
 -0.29843223 0.24359588 -0.6926216 37150 g
 4.693234 7.4058642 -1.8596961 37154 a
 0.5287456 -1.7271433 -0.19194734 37353 g
 6.0124393 7.5411367 -1.7441759 37356 a
 0.2741474 0.21137163 -0.22976422 37550 g
 4.618415 9.718663 -0.094570965 37554 a
 -0.4896472 -0.12924667 0.59208727 37750 g
 5.21517 9.787497 -0.7206547 37754 a
 -0.86595184 -0.87280124 0.37770283 37947 g
 3.5859156 6.5044475 0.5093664 37952 a
 0.203041 0.3264202 -0.13868411 38154 g
 9.033921 5.4725466 1.2605472 38158 a
 0.3684233 0.055843025 0.46292397 38350 g
 2.5887306 5.5042696 -2.5390508 38354 a
 -0.18950894 -0.11832771 -0.05346296 38550 g
 4.8901567 9.225458 0.50876784 38554 a
 -0.00575083 -0.13377404 -0.34774226 38751 g
 4.947019 8.202535 -0.9259575 38755 a
 0.07813875 -0.36973011 -0.3006043 38947 g
 4.7901993 8.005612 -1.4526819 38951 a
 0.6637679 -0.8874486 -0.09633985 39156 g
 4.1180267 9.229049 -1.0839748 39161 a
 -0.5026967 -0.78971064 0.28182903 39351 g
 4.255095 11.775881 -0.24241292 39354 a
 -1.5735538 -1.9276793 0.7577359 39552 g
 2.3068132 7.5453267 0.7667431 39556 a
 -0.22253214 -0.19555938 0.19500998 39754 g
 5.8663926 4.9943047 1.1216835 39758 a
 -0.43292186 -1.2235396 -0.42683813 39947 g
 4.0779243 9.698313 -0.5943606 39951 a
 -0.09363514 0.442534 -0.60447097 40155 g
 5.349245 8.294113 -0.6374562 40167 a
 0.04298502 0.5695668 -0.40047285 40354 g
 5.424064 9.3182335 -0.22266077 40360 a
 -0.5570252 -0.5444335 0.050666638 40551 g
 5.058948 8.525752 -1.0384849 40555 a
 -0.36314705 -0.9327224 -0.029228192 40753 g
 4.607043 7.5968018 -1.1168951 40757 a
 -0.73812014 -0.7170063 -0.04041347 40953 g
 4.8883615 8.6574335 -0.8415619 40957 a
 -0.5655473 -0.32259217 0.18462364 41155 g
 4.8668137 8.788516 -0.7338228 41158 a
 -0.19190578 -0.32951638 0.08954879 41353 g
 4.5777135 8.778939 -0.44113165 41356 a
 -0.35782072 -0.3063469 -0.061985075 41555 g
 4.498705 8.76637 -0.56563014 41560 a
 -0.38338706 -0.45814705 -0.0971388 41753 g
 4.685453 8.848969 -0.12988544 41757 a
 -0.27606168 -0.38357854 0.0061918497 41952 g
 5.0822916 8.892065 0.26396075 41955 a
 -0.2832522 -0.04429183 0.23149528 42153 g
 4.64535 8.313866 0.37948096 42157 a
 -0.17486157 -0.05547711 -0.015646072 42356 g
 5.183447 8.3408 0.46327803 42360 a
 0.12501037 0.07341989 -0.06305034 42554 g
 4.5567646 8.831013 0.54767364 42558 a
 -0.050758254 -0.053612895 0.09247827 42757 g
 4.7722425 8.220491 0.46148238 42761 a
 -0.020131899 0.053978812 0.032823462 42953 g
 4.7016134 8.856153 0.61052144 42957 a
 -0.15994786 -0.2405668 0.0072571137 43154 g
 3.9031472 9.28232 0.7284359 43158 a
 -0.43931344 -0.48158288 -0.10459565 43360 g
 4.723161 8.844181 1.122282 43364 a
 -1.0316005 -1.278667 -0.19461049 43555 g
 5.8454432 6.9689226 2.2852654 43559 a
 -0.020398216 -0.5196661 -0.37517282 43754 g
 4.679467 9.478046 2.019509 43757 a
 0.20224205 -0.60222405 0.3430817 43958 g
 4.701015 8.158841 -0.7882909 43962 a
 -0.24117427 -0.5995609 -0.11578093 44157 g
 6.047155 8.069058 -1.2503718 44161 a
 -0.33198807 -0.42325965 -0.16851151 44359 g
 4.992509 8.445546 -0.5967548 44362 a
 -0.25688693 -1.1367205 0.094076164 44559 g
 5.6569 8.115746 -0.5386954 44563 a
 0.18573046 -0.39716068 -0.341617 44756 g
 5.720945 9.240421 -1.8136078 44761 a
 -0.30402488 -0.20461413 -0.28276113 44956 g
 5.083489 8.934562 -0.08379706 44960 a
 -0.69764006 0.26250434 0.27836692 45161 g
 5.422867 9.675568 -0.18315643 45172 a
 -1.157568 -0.66827047 0.6767758 45360 g
 3.8989575 6.9012866 0.52852005 45363 a
 0.44991603 0.32881704 0.48609346 45557 g
 8.309675 6.8462195 1.4802152 45561 a
 0.8403354 0.5610447 -0.07024087 45749 g
 5.8562174 10.927136 1.3688848 45750 a
 0.4592371 1.050001 -0.13229252 45957 g
 5.8771667 8.512584 -0.24839842 45961 a
 0.537534 2.1027486 -0.6526742 46160 g
 4.2664676 8.124723 -0.8846575 46163 a
 -0.22093424 -1.1180784 0.40566602 46359 g
 4.7860093 8.635885 -0.6087258 46363 a
 0.49199396 -0.68345046 -0.4542687 46561 g
 5.4940944 10.675147 -0.3333926 46565 a
 0.74845636 -0.9100855 0.09940249 46759 g
 6.215348 11.600506 -0.5201403 46763 a
 -0.935194 -0.42991754 0.89755183 46959 g
 3.693056 7.204153 0.64703304 46963 a
 0.857646 0.8739661 0.73829484 47161 g
 7.1502833 7.393295 2.5785553 47164 a
 0.6416636 0.2534496 -0.40846232 47360 g
 3.4650085 5.575497 -0.32800564 47363 a
 0.6211573 -0.96707714 0.2597248 47564 g
 3.9384618 7.671621 -1.775899 47569 a
 -0.65050215 -0.06426554 -0.3916844 47760 g
 5.2600613 8.382699 0.682946 47764 a
 0.589732 -2.1939955 -0.2638527 47959 g
 4.6166196 8.627506 -1.1360487 47963 a
 -0.47739667 -0.5721304 -0.05000085 48164 g
 5.3408656 8.717887 -1.9572599 48168 a
 -0.10668463 -0.20115201 -0.4193813 48360 g
 4.5681367 8.520366 -1.0319009 48364 a
 -0.3495649 0.20684426 -0.055060856 48568 g
 4.8045645 9.278131 1.1695676 48572 a
 -1.2643608 -0.25840998 1.2749218 48765 g
 4.7159786 8.607754 0.57400984 48770 a
 0.9721619 1.0606537 1.0938268 48960 g
 5.61979 6.6385226 0.75118077 48964 a
 0.4480518 0.40365186 -0.18022943 49163 g
 6.6804214 6.1112 1.9063832 49167 a
 0.5407298 0.2768854 -0.085953526 49363 g
 3.2878375 8.567651 0.9223662 49367 a
 -0.63931686 -0.8770623 -0.70593745 49564 g
 4.767454 8.408437 -0.9211691 49568 a
 0.38413596 1.6697186 -0.3056643 49764 g
 3.7415388 8.140884 -1.3808558 49769 a
 0.7172974 -0.78678113 0.3710449 49964 g
 4.212598 8.768166 -0.9283517 49968 a
 0.56789404 -0.27359 -0.18502311 50180 g
 6.2823853 7.8356237 -0.557849 50199 a
 0.13992408 -1.3122228 -0.5922204 50361 g
 2.480393 7.415441 -1.8842367 50363 a
 -1.7748888 0.4800846 1.3023523 50571 g
 6.3584013 9.523536 0.3309984 50577 a
 0.27308214 2.3855762 1.5939685 50762 g
 6.731298 6.0860605 1.4149733 50766 a
 0.32954115 0.42016345 -0.810067 50965 g
 8.0606785 11.67712 0.3716998 50969 a
 -0.21374372 -0.33564165 -0.016977651 51166 g
 7.055114 8.635885 -3.1082723 51171 a
 -0.7064285 -0.18357515 -1.6878449 51363 g
 4.6154222 7.8517847 -0.83497787 51367 a
 0.40224543 -0.32605428 0.028828718 51563 g
 5.397129 8.369531 -1.7082629 51567 a
 0.3769454 0.9197725 -0.44574657 51766 g
 6.269217 6.9246297 -0.82779527 51771 a
 -2.5671792 -0.44509757 1.1385679 51966 g
 6.461352 7.8966756 0.21787235 51970 a
 0.88827235 -0.07065713 1.2794491 52165 g
 3.8271315 7.061698 0.25318682 52169 a
 0.9639061 0.04998407 -0.49474874 52366 g
 5.379173 11.972205 -1.1198878 52371 a
 -0.21161318 0.10564414 -0.22869895 52564 g
 5.463568 10.013748 -2.0655975 52571 a
 -0.13411519 0.14425997 -0.753608 52763 g
 4.876989 7.513005 0.10115502 52767 a
 -0.09363514 -2.0648322 -0.031625036 52969 g
 5.4940944 7.019201 -1.7298107 52973 a
 -0.21933635 0.37515604 -0.2755706 53164 g
 4.3418846 6.8587894 0.64463884 53169 a
 -1.3463861 0.8228334 1.1944944 53363 g
 6.031593 5.949591 0.0712275 53367 a
 -0.5367851 -1.0767994 1.0003499 53564 g
 8.455722 6.4469867 3.1310172 53568 a
 0.67628473 -0.20940782 -1.1283147 53765 g
 3.3512838 6.6762314 0.38965634 53770 a
 1.0121093 -1.4453809 -0.059321914 53968 g
 5.1529207 7.9170265 -0.6937199 53971 a
 -0.62786525 -0.16200355 -0.55280566 54170 g
 5.4982843 7.9888525 -0.641646 54174 a
 0.13486408 -1.5324663 -0.6817027 54366 g
 5.9370217 10.1861315 -1.525705 54371 a
 0.27308214 -0.99024665 0.27916586 54566 g
 4.1533413 10.82658 1.1180922 54571 a
 -2.339479 -0.5873104 1.3947641 54770 g
 4.331111 6.5726824 0.3890578 54773 a
 0.051773448 0.2372043 0.11724567 54969 g
 9.564836 7.1101804 2.408567 54972 a
 0.24218947 -0.43524387 -0.09420932 55169 g
 2.6821043 6.1806316 2.1619642 55172 a
 1.1452674 -2.708252 -0.08142615 55370 g
 5.8681884 7.9667063 -0.997185 55382 a
 -0.36154914 -0.19742359 -0.5828994 55570 g
 5.8639984 7.3849154 -0.88405895 55574 a
 -0.32186806 0.044924065 -0.3802328 55769 g
 7.2047515 10.700286 0.42078096 55773 a
 0.5551109 -0.7457684 0.080494046 55972 g
 4.724957 9.701305 1.7106571 55976 a
 -1.728816 -0.8336528 1.1593406 56170 g
 4.2155905 6.2243257 0.65900403 56173 a
 0.61583096 0.8670419 0.3364238 56369 g
 12.579136 8.019379 3.3943794 56372 a
 -0.6004347 -0.7678727 0.024301345 56570 g
 3.9683893 9.562442 -2.7635074 56573 a
 -0.51707774 0.26250434 -0.45719817 56769 g
 5.8005524 7.4854717 -0.7721301 56773 a
 0.18546413 -0.45921233 -0.594351 56971 g
 6.1117983 7.2233067 -0.92895025 56975 a
 -0.45289558 0.28114647 -0.5922204 57173 g
 8.306683 11.909358 -0.39504328 57177 a
 1.2078516 0.05690829 0.09727196 57370 g
 4.4220905 9.582193 0.27473465 57373 a
 -0.61641365 -0.42379227 0.6831674 57570 g
 3.7960067 6.7971387 0.1448492 57574 a
 0.5287456 0.79034287 0.11245198 57773 g
 10.868479 7.675212 3.6421793 57777 a
 -0.1309194 -0.24828997 0.4120576 57972 g
 4.0019083 9.83957 -2.0763714 57976 a
 -0.5144146 0.5248257 -0.47104663 58172 g
 5.9849057 6.9665284 -0.7505822 58175 a
 -0.21880372 -1.2560301 -0.75547224 58365 g
 6.3793507 7.3711486 -0.7637503 58374 a
 -0.3924418 0.086735696 -0.7701196 58571 g
 6.7372837 14.451402 -0.8265981 58575 a
 0.4547097 -0.9841214 0.3294996 58771 g
 4.9865236 9.786898 -0.7314286 58775 a
 -0.9277372 -0.7710685 0.6040715 58975 g
 3.7828386 7.1245456 0.4249708 58979 a
 0.63340783 0.78315234 0.21897842 59173 g
 10.897807 6.2913637 1.6621746 59177 a
 -0.05581826 -0.15534565 0.40619865 59371 g
 4.1120415 12.097302 -2.557606 59375 a
 -0.64118105 -0.39716068 -1.1658653 59574 g
 5.5886655 6.211756 -1.4951789 59578 a
 0.16495779 -1.2642859 -0.3844939 59770 g
 5.8215013 7.7093296 -1.8626889 59774 a
 0.06269241 0.3117728 -0.39727706 59974 g
 5.380968 8.810063 0.7212533 59977 a
 -1.0244099 0.62309635 0.9737183 60313 g