 -0.030518228 0.15304841 0.20406471 25 g
 0.480636 -0.374094 9.712079 26 a
 -0.006892224 -0.019387271 0.408703 32 r
 -0.09576567 -0.053346578 -0.025499767 40 g
 0.57400984 -0.42078096 9.395446 47 a
 -0.005581487 -0.024384573 0.4057748 48 r
 -0.22865741 0.007373494 0.027497139 241 g
 0.4854244 -0.15143326 10.061034 245 a
 -0.0058428124 -0.032856397 0.40903857 249 r
 -0.047562458 0.11709573 -0.002330266 440 g
 0.30226797 -0.3728969 10.148422 444 a
 -0.01002566 -0.029862761 0.41009906 447 r
 -0.052089833 -0.070390806 -0.0020639498 636 g
 0.39743748 -0.4830302 9.497798 640 a
 -0.012033672 -0.028727073 0.41145715 643 r
 0.0054344465 -0.05734132 -0.00818922 837 g
 0.5057751 -0.37469256 9.777321 840 a
 -0.012970867 -0.031230364 0.4122766 844 r
 -0.027588751 0.02947773 -0.0012650015 1037 g
 0.4321534 -0.39743748 9.677363 1041 a
 -0.012820423 -0.03376293 0.4130228 1045 r
 0.006499711 -0.030177077 -0.005792375 1236 g
 0.46986207 -0.44651863 9.56723 1240 a
 -0.012453648 -0.03242279 0.41206053 1244 r
 -0.009479255 0.010302971 -0.009520801 1436 g
 0.50397944 -0.4285621 9.794081 1439 a
 -0.01334747 -0.03267412 0.411477 1444 r
 0.014222878 0.0063082296 -0.0041944785 1638 g
 0.53450555 -0.48362875 9.674371 1641 a
 -0.014362666 -0.033308126 0.40933213 1645 r
 -4.245079E-4 -0.03124234 0.005392901 1837 g
 0.52612585 -0.43634325 9.67018 1840 a
 -0.013356222 -0.034539893 0.40769836 1844 r
 0.0038365498 -0.013665479 0.005392901 2038 g
 0.59974754 -0.45250413 9.653421 2041 a
 -0.011411938 -0.036375575 0.4068103 2045 r
 0.07014926 0.018825086 -0.0033955304 2237 g
 0.40162733 -0.33638534 9.627684 2241 a
 -0.008321036 -0.031924136 0.40654615 2245 r
 -0.020398216 0.0055092815 -0.0068576396 2437 g
 0.4309563 -0.29209262 9.76535 2441 a
 -0.006830057 -0.030054413 0.40665558 2445 r
 -0.030518228 -0.0062086275 -0.0017976337 2637 g
 0.54408234 -0.42078096 9.56723 2641 a
 -0.008363782 -0.030351546 0.40603957 2646 r
 0.055501875 0.047054593 -0.008721853 2838 g
 0.50038815 -0.3764882 9.715671 2842 a
 -0.0085719265 -0.031219978 0.40489933 2846 r
 -0.022528745 0.024950357 5.9921126E-4 3038 g
 0.4417302 -0.34955344 9.791686 3042 a
 -0.008799074 -0.031552896 0.40336576 3046 r
 -0.019865584 0.023086144 0.00272974 3237 g
 0.47405192 -0.4441244 9.749189 3241 a
 -0.009885951 -0.031303898 0.40266374 3245 r
 -0.01800137 -0.043226566 -0.0012650015 3438 g
 0.41599256 -0.36152446 9.7324295 3442 a
 -0.010154976 -0.03219969 0.40303895 3446 r
 -9.571401E-4 0.026281938 0.0067244815 3638 g
 0.45609543 -0.439336 9.705495 3642 a
 -0.010496905 -0.031040762 0.4038094 3645 r
 -0.01746874 -0.030443393 -0.004993427 3838 g
 0.48123455 -0.38965634 9.694122 3842 a
 -0.011213025 -0.03125479 0.40542886 3846 r
 -0.011876101 -0.0019475697 -0.004993427 4040 g
 0.5009867 -0.4878186 9.611523 4044 a
 -0.011841386 -0.031332694 0.40698382 4048 r
 0.02700605 0.08087674 -0.0129829105 4238 g
 0.38845924 -0.44113165 9.709685 4241 a
 -0.01215676 -0.030682981 0.40867803 4245 r
 -0.008946624 0.0063082296 -0.0017976337 4438 g
 0.45010993 -0.41240123 9.786898 4442 a
 -0.012288263 -0.030941188 0.4110736 4446 r
 -0.005484514 -0.021921277 0.0019307918 4639 g
 0.52133745 -0.46267948 9.668385 4643 a
 -0.012399708 -0.03247869 0.4136025 4646 r
 6.4075657E-4 -0.017127588 0.00272974 4839 g
 0.54049104 -0.40222588 9.572019 4842 a
 -0.010713249 -0.03427565 0.41387174 4847 r
 0.011027085 -0.09435926 0.002996056 5040 g
 0.57161564 -0.45489833 9.616311 5044 a
 -0.0093726255 -0.034749903 0.4126456 5047 r
 0.01608709 0.04332617 6.657903E-5 5240 g
 0.5105635 -0.3693056 9.664195 5244 a
 -0.008009181 -0.03394524 0.41275308 5247 r
 0.024609206 -0.008339156 0.002197108 5440 g
 0.46567222 -0.29029694 9.786898 5443 a
 -0.0074349847 -0.033268906 0.41186044 5447 r
 0.08745981 0.09312728 0.008056062 5640 g
 0.480636 -0.24959552 9.603742 5644 a
 -0.005829922 -0.03070477 0.41056207 5648 r
 0.02913658 0.06409883 0.004593953 5840 g
 0.48482585 -0.3585317 9.790489 5845 a
 -0.004409205 -0.029699378 0.40935203 5849 r
 -0.037708763 -0.005409679 -0.0028628982 6041 g
 0.49081135 -0.2896984 9.661202 6045 a
 -0.005067991 -0.029141366 0.40893677 6049 r
 -0.0036203011 0.00897139 -0.0031292143 6239 g
 0.45549688 -0.30765492 9.454702 6243 a
 -0.005210205 -0.030295454 0.4080377 6247 r
 0.022478677 0.03507037 -0.005259743 6441 g
 0.42916065 -0.33758244 9.794679 6445 a
 -0.0051323697 -0.031168569 0.4078053 6448 r
 -0.01746874 -0.019790748 3.3289514E-4 6641 g
 0.44891283 -0.39504328 9.680356 6646 a
 -0.006301931 -0.03039921 0.40852085 6649 r
 -0.0065497784 -0.013132846 -0.005792375 6841 g
 0.49440265 -0.3561375 9.715072 6845 a
 -0.007524994 -0.03097498 0.40903386 6849 r
 -0.010011888 0.0015145397 -0.0039281626 7042 g
 0.54767364 -0.46387658 9.645041 7047 a
 -0.007993628 -0.03130997 0.40907082 7050 r
 0.024076574 0.07501779 -0.008988169 7241 g
 0.47225627 -0.42556936 9.646238 7245 a
 -0.008564496 -0.031136412 0.40936968 7249 r
 -0.010011888 0.013765081 -0.0041944785 7441 g
 0.41120413 -0.38307226 9.743204 7446 a
 -0.009254897 -0.031006169 0.40915897 7449 r
 -0.021729797 -0.0070075756 0.002996056 7643 g
 0.51355624 -0.45190558 9.652225 7647 a
 -0.010721183 -0.030997712 0.41094467 7650 r
 0.016353406 -0.026448652 0.0024634239 7842 g
 0.44592008 -0.40462008 9.782708 7846 a
 -0.009624363 -0.03275097 0.4130518 7849 r
 -0.020664532 -0.033106554 3.3289514E-4 8044 g
 0.47524905 -0.39145198 9.718064 8047 a
 -0.008952378 -0.03202331 0.41624287 8051 r
 0.001706021 -0.0189918 0.0016644757 8243 g
 0.49440265 -0.3633201 9.734225 8246 a
 -0.0077002645 -0.032973073 0.41938952 8250 r
 0.012624982 -0.010203369 0.0019307918 8442 g
 0.47644615 -0.36750996 9.674969 8447 a
 -0.0076180287 -0.032234617 0.41892192 8450 r
 1.0812434E-4 -0.0022138858 5.9921126E-4 8644 g
 0.55605334 -0.3298013 9.560646 8647 a
 -0.005992003 -0.03149236 0.418299 8651 r
 0.007831291 -0.061868694 -1.9973709E-4 8844 g
 0.51235914 -0.34476504 9.610326 8847 a
 -0.005416109 -0.031664833 0.41735598 8851 r
 0.03046816 0.03427142 -0.012183961 9045 g
 0.45609543 -0.23403321 9.680955 9048 a
 -0.0040587885 -0.02789757 0.41593948 9052 r
 0.022744993 -0.002480202 -0.0028628982 9245 g
 0.42078096 -0.23882163 9.515156 9249 a
 -0.0036659436 -0.027479582 0.41492847 9254 r
 0.020081833 0.012966133 -0.005792375 9445 g
 0.4309563 -0.23163901 9.716867 9448 a
 -0.0032527447 -0.027734078 0.41400823 9452 r
 -0.0046855654 -0.028845496 -0.0012650015 9645 g
 0.39743748 -0.27114335 9.689334 9648 a
 -0.0030690413 -0.027057465 0.41228357 9653 r
 0.004102866 -0.0064749434 -0.005792375 9844 g
 0.40521863 -0.260968 9.697714 9849 a
 -0.0030795084 -0.024689168 0.41121206 9854 r
 0.004635498 -0.0022138858 -0.0041944785 10045 g
 0.46627077 -0.31663316 9.662399 10052 a
 -0.003171171 -0.024499431 0.4105797 10056 r
 0.031000793 0.055310395 -0.011118697 10252 g
 0.39923313 -0.23882163 9.722853 10256 a
 -0.003209102 -0.024221174 0.4096006 10263 r
 0.0054344465 -0.0070075756 -0.0020639498 10448 g
 0.4261679 -0.23642741 9.739014 10451 a
 -0.002766925 -0.024946045 0.41007593 10455 r
 -0.014805578 0.011368236 0.002197108 10646 g
 0.5494693 -0.3238158 9.622296 10650 a
 -0.0035653543 -0.02744317 0.4101257 10654 r
 -0.015870841 -0.0014149374 0.009920275 10845 g
 0.5590461 -0.31423897 9.607931 10849 a
 -0.0029038917 -0.032041736 0.41053817 10853 r
 0.015021826 -0.05654237 0.011518172 11046 g
 0.56084174 -0.374094 9.651626 11050 a
 -0.004262495 -0.032501705 0.4114503 11054 r
 0.02434289 0.037999846 0.0016644757 11246 g
 0.51595044 -0.30585927 9.682152 11249 a
 -0.00443336 -0.032093346 0.4129444 11259 r
 0.023810258 -0.0048770467 0.0072571137 11445 g
 0.44831428 -0.31004912 9.762358 11449 a
 -0.004540407 -0.03153444 0.4138023 11454 r
 0.025141839 0.040663008 0.0013981595 11646 g
 0.4213795 -0.22744916 9.700109 11650 a
 -0.0038857982 -0.029018626 0.41430894 11654 r
 0.0011733888 0.00897139 -0.0017976337 11847 g
 0.40462008 -0.22924481 9.657611 11850 a
 -0.0026249094 -0.025612988 0.41441986 11855 r
 0.004369182 0.030809311 -9.986854E-4 12047 g
 0.5057751 -0.219668 9.825205 12051 a
 -0.0027674614 -0.025690768 0.41380337 12055 r
 -0.04143719 -0.071456075 0.0032623722 12246 g
 0.39564183 -0.20949265 9.677961 12250 a
 -0.002224057 -0.026267461 0.41340497 12257 r
 0.0059670787 0.044125117 0.0016644757 12447 g
 0.46806642 -0.29747957 9.739014 12451 a
 -0.001924227 -0.02651224 0.41260734 12455 r
 -0.053954046 -0.011801266 0.0013981595 12647 g
 0.5231331 -0.2681506 9.722853 12650 a
 -0.0025452692 -0.027460378 0.4118444 12655 r
 1.0812434E-4 -0.016062323 -0.005792375 12847 g
 0.5506664 -0.37588966 9.833585 12851 a
 -0.0029668193 -0.029759519 0.41259387 12855 r
 0.015820775 -0.005143363 -0.007123956 13049 g
 0.504578 -0.2813187 9.628283 13052 a
 -0.0035645692 -0.030254286 0.4125717 13056 r
 -0.0020224045 -0.005143363 -7.323693E-4 13247 g
 0.46507367 -0.32022446 9.673772 13251 a
 -0.0034468556 -0.030948121 0.41219786 13256 r
 -0.014805578 0.015629293 5.9921126E-4 13447 g
 0.54288524 -0.39085343 9.703699 13451 a
 -0.0052777454 -0.032352462 0.41281572 13455 r
 -0.0049518817 -0.011002317 -0.0017976337 13648 g
 0.57161564 -0.30047232 9.564238 13652 a
 -0.0057206303 -0.03300859 0.41270092 13656 r
 -0.0073487265 0.040663008 8.6552737E-4 13847 g
 0.5363012 -0.3585317 9.674371 13851 a
 -0.00536659 -0.033409044 0.41199479 13855 r
 9.070727E-4 -0.03523708 -9.986854E-4 14048 g
 0.49081135 -0.37229836 9.773131 14052 a
 -0.005321713 -0.033262283 0.41162243 14057 r
 -0.0065497784 -0.020589698 0.0019307918 14248 g
 0.5805939 -0.3728969 9.661202 14252 a
 -0.00606801 -0.03277178 0.4112636 14257 r
 -0.0065497784 -8.8230526E-4 0.0035286883 14448 g
 0.5410896 -0.3405752 9.65821 14451 a
 -0.0057405997 -0.034392335 0.41006973 14456 r
 0.0075649754 0.003911385 0.0011318434 14648 g
 0.56802434 -0.3513491 9.548675 14652 a
 -0.0053240396 -0.034522742 0.41007647 14657 r
 0.019282885 -0.024584439 0.002197108 14849 g
 0.59256494 -0.39384618 9.628283 14852 a
 -0.0050672954 -0.034192167 0.41057387 14857 r
 0.028603949 0.042260904 5.9921126E-4 15049 g
 0.54408234 -0.34835634 9.640852 15062 a
 -0.0049757482 -0.033565126 0.41087833 15066 r
 0.01821762 0.012167184 -0.0039281626 15248 g
 0.54408234 -0.38845924 9.663596 15252 a
 -0.0054051233 -0.033307195 0.4098285 15258 r
 0.025141839 -0.0056759953 -0.004460795 15446 g
 0.5506664 -0.3573346 9.634866 15447 a
 -0.005046403 -0.033957273 0.40938583 15448 r
 -0.012408732 -0.05947185 8.6552737E-4 15649 g
 0.50996494 -0.36152446 9.692925 15655 a
 -0.0053379955 -0.03328862 0.40927413 15658 r
 -0.020398216 -0.0043444145 -0.004993427 15849 g
 0.5255273 -0.34356794 9.727043 15854 a
 -0.0047550136 -0.032497987 0.40867415 15858 r
 0.0011733888 -0.017926537 -0.004993427 16051 g
 0.5201403 -0.32800564 9.6923275 16056 a
 -0.0051529706 -0.03242007 0.40838382 16059 r
 -0.0068160943 -0.028046548 -0.0031292143 16250 g
 0.6266823 -0.41359833 9.768942 16254 a
 -0.004800692 -0.033475667 0.40816316 16258 r
 0.018483935 0.027879834 -0.0129829105 16450 g
 0.54527944 -0.35075054 9.69951 16454 a
 -0.0051203044 -0.032805957 0.40798852 16458 r
 0.008363924 -8.8230526E-4 3.3289514E-4 16651 g
 0.47345337 -0.29747957 9.671378 16656 a
 -0.0048373146 -0.032773525 0.40789387 16660 r
 -0.011609784 0.007906126 0.0016644757 16852 g
 0.5105635 -0.42078096 9.6845455 16857 a
 -0.00548637 -0.032286443 0.40915325 16860 r
 -0.01880032 0.03507037 -0.0039281626 17051 g
 0.46686932 -0.3345897 9.744401 17056 a
 -0.006617776 -0.032010324 0.41115388 17060 r
 -0.0068160943 0.03293984 -0.0031292143 17251 g
 0.46806642 -0.36152446 9.700109 17256 a
 -0.0076430757 -0.03096725 0.41228494 17260 r
 -0.0044192495 -0.011801266 -0.002330266 17451 g
 0.41359833 -0.3609259 9.69532 17455 a
 -0.007299859 -0.030229714 0.4137242 17459 r
 9.070727E-4 0.0028461202 -0.0033955304 17651 g
 0.47764325 -0.40701428 9.692925 17656 a
 -0.0077363243 -0.02991978 0.41470793 17660 r
 -0.003353985 0.0033787524 -4.660532E-4 17852 g
 0.4985925 -0.33039984 9.569624 17857 a
 -0.007395859 -0.03034703 0.4158779 17860 r
 -0.009212939 0.014031397 -7.323693E-4 18052 g
 0.45968673 -0.41000703 9.686341 18057 a
 -0.006817324 -0.031238925 0.4172664 18061 r
 -0.0049518817 -0.039764456 0.009121327 18251 g
 0.50517654 -0.46567222 9.725846 18256 a
 -0.0081514185 -0.032192945 0.41777566 18260 r
 -0.018267687 -0.027513916 0.0035286883 18452 g
 0.55725044 -0.39683893 9.624691 18457 a
 -0.008153574 -0.033921406 0.41793934 18461 r
 0.011027085 0.006840862 0.0019307918 18652 g
 0.52971715 -0.36152446 9.553463 18657 a
 -0.0074407207 -0.035018064 0.41832194 18660 r
 0.03126711 0.0438588 3.3289514E-4 18852 g
 0.50637364 -0.39324763 9.738416 18857 a
 -0.0068595624 -0.034262232 0.41944435 18860 r
 -0.007881359 -0.027513916 0.0019307918 19054 g
 0.5279215 -0.40043023 9.762358 19058 a
 -0.0065881554 -0.033241108 0.42168704 19063 r
 -0.019066636 -0.02245391 -0.0015313176 19252 g
 0.52492875 -0.3693056 9.624092 19257 a
 -0.006504991 -0.033085793 0.42375174 19261 r
 0.0022386531 0.023086144 0.0016644757 19454 g
 0.504578 -0.26874915 9.723452 19457 a
 -0.005840405 -0.032159813 0.42523286 19461 r
 -0.024126641 -0.028579181 -7.323693E-4 19655 g
 0.47345337 -0.3357868 9.688137 19658 a
 -0.00480166 -0.031450853 0.42595413 19662 r
 0.020348148 -0.002746518 -0.0017976337 19854 g
 0.50158525 -0.29688102 9.655815 19857 a
 -0.0041944394 -0.031202827 0.42564878 19861 r
 0.016619723 0.019890351 -9.986854E-4 20055 g
 0.52373165 -0.3196259 9.682152 20069 a
 -0.0037019625 -0.03109496 0.42530683 20074 r
 0.011559717 0.030809311 -9.986854E-4 20254 g
 0.51235914 -0.2825158 9.797672 20258 a
 -0.002686306 -0.029672466 0.42539623 20261 r
 -0.0014897723 0.0028461202 -0.0041944785 20451 g
 0.46148238 -0.2908955 9.656414 20452 a
 -0.0027439026 -0.028819565 0.42526522 20457 r
 0.008630239 -0.007806524 -0.0020639498 20655 g
 0.45549688 -0.27952304 9.642648 20659 a
 -0.002532485 -0.02882025 0.424791 20662 r
 0.007831291 0.014031397 -0.0017976337 20855 g
 0.47285482 -0.31124622 9.77373 20859 a
 -0.0037204195 -0.029068343 0.42449805 20863 r
 -0.013207681 -0.027780233 -0.0015313176 21056 g
 0.492607 -0.3824737 9.701305 21059 a
 -0.0045904834 -0.028312795 0.4232348 21063 r
 0.0152881425 0.079811476 -0.0033955304 21255 g
 0.42437226 -0.33638534 9.660006 21259 a
 -0.0061289417 -0.02713136 0.42250106 21262 r
 0.009162872 0.012699816 -0.0017976337 21455 g
 0.36750996 -0.3286042 9.654019 21459 a
 -0.0066362508 -0.026903685 0.42287585 21463 r
 -0.010011888 0.007373494 -0.0036618465 21655 g
 0.40342298 -0.3633201 9.7007065 21659 a
 -0.007572218 -0.026490368 0.42208633 21663 r
 9.070727E-4 0.002579804 -4.660532E-4 21855 g
 0.4405331 -0.2861071 9.779117 21859 a
 -0.0076562837 -0.026759744 0.42183515 21862 r
 -0.030251913 0.01855877 5.9921126E-4 22057 g
 0.43155485 -0.35673606 9.643246 22060 a
 -0.007844416 -0.02758699 0.4207122 22064 r
 -0.014805578 -0.037900243 5.9921126E-4 22255 g
 0.45549688 -0.41060558 9.679159 22259 a
 -0.0073322784 -0.028970987 0.41972998 22263 r
 -0.009212939 -0.024584439 -4.660532E-4 22455 g
 0.5153519 -0.3800795 9.630077 22459 a
 -0.007238527 -0.031124014 0.42008337 22463 r
 0.0152881425 0.0065745455 0.0067244815 22657 g
 0.47884035 -0.4309563 9.632472 22660 a
 -0.0070192683 -0.031912975 0.42088148 22664 r
 0.020348148 -0.010469685 -0.0020639498 22863 g
 0.4914099 -0.320823 9.76116 22867 a
 -0.006383662 -0.033303045 0.42181548 22893 r
 0.0035702337 0.044125117 0.0059255334 23057 g
 0.48841715 -0.35793316 9.753379 23061 a
 -0.0052854475 -0.03170366 0.42238632 23064 r
 -0.020664532 0.0033787524 0.0019307918 23257 g
 0.51834464 -0.2885013 9.6049385 23261 a
 -0.004897685 -0.029801719 0.42287168 23264 r
 0.008896556 -0.00807284 -0.004460795 23456 g
 0.4985925 -0.30765492 9.505579 23460 a
 -0.0040361546 -0.03009206 0.42288622 23465 r
 0.029669212 0.027347201 -0.0020639498 23657 g
 0.49679685 -0.2777274 9.779716 23661 a
 -0.0028627468 -0.031498097 0.42289063 23665 r
 -0.029452963 -0.024051806 -0.0017976337 23857 g
 0.47285482 -0.3465607 9.710882 23861 a
 -0.002396685 -0.031298734 0.4237152 23865 r
 -0.023061376 -0.010469685 -0.004460795 24058 g
 0.55485624 -0.29987377 9.654019 24062 a
 -0.0034091976 -0.030561186 0.42483428 24065 r
 -0.003353985 0.008438759 -1.9973709E-4 24257 g
 0.46208093 -0.31004912 9.731233 24261 a
 -0.0036702715 -0.03106121 0.42546287 24265 r
 -0.0070824106 0.023885092 -0.0047271107 24459 g
 0.50397944 -0.33399114 9.64145 24463 a
 -0.0043488257 -0.031060826 0.42577145 24466 r
 0.006499711 0.0036450685 8.6552737E-4 24658 g
 0.45310268 -0.35913026 9.650429 24662 a
 -0.004899488 -0.030473426 0.42599395 24666 r
 -0.008680307 0.014564029 -0.0039281626 24858 g
 0.48243165 -0.350152 9.717466 24861 a
 -0.0061093587 -0.029874712 0.4261801 24865 r
 -1.5819176E-4 0.0036450685 0.0019307918 25059 g
 0.49440265 -0.40462008 9.661202 25071 a
 -0.0066893864 -0.029647332 0.42680487 25079 r
 0.018750252 0.051848285 -0.00818922 25258 g
 0.45789108 -0.35553896 9.61691 25262 a
 -0.006760069 -0.029164694 0.42708722 25265 r
 -0.011077153 0.025749305 -7.323693E-4 25459 g
 0.45370123 -0.3657143 9.677961 25463 a
 -0.007111232 -0.029486034 0.4252008 25467 r
 -0.013473997 0.0041777007 0.002197108 25659 g
 0.4973954 -0.40342298 9.680356 25663 a
 -0.0076313643 -0.031006075 0.42418525 25667 r
 0.019282885 -0.03417182 0.005392901 25858 g
 0.55246204 -0.38067806 9.738416 25862 a
 -0.0070404904 -0.032461107 0.42256823 25867 r
 0.0014397049 0.029211415 0.0016644757 26064 g
 0.46267948 -0.3513491 9.5809965 26068 a
 -0.0062246425 -0.031120393 0.422161 26072 r
 0.00996182 0.021221932 0.006990798 26260 g
 0.39205053 -0.29987377 9.747394 26263 a
 -0.0045943176 -0.030996338 0.42257044 26267 r
 0.0027712854 0.015096661 0.0051265853 26459 g
 0.48961425 -0.26515785 9.826403 26463 a
 -0.00495949 -0.029258773 0.42261562 26467 r
 -0.033714022 -0.012333898 0.002996056 26660 g
 0.45190558 -0.24600422 9.607333 26664 a
 -0.003908839 -0.028631907 0.42241934 26667 r
 0.03313132 0.075550415 0.007789746 26860 g
 0.39025488 -0.25019407 9.64564 26864 a
 -0.0032312768 -0.027555965 0.42233816 26868 r
 0.1353967 0.14346102 0.0059255334 27062 g
 0.3357868 -0.1604115 9.691729 27066 a
 -0.0021183193 -0.022693757 0.42261586 27070 r
 0.030201845 0.021488247 -1.9973709E-4 27260 g
 0.24301147 -0.05267244 9.615712 27264 a
 -0.0015431885 -0.019871742 0.42274383 27268 r
 0.007831291 -0.046954993 -0.0028628982 27461 g
 0.3393781 -0.15382746 9.771336 27465 a
 -1.4933478E-4 -0.016552188 0.42277274 27468 r
 -0.0049518817 -0.009937053 -0.005792375 27661 g
 0.31304187 -0.12629414 9.689933 27665 a
 4.3966528E-4 -0.018208746 0.42152748 27668 r
 0.019282885 0.0134987645 -0.0039281626 27861 g
 0.3441665 -0.18914193 9.675568 27864 a
 1.7309375E-4 -0.019309394 0.42083713 27868 r
 0.0152881425 -0.0035454663 0.0011318434 28062 g
 0.32561144 -0.19812019 9.689933 28066 a
 3.6502816E-4 -0.019632958 0.42121658 28071 r
 -0.033447705 -0.058406584 -0.0041944785 28261 g
 0.37588966 -0.16938977 9.6528225 28265 a
 -4.1164085E-4 -0.020773087 0.42156217 28268 r
 -0.03451297 -0.009404421 0.00272974 28461 g
 0.39145198 -0.20350714 9.730036 28466 a
 -4.7711842E-4 -0.022614151 0.42111585 28470 r
 -0.021996113 -0.019258117 3.3289514E-4 28662 g
 0.39145198 -0.24301147 9.832987 28666 a
 -0.0019361572 -0.023712479 0.42065087 28670 r
 -0.027322434 -0.02591602 0.0035286883 28861 g
 0.4165911 -0.26276365 9.679159 28865 a
 -0.0031903954 -0.024892457 0.42022625 28869 r
 0.009162872 0.045723014 -0.0015313176 29063 g
 0.47465047 -0.3453636 9.762956 29066 a
 -0.0034514768 -0.025398638 0.42057088 29070 r
 -0.018267687 0.03933143 -0.0028628982 29263 g
 0.44951138 -0.29448682 9.7719345 29266 a
 -0.0046238974 -0.025681593 0.4213805 29270 r
 0.001706021 -0.030976025 6.657903E-5 29462 g
 0.47285482 -0.3417723 9.7563715 29466 a
 -0.0052541066 -0.026564278 0.42181727 29470 r
 0.015021826 -0.002746518 -0.0047271107 29663 g
 0.4866215 -0.32321724 9.647436 29667 a
 -0.0048208926 -0.027911946 0.4214768 29671 r
 0.010494453 -0.01153495 -7.323693E-4 29863 g
 0.45968673 -0.2837129 9.665991 29867 a
 -0.0040020254 -0.029122297 0.42135438 29871 r
 0.0027712854 0.020156667 0.0061918497 30064 g
 0.47046062 -0.24181437 9.743204 30075 a
 -0.00433313 -0.029339641 0.42157415 30079 r
 -0.0283877 -0.02245391 0.0096539585 30263 g
 0.4237737 -0.20470424 9.660006 30267 a
 -0.0035291174 -0.028404132 0.42140326 30271 r
 0.040321857 0.06436514 0.004593953 30464 g
 0.47345337 -0.31304187 9.703101 30467 a
 -0.0020821597 -0.026433729 0.42118827 30471 r
 -0.012408732 0.014830345 -0.002596582 30664 g
 0.44472298 -0.27114335 9.698313 30667 a
 -0.0022992948 -0.026318364 0.42106566 30672 r
 0.011027085 -0.023519175 -0.0039281626 30863 g
 0.48482585 -0.30047232 9.812635 30867 a
 -0.0027947854 -0.028022032 0.42058697 30871 r
 -0.030518228 -0.03070971 -0.0068576396 31065 g
 0.45848963 -0.29688102 9.630676 31069 a
 -0.0030327477 -0.028268322 0.41969058 31074 r
 -0.0102782035 0.0015145397 0.002996056 31264 g
 0.45729253 -0.27353755 9.768343 31268 a
 -0.0030741245 -0.028818589 0.4191399 31271 r
 -0.019865584 -0.016594956 -9.986854E-4 31464 g
 0.43514615 -0.28550854 9.586982 31468 a
 -0.004264839 -0.028911643 0.41859785 31472 r
 -0.009212939 0.044125117 -0.002596582 31669 g
 0.4854244 -0.34117374 9.646238 31674 a
 -0.0046527646 -0.02907202 0.41850486 31677 r
 -0.00575083 -0.01845917 5.9921126E-4 31870 g
 0.44891283 -0.37588966 9.681553 31874 a
 -0.0048015798 -0.029337335 0.41907987 31878 r
 -0.0046855654 -0.0048770467 8.6552737E-4 32071 g
 0.46926352 -0.3800795 9.688137 32074 a
 -0.0057797153 -0.029612277 0.41868255 32078 r
 -0.009479255 -0.0070075756 5.9921126E-4 32270 g
 0.52852005 -0.35553896 9.537901 32274 a
 -0.0064246487 -0.030124243 0.41880634 32278 r
 -0.012408732 0.027613519 -0.0033955304 32470 g
 0.44232875 -0.37588966 9.715671 32474 a
 -0.006421065 -0.030978922 0.4185473 32477 r
 -0.0041529336 -0.046954993 6.657903E-5 32670 g
 0.44352585 -0.3878607 9.668983 32674 a
 -0.006945694 -0.030126762 0.41871384 32678 r
 -0.0044192495 -0.010469685 3.3289514E-4 32870 g
 0.49679685 -0.41180268 9.622296 32874 a
 -0.0075335857 -0.030648585 0.419247 32878 r
 0.014222878 -0.0043444145 0.0043276367 33071 g
 0.49679685 -0.41479546 9.5253315 33075 a
 -0.007153513 -0.03224264 0.4191645 33078 r
 0.028870264 0.020422984 -0.0015313176 33270 g
 0.50517654 -0.37708676 9.799467 33274 a
 -0.0061968025 -0.03331863 0.41936514 33278 r
 -0.014539261 -0.027780233 0.004860269 33471 g
 0.4938041 -0.41180268 9.774927 33474 a
 -0.0061637918 -0.03256765 0.4200348 33478 r
 -0.010810836 -0.022986542 -1.9973709E-4 33670 g
 0.50637364 -0.3286042 9.633669 33674 a
 -0.006015282 -0.031776667 0.4193751 33678 r
 0.0062333946 0.011368236 0.0011318434 33868 g
 0.4842273 -0.31783026 9.710882 33872 a
 -0.0053144163 -0.03069365 0.4179786 33875 r
 -0.036643498 -0.026981283 -0.0031292143 34071 g
 0.44891283 -0.32202014 9.694122 34075 a
 -0.0047747456 -0.03050822 0.41716215 34079 r
 0.006766027 -0.019258117 -0.0017976337 34271 g
 0.45908818 -0.3286042 9.645041 34275 a
 -0.0042079194 -0.030750409 0.41682562 34278 r
 0.0059670787 0.010036655 -0.0036618465 34471 g
 0.5446809 -0.39444473 9.68694 34474 a
 -0.0050505428 -0.030318104 0.41542783 34478 r
 0.0038365498 -0.008339156 0.0013981595 34672 g
 0.4237737 -0.3728969 9.692925 34676 a
 -0.00522275 -0.030884024 0.41479447 34679 r
 -0.023327693 -0.066662386 -0.004460795 34871 g
 0.48362875 -0.3453636 9.6845455 34875 a
 -0.005903747 -0.030778088 0.41549942 34879 r
 -0.01880032 -0.017393904 -4.660532E-4 35071 g
 0.5033809 -0.3716998 9.707291 35082 a
 -0.006084349 -0.030990478 0.41584525 35088 r
 -0.008680307 -0.011002317 -0.0020639498 35269 g
 0.49799395 -0.4213795 9.564836 35273 a
 -0.007523218 -0.031332515 0.41594264 35277 r
 0.004102866 0.034005105 -0.0033955304 35469 g
 0.480636 -0.39384618 9.722255 35473 a
 -0.007486106 -0.032076374 0.41584894 35477 r
 -0.006017146 -0.04562341 -1.9973709E-4 35670 g
 0.47465047 -0.4369418 9.663596 35674 a
 -0.007947072 -0.03126002 0.4164628 35678 r
 -0.007881359 -0.011268633 0.0035286883 35871 g
 0.53929394 -0.4321534 9.697116 35874 a
 -0.008432753 -0.032363415 0.41725603 35878 r
 -4.245079E-4 -0.010736002 0.0024634239 36070 g
 0.61650693 -0.4985925 9.680356 36075 a
 -0.008641621 -0.032896847 0.41777453 36079 r
 0.004635498 0.039597742 -0.0041944785 36270 g
 0.51235914 -0.46327803 9.692925 36274 a
 -0.008830175 -0.03410723 0.41806915 36278 r
 -0.0017560885 0.0206893 0.004593953 36471 g
 0.55365914 -0.4794389 9.734225 36475 a
 -0.009728081 -0.035123385 0.41824517 36478 r
 -0.033447705 -8.8230526E-4 0.012849752 36669 g
 0.58897364 -0.5398925 9.727043 36673 a
 -0.012472896 -0.03754867 0.41894594 36677 r
 -0.033447705 -0.020589698 0.0024634239 36870 g
 0.5967548 -0.5201403 9.589376 36874 a
 -0.012565535 -0.038881466 0.41930524 36878 r
 0.028337631 -0.013132846 0.0019307918 37071 g
 0.6727707 -0.52373165 9.621698 37075 a
 -0.01177497 -0.03905458 0.41952577 37078 r
 0.045115545 0.03986406 -0.002596582 37270 g
 0.57760113 -0.45968673 9.632472 37274 a
 -0.0097288545 -0.03831175 0.4200237 37278 r
 0.046447128 0.0015145397 -0.002330266 37470 g
 0.5398925 -0.3549404 9.467871 37474 a
 -0.00884378 -0.036702752 0.4198285 37478 r
 0.050708186 0.04678828 5.9921126E-4 37674 g
 0.55246204 -0.36750996 9.744401 37678 a
 -0.0069996538 -0.035061136 0.41869083 37682 r
 -0.0046855654 -0.04509078 -0.002596582 37870 g
 0.56323594 -0.39145198 9.668385 37874 a
 -0.00595749 -0.03516987 0.41691998 37878 r
 -0.0012234562 -0.011268633 -0.0017976337 38071 g
 0.58897364 -0.4201824 9.614515 38075 a
 -0.005562735 -0.03560835 0.41607973 38079 r
 0.00516813 0.011101919 -0.002330266 38271 g
 0.5781997 -0.39324763 9.619304 38274 a
 -0.005188198 -0.0351246 0.41437808 38278 r
 -0.023594009 -0.07278766 -4.660532E-4 38470 g
 0.55964464 -0.40043023 9.7084875 38474 a
 -0.005744138 -0.03593996 0.41372314 38478 r
 0.010760768 -0.017127588 -0.0041944785 38671 g
 0.5231331 -0.35434186 9.479841 38674 a
 -0.0057588136 -0.035822585 0.4140955 38678 r
 0.0030376015 0.011368236 -0.0017976337 38871 g
 0.54049104 -0.38965634 9.73662 38874 a
 -0.00612621 -0.03532373 0.41395417 38878 r
 -0.0073487265 0.0060419133 -0.0020639498 39072 g
 0.59855044 -0.3824737 9.640852 39075 a
 -0.0069485595 -0.035273477 0.41415343 39079 r
 0.0027712854 0.013232448 6.657903E-5 39275 g
 0.58298814 -0.3890578 9.565434 39279 a
 -0.0062806 -0.035841487 0.4145073 39283 r
 0.012624982 0.0124335 0.0035286883 39471 g
 0.6619968 -0.47405192 9.69532 39475 a
 -0.0063473536 -0.036199033 0.41514006 39479 r
 0.021413414 0.008705075 5.9921126E-4 39673 g
 0.6721721 -0.42437226 9.675568 39677 a
 -0.006603861 -0.037339978 0.41584352 39680 r
 0.004102866 -0.03070971 -0.0065913238 39871 g
 0.6123171 -0.42556936 9.592369 39875 a
 -0.0065798173 -0.03759771 0.4154261 39879 r
 0.019282885 0.019091403 -0.0036618465 40074 g
 0.6015432 -0.39085343 9.7007065 40084 a
 -0.0064849043 -0.036830187 0.41428939 40088 r
 -0.0020224045 -0.0048770467 3.3289514E-4 40272 g
 0.5758055 -0.48602295 9.589975 40276 a
 -0.007281799 -0.036806658 0.41445914 40280 r
 0.0427187 0.009237707 -0.007390272 40472 g
 0.60573304 -0.4381389 9.63726 40476 a
 -0.00797264 -0.036385268 0.41466615 40480 r
 0.004635498 0.010569287 3.3289514E-4 40673 g
 0.57400984 -0.3728969 9.583989 40677 a
 -0.0076909345 -0.03656079 0.41513196 40681 r
 0.02647342 0.0438588 0.00752343 40873 g
 0.57760113 -0.40043023 9.791088 40877 a
 -0.0075811 -0.036744565 0.4159949 40880 r
 -0.024659274 -0.016861271 0.007789746 41074 g
 0.53689975 -0.32142156 9.71986 41078 a
 -0.006778815 -0.036353342 0.41672882 41081 r
 0.020348148 0.06409883 0.0072571137 41274 g
 0.5327099 -0.38367084 9.739613 41278 a
 -0.00547536 -0.034605652 0.41751042 41281 r
 -0.0028213528 0.022553513 0.0013981595 41474 g
 0.5057751 -0.30526072 9.673173 41477 a
 -0.004628945 -0.03177485 0.41769245 41481 r
 0.013690245 -0.01153495 -0.0036618465 41674 g
 0.4758476 -0.30945057 9.794081 41677 a
 -0.0036535962 -0.030290313 0.41758838 41681 r
 -0.020131899 -0.07438555 -0.0041944785 41880 g
 0.4782418 -0.31064767 9.697714 41893 a
 -0.0036535962 -0.030290313 0.41758838 41896 r
 -0.005484514 0.015895609 0.0019307918 42079 g
 0.40641573 -0.22445641 9.710283 42086 a
 -0.0029840767 -0.029682763 0.4183292 42096 r
 0.016619723 4.4927528E-4 0.002197108 42278 g
 0.36152446 -0.21308395 9.692925 42282 a
 -0.002909135 -0.025621943 0.41819182 42295 r
 -0.02971928 -0.03337287 -0.0031292143 42481 g
 0.44113165 -0.19512744 9.640852 42494 a
 -0.0020706216 -0.023620434 0.4161308 42498 r
 0.02354394 0.007373494 -0.0036618465 42686 g
 0.40880993 -0.19512744 9.702502 42696 a
 -0.001059386 -0.025208514 0.41338465 42700 r
 0.0025049692 0.004444017 -7.323693E-4 42879 g
 0.45789108 -0.2184709 9.607931 42893 a
 -0.0014797552 -0.026085723 0.41075036 42897 r
 -0.024659274 -0.028845496 5.9921126E-4 43080 g
 0.4950012 -0.2208651 9.79827 43093 a
 -0.001893878 -0.026801825 0.4095733 43097 r
 0.020081833 0.07714831 0.0051265853 43279 g
 0.51595044 -0.3357868 9.758766 43286 a
 -0.0021472583 -0.028550286 0.40843567 43296 r
 -0.014539261 0.009504023 8.6552737E-4 43479 g
 0.4381389 -0.25318682 9.767146 43486 a
 -0.0022546388 -0.028862622 0.40704784 43496 r
 -0.036643498 -0.026448652 -0.0039281626 43695 g
 0.5482722 -0.34476504 9.5798 43698 a
 -0.0034144726 -0.030076742 0.40605888 43702 r
 0.012891297 0.009237707 -0.0039281626 43879 g
 0.50038815 -0.29149407 9.646837 43882 a
 -0.0036337404 -0.029767472 0.40538225 43895 r
 -0.010011888 0.018026138 0.0024634239 44080 g
 0.5081693 -0.28550854 9.712678 44086 a
 -0.0038390653 -0.03187999 0.40616402 44096 r
 -0.015604526 0.0057755974 -4.660532E-4 44279 g
 0.5686229 -0.38187516 9.5971575 44285 a
 -0.0046053864 -0.031650566 0.40666953 44295 r
 0.0011733888 0.032673523 0.004061321 44480 g
 0.5117606 -0.34835634 9.68275 44494 a
 -0.005294583 -0.032603048 0.4072785 44497 r
 0.012624982 -0.032573923 0.0072571137 44683 g
 0.5189432 -0.40581718 9.575011 44695 a
 -0.005150102 -0.03171148 0.4081101 44699 r
 0.0011733888 0.005242965 0.0024634239 44893 g
 0.5686229 -0.37469256 9.767146 44896 a
 -0.0056690266 -0.03218916 0.40967575 44900 r
 0.006499711 -0.018192852 0.0019307918 45082 g
 0.54168814 -0.42437226 9.72824 45100 a
 -0.0058860304 -0.032106034 0.4106358 45105 r
 0.015554459 0.02202088 -0.0031292143 45281 g
 0.47046062 -0.2765303 9.631873 45293 a
 -0.005217353 -0.03051414 0.41126505 45297 r
 0.011826033 0.014564029 0.0032623722 45480 g
 0.40043023 -0.26874915 9.782109 45481 a
 -0.003882113 -0.030107252 0.41210845 45482 r
 0.00516813 0.05131565 0.004593953 45686 g
 0.36272156 -0.29867667 9.506777 45696 a
 -0.0037227413 -0.027792968 0.41264907 45700 r
 0.036327116 0.058772504 -0.002596582 45882 g
 0.42317516 -0.26874915 9.790489 45895 a
 -0.003349171 -0.025583584 0.41247436 45899 r
 -0.009745572 -0.039231826 -0.0036618465 46095 g
 0.4381389 -0.29149407 9.689334 46099 a
 -0.0029210504 -0.026574533 0.41211328 46102 r
 -0.02625717 -0.025383387 -0.0041944785 46282 g
 0.49081135 -0.2657564 9.741408 46296 a
 -0.0033592628 -0.027742743 0.4115261 46299 r
 -0.040105607 -0.043759197 -0.0039281626 46482 g
 0.5129577 -0.25498247 9.661801 46496 a
 -0.0038247807 -0.029716369 0.41176984 46499 r
 0.001972337 0.048386175 8.6552737E-4 46695 g
 0.5470751 -0.37948096 9.639654 46699 a
 -0.0042767506 -0.030525059 0.41142324 46705 r
 -0.0022887206 0.010036655 -0.0020639498 46886 g
 0.54168814 -0.34356794 9.673173 46896 a
 -0.0047747754 -0.03082284 0.4113492 46900 r
 -0.017202422 0.0031124363 -0.0012650015 47093 g
 0.54887074 -0.44951138 9.665392 47097 a
 -0.0062934076 -0.031552963 0.4113061 47100 r
 0.025408154 0.024950357 -0.008988169 47295 g
 0.48482585 -0.39324763 9.688137 47298 a
 -0.007160656 -0.031479254 0.41159227 47302 r
 0.015554459 0.008438759 0.0016644757 47486 g
 0.48722005 -0.35314476 9.689933 47496 a
 -0.0074617136 -0.03149715 0.41291526 47500 r
 0.009695504 -0.0048770467 6.657903E-5 47694 g
 0.5374983 -0.37588966 9.720459 47698 a
 -0.00745383 -0.03215888 0.41430578 47701 r
 -0.015604526 -0.005143363 0.004061321 47895 g
 0.55126494 -0.32800564 9.594764 47899 a
 -0.006254115 -0.03252525 0.41506884 47903 r
 0.03393027 -0.0011486213 0.0067244815 48104 g
 0.5303157 -0.36631286 9.623494 48116 a
 -0.005102857 -0.0323138 0.41437665 48118 r
 0.03526185 0.057973556 0.0011318434 48293 g
 0.4357447 -0.24899697 9.715072 48297 a
 -0.004109606 -0.029878717 0.4130768 48301 r
 0.037658695 0.02681457 0.0019307918 48496 g
 0.46387658 -0.31124622 9.834782 48500 a
 -0.0038353587 -0.02727848 0.4127564 48503 r
 -0.020664532 -0.07012449 -0.004993427 48695 g
 0.46387658 -0.26276365 9.704897 48699 a
 -0.003227843 -0.025767025 0.41256168 48702 r
 0.017684987 0.045190383 -0.0039281626 48894 g
 0.43873745 -0.24361002 9.662998 48897 a
 -0.0026261862 -0.027337916 0.41175333 48901 r
 -0.0017560885 0.028412467 0.0019307918 49096 g
 0.45010993 -0.350152 9.629479 49099 a
 -0.0033210814 -0.028403785 0.41122958 49103 r
 0.025940787 0.048386175 0.0024634239 49294 g
 0.46507367 -0.3513491 9.800665 49298 a
 -0.0042349566 -0.029955134 0.41129228 49302 r
 -0.029985595 -0.044558145 0.0011318434 49493 g
 0.5434838 -0.39384618 9.655217 49496 a
 -0.005066323 -0.030646745 0.41230306 49500 r
 0.0025049692 0.026548253 6.657903E-5 49695 g
 0.53809685 -0.38965634 9.498397 49699 a
 -0.0056017935 -0.031924732 0.4128891 49703 r
 0.027804999 0.017493507 0.0011318434 49895 g
 0.45609543 -0.3537433 9.688736 49898 a
 -0.005187898 -0.032079585 0.41321227 49902 r
 0.0035702337 -0.032840237 -0.005792375 50096 g
 0.46686932 -0.31603462 9.643246 50114 a
 -0.0056763673 -0.031125411 0.4137859 50118 r
 -0.009212939 -0.005942311 -0.0039281626 50295 g
 0.46208093 -0.3357868 9.82341 50298 a
 -0.0064241104 -0.028929088 0.41523066 50302 r
 -0.012675049 -0.017926537 -0.0033955304 50494 g
 0.3597288 -0.32680854 9.635465 50498 a
 -0.0064241104 -0.028929088 0.41523066 50502 r
 0.044050284 0.07341989 -7.323693E-4 50695 g
 0.40880993 -0.30286652 9.706693 50699 a
 -0.00486207 -0.025163416 0.41583827 50703 r
 0.02167973 -0.05547711 0.0032623722 50896 g
 0.39085343 -0.2753332 9.689933 50900 a
 -0.002685655 -0.023834746 0.41655114 50904 r
 0.015554459 0.02814615 0.0019307918 51097 g
 0.3788824 -0.20949265 9.647436 51101 a
 -0.002685655 -0.023834746 0.41655114 51105 r
 0.036327116 0.020955615 0.005392901 51296 g
 0.3309984 -0.17956513 9.772532 51300 a
 -0.001012546 -0.022470336 0.417034 51303 r
 -0.016403474 -0.05387921 -0.0028628982 51497 g
 0.33758244 -0.1436521 9.750985 51500 a
 3.4071784E-4 -0.020255 0.41803387 51505 r
 -0.020930849 0.021488247 0.002197108 51698 g
 0.30346507 -0.09756372 9.751583 51702 a
 6.411038E-5 -0.018387113 0.4184576 51706 r
 0.016619723 0.009770339 5.9921126E-4 51896 g
 0.23223756 -0.16938977 9.603742 51899 a
 6.411038E-5 -0.018387113 0.4184576 51903 r
 0.03393027 0.04678828 -0.0047271107 52090 g
 0.3429694 -0.11133038 9.6767645 52093 a
 1.10805966E-4 -0.017352428 0.41873738 52097 r
 -1.5819176E-4 -0.048020255 -0.0017976337 52288 g
 0.3693056 -0.19033903 9.680356 52292 a
 9.832494E-4 -0.019285109 0.4186407 52296 r
 -0.040904555 -0.022986542 -0.0015313176 52488 g
 0.42317516 -0.20171149 9.65821 52492 a
 1.3021845E-4 -0.021583159 0.41790673 52497 r
 -0.014805578 0.021754565 -0.0015313176 52689 g
 0.44651863 -0.24540567 9.533113 52693 a
 -0.0015445966 -0.023730747 0.4168987 52697 r
 -0.008413991 -0.031508658 0.0043276367 52891 g
 0.50876784 -0.3196259 9.676167 52896 a
 -0.0024850173 -0.026026595 0.41504923 52899 r
 -0.013473997 -0.03204129 -0.0017976337 53090 g
 0.4950012 -0.31902736 9.672575 53094 a
 -0.0039077904 -0.028599463 0.41336456 53098 r
 -0.011876101 -0.002746518 -0.002330266 53292 g
 0.44771573 -0.35075054 9.711481 53296 a
 -0.0055175973 -0.030240186 0.41231486 53300 r
 -0.0041529336 -0.0056759953 5.9921126E-4 53489 g
 0.45729253 -0.2885013 9.787497 53494 a
 -0.006027883 -0.030930981 0.41126528 53499 r
 -0.019066636 -0.019790748 0.006990798 53688 g
 0.5327099 -0.39504328 9.755774 53692 a
 -0.0060265195 -0.030043408 0.41059294 53696 r
 -0.024126641 -0.0062086275 0.0024634239 53892 g
 0.50517654 -0.37349546 9.749189 53897 a
 -0.006429225 -0.030919828 0.41130373 53900 r
 -0.003353985 -0.0189918 -0.0015313176 54091 g
 0.49919105 -0.36391866 9.482236 54095 a
 -0.0064038094 -0.031407543 0.41311505 54099 r
 0.043251332 0.07927884 -0.0060586915 54290 g
 0.45070848 -0.3441665 9.734824 54294 a
 -0.0062280046 -0.029546164 0.41676524 54300 r
 0.0062333946 -0.017393904 -0.0015313176 54494 g
 0.51475334 -0.3657143 10.086772 54497 a
 -0.005692289 -0.029678911 0.4199446 54501 r
 0.037658695 -0.020057065 0.0019307918 54689 g
 0.47285482 -0.24660277 9.668983 54692 a
 -0.0046831006 -0.029490307 0.42233017 54696 r
 0.069083996 0.03933143 0.0061918497 54890 g
 0.3441665 -0.18016368 9.791686 54894 a
 -0.0018227892 -0.023867842 0.4233071 54897 r
 0.011027085 -0.018192852 0.007789746 55095 g
 0.30645782 -0.20530279 9.741408 55108 a
 -7.6320674E-4 -0.021507602 0.4240301 55112 r
 -0.013207681 -0.0189918 -0.002596582 55291 g
 0.30346507 -0.0724246 9.609129 55295 a
 -7.5658504E-4 -0.019397475 0.4234729 55299 r
 -0.02146348 -0.038432878 -0.0017976337 55491 g
 0.29987377 -0.10534488 9.778519 55496 a
 1.3357121E-4 -0.017293833 0.42302743 55499 r
 0.047246076 0.09818729 0.0011318434 55692 g
 0.45549688 -0.1604115 9.782109 55695 a
 4.0099118E-4 -0.017932374 0.42273507 55699 r
 0.006766027 0.026548253 -0.0017976337 55890 g
 0.41060558 -0.18016368 9.582193 55895 a
 9.756638E-4 -0.02069607 0.4202278 55899 r
 0.01821762 0.034005105 -0.0020639498 56086 g
 0.51595044 -0.15322891 9.577405 56087 a
 1.19833276E-4 -0.021829545 0.4187087 56089 r
 -0.020131899 -0.02591602 0.0056592175 56295 g
 0.5105635 -0.23822308 9.623494 56298 a
 1.9544922E-4 -0.025103245 0.4176233 56302 r
 0.038191326 0.06409883 3.3289514E-4 56492 g
 0.53689975 -0.2801216 9.850345 56497 a
 -5.579982E-4 -0.02511501 0.41637936 56500 r
 -0.0017560885 -0.046688676 -0.0039281626 56690 g
 0.50278234 -0.38187516 9.763555 56694 a
 -0.0021076882 -0.028426837 0.4156867 56697 r
 -0.059014052 -0.18011305 -0.0065913238 56894 g
 0.47285482 -0.29987377 9.747394 56897 a
 -0.0023004273 -0.02881562 0.41579196 56901 r
 0.019282885 -0.01286653 -0.0041944785 57097 g
 0.46686932 -0.23762453 9.727043 57100 a
 -0.0020173378 -0.027947385 0.41720363 57104 r
 -0.036909815 -0.07092344 3.3289514E-4 57288 g
 0.48123455 -0.32621 9.745598 57292 a
 -0.0027142568 -0.0291126 0.41909286 57296 r
 0.0022386531 -0.04562341 -0.007656588 57494 g
 0.40701428 -0.2837129 9.799467 57498 a
 -0.0031701038 -0.028854467 0.42098364 57501 r
 1.0812434E-4 -0.014997059 -0.0031292143 57693 g
 0.49200845 -0.31423897 9.861717 57697 a
 -0.0030503767 -0.029568236 0.42444757 57700 r
 -0.021996113 -0.0035454663 -0.0017976337 57893 g
 0.4961983 -0.37828386 9.746795 57897 a
 -0.00340644 -0.02915812 0.42728934 57901 r
 -0.030518228 -0.016062323 -9.986854E-4 58099 g
 0.39264908 -0.3333926 9.852738 58104 a
 -0.0043379376 -0.03073265 0.4289585 58108 r
 0.008896556 -0.028312864 0.006990798 58295 g
 0.45489833 -0.3345897 9.727043 58298 a
 -0.0040094135 -0.028937805 0.42999437 58302 r
 0.018483935 -0.004610731 -9.986854E-4 58495 g
 0.40102878 -0.24001873 9.628283 58498 a
 -0.00318145 -0.027158394 0.43118057 58502 r
 0.02647342 0.0060419133 0.0016644757 58695 g
 0.42556936 -0.18076223 9.639654 58698 a
 -0.0018107025 -0.02397646 0.43175963 58702 r
 0.020614464 0.033206157 0.008056062 58897 g
 0.38307226 -0.19093758 9.718064 58901 a
 -7.4916426E-4 -0.023216058 0.432067 58905 r
 -0.009212939 -0.013132846 -0.0036618465 59098 g
 0.41479546 -0.18555063 9.704298 59101 a
 8.180644E-5 -0.021330532 0.43226418 59106 r
 -0.020131899 0.0017808558 -0.0041944785 59298 g
 0.427365 -0.31603462 9.764751 59302 a
 -7.887129E-4 -0.02343323 0.4312977 59306 r
 0.008630239 -0.024318123 -0.0055260593 59496 g
 0.41120413 -0.19991584 9.587581 59499 a
 -0.0014119223 -0.024682667 0.4288821 59503 r
 0.0049018143 0.014830345 -1.9973709E-4 59697 g
 0.41718966 -0.24241292 9.727641 59700 a
 -9.3720667E-4 -0.025403362 0.42735294 59704 r
 -0.016137158 -0.0038117825 8.6552737E-4 59893 g
 0.427365 -0.3286042 9.674969 59897 a
 -0.0019900864 -0.026678927 0.4264935 59900 r
 0.009162872 0.027613519 -0.004993427 60194 g
 -0.030518228 0.15304841 0.20406471 25 g
 0.480636 -0.374094 9.712079 26 a
 -0.006892224 -0.019387271 0.408703 32 r
 -0.09576567 -0.053346578 -0.025499767 40 g
 0.57400984 -0.42078096 9.395446 47 a
 -0.005581487 -0.024384573 0.4057748 48 r
 -0.22865741 0.007373494 0.027497139 241 g
 0.4854244 -0.15143326 10.061034 245 a
 -0.0058428124 -0.032856397 0.40903857 249 r
 -0.047562458 0.11709573 -0.002330266 440 g
 0.30226797 -0.3728969 10.148422 444 a
 -0.01002566 -0.029862761 0.41009906 447 r
 -0.052089833 -0.070390806 -0.0020639498 636 g
 0.39743748 -0.4830302 9.497798 640 a
 -0.012033672 -0.028727073 0.41145715 643 r
 0.0054344465 -0.05734132 -0.00818922 837 g
 0.5057751 -0.37469256 9.777321 840 a
 -0.012970867 -0.031230364 0.4122766 844 r
 -0.027588751 0.02947773 -0.0012650015 1037 g
 0.4321534 -0.39743748 9.677363 1041 a
 -0.012820423 -0.03376293 0.4130228 1045 r
 0.006499711 -0.030177077 -0.005792375 1236 g
 0.46986207 -0.44651863 9.56723 1240 a
 -0.012453648 -0.03242279 0.41206053 1244 r
 -0.009479255 0.010302971 -0.009520801 1436 g
 0.50397944 -0.4285621 9.794081 1439 a
 -0.01334747 -0.03267412 0.411477 1444 r
 0.014222878 0.0063082296 -0.0041944785 1638 g
 0.53450555 -0.48362875 9.674371 1641 a
 -0.014362666 -0.033308126 0.40933213 1645 r
 -4.245079E-4 -0.03124234 0.005392901 1837 g
 0.52612585 -0.43634325 9.67018 1840 a
 -0.013356222 -0.034539893 0.40769836 1844 r
 0.0038365498 -0.013665479 0.005392901 2038 g
 0.59974754 -0.45250413 9.653421 2041 a
 -0.011411938 -0.036375575 0.4068103 2045 r
 0.07014926 0.018825086 -0.0033955304 2237 g
 0.40162733 -0.33638534 9.627684 2241 a
 -0.008321036 -0.031924136 0.40654615 2245 r
 -0.020398216 0.0055092815 -0.0068576396 2437 g
 0.4309563 -0.29209262 9.76535 2441 a
 -0.006830057 -0.030054413 0.40665558 2445 r
 -0.030518228 -0.0062086275 -0.0017976337 2637 g
 0.54408234 -0.42078096 9.56723 2641 a
 -0.008363782 -0.030351546 0.40603957 2646 r
 0.055501875 0.047054593 -0.008721853 2838 g
 0.50038815 -0.3764882 9.715671 2842 a
 -0.0085719265 -0.031219978 0.40489933 2846 r
 -0.022528745 0.024950357 5.9921126E-4 3038 g
 0.4417302 -0.34955344 9.791686 3042 a
 -0.008799074 -0.031552896 0.40336576 3046 r
 -0.019865584 0.023086144 0.00272974 3237 g
 0.47405192 -0.4441244 9.749189 3241 a
 -0.009885951 -0.031303898 0.40266374 3245 r
 -0.01800137 -0.043226566 -0.0012650015 3438 g
 0.41599256 -0.36152446 9.7324295 3442 a
 -0.010154976 -0.03219969 0.40303895 3446 r
 -9.571401E-4 0.026281938 0.0067244815 3638 g
 0.45609543 -0.439336 9.705495 3642 a
 -0.010496905 -0.031040762 0.4038094 3645 r
 -0.01746874 -0.030443393 -0.004993427 3838 g
 0.48123455 -0.38965634 9.694122 3842 a
 -0.011213025 -0.03125479 0.40542886 3846 r
 -0.011876101 -0.0019475697 -0.004993427 4040 g
 0.5009867 -0.4878186 9.611523 4044 a
 -0.011841386 -0.031332694 0.40698382 4048 r
 0.02700605 0.08087674 -0.0129829105 4238 g
 0.38845924 -0.44113165 9.709685 4241 a
 -0.01215676 -0.030682981 0.40867803 4245 r
 -0.008946624 0.0063082296 -0.0017976337 4438 g
 0.45010993 -0.41240123 9.786898 4442 a
 -0.012288263 -0.030941188 0.4110736 4446 r
 -0.005484514 -0.021921277 0.0019307918 4639 g
 0.52133745 -0.46267948 9.668385 4643 a
 -0.012399708 -0.03247869 0.4136025 4646 r
 6.4075657E-4 -0.017127588 0.00272974 4839 g
 0.54049104 -0.40222588 9.572019 4842 a
 -0.010713249 -0.03427565 0.41387174 4847 r
 0.011027085 -0.09435926 0.002996056 5040 g
 0.57161564 -0.45489833 9.616311 5044 a
 -0.0093726255 -0.034749903 0.4126456 5047 r
 0.01608709 0.04332617 6.657903E-5 5240 g
 0.5105635 -0.3693056 9.664195 5244 a
 -0.008009181 -0.03394524 0.41275308 5247 r
 0.024609206 -0.008339156 0.002197108 5440 g
 0.46567222 -0.29029694 9.786898 5443 a
 -0.0074349847 -0.033268906 0.41186044 5447 r
 0.08745981 0.09312728 0.008056062 5640 g
 0.480636 -0.24959552 9.603742 5644 a
 -0.005829922 -0.03070477 0.41056207 5648 r
 0.02913658 0.06409883 0.004593953 5840 g
 0.48482585 -0.3585317 9.790489 5845 a
 -0.004409205 -0.029699378 0.40935203 5849 r
 -0.037708763 -0.005409679 -0.0028628982 6041 g
 0.49081135 -0.2896984 9.661202 6045 a
 -0.005067991 -0.029141366 0.40893677 6049 r
 -0.0036203011 0.00897139 -0.0031292143 6239 g
 0.45549688 -0.30765492 9.454702 6243 a
 -0.005210205 -0.030295454 0.4080377 6247 r
 0.022478677 0.03507037 -0.005259743 6441 g
 0.42916065 -0.33758244 9.794679 6445 a
 -0.0051323697 -0.031168569 0.4078053 6448 r
 -0.01746874 -0.019790748 3.3289514E-4 6641 g
 0.44891283 -0.39504328 9.680356 6646 a
 -0.006301931 -0.03039921 0.40852085 6649 r
 -0.0065497784 -0.013132846 -0.005792375 6841 g
 0.49440265 -0.3561375 9.715072 6845 a
 -0.007524994 -0.03097498 0.40903386 6849 r
 -0.010011888 0.0015145397 -0.0039281626 7042 g
 0.54767364 -0.46387658 9.645041 7047 a
 -0.007993628 -0.03130997 0.40907082 7050 r
 0.024076574 0.07501779 -0.008988169 7241 g
 0.47225627 -0.42556936 9.646238 7245 a
 -0.008564496 -0.031136412 0.40936968 7249 r
 -0.010011888 0.013765081 -0.0041944785 7441 g
 0.41120413 -0.38307226 9.743204 7446 a
 -0.009254897 -0.031006169 0.40915897 7449 r
 -0.021729797 -0.0070075756 0.002996056 7643 g
 0.51355624 -0.45190558 9.652225 7647 a
 -0.010721183 -0.030997712 0.41094467 7650 r
 0.016353406 -0.026448652 0.0024634239 7842 g
 0.44592008 -0.40462008 9.782708 7846 a
 -0.009624363 -0.03275097 0.4130518 7849 r
 -0.020664532 -0.033106554 3.3289514E-4 8044 g
 0.47524905 -0.39145198 9.718064 8047 a
 -0.008952378 -0.03202331 0.41624287 8051 r
 0.001706021 -0.0189918 0.0016644757 8243 g
 0.49440265 -0.3633201 9.734225 8246 a
 -0.0077002645 -0.032973073 0.41938952 8250 r
 0.012624982 -0.010203369 0.0019307918 8442 g
 0.47644615 -0.36750996 9.674969 8447 a
 -0.0076180287 -0.032234617 0.41892192 8450 r
 1.0812434E-4 -0.0022138858 5.9921126E-4 8644 g
 0.55605334 -0.3298013 9.560646 8647 a
 -0.005992003 -0.03149236 0.418299 8651 r
 0.007831291 -0.061868694 -1.9973709E-4 8844 g
 0.51235914 -0.34476504 9.610326 8847 a
 -0.005416109 -0.031664833 0.41735598 8851 r
 0.03046816 0.03427142 -0.012183961 9045 g
 0.45609543 -0.23403321 9.680955 9048 a
 -0.0040587885 -0.02789757 0.41593948 9052 r
 0.022744993 -0.002480202 -0.0028628982 9245 g
 0.42078096 -0.23882163 9.515156 9249 a
 -0.0036659436 -0.027479582 0.41492847 9254 r
 0.020081833 0.012966133 -0.005792375 9445 g
 0.4309563 -0.23163901 9.716867 9448 a
 -0.0032527447 -0.027734078 0.41400823 9452 r
 -0.0046855654 -0.028845496 -0.0012650015 9645 g
 0.39743748 -0.27114335 9.689334 9648 a
 -0.0030690413 -0.027057465 0.41228357 9653 r
 0.004102866 -0.0064749434 -0.005792375 9844 g
 0.40521863 -0.260968 9.697714 9849 a
 -0.0030795084 -0.024689168 0.41121206 9854 r
 0.004635498 -0.0022138858 -0.0041944785 10045 g
 0.46627077 -0.31663316 9.662399 10052 a
 -0.003171171 -0.024499431 0.4105797 10056 r
 0.031000793 0.055310395 -0.011118697 10252 g
 0.39923313 -0.23882163 9.722853 10256 a
 -0.003209102 -0.024221174 0.4096006 10263 r
 0.0054344465 -0.0070075756 -0.0020639498 10448 g
 0.4261679 -0.23642741 9.739014 10451 a
 -0.002766925 -0.024946045 0.41007593 10455 r
 -0.014805578 0.011368236 0.002197108 10646 g
 0.5494693 -0.3238158 9.622296 10650 a
 -0.0035653543 -0.02744317 0.4101257 10654 r
 -0.015870841 -0.0014149374 0.009920275 10845 g
 0.5590461 -0.31423897 9.607931 10849 a
 -0.0029038917 -0.032041736 0.41053817 10853 r
 0.015021826 -0.05654237 0.011518172 11046 g
 0.56084174 -0.374094 9.651626 11050 a
 -0.004262495 -0.032501705 0.4114503 11054 r
 0.02434289 0.037999846 0.0016644757 11246 g
 0.51595044 -0.30585927 9.682152 11249 a
 -0.00443336 -0.032093346 0.4129444 11259 r
 0.023810258 -0.0048770467 0.0072571137 11445 g
 0.44831428 -0.31004912 9.762358 11449 a
 -0.004540407 -0.03153444 0.4138023 11454 r
 0.025141839 0.040663008 0.0013981595 11646 g
 0.4213795 -0.22744916 9.700109 11650 a
 -0.0038857982 -0.029018626 0.41430894 11654 r
 0.0011733888 0.00897139 -0.0017976337 11847 g
 0.40462008 -0.22924481 9.657611 11850 a
 -0.0026249094 -0.025612988 0.41441986 11855 r
 0.004369182 0.030809311 -9.986854E-4 12047 g
 0.5057751 -0.219668 9.825205 12051 a
 -0.0027674614 -0.025690768 0.41380337 12055 r
 -0.04143719 -0.071456075 0.0032623722 12246 g
 0.39564183 -0.20949265 9.677961 12250 a
 -0.002224057 -0.026267461 0.41340497 12257 r
 0.0059670787 0.044125117 0.0016644757 12447 g
 0.46806642 -0.29747957 9.739014 12451 a
 -0.001924227 -0.02651224 0.41260734 12455 r
 -0.053954046 -0.011801266 0.0013981595 12647 g
 0.5231331 -0.2681506 9.722853 12650 a
 -0.0025452692 -0.027460378 0.4118444 12655 r
 1.0812434E-4 -0.016062323 -0.005792375 12847 g
 0.5506664 -0.37588966 9.833585 12851 a
 -0.0029668193 -0.029759519 0.41259387 12855 r
 0.015820775 -0.005143363 -0.007123956 13049 g
 0.504578 -0.2813187 9.628283 13052 a
 -0.0035645692 -0.030254286 0.4125717 13056 r
 -0.0020224045 -0.005143363 -7.323693E-4 13247 g
 0.46507367 -0.32022446 9.673772 13251 a
 -0.0034468556 -0.030948121 0.41219786 13256 r
 -0.014805578 0.015629293 5.9921126E-4 13447 g
 0.54288524 -0.39085343 9.703699 13451 a
 -0.0052777454 -0.032352462 0.41281572 13455 r
 -0.0049518817 -0.011002317 -0.0017976337 13648 g
 0.57161564 -0.30047232 9.564238 13652 a
 -0.0057206303 -0.03300859 0.41270092 13656 r
 -0.0073487265 0.040663008 8.6552737E-4 13847 g
 0.5363012 -0.3585317 9.674371 13851 a
 -0.00536659 -0.033409044 0.41199479 13855 r
 9.070727E-4 -0.03523708 -9.986854E-4 14048 g
 0.49081135 -0.37229836 9.773131 14052 a
 -0.005321713 -0.033262283 0.41162243 14057 r
 -0.0065497784 -0.020589698 0.0019307918 14248 g
 0.5805939 -0.3728969 9.661202 14252 a
 -0.00606801 -0.03277178 0.4112636 14257 r
 -0.0065497784 -8.8230526E-4 0.0035286883 14448 g
 0.5410896 -0.3405752 9.65821 14451 a
 -0.0057405997 -0.034392335 0.41006973 14456 r
 0.0075649754 0.003911385 0.0011318434 14648 g
 0.56802434 -0.3513491 9.548675 14652 a
 -0.0053240396 -0.034522742 0.41007647 14657 r
 0.019282885 -0.024584439 0.002197108 14849 g
 0.59256494 -0.39384618 9.628283 14852 a
 -0.0050672954 -0.034192167 0.41057387 14857 r
 0.028603949 0.042260904 5.9921126E-4 15049 g
 0.54408234 -0.34835634 9.640852 15062 a
 -0.0049757482 -0.033565126 0.41087833 15066 r
 0.01821762 0.012167184 -0.0039281626 15248 g
 0.54408234 -0.38845924 9.663596 15252 a
 -0.0054051233 -0.033307195 0.4098285 15258 r
 0.025141839 -0.0056759953 -0.004460795 15446 g
 0.5506664 -0.3573346 9.634866 15447 a
 -0.005046403 -0.033957273 0.40938583 15448 r
 -0.012408732 -0.05947185 8.6552737E-4 15649 g
 0.50996494 -0.36152446 9.692925 15655 a
 -0.0053379955 -0.03328862 0.40927413 15658 r
 -0.020398216 -0.0043444145 -0.004993427 15849 g
 0.5255273 -0.34356794 9.727043 15854 a
 -0.0047550136 -0.032497987 0.40867415 15858 r
 0.0011733888 -0.017926537 -0.004993427 16051 g
 0.5201403 -0.32800564 9.6923275 16056 a
 -0.0051529706 -0.03242007 0.40838382 16059 r
 -0.0068160943 -0.028046548 -0.0031292143 16250 g
 0.6266823 -0.41359833 9.768942 16254 a
 -0.004800692 -0.033475667 0.40816316 16258 r
 0.018483935 0.027879834 -0.0129829105 16450 g
 0.54527944 -0.35075054 9.69951 16454 a
 -0.0051203044 -0.032805957 0.40798852 16458 r
 0.008363924 -8.8230526E-4 3.3289514E-4 16651 g
 0.47345337 -0.29747957 9.671378 16656 a
 -0.0048373146 -0.032773525 0.40789387 16660 r
 -0.011609784 0.007906126 0.0016644757 16852 g
 0.5105635 -0.42078096 9.6845455 16857 a
 -0.00548637 -0.032286443 0.40915325 16860 r
 -0.01880032 0.03507037 -0.0039281626 17051 g
 0.46686932 -0.3345897 9.744401 17056 a
 -0.006617776 -0.032010324 0.41115388 17060 r
 -0.0068160943 0.03293984 -0.0031292143 17251 g
 0.46806642 -0.36152446 9.700109 17256 a
 -0.0076430757 -0.03096725 0.41228494 17260 r
 -0.0044192495 -0.011801266 -0.002330266 17451 g
 0.41359833 -0.3609259 9.69532 17455 a
 -0.007299859 -0.030229714 0.4137242 17459 r
 9.070727E-4 0.0028461202 -0.0033955304 17651 g
 0.47764325 -0.40701428 9.692925 17656 a
 -0.0077363243 -0.02991978 0.41470793 17660 r
 -0.003353985 0.0033787524 -4.660532E-4 17852 g
 0.4985925 -0.33039984 9.569624 17857 a
 -0.007395859 -0.03034703 0.4158779 17860 r
 -0.009212939 0.014031397 -7.323693E-4 18052 g
 0.45968673 -0.41000703 9.686341 18057 a
 -0.006817324 -0.031238925 0.4172664 18061 r
 -0.0049518817 -0.039764456 0.009121327 18251 g
 0.50517654 -0.46567222 9.725846 18256 a
 -0.0081514185 -0.032192945 0.41777566 18260 r
 -0.018267687 -0.027513916 0.0035286883 18452 g
 0.55725044 -0.39683893 9.624691 18457 a
 -0.008153574 -0.033921406 0.41793934 18461 r
 0.011027085 0.006840862 0.0019307918 18652 g
 0.52971715 -0.36152446 9.553463 18657 a
 -0.0074407207 -0.035018064 0.41832194 18660 r
 0.03126711 0.0438588 3.3289514E-4 18852 g
 0.50637364 -0.39324763 9.738416 18857 a
 -0.0068595624 -0.034262232 0.41944435 18860 r
 -0.007881359 -0.027513916 0.0019307918 19054 g
 0.5279215 -0.40043023 9.762358 19058 a
 -0.0065881554 -0.033241108 0.42168704 19063 r
 -0.019066636 -0.02245391 -0.0015313176 19252 g
 0.52492875 -0.3693056 9.624092 19257 a
 -0.006504991 -0.033085793 0.42375174 19261 r
 0.0022386531 0.023086144 0.0016644757 19454 g
 0.504578 -0.26874915 9.723452 19457 a
 -0.005840405 -0.032159813 0.42523286 19461 r
 -0.024126641 -0.028579181 -7.323693E-4 19655 g
 0.47345337 -0.3357868 9.688137 19658 a
 -0.00480166 -0.031450853 0.42595413 19662 r
 0.020348148 -0.002746518 -0.0017976337 19854 g
 0.50158525 -0.29688102 9.655815 19857 a
 -0.0041944394 -0.031202827 0.42564878 19861 r
 0.016619723 0.019890351 -9.986854E-4 20055 g
 0.52373165 -0.3196259 9.682152 20069 a
 -0.0037019625 -0.03109496 0.42530683 20074 r
 0.011559717 0.030809311 -9.986854E-4 20254 g
 0.51235914 -0.2825158 9.797672 20258 a
 -0.002686306 -0.029672466 0.42539623 20261 r
 -0.0014897723 0.0028461202 -0.0041944785 20451 g
 0.46148238 -0.2908955 9.656414 20452 a
 -0.0027439026 -0.028819565 0.42526522 20457 r
 0.008630239 -0.007806524 -0.0020639498 20655 g
 0.45549688 -0.27952304 9.642648 20659 a
 -0.002532485 -0.02882025 0.424791 20662 r
 0.007831291 0.014031397 -0.0017976337 20855 g
 0.47285482 -0.31124622 9.77373 20859 a
 -0.0037204195 -0.029068343 0.42449805 20863 r
 -0.013207681 -0.027780233 -0.0015313176 21056 g
 0.492607 -0.3824737 9.701305 21059 a
 -0.0045904834 -0.028312795 0.4232348 21063 r
 0.0152881425 0.079811476 -0.0033955304 21255 g
 0.42437226 -0.33638534 9.660006 21259 a
 -0.0061289417 -0.02713136 0.42250106 21262 r
 0.009162872 0.012699816 -0.0017976337 21455 g
 0.36750996 -0.3286042 9.654019 21459 a
 -0.0066362508 -0.026903685 0.42287585 21463 r
 -0.010011888 0.007373494 -0.0036618465 21655 g
 0.40342298 -0.3633201 9.7007065 21659 a
 -0.007572218 -0.026490368 0.42208633 21663 r
 9.070727E-4 0.002579804 -4.660532E-4 21855 g
 0.4405331 -0.2861071 9.779117 21859 a
 -0.0076562837 -0.026759744 0.42183515 21862 r
 -0.030251913 0.01855877 5.9921126E-4 22057 g
 0.43155485 -0.35673606 9.643246 22060 a
 -0.007844416 -0.02758699 0.4207122 22064 r
 -0.014805578 -0.037900243 5.9921126E-4 22255 g
 0.45549688 -0.41060558 9.679159 22259 a
 -0.0073322784 -0.028970987 0.41972998 22263 r
 -0.009212939 -0.024584439 -4.660532E-4 22455 g
 0.5153519 -0.3800795 9.630077 22459 a
 -0.007238527 -0.031124014 0.42008337 22463 r
 0.0152881425 0.0065745455 0.0067244815 22657 g
 0.47884035 -0.4309563 9.632472 22660 a
 -0.0070192683 -0.031912975 0.42088148 22664 r
 0.020348148 -0.010469685 -0.0020639498 22863 g
 0.4914099 -0.320823 9.76116 22867 a
 -0.006383662 -0.033303045 0.42181548 22893 r
 0.0035702337 0.044125117 0.0059255334 23057 g
 0.48841715 -0.35793316 9.753379 23061 a
 -0.0052854475 -0.03170366 0.42238632 23064 r
 -0.020664532 0.0033787524 0.0019307918 23257 g
 0.51834464 -0.2885013 9.6049385 23261 a
 -0.004897685 -0.029801719 0.42287168 23264 r
 0.008896556 -0.00807284 -0.004460795 23456 g
 0.4985925 -0.30765492 9.505579 23460 a
 -0.0040361546 -0.03009206 0.42288622 23465 r
 0.029669212 0.027347201 -0.0020639498 23657 g
 0.49679685 -0.2777274 9.779716 23661 a
 -0.0028627468 -0.031498097 0.42289063 23665 r
 -0.029452963 -0.024051806 -0.0017976337 23857 g
 0.47285482 -0.3465607 9.710882 23861 a
 -0.002396685 -0.031298734 0.4237152 23865 r
 -0.023061376 -0.010469685 -0.004460795 24058 g
 0.55485624 -0.29987377 9.654019 24062 a
 -0.0034091976 -0.030561186 0.42483428 24065 r
 -0.003353985 0.008438759 -1.9973709E-4 24257 g
 0.46208093 -0.31004912 9.731233 24261 a
 -0.0036702715 -0.03106121 0.42546287 24265 r
 -0.0070824106 0.023885092 -0.0047271107 24459 g
 0.50397944 -0.33399114 9.64145 24463 a
 -0.0043488257 -0.031060826 0.42577145 24466 r
 0.006499711 0.0036450685 8.6552737E-4 24658 g
 0.45310268 -0.35913026 9.650429 24662 a
 -0.004899488 -0.030473426 0.42599395 24666 r
 -0.008680307 0.014564029 -0.0039281626 24858 g
 0.48243165 -0.350152 9.717466 24861 a
 -0.0061093587 -0.029874712 0.4261801 24865 r
 -1.5819176E-4 0.0036450685 0.0019307918 25059 g
 0.49440265 -0.40462008 9.661202 25071 a
 -0.0066893864 -0.029647332 0.42680487 25079 r
 0.018750252 0.051848285 -0.00818922 25258 g
 0.45789108 -0.35553896 9.61691 25262 a
 -0.006760069 -0.029164694 0.42708722 25265 r
 -0.011077153 0.025749305 -7.323693E-4 25459 g
 0.45370123 -0.3657143 9.677961 25463 a
 -0.007111232 -0.029486034 0.4252008 25467 r
 -0.013473997 0.0041777007 0.002197108 25659 g
 0.4973954 -0.40342298 9.680356 25663 a
 -0.0076313643 -0.031006075 0.42418525 25667 r
 0.019282885 -0.03417182 0.005392901 25858 g
 0.55246204 -0.38067806 9.738416 25862 a
 -0.0070404904 -0.032461107 0.42256823 25867 r
 0.0014397049 0.029211415 0.0016644757 26064 g
 0.46267948 -0.3513491 9.5809965 26068 a
 -0.0062246425 -0.031120393 0.422161 26072 r
 0.00996182 0.021221932 0.006990798 26260 g
 0.39205053 -0.29987377 9.747394 26263 a
 -0.0045943176 -0.030996338 0.42257044 26267 r
 0.0027712854 0.015096661 0.0051265853 26459 g
 0.48961425 -0.26515785 9.826403 26463 a
 -0.00495949 -0.029258773 0.42261562 26467 r
 -0.033714022 -0.012333898 0.002996056 26660 g
 0.45190558 -0.24600422 9.607333 26664 a
 -0.003908839 -0.028631907 0.42241934 26667 r
 0.03313132 0.075550415 0.007789746 26860 g
 0.39025488 -0.25019407 9.64564 26864 a
 -0.0032312768 -0.027555965 0.42233816 26868 r
 0.1353967 0.14346102 0.0059255334 27062 g
 0.3357868 -0.1604115 9.691729 27066 a
 -0.0021183193 -0.022693757 0.42261586 27070 r
 0.030201845 0.021488247 -1.9973709E-4 27260 g
 0.24301147 -0.05267244 9.615712 27264 a
 -0.0015431885 -0.019871742 0.42274383 27268 r
 0.007831291 -0.046954993 -0.0028628982 27461 g
 0.3393781 -0.15382746 9.771336 27465 a
 -1.4933478E-4 -0.016552188 0.42277274 27468 r
 -0.0049518817 -0.009937053 -0.005792375 27661 g
 0.31304187 -0.12629414 9.689933 27665 a
 4.3966528E-4 -0.018208746 0.42152748 27668 r
 0.019282885 0.0134987645 -0.0039281626 27861 g
 0.3441665 -0.18914193 9.675568 27864 a
 1.7309375E-4 -0.019309394 0.42083713 27868 r
 0.0152881425 -0.0035454663 0.0011318434 28062 g
 0.32561144 -0.19812019 9.689933 28066 a
 3.6502816E-4 -0.019632958 0.42121658 28071 r
 -0.033447705 -0.058406584 -0.0041944785 28261 g
 0.37588966 -0.16938977 9.6528225 28265 a
 -4.1164085E-4 -0.020773087 0.42156217 28268 r
 -0.03451297 -0.009404421 0.00272974 28461 g
 0.39145198 -0.20350714 9.730036 28466 a
 -4.7711842E-4 -0.022614151 0.42111585 28470 r
 -0.021996113 -0.019258117 3.3289514E-4 28662 g
 0.39145198 -0.24301147 9.832987 28666 a
 -0.0019361572 -0.023712479 0.42065087 28670 r
 -0.027322434 -0.02591602 0.0035286883 28861 g
 0.4165911 -0.26276365 9.679159 28865 a
 -0.0031903954 -0.024892457 0.42022625 28869 r
 0.009162872 0.045723014 -0.0015313176 29063 g
 0.47465047 -0.3453636 9.762956 29066 a
 -0.0034514768 -0.025398638 0.42057088 29070 r
 -0.018267687 0.03933143 -0.0028628982 29263 g
 0.44951138 -0.29448682 9.7719345 29266 a
 -0.0046238974 -0.025681593 0.4213805 29270 r
 0.001706021 -0.030976025 6.657903E-5 29462 g
 0.47285482 -0.3417723 9.7563715 29466 a
 -0.0052541066 -0.026564278 0.42181727 29470 r
 0.015021826 -0.002746518 -0.0047271107 29663 g
 0.4866215 -0.32321724 9.647436 29667 a
 -0.0048208926 -0.027911946 0.4214768 29671 r
 0.010494453 -0.01153495 -7.323693E-4 29863 g
 0.45968673 -0.2837129 9.665991 29867 a
 -0.0040020254 -0.029122297 0.42135438 29871 r
 0.0027712854 0.020156667 0.0061918497 30064 g
 0.47046062 -0.24181437 9.743204 30075 a
 -0.00433313 -0.029339641 0.42157415 30079 r
 -0.0283877 -0.02245391 0.0096539585 30263 g
 0.4237737 -0.20470424 9.660006 30267 a
 -0.0035291174 -0.028404132 0.42140326 30271 r
 0.040321857 0.06436514 0.004593953 30464 g
 0.47345337 -0.31304187 9.703101 30467 a
 -0.0020821597 -0.026433729 0.42118827 30471 r
 -0.012408732 0.014830345 -0.002596582 30664 g
 0.44472298 -0.27114335 9.698313 30667 a
 -0.0022992948 -0.026318364 0.42106566 30672 r
 0.011027085 -0.023519175 -0.0039281626 30863 g
 0.48482585 -0.30047232 9.812635 30867 a
 -0.0027947854 -0.028022032 0.42058697 30871 r
 -0.030518228 -0.03070971 -0.0068576396 31065 g
 0.45848963 -0.29688102 9.630676 31069 a
 -0.0030327477 -0.028268322 0.41969058 31074 r
 -0.0102782035 0.0015145397 0.002996056 31264 g
 0.45729253 -0.27353755 9.768343 31268 a
 -0.0030741245 -0.028818589 0.4191399 31271 r
 -0.019865584 -0.016594956 -9.986854E-4 31464 g
 0.43514615 -0.28550854 9.586982 31468 a
 -0.004264839 -0.028911643 0.41859785 31472 r
 -0.009212939 0.044125117 -0.002596582 31669 g
 0.4854244 -0.34117374 9.646238 31674 a
 -0.0046527646 -0.02907202 0.41850486 31677 r
 -0.00575083 -0.01845917 5.9921126E-4 31870 g
 0.44891283 -0.37588966 9.681553 31874 a
 -0.0048015798 -0.029337335 0.41907987 31878 r
 -0.0046855654 -0.0048770467 8.6552737E-4 32071 g
 0.46926352 -0.3800795 9.688137 32074 a
 -0.0057797153 -0.029612277 0.41868255 32078 r
 -0.009479255 -0.0070075756 5.9921126E-4 32270 g
 0.52852005 -0.35553896 9.537901 32274 a
 -0.0064246487 -0.030124243 0.41880634 32278 r
 -0.012408732 0.027613519 -0.0033955304 32470 g
 0.44232875 -0.37588966 9.715671 32474 a
 -0.006421065 -0.030978922 0.4185473 32477 r
 -0.0041529336 -0.046954993 6.657903E-5 32670 g
 0.44352585 -0.3878607 9.668983 32674 a
 -0.006945694 -0.030126762 0.41871384 32678 r
 -0.0044192495 -0.010469685 3.3289514E-4 32870 g
 0.49679685 -0.41180268 9.622296 32874 a
 -0.0075335857 -0.030648585 0.419247 32878 r
 0.014222878 -0.0043444145 0.0043276367 33071 g
 0.49679685 -0.41479546 9.5253315 33075 a
 -0.007153513 -0.03224264 0.4191645 33078 r
 0.028870264 0.020422984 -0.0015313176 33270 g
 0.50517654 -0.37708676 9.799467 33274 a
 -0.0061968025 -0.03331863 0.41936514 33278 r
 -0.014539261 -0.027780233 0.004860269 33471 g
 0.4938041 -0.41180268 9.774927 33474 a
 -0.0061637918 -0.03256765 0.4200348 33478 r
 -0.010810836 -0.022986542 -1.9973709E-4 33670 g
 0.50637364 -0.3286042 9.633669 33674 a
 -0.006015282 -0.031776667 0.4193751 33678 r
 0.0062333946 0.011368236 0.0011318434 33868 g
 0.4842273 -0.31783026 9.710882 33872 a
 -0.0053144163 -0.03069365 0.4179786 33875 r
 -0.036643498 -0.026981283 -0.0031292143 34071 g
 0.44891283 -0.32202014 9.694122 34075 a
 -0.0047747456 -0.03050822 0.41716215 34079 r
 0.006766027 -0.019258117 -0.0017976337 34271 g
 0.45908818 -0.3286042 9.645041 34275 a
 -0.0042079194 -0.030750409 0.41682562 34278 r
 0.0059670787 0.010036655 -0.0036618465 34471 g
 0.5446809 -0.39444473 9.68694 34474 a
 -0.0050505428 -0.030318104 0.41542783 34478 r
 0.0038365498 -0.008339156 0.0013981595 34672 g
 0.4237737 -0.3728969 9.692925 34676 a
 -0.00522275 -0.030884024 0.41479447 34679 r
 -0.023327693 -0.066662386 -0.004460795 34871 g
 0.48362875 -0.3453636 9.6845455 34875 a
 -0.005903747 -0.030778088 0.41549942 34879 r
 -0.01880032 -0.017393904 -4.660532E-4 35071 g
 0.5033809 -0.3716998 9.707291 35082 a
 -0.006084349 -0.030990478 0.41584525 35088 r
 -0.008680307 -0.011002317 -0.0020639498 35269 g
 0.49799395 -0.4213795 9.564836 35273 a
 -0.007523218 -0.031332515 0.41594264 35277 r
 0.004102866 0.034005105 -0.0033955304 35469 g
 0.480636 -0.39384618 9.722255 35473 a
 -0.007486106 -0.032076374 0.41584894 35477 r
 -0.006017146 -0.04562341 -1.9973709E-4 35670 g
 0.47465047 -0.4369418 9.663596 35674 a
 -0.007947072 -0.03126002 0.4164628 35678 r
 -0.007881359 -0.011268633 0.0035286883 35871 g
 0.53929394 -0.4321534 9.697116 35874 a
 -0.008432753 -0.032363415 0.41725603 35878 r
 -4.245079E-4 -0.010736002 0.0024634239 36070 g
 0.61650693 -0.4985925 9.680356 36075 a
 -0.008641621 -0.032896847 0.41777453 36079 r
 0.004635498 0.039597742 -0.0041944785 36270 g
 0.51235914 -0.46327803 9.692925 36274 a
 -0.008830175 -0.03410723 0.41806915 36278 r
 -0.0017560885 0.0206893 0.004593953 36471 g
 0.55365914 -0.4794389 9.734225 36475 a
 -0.009728081 -0.035123385 0.41824517 36478 r
 -0.033447705 -8.8230526E-4 0.012849752 36669 g
 0.58897364 -0.5398925 9.727043 36673 a
 -0.012472896 -0.03754867 0.41894594 36677 r
 -0.033447705 -0.020589698 0.0024634239 36870 g
 0.5967548 -0.5201403 9.589376 36874 a
 -0.012565535 -0.038881466 0.41930524 36878 r
 0.028337631 -0.013132846 0.0019307918 37071 g
 0.6727707 -0.52373165 9.621698 37075 a
 -0.01177497 -0.03905458 0.41952577 37078 r
 0.045115545 0.03986406 -0.002596582 37270 g
 0.57760113 -0.45968673 9.632472 37274 a
 -0.0097288545 -0.03831175 0.4200237 37278 r
 0.046447128 0.0015145397 -0.002330266 37470 g
 0.5398925 -0.3549404 9.467871 37474 a
 -0.00884378 -0.036702752 0.4198285 37478 r
 0.050708186 0.04678828 5.9921126E-4 37674 g
 0.55246204 -0.36750996 9.744401 37678 a
 -0.0069996538 -0.035061136 0.41869083 37682 r
 -0.0046855654 -0.04509078 -0.002596582 37870 g
 0.56323594 -0.39145198 9.668385 37874 a
 -0.00595749 -0.03516987 0.41691998 37878 r
 -0.0012234562 -0.011268633 -0.0017976337 38071 g
 0.58897364 -0.4201824 9.614515 38075 a
 -0.005562735 -0.03560835 0.41607973 38079 r
 0.00516813 0.011101919 -0.002330266 38271 g
 0.5781997 -0.39324763 9.619304 38274 a
 -0.005188198 -0.0351246 0.41437808 38278 r
 -0.023594009 -0.07278766 -4.660532E-4 38470 g
 0.55964464 -0.40043023 9.7084875 38474 a
 -0.005744138 -0.03593996 0.41372314 38478 r
 0.010760768 -0.017127588 -0.0041944785 38671 g
 0.5231331 -0.35434186 9.479841 38674 a
 -0.0057588136 -0.035822585 0.4140955 38678 r
 0.0030376015 0.011368236 -0.0017976337 38871 g
 0.54049104 -0.38965634 9.73662 38874 a
 -0.00612621 -0.03532373 0.41395417 38878 r
 -0.0073487265 0.0060419133 -0.0020639498 39072 g
 0.59855044 -0.3824737 9.640852 39075 a
 -0.0069485595 -0.035273477 0.41415343 39079 r
 0.0027712854 0.013232448 6.657903E-5 39275 g
 0.58298814 -0.3890578 9.565434 39279 a
 -0.0062806 -0.035841487 0.4145073 39283 r
 0.012624982 0.0124335 0.0035286883 39471 g
 0.6619968 -0.47405192 9.69532 39475 a
 -0.0063473536 -0.036199033 0.41514006 39479 r
 0.021413414 0.008705075 5.9921126E-4 39673 g
 0.6721721 -0.42437226 9.675568 39677 a
 -0.006603861 -0.037339978 0.41584352 39680 r
 0.004102866 -0.03070971 -0.0065913238 39871 g
 0.6123171 -0.42556936 9.592369 39875 a
 -0.0065798173 -0.03759771 0.4154261 39879 r
 0.019282885 0.019091403 -0.0036618465 40074 g
 0.6015432 -0.39085343 9.7007065 40084 a
 -0.0064849043 -0.036830187 0.41428939 40088 r
 -0.0020224045 -0.0048770467 3.3289514E-4 40272 g
 0.5758055 -0.48602295 9.589975 40276 a
 -0.007281799 -0.036806658 0.41445914 40280 r
 0.0427187 0.009237707 -0.007390272 40472 g
 0.60573304 -0.4381389 9.63726 40476 a
 -0.00797264 -0.036385268 0.41466615 40480 r
 0.004635498 0.010569287 3.3289514E-4 40673 g
 0.57400984 -0.3728969 9.583989 40677 a
 -0.0076909345 -0.03656079 0.41513196 40681 r
 0.02647342 0.0438588 0.00752343 40873 g
 0.57760113 -0.40043023 9.791088 40877 a
 -0.0075811 -0.036744565 0.4159949 40880 r
 -0.024659274 -0.016861271 0.007789746 41074 g
 0.53689975 -0.32142156 9.71986 41078 a
 -0.006778815 -0.036353342 0.41672882 41081 r
 0.020348148 0.06409883 0.0072571137 41274 g
 0.5327099 -0.38367084 9.739613 41278 a
 -0.00547536 -0.034605652 0.41751042 41281 r
 -0.0028213528 0.022553513 0.0013981595 41474 g
 0.5057751 -0.30526072 9.673173 41477 a
 -0.004628945 -0.03177485 0.41769245 41481 r
 0.013690245 -0.01153495 -0.0036618465 41674 g
 0.4758476 -0.30945057 9.794081 41677 a
 -0.0036535962 -0.030290313 0.41758838 41681 r
 -0.020131899 -0.07438555 -0.0041944785 41880 g
 0.4782418 -0.31064767 9.697714 41893 a
 -0.0036535962 -0.030290313 0.41758838 41896 r
 -0.005484514 0.015895609 0.0019307918 42079 g
 0.40641573 -0.22445641 9.710283 42086 a
 -0.0029840767 -0.029682763 0.4183292 42096 r
 0.016619723 4.4927528E-4 0.002197108 42278 g
 0.36152446 -0.21308395 9.692925 42282 a
 -0.002909135 -0.025621943 0.41819182 42295 r
 -0.02971928 -0.03337287 -0.0031292143 42481 g
 0.44113165 -0.19512744 9.640852 42494 a
 -0.0020706216 -0.023620434 0.4161308 42498 r
 0.02354394 0.007373494 -0.0036618465 42686 g
 0.40880993 -0.19512744 9.702502 42696 a
 -0.001059386 -0.025208514 0.41338465 42700 r
 0.0025049692 0.004444017 -7.323693E-4 42879 g
 0.45789108 -0.2184709 9.607931 42893 a
 -0.0014797552 -0.026085723 0.41075036 42897 r
 -0.024659274 -0.028845496 5.9921126E-4 43080 g
 0.4950012 -0.2208651 9.79827 43093 a
 -0.001893878 -0.026801825 0.4095733 43097 r
 0.020081833 0.07714831 0.0051265853 43279 g
 0.51595044 -0.3357868 9.758766 43286 a
 -0.0021472583 -0.028550286 0.40843567 43296 r
 -0.014539261 0.009504023 8.6552737E-4 43479 g
 0.4381389 -0.25318682 9.767146 43486 a
 -0.0022546388 -0.028862622 0.40704784 43496 r
 -0.036643498 -0.026448652 -0.0039281626 43695 g
 0.5482722 -0.34476504 9.5798 43698 a
 -0.0034144726 -0.030076742 0.40605888 43702 r
 0.012891297 0.009237707 -0.0039281626 43879 g
 0.50038815 -0.29149407 9.646837 43882 a
 -0.0036337404 -0.029767472 0.40538225 43895 r
 -0.010011888 0.018026138 0.0024634239 44080 g
 0.5081693 -0.28550854 9.712678 44086 a
 -0.0038390653 -0.03187999 0.40616402 44096 r
 -0.015604526 0.0057755974 -4.660532E-4 44279 g
 0.5686229 -0.38187516 9.5971575 44285 a
 -0.0046053864 -0.031650566 0.40666953 44295 r
 0.0011733888 0.032673523 0.004061321 44480 g
 0.5117606 -0.34835634 9.68275 44494 a
 -0.005294583 -0.032603048 0.4072785 44497 r
 0.012624982 -0.032573923 0.0072571137 44683 g
 0.5189432 -0.40581718 9.575011 44695 a
 -0.005150102 -0.03171148 0.4081101 44699 r
 0.0011733888 0.005242965 0.0024634239 44893 g
 0.5686229 -0.37469256 9.767146 44896 a
 -0.0056690266 -0.03218916 0.40967575 44900 r
 0.006499711 -0.018192852 0.0019307918 45082 g
 0.54168814 -0.42437226 9.72824 45100 a
 -0.0058860304 -0.032106034 0.4106358 45105 r
 0.015554459 0.02202088 -0.0031292143 45281 g
 0.47046062 -0.2765303 9.631873 45293 a
 -0.005217353 -0.03051414 0.41126505 45297 r
 0.011826033 0.014564029 0.0032623722 45480 g
 0.40043023 -0.26874915 9.782109 45481 a
 -0.003882113 -0.030107252 0.41210845 45482 r
 0.00516813 0.05131565 0.004593953 45686 g
 0.36272156 -0.29867667 9.506777 45696 a
 -0.0037227413 -0.027792968 0.41264907 45700 r
 0.036327116 0.058772504 -0.002596582 45882 g
 0.42317516 -0.26874915 9.790489 45895 a
 -0.003349171 -0.025583584 0.41247436 45899 r
 -0.009745572 -0.039231826 -0.0036618465 46095 g
 0.4381389 -0.29149407 9.689334 46099 a
 -0.0029210504 -0.026574533 0.41211328 46102 r
 -0.02625717 -0.025383387 -0.0041944785 46282 g
 0.49081135 -0.2657564 9.741408 46296 a
 -0.0033592628 -0.027742743 0.4115261 46299 r
 -0.040105607 -0.043759197 -0.0039281626 46482 g
 0.5129577 -0.25498247 9.661801 46496 a
 -0.0038247807 -0.029716369 0.41176984 46499 r
 0.001972337 0.048386175 8.6552737E-4 46695 g
 0.5470751 -0.37948096 9.639654 46699 a
 -0.0042767506 -0.030525059 0.41142324 46705 r
 -0.0022887206 0.010036655 -0.0020639498 46886 g
 0.54168814 -0.34356794 9.673173 46896 a
 -0.0047747754 -0.03082284 0.4113492 46900 r
 -0.017202422 0.0031124363 -0.0012650015 47093 g
 0.54887074 -0.44951138 9.665392 47097 a
 -0.0062934076 -0.031552963 0.4113061 47100 r
 0.025408154 0.024950357 -0.008988169 47295 g
 0.48482585 -0.39324763 9.688137 47298 a
 -0.007160656 -0.031479254 0.41159227 47302 r
 0.015554459 0.008438759 0.0016644757 47486 g
 0.48722005 -0.35314476 9.689933 47496 a
 -0.0074617136 -0.03149715 0.41291526 47500 r
 0.009695504 -0.0048770467 6.657903E-5 47694 g
 0.5374983 -0.37588966 9.720459 47698 a
 -0.00745383 -0.03215888 0.41430578 47701 r
 -0.015604526 -0.005143363 0.004061321 47895 g
 0.55126494 -0.32800564 9.594764 47899 a
 -0.006254115 -0.03252525 0.41506884 47903 r
 0.03393027 -0.0011486213 0.0067244815 48104 g
 0.5303157 -0.36631286 9.623494 48116 a
 -0.005102857 -0.0323138 0.41437665 48118 r
 0.03526185 0.057973556 0.0011318434 48293 g
 0.4357447 -0.24899697 9.715072 48297 a
 -0.004109606 -0.029878717 0.4130768 48301 r
 0.037658695 0.02681457 0.0019307918 48496 g
 0.46387658 -0.31124622 9.834782 48500 a
 -0.0038353587 -0.02727848 0.4127564 48503 r
 -0.020664532 -0.07012449 -0.004993427 48695 g
 0.46387658 -0.26276365 9.704897 48699 a
 -0.003227843 -0.025767025 0.41256168 48702 r
 0.017684987 0.045190383 -0.0039281626 48894 g
 0.43873745 -0.24361002 9.662998 48897 a
 -0.0026261862 -0.027337916 0.41175333 48901 r
 -0.0017560885 0.028412467 0.0019307918 49096 g
 0.45010993 -0.350152 9.629479 49099 a
 -0.0033210814 -0.028403785 0.41122958 49103 r
 0.025940787 0.048386175 0.0024634239 49294 g
 0.46507367 -0.3513491 9.800665 49298 a
 -0.0042349566 -0.029955134 0.41129228 49302 r
 -0.029985595 -0.044558145 0.0011318434 49493 g
 0.5434838 -0.39384618 9.655217 49496 a
 -0.005066323 -0.030646745 0.41230306 49500 r
 0.0025049692 0.026548253 6.657903E-5 49695 g
 0.53809685 -0.38965634 9.498397 49699 a
 -0.0056017935 -0.031924732 0.4128891 49703 r
 0.027804999 0.017493507 0.0011318434 49895 g
 0.45609543 -0.3537433 9.688736 49898 a
 -0.005187898 -0.032079585 0.41321227 49902 r
 0.0035702337 -0.032840237 -0.005792375 50096 g
 0.46686932 -0.31603462 9.643246 50114 a
 -0.0056763673 -0.031125411 0.4137859 50118 r
 -0.009212939 -0.005942311 -0.0039281626 50295 g
 0.46208093 -0.3357868 9.82341 50298 a
 -0.0064241104 -0.028929088 0.41523066 50302 r
 -0.012675049 -0.017926537 -0.0033955304 50494 g
 0.3597288 -0.32680854 9.635465 50498 a
 -0.0064241104 -0.028929088 0.41523066 50502 r
 0.044050284 0.07341989 -7.323693E-4 50695 g
 0.40880993 -0.30286652 9.706693 50699 a
 -0.00486207 -0.025163416 0.41583827 50703 r
 0.02167973 -0.05547711 0.0032623722 50896 g
 0.39085343 -0.2753332 9.689933 50900 a
 -0.002685655 -0.023834746 0.41655114 50904 r
 0.015554459 0.02814615 0.0019307918 51097 g
 0.3788824 -0.20949265 9.647436 51101 a
 -0.002685655 -0.023834746 0.41655114 51105 r
 0.036327116 0.020955615 0.005392901 51296 g
 0.3309984 -0.17956513 9.772532 51300 a
 -0.001012546 -0.022470336 0.417034 51303 r
 -0.016403474 -0.05387921 -0.0028628982 51497 g
 0.33758244 -0.1436521 9.750985 51500 a
 3.4071784E-4 -0.020255 0.41803387 51505 r
 -0.020930849 0.021488247 0.002197108 51698 g
 0.30346507 -0.09756372 9.751583 51702 a
 6.411038E-5 -0.018387113 0.4184576 51706 r
 0.016619723 0.009770339 5.9921126E-4 51896 g
 0.23223756 -0.16938977 9.603742 51899 a
 6.411038E-5 -0.018387113 0.4184576 51903 r
 0.03393027 0.04678828 -0.0047271107 52090 g
 0.3429694 -0.11133038 9.6767645 52093 a
 1.10805966E-4 -0.017352428 0.41873738 52097 r
 -1.5819176E-4 -0.048020255 -0.0017976337 52288 g
 0.3693056 -0.19033903 9.680356 52292 a
 9.832494E-4 -0.019285109 0.4186407 52296 r
 -0.040904555 -0.022986542 -0.0015313176 52488 g
 0.42317516 -0.20171149 9.65821 52492 a
 1.3021845E-4 -0.021583159 0.41790673 52497 r
 -0.014805578 0.021754565 -0.0015313176 52689 g
 0.44651863 -0.24540567 9.533113 52693 a
 -0.0015445966 -0.023730747 0.4168987 52697 r
 -0.008413991 -0.031508658 0.0043276367 52891 g
 0.50876784 -0.3196259 9.676167 52896 a
 -0.0024850173 -0.026026595 0.41504923 52899 r
 -0.013473997 -0.03204129 -0.0017976337 53090 g
 0.4950012 -0.31902736 9.672575 53094 a
 -0.0039077904 -0.028599463 0.41336456 53098 r
 -0.011876101 -0.002746518 -0.002330266 53292 g
 0.44771573 -0.35075054 9.711481 53296 a
 -0.0055175973 -0.030240186 0.41231486 53300 r
 -0.0041529336 -0.0056759953 5.9921126E-4 53489 g
 0.45729253 -0.2885013 9.787497 53494 a
 -0.006027883 -0.030930981 0.41126528 53499 r
 -0.019066636 -0.019790748 0.006990798 53688 g
 0.5327099 -0.39504328 9.755774 53692 a
 -0.0060265195 -0.030043408 0.41059294 53696 r
 -0.024126641 -0.0062086275 0.0024634239 53892 g
 0.50517654 -0.37349546 9.749189 53897 a
 -0.006429225 -0.030919828 0.41130373 53900 r
 -0.003353985 -0.0189918 -0.0015313176 54091 g
 0.49919105 -0.36391866 9.482236 54095 a
 -0.0064038094 -0.031407543 0.41311505 54099 r
 0.043251332 0.07927884 -0.0060586915 54290 g
 0.45070848 -0.3441665 9.734824 54294 a
 -0.0062280046 -0.029546164 0.41676524 54300 r
 0.0062333946 -0.017393904 -0.0015313176 54494 g
 0.51475334 -0.3657143 10.086772 54497 a
 -0.005692289 -0.029678911 0.4199446 54501 r
 0.037658695 -0.020057065 0.0019307918 54689 g
 0.47285482 -0.24660277 9.668983 54692 a
 -0.0046831006 -0.029490307 0.42233017 54696 r
 0.069083996 0.03933143 0.0061918497 54890 g
 0.3441665 -0.18016368 9.791686 54894 a
 -0.0018227892 -0.023867842 0.4233071 54897 r
 0.011027085 -0.018192852 0.007789746 55095 g
 0.30645782 -0.20530279 9.741408 55108 a
 -7.6320674E-4 -0.021507602 0.4240301 55112 r
 -0.013207681 -0.0189918 -0.002596582 55291 g
 0.30346507 -0.0724246 9.609129 55295 a
 -7.5658504E-4 -0.019397475 0.4234729 55299 r
 -0.02146348 -0.038432878 -0.0017976337 55491 g
 0.29987377 -0.10534488 9.778519 55496 a
 1.3357121E-4 -0.017293833 0.42302743 55499 r
 0.047246076 0.09818729 0.0011318434 55692 g
 0.45549688 -0.1604115 9.782109 55695 a
 4.0099118E-4 -0.017932374 0.42273507 55699 r
 0.006766027 0.026548253 -0.0017976337 55890 g
 0.41060558 -0.18016368 9.582193 55895 a
 9.756638E-4 -0.02069607 0.4202278 55899 r
 0.01821762 0.034005105 -0.0020639498 56086 g
 0.51595044 -0.15322891 9.577405 56087 a
 1.19833276E-4 -0.021829545 0.4187087 56089 r
 -0.020131899 -0.02591602 0.0056592175 56295 g
 0.5105635 -0.23822308 9.623494 56298 a
 1.9544922E-4 -0.025103245 0.4176233 56302 r
 0.038191326 0.06409883 3.3289514E-4 56492 g
 0.53689975 -0.2801216 9.850345 56497 a
 -5.579982E-4 -0.02511501 0.41637936 56500 r
 -0.0017560885 -0.046688676 -0.0039281626 56690 g
 0.50278234 -0.38187516 9.763555 56694 a
 -0.0021076882 -0.028426837 0.4156867 56697 r
 -0.059014052 -0.18011305 -0.0065913238 56894 g
 0.47285482 -0.29987377 9.747394 56897 a
 -0.0023004273 -0.02881562 0.41579196 56901 r
 0.019282885 -0.01286653 -0.0041944785 57097 g
 0.46686932 -0.23762453 9.727043 57100 a
 -0.0020173378 -0.027947385 0.41720363 57104 r
 -0.036909815 -0.07092344 3.3289514E-4 57288 g
 0.48123455 -0.32621 9.745598 57292 a
 -0.0027142568 -0.0291126 0.41909286 57296 r
 0.0022386531 -0.04562341 -0.007656588 57494 g
 0.40701428 -0.2837129 9.799467 57498 a
 -0.0031701038 -0.028854467 0.42098364 57501 r
 1.0812434E-4 -0.014997059 -0.0031292143 57693 g
 0.49200845 -0.31423897 9.861717 57697 a
 -0.0030503767 -0.029568236 0.42444757 57700 r
 -0.021996113 -0.0035454663 -0.0017976337 57893 g
 0.4961983 -0.37828386 9.746795 57897 a
 -0.00340644 -0.02915812 0.42728934 57901 r
 -0.030518228 -0.016062323 -9.986854E-4 58099 g
 0.39264908 -0.3333926 9.852738 58104 a
 -0.0043379376 -0.03073265 0.4289585 58108 r
 0.008896556 -0.028312864 0.006990798 58295 g
 0.45489833 -0.3345897 9.727043 58298 a
 -0.0040094135 -0.028937805 0.42999437 58302 r
 0.018483935 -0.004610731 -9.986854E-4 58495 g
 0.40102878 -0.24001873 9.628283 58498 a
 -0.00318145 -0.027158394 0.43118057 58502 r
 0.02647342 0.0060419133 0.0016644757 58695 g
 0.42556936 -0.18076223 9.639654 58698 a
 -0.0018107025 -0.02397646 0.43175963 58702 r
 0.020614464 0.033206157 0.008056062 58897 g
 0.38307226 -0.19093758 9.718064 58901 a
 -7.4916426E-4 -0.023216058 0.432067 58905 r
 -0.009212939 -0.013132846 -0.0036618465 59098 g
 0.41479546 -0.18555063 9.704298 59101 a
 8.180644E-5 -0.021330532 0.43226418 59106 r
 -0.020131899 0.0017808558 -0.0041944785 59298 g
 0.427365 -0.31603462 9.764751 59302 a
 -7.887129E-4 -0.02343323 0.4312977 59306 r
 0.008630239 -0.024318123 -0.0055260593 59496 g
 0.41120413 -0.19991584 9.587581 59499 a
 -0.0014119223 -0.024682667 0.4288821 59503 r
 0.0049018143 0.014830345 -1.9973709E-4 59697 g
 0.41718966 -0.24241292 9.727641 59700 a
 -9.3720667E-4 -0.025403362 0.42735294 59704 r
 -0.016137158 -0.0038117825 8.6552737E-4 59893 g
 0.427365 -0.3286042 9.674969 59897 a
 -0.0019900864 -0.026678927 0.4264935 59900 r
 0.009162872 0.027613519 -0.004993427 60194 g
