 6.4075657E-4 -0.014997059 0.0051265853 2 g
 -1.0145429 2.1200657 9.441534 4 a
 -0.020441443 0.12155314 0.9601355 9 r
 -0.0044192495 -0.011002317 -7.323693E-4 121 g
 -0.97144735 2.1619642 9.539697 127 a
 -0.02092674 0.12125464 0.9607323 130 r
 0.0022386531 -0.0014149374 -9.986854E-4 322 g
 -0.9648633 2.1745336 9.904214 327 a
 -0.021312343 0.12122582 0.96107894 331 r
 1.0812434E-4 -0.0011486213 -7.323693E-4 522 g
 -1.0348936 2.1392193 9.626487 527 a
 -0.022016428 0.12153594 0.9612649 531 r
 -9.571401E-4 0.0012482236 -0.0017976337 723 g
 -1.0384849 2.100912 9.059061 730 a
 -0.022837227 0.12146704 0.9612854 734 r
 6.4075657E-4 -0.0043444145 0.0032623722 932 g
 -0.9780314 2.2122424 9.39365 936 a
 -0.023305878 0.121745765 0.9611445 939 r
 -0.0052181976 0.0036450685 -0.0020639498 1129 g
 -0.9828198 2.1146786 9.463681 1134 a
 -0.022981003 0.122895315 0.9609607 1138 r
 -0.011876101 -0.0035454663 -0.002330266 1322 g
 -1.0648212 2.160767 9.445126 1328 a
 -0.022827428 0.12196037 0.9609764 1331 r
 -0.0028213528 0.011101919 -0.013515542 1523 g
 -1.1150994 2.1122844 9.470264 1528 a
 -0.023664167 0.12191151 0.9607559 1532 r
 -0.0052181976 -0.019790748 0.014713965 1723 g
 -1.0480618 2.1338322 9.450513 1728 a
 -0.024577258 0.12201524 0.9602218 1731 r
 -0.0073487265 -0.015529691 -0.0036618465 1923 g
 -1.0301052 2.1242554 9.446322 1928 a
 -0.023396853 0.12125926 0.9600263 1932 r
 -0.0028213528 -0.008339156 0.00752343 2127 g
 -1.0779893 2.107496 9.459491 2131 a
 -0.022712829 0.120659426 0.960272 2135 r
 0.0059670787 -0.0022138858 0.0059255334 2323 g
 -1.0570401 2.1332338 9.458893 2328 a
 -0.022827815 0.12063636 0.96058244 2332 r
 -0.0025550367 -0.005409679 0.004061321 2523 g
 -0.9995792 2.100912 9.478644 2528 a
 -0.022627372 0.120372355 0.96096176 2532 r
 -0.0028213528 -0.002746518 -0.002330266 2727 g
 -0.9923966 2.1098902 9.470264 2731 a
 -0.02228542 0.119712606 0.96133 2735 r
 -0.0014897723 0.012167184 -0.005792375 2925 g
 -1.0384849 2.0733786 9.4696665 2931 a
 -0.022318423 0.11956662 0.9615089 2934 r
 -0.0014897723 0.008172442 -0.0063250074 3125 g
 -0.99179804 2.1039047 9.494206 3130 a
 -0.02262073 0.11974305 0.96153957 3134 r
 3.7444045E-4 1.8295916E-4 -0.0012650015 3330 g
 -1.009156 2.099715 9.452309 3335 a
 -0.022668056 0.11947812 0.9615441 3339 r
 0.0025049692 0.008438759 -0.002330266 3528 g
 -0.97623575 2.1535845 9.476849 3532 a
 -0.023049388 0.11951327 0.9614603 3536 r
 0.006499711 0.009770339 0.0067244815 3728 g
 -1.1091139 2.1284454 9.42238 3732 a
 -0.023490865 0.12003811 0.9612861 3736 r
 6.4075657E-4 0.004710333 -0.002596582 3931 g
 -1.0336965 2.1051018 9.448118 3935 a
 -0.02441869 0.120316654 0.9610992 3939 r
 -0.0017560885 7.1559136E-4 -0.0031292143 4127 g
 -1.158195 2.0602105 9.618706 4131 a
 -0.024571963 0.12012875 0.96080095 4135 r
 -0.0025550367 0.015096661 -0.010586065 4328 g
 -1.1115081 2.087744 9.458893 4331 a
 -0.025429484 0.11992577 0.96087843 4335 r
 6.4075657E-4 -6.1598915E-4 0.0035286883 4531 g
 -1.0295067 2.1152773 9.445126 4535 a
 -0.025309287 0.1201119 0.96069676 4539 r
 -0.0022887206 -0.0070075756 -1.9973709E-4 4729 g
 -1.0576386 2.100912 9.455301 4733 a
 -0.024576992 0.11963625 0.9606753 4737 r
 -6.90824E-4 -0.0022138858 -4.660532E-4 4931 g
 -0.985214 2.132635 9.430161 4935 a
 -0.024231598 0.1194084 0.9604706 4939 r
 -6.90824E-4 -0.012600214 0.0051265853 5128 g
 -1.033098 2.110489 9.449316 5129 a
 -0.023710452 0.119619995 0.96036357 5131 r
 -0.0068160943 -0.01286653 -0.0012650015 5330 g
 -0.9911995 2.1039047 9.479243 5334 a
 -0.023575552 0.119316086 0.9606412 5337 r
 3.7444045E-4 -0.0035454663 6.657903E-5 5530 g
 -0.97264445 2.1098902 9.449316 5534 a
 -0.02325147 0.118861884 0.96103126 5538 r
 -9.571401E-4 -6.1598915E-4 0.0037950044 5732 g
 -0.9995792 2.078167 9.45171 5737 a
 -0.023040706 0.11866185 0.9612418 5741 r
 -0.0014897723 0.004444017 -0.004460795 5926 g
 -0.9864111 2.100912 9.466075 5930 a
 -0.023190819 0.118795425 0.9616036 5934 r
 -9.571401E-4 4.4927528E-4 -9.986854E-4 6127 g
 -1.0109516 2.0973208 9.457097 6131 a
 -0.023017025 0.11842859 0.9618184 6138 r
 -9.571401E-4 0.004710333 -0.0015313176 6333 g
 -1.06123 2.082357 9.616311 6337 a
 -0.023073228 0.11831206 0.96188956 6341 r
 0.0014397049 0.01855877 -0.010852382 6527 g
 -1.0390835 2.0871453 9.472659 6530 a
 -0.02331933 0.118122876 0.9618351 6534 r
 -0.0028213528 0.0057755974 -4.660532E-4 6727 g
 -0.95468795 2.095525 9.48882 6731 a
 -0.023408055 0.118432105 0.96173567 6735 r
 -0.0020224045 -0.002746518 -0.0015313176 6928 g
 -0.99179804 2.1051018 9.454104 6931 a
 -0.022909604 0.11803286 0.961585 6935 r
 0.0011733888 -0.0011486213 -0.0012650015 7128 g
 -1.0055647 2.0871453 9.413403 7132 a
 -0.022949647 0.11798221 0.96149 7136 r
 -0.0070824106 -8.335694E-5 0.0011318434 7328 g
 -1.0666169 2.1027076 9.492412 7331 a
 -0.023185909 0.11822905 0.96138984 7335 r
 -1.5819176E-4 -0.0032791502 -1.9973709E-4 7528 g
 -1.0013748 2.0961237 9.461885 7532 a
 -0.023475248 0.11840081 0.96154934 7536 r
 -9.571401E-4 0.0041777007 -0.005259743 7728 g
 -1.0540473 2.0871453 9.488221 7732 a
 -0.023436293 0.11813055 0.96168 7736 r
 -0.0012234562 4.4927528E-4 -0.0033955304 7927 g
 -0.98700964 2.0931308 9.466075 7930 a
 -0.023991171 0.11827667 0.9615584 7937 r
 0.008363924 0.008172442 0.004593953 8125 g
 -1.0690111 2.1188686 9.454104 8130 a
 -0.024242831 0.118715554 0.96127087 8134 r
 -0.0025550367 -8.335694E-5 -0.002596582 8329 g
 -1.043872 2.0799627 9.472659 8333 a
 -0.024903074 0.11898613 0.9610495 8336 r
 -0.0014897723 0.003911385 -0.004993427 8529 g
 -1.0648212 2.0847511 9.46847 8533 a
 -0.02522558 0.11876483 0.96115285 8537 r
 1.0812434E-4 0.007906126 -0.005792375 8730 g
 -1.0630256 2.087744 9.475053 8735 a
 -0.025856186 0.11893527 0.961217 8738 r
 6.4075657E-4 0.011368236 -0.0020639498 8929 g
 -1.0253168 2.1033063 9.454104 8933 a
 -0.026304543 0.11932053 0.96125704 8937 r
 -0.0014897723 7.1559136E-4 -0.0015313176 9129 g
 -1.0821792 2.0811598 9.475053 9133 a
 -0.026423 0.1190079 0.96181136 9137 r
 -9.571401E-4 0.0012482236 0.002197108 9330 g
 -0.98461545 2.1583729 9.439739 9334 a
 -0.026736623 0.11872326 0.96224815 9338 r
 0.0054344465 -3.4967304E-4 0.010985539 9530 g
 -1.0833763 2.1021092 9.4696665 9535 a
 -0.026282243 0.11892402 0.9623391 9539 r
 -0.0049518817 -0.0032791502 0.0032623722 9730 g
 -1.0163386 2.0859482 9.438541 9734 a
 -0.025854614 0.118734255 0.9622194 9739 r
 -0.0041529336 -0.0038117825 6.657903E-5 9930 g
 -0.9708488 2.1122844 9.437345 9934 a
 -0.025282312 0.11828026 0.9622013 9938 r
 -0.0012234562 -0.0038117825 0.0037950044 10132 g
 -0.99179804 2.099715 9.419388 10142 a
 -0.024776094 0.11813824 0.96226627 10146 r
 -0.003087669 -0.0014149374 -0.0031292143 10330 g
 -0.98940384 2.1170728 9.438541 10334 a
 -0.024460303 0.118369594 0.9621932 10340 r
 -0.0028213528 -0.0032791502 0.0011318434 10531 g
 -1.0055647 2.0913353 9.460688 10535 a
 -0.024048977 0.118081465 0.96220857 10539 r
 0.001706021 0.002579804 -1.9973709E-4 10730 g
 -0.99299514 2.0757728 9.490017 10734 a
 -0.023876574 0.117912084 0.9621225 10739 r
 -0.0020224045 0.014297713 -0.007922905 10930 g
 -1.0354922 2.0494366 9.484032 10934 a
 -0.02361112 0.117925346 0.96144444 10939 r
 -0.0017560885 0.006840862 -7.323693E-4 11133 g
 -0.9876082 2.1021092 9.492412 11137 a
 -0.023566864 0.11810632 0.9610409 11141 r
 -0.0017560885 -0.0022138858 5.9921126E-4 11331 g
 -1.0223241 2.1045034 9.463681 11335 a
 -0.023076136 0.11780149 0.96080834 11339 r
 -4.245079E-4 1.8295916E-4 0.0011318434 11531 g
 -1.0594343 2.0721815 9.533711 11535 a
 -0.022974584 0.117770284 0.9607006 11540 r
 0.001706021 0.017493507 -0.007922905 11732 g
 -1.0414777 2.0871453 9.466674 11737 a
 -0.023166753 0.117607415 0.96070987 11740 r
 0.001706021 0.0049766493 -0.0012650015 11931 g
 -0.9636662 2.110489 9.43914 11935 a
 -0.0232182 0.117926404 0.96065575 11939 r
 -0.0014897723 -0.0030128341 -0.002330266 12132 g
 -1.0169371 2.1068976 9.493608 12137 a
 -0.022755463 0.11776669 0.9606183 12141 r
 -1.5819176E-4 0.0033787524 -0.0031292143 12332 g
 -1.0259154 2.0404584 9.461885 12336 a
 -0.022982966 0.11786951 0.9604406 12340 r
 -0.0036203011 0.016960874 -0.007922905 12532 g
 -1.0546459 2.0709844 9.462483 12537 a
 -0.023336869 0.117741704 0.96039575 12541 r
 0.0011733888 0.014031397 -0.005259743 12733 g
 -1.01574 2.1086931 9.476849 12737 a
 -0.024093308 0.118192196 0.96047384 12740 r
 1.0812434E-4 0.0012482236 -0.0047271107 12932 g
 -1.0390835 2.106299 9.463681 12950 a
 -0.024368318 0.1181235 0.9605878 12953 r
 1.0812434E-4 0.0033787524 -0.002596582 13140 g
 -1.055843 2.11827 9.390059 13143 a
 -0.024901994 0.118260086 0.9607019 13153 r
 0.012624982 0.0028461202 -7.323693E-4 13338 g
 -1.0348936 2.098518 9.44333 13341 a
 -0.025387641 0.11857593 0.96095663 13345 r
 -0.0014897723 -0.009937053 -0.0012650015 13534 g
 -1.0319009 2.1045034 9.4535055 13538 a
 -0.025410712 0.118634954 0.9610265 13542 r
 -0.0012234562 -0.005143363 -4.660532E-4 13733 g
 -1.0666169 2.0979192 9.476849 13738 a
 -0.025047619 0.11825849 0.96120113 13741 r
 -0.0012234562 -0.0070075756 6.657903E-5 13933 g
 -0.9528923 2.1068976 9.424176 13938 a
 -0.025095958 0.118145645 0.9614311 13941 r
 0.0011733888 -0.008871788 0.0016644757 14134 g
 -1.0414777 2.0805612 9.452907 14139 a
 -0.024512833 0.11842801 0.96096283 14142 r
 -0.0046855654 -0.012600214 -1.9973709E-4 14334 g
 -0.99299514 2.0907366 9.476251 14339 a
 -0.024258144 0.118215665 0.9606864 14342 r
 1.0812434E-4 -0.0022138858 0.0016644757 14534 g
 -0.98700964 2.0925324 9.457695 14538 a
 -0.02383613 0.11785941 0.960633 14542 r
 -0.0028213528 0.0060419133 -0.0020639498 14735 g
 -1.0444705 2.0512323 9.442732 14739 a
 -0.023709005 0.11774859 0.96071607 14743 r
 6.4075657E-4 0.0063082296 -4.660532E-4 14934 g
 -0.99898064 2.1092918 9.452907 14939 a
 -0.023894522 0.117967665 0.9607546 14942 r
 -0.0012234562 0.0015145397 0.0013981595 15134 g
 -1.0295067 2.107496 9.448717 15154 a
 -0.023712825 0.11776917 0.9608825 15158 r
 -9.571401E-4 -8.335694E-5 6.657903E-5 15343 g
 -1.009156 2.079364 9.463082 15351 a
 -0.023911672 0.11772777 0.9611601 15355 r
 -0.0020224045 -3.4967304E-4 3.3289514E-4 15540 g
 -1.0402806 2.123657 9.44333 15544 a
 -0.024209287 0.11785437 0.9614484 15547 r
 -0.0020224045 -0.0056759953 -4.660532E-4 15735 g
 -1.0067618 2.0931308 9.466674 15740 a
 -0.024322338 0.11801593 0.96177596 15743 r
 -0.0014897723 4.4927528E-4 -0.002330266 15937 g
 -1.0109516 2.1140802 9.457097 15940 a
 -0.024184834 0.117640585 0.96220356 15944 r
 3.7444045E-4 -8.8230526E-4 -1.9973709E-4 16136 g
 -1.0522517 2.1158757 9.379884 16140 a
 -0.024381582 0.11765355 0.962511 16144 r
 0.00996182 0.0063082296 -0.002330266 16336 g
 -1.0546459 2.1015105 9.405023 16340 a
 -0.024881205 0.118016586 0.9626034 16344 r
 0.001706021 -0.0040780986 5.9921126E-4 16538 g
 -1.0103531 2.1015105 9.492412 16541 a
 -0.025396705 0.118247405 0.96286434 16545 r
 -0.0020224045 0.0041777007 -0.0047271107 16737 g
 -1.0666169 2.0811598 9.451111 16740 a
 -0.025546398 0.11807455 0.9630608 16744 r
 -1.5819176E-4 0.006840862 -0.0041944785 16937 g
 -1.021127 2.1296425 9.470863 16940 a
 -0.026241804 0.11820002 0.9629615 16944 r
 1.0812434E-4 -0.005143363 0.002996056 17138 g
 -1.0791864 2.087744 9.444528 17141 a
 -0.026683247 0.11857554 0.96292835 17145 r
 -0.0012234562 -0.0030128341 0.002197108 17337 g
 -1.0570401 2.100912 9.461885 17341 a
 -0.026839167 0.11872752 0.96292657 17348 r
 -0.0036203011 -0.0019475697 -0.0033955304 17537 g
 -1.0319009 2.111686 9.46009 17541 a
 -0.026545525 0.118420914 0.96296126 17545 r
 -0.0025550367 -0.008605473 0.0019307918 17738 g
 -0.98820674 2.1122844 9.428965 17742 a
 -0.026284061 0.11837067 0.9628423 17747 r
 -4.245079E-4 -0.0067412597 0.0024634239 17938 g
 -1.027711 2.088941 9.4295635 17942 a
 -0.02573256 0.11874081 0.9623478 17945 r
 -0.006017146 -0.0120675815 0.0013981595 18138 g
 -1.0127473 2.0883424 9.4535055 18142 a
 -0.02540058 0.118520424 0.96204025 18145 r
 6.4075657E-4 0.002579804 0.0016644757 18338 g
 -0.9840169 2.1176715 9.425972 18342 a
 -0.025085082 0.11829001 0.9618868 18346 r
 -1.5819176E-4 0.007373494 -1.9973709E-4 18539 g
 -1.0324994 2.0811598 9.443929 18543 a
 -0.024836045 0.11829111 0.9618344 18546 r
 -0.0012234562 0.0065745455 -0.0015313176 18739 g
 -0.99299514 2.094328 9.470863 18743 a
 -0.024887674 0.11860721 0.96164256 18747 r
 6.4075657E-4 0.0015145397 0.00272974 18944 g
 -1.0313023 2.1098902 9.439739 18948 a
 -0.024474515 0.11827546 0.96139663 18953 r
 -4.245079E-4 0.0033787524 5.9921126E-4 19139 g
 -1.13964 2.0488381 9.570822 19142 a
 -0.024218712 0.118283525 0.9608596 19148 r
 0.009695504 0.015362977 -0.011385013 19338 g
 -1.1055226 2.1027076 9.452907 19343 a
 -0.0249437 0.1181649 0.96076375 19347 r
 0.0022386531 0.0060419133 -0.0036618465 19540 g
 -1.0426749 2.0937295 9.4535055 19544 a
 -0.025521077 0.118824616 0.9603122 19548 r
 -4.245079E-4 0.0012482236 -0.0017976337 19739 g
 -1.0953473 2.095525 9.482236 19745 a
 -0.025585502 0.11872111 0.9600434 19750 r
 -4.245079E-4 0.00897139 -0.004993427 19939 g
 -0.9588778 2.207454 9.434352 19943 a
 -0.026467737 0.118959785 0.95987684 19947 r
 0.0059670787 0.0012482236 0.0059255334 20140 g
 -1.1234791 2.0871453 9.433753 20162 a
 -0.026428927 0.11967729 0.95959157 20166 r
 -0.0041529336 -0.0035454663 -1.9973709E-4 20339 g
 -1.0426749 2.058415 9.469068 20343 a
 -0.026776325 0.11961982 0.95938915 20359 r
 0.0011733888 -0.009937053 -0.0015313176 20536 g
 -1.1641805 2.0883424 9.461885 20537 a
 -0.026267491 0.11908518 0.95954996 20538 r
 0.019016568 -0.0035454663 -0.0031292143 20740 g
 -1.0510546 2.1272483 9.466674 20744 a
 -0.026363228 0.119137764 0.95947474 20748 r
 -6.90824E-4 -0.01286653 0.0037950044 20941 g
 -1.0175357 2.086547 9.458294 20944 a
 -0.025732866 0.11917104 0.9593832 20948 r
 -0.0020224045 -0.005942311 0.00272974 21140 g
 -1.0007763 2.1140802 9.44333 21144 a
 -0.025241297 0.11868848 0.9593646 21149 r
 -0.003087669 -0.005409679 0.002197108 21341 g
 -0.9600749 2.144606 9.43076 21345 a
 -0.024858724 0.11865601 0.9591978 21349 r
 -0.0022887206 -0.004610731 -0.0012650015 21541 g
 -1.0510546 2.0913353 9.464878 21545 a
 -0.024415642 0.11904499 0.95894986 21550 r
 -0.003353985 -0.0070075756 0.0019307918 21741 g
 -1.0468647 2.083554 9.436148 21745 a
 -0.023975637 0.118682235 0.95864016 21750 r
 1.0812434E-4 0.002579804 0.005392901 21942 g
 -1.0444705 2.1266496 9.46847 21946 a
 -0.023669362 0.11845739 0.958626 21951 r
 0.00516813 0.004444017 0.00272974 22141 g
 -1.06123 2.1027076 9.44333 22145 a
 -0.02368863 0.11875801 0.95860404 22150 r
 -0.0014897723 0.0012482236 0.00272974 22341 g
 -1.0265139 2.078167 9.487024 22345 a
 -0.023929473 0.11877826 0.9588329 22350 r
 -1.5819176E-4 0.0057755974 -0.007123956 22543 g
 -1.062427 2.1033063 9.4457245 22547 a
 -0.02396011 0.11850536 0.95889586 22552 r
 -0.0022887206 0.015362977 -0.0068576396 22744 g
 -1.0923545 2.067393 9.452309 22747 a
 -0.0245647 0.118800566 0.95887846 22752 r
 1.0812434E-4 0.012167184 -0.002330266 22942 g
 -1.0582372 2.0937295 9.466674 22946 a
 -0.02527586 0.11921643 0.958695 22951 r
 -6.90824E-4 -0.0030128341 -9.986854E-4 23143 g
 -1.1270704 2.098518 9.455899 23147 a
 -0.025222586 0.11898883 0.9586485 23151 r
 -0.0041529336 -0.0032791502 -0.0039281626 23342 g
 -0.97982705 2.1057005 9.448717 23346 a
 -0.025300596 0.11895196 0.95846456 23350 r
 0.0038365498 -0.009670737 -9.986854E-4 23543 g
 -1.0366893 2.1122844 9.467871 23548 a
 -0.024783539 0.119027555 0.9587261 23552 r
 -0.0038866173 -0.009404421 -0.004460795 23743 g
 -1.0432734 2.078167 9.449914 23748 a
 -0.024674255 0.11875816 0.9590892 23752 r
 -0.0028213528 -0.0014149374 -0.0028628982 23943 g
 -1.1252748 2.078167 9.414599 23947 a
 -0.024532132 0.118337154 0.9592934 23952 r
 0.015820775 0.011101919 -0.0060586915 24143 g
 -1.0672154 2.0871453 9.457097 24148 a
 -0.024980245 0.1185046 0.9592951 24152 r
 1.0812434E-4 0.002579804 -0.0015313176 24344 g
 -0.9780314 2.0925324 9.434352 24348 a
 -0.024971288 0.118533835 0.95941466 24353 r
 -0.0022887206 -0.0056759953 -9.986854E-4 24544 g
 -1.062427 2.0991163 9.440337 24549 a
 -0.024372911 0.118086934 0.9594827 24553 r
 -9.571401E-4 -0.0019475697 -7.323693E-4 24744 g
 -0.9528923 2.123657 9.440337 24748 a
 -0.024550792 0.118159175 0.9595074 24753 r
 -0.0020224045 4.4927528E-4 -0.005792375 24945 g
 -1.0450691 2.1140802 9.490017 24950 a
 -0.024239596 0.11862706 0.9592348 24954 r
 -0.0014897723 -0.0016812535 -0.005259743 25144 g
 -1.0378864 2.0667946 9.446921 25156 a
 -0.024502367 0.11862618 0.95901746 25160 r
 1.0812434E-4 0.010835604 -9.986854E-4 25348 g
 -1.0737995 2.0745757 9.466075 25353 a
 -0.024873879 0.1185925 0.95884866 25359 r
 -0.0044192495 0.010569287 -0.0047271107 25546 g
 -1.115698 2.066196 9.457097 25551 a
 -0.025527328 0.11875652 0.95870537 25554 r
 -9.571401E-4 0.008705075 -0.0015313176 25745 g
 -1.079785 2.0871453 9.45171 25750 a
 -0.02603933 0.11907247 0.9586777 25753 r
 -9.571401E-4 -0.0014149374 0.0011318434 25945 g
 -1.0708067 2.1374235 9.450513 25950 a
 -0.025857192 0.11863741 0.95886666 25954 r
 -0.0022887206 -0.0040780986 -9.986854E-4 26146 g
 -1.0576386 2.0787656 9.454702 26151 a
 -0.025830965 0.118714795 0.95913655 26154 r
 -0.0022887206 -0.0019475697 0.0011318434 26345 g
 -1.0666169 2.11827 9.43495 26350 a
 -0.025999274 0.118603334 0.95955354 26353 r
 -0.0020224045 -0.0056759953 0.0011318434 26546 g
 -1.0289081 2.1051018 9.442133 26551 a
 -0.025982426 0.11867051 0.9600609 26554 r
 -0.0022887206 -0.005409679 -0.0028628982 26746 g
 -1.0073603 2.1110873 9.448717 26751 a
 -0.025712527 0.11827643 0.9605343 26754 r
 -9.571401E-4 -0.005143363 0.0035286883 26958 g
 -0.98820674 2.0913353 9.43914 26962 a
 -0.025313057 0.11808322 0.9606529 26966 r
 -0.0028213528 -0.0038117825 -0.0017976337 27146 g
 -1.021127 2.0979192 9.4457245 27151 a
 -0.024794575 0.118332356 0.96028787 27154 r
 -0.003087669 -0.0022138858 5.9921126E-4 27347 g
 -1.0414777 2.1021092 9.446322 27352 a
 -0.024173876 0.11807284 0.95974845 27356 r
 0.0035702337 0.004710333 0.0016644757 27547 g
 -1.1067197 2.0769699 9.48882 27551 a
 -0.023961315 0.11802091 0.95940465 27555 r
 0.020614464 0.007373494 -0.008988169 27747 g
 -1.0839748 2.079364 9.448118 27751 a
 -0.024125775 0.118180886 0.95887274 27755 r
 -1.5819176E-4 0.002313488 3.3289514E-4 27947 g
 -0.99658644 2.098518 9.461885 27952 a
 -0.024392579 0.11858085 0.9585187 27956 r
 -0.0012234562 -8.335694E-5 -0.0047271107 28147 g
 -1.079785 2.0775685 9.496002 28152 a
 -0.024322752 0.118402705 0.95856386 28155 r
 -0.0012234562 0.0036450685 -0.0017976337 28347 g
 -0.98700964 2.1068976 9.455899 28352 a
 -0.024881601 0.118503585 0.95830303 28355 r
 0.001706021 -0.0056759953 0.0016644757 28549 g
 -1.0767922 2.1015105 9.436746 28553 a
 -0.024860248 0.11882201 0.9582607 28557 r
 -0.008413991 -0.0120675815 3.3289514E-4 28747 g
 -1.0241197 2.0991163 9.461885 28752 a
 -0.024833824 0.11864321 0.95824283 28756 r
 -0.0014897723 -3.4967304E-4 0.0024634239 28948 g
 -0.9816227 2.1110873 9.457097 28953 a
 -0.024537165 0.1182909 0.9585449 28957 r
 6.4075657E-4 0.0015145397 0.00272974 29149 g
 -1.0354922 2.0811598 9.457097 29161 a
 -0.024282059 0.11819436 0.9588459 29164 r
 -0.0025550367 0.0036450685 -0.0060586915 29344 g
 -0.9876082 2.0667946 9.495404 29344 a
 -0.024606213 0.11837998 0.9594285 29345 r
 -0.0014897723 0.002579804 0.0035286883 29549 g
 -1.0576386 2.0961237 9.476251 29553 a
 -0.024350967 0.117926806 0.9595844 29557 r
 -6.90824E-4 0.004444017 3.3289514E-4 29749 g
 -1.0618285 2.0919337 9.512163 29753 a
 -0.024616484 0.11797525 0.959649 29757 r
 -0.0020224045 0.016428242 -0.010319749 29949 g
 -1.1007342 2.0817583 9.479243 29953 a
 -0.024772197 0.11803098 0.9592164 29957 r
 0.001972337 0.014564029 -0.0039281626 30149 g
 -1.0366893 2.106299 9.449316 30164 a
 -0.025288766 0.118584946 0.9588247 30169 r
 -4.245079E-4 0.0031124363 -0.004993427 30350 g
 -1.0941502 2.106299 9.446921 30367 a
 -0.025373103 0.11859204 0.95854086 30371 r
 9.070727E-4 0.0063082296 -0.0012650015 30551 g
 -1.021127 2.1110873 9.482236 30555 a
 -0.025875371 0.11884171 0.9580501 30560 r
 0.0049018143 0.007373494 0.0072571137 30750 g
 -1.1073183 2.0667946 9.440936 30754 a
 -0.025762066 0.11910498 0.9578727 30758 r
 -0.0025550367 0.0033787524 5.9921126E-4 30951 g
 -1.0755951 2.0949266 9.460688 30954 a
 -0.025922477 0.11887008 0.95823056 30958 r
 -9.571401E-4 -0.0019475697 -7.323693E-4 31150 g
 -1.0576386 2.1206641 9.488221 31154 a
 -0.02592265 0.118559346 0.9586448 31158 r
 -0.003353985 0.008705075 -0.0033955304 31350 g
 -1.1115081 2.0925324 9.458893 31354 a
 -0.026065826 0.11851965 0.95920736 31358 r
 3.7444045E-4 0.0063082296 -1.9973709E-4 31552 g
 -1.0313023 2.12246 9.4457245 31555 a
 -0.026368247 0.11873251 0.9594827 31559 r
 -1.5819176E-4 -0.002480202 -4.660532E-4 31750 g
 -1.067814 2.1152773 9.449914 31754 a
 -0.025973203 0.1184313 0.95982903 31758 r
 -0.0020224045 -0.002480202 8.6552737E-4 31951 g
 -1.0097545 2.1212628 9.473258 31954 a
 -0.02578438 0.118322626 0.9598709 31958 r
 0.0038365498 -6.1598915E-4 0.013382385 32151 g
 -1.0899603 2.0979192 9.436746 32155 a
 -0.0255244 0.11853798 0.9598959 32159 r
 -0.003353985 -8.8230526E-4 5.9921126E-4 32354 g
 -1.0468647 2.095525 9.482835 32358 a
 -0.02553295 0.11838828 0.9601001 32361 r
 -0.0022887206 0.0020471718 -0.002330266 32551 g
 -1.0540473 2.1033063 9.44333 32555 a
 -0.025527837 0.118004695 0.96049243 32559 r
 -0.0012234562 0.0020471718 6.657903E-5 32752 g
 -1.0414777 2.1505916 9.456498 32756 a
 -0.025854731 0.11805704 0.960651 32759 r
 0.012092349 0.010835604 0.009920275 32952 g
 -1.1079168 2.1158757 9.519944 32955 a
 -0.026235746 0.1186738 0.9604315 32959 r
 -0.0017560885 0.005242965 -0.0012650015 33152 g
 -1.0702082 2.1045034 9.464279 33156 a
 -0.027016688 0.11889006 0.9607809 33159 r
 -0.0028213528 0.0071071777 -0.005259743 33353 g
 -1.0516531 2.1188686 9.441534 33357 a
 -0.02755772 0.118686765 0.96117073 33360 r
 -1.5819176E-4 -0.0030128341 0.0011318434 33553 g
 -1.0696096 2.119467 9.403826 33556 a
 -0.028139066 0.11881098 0.961505 33560 r
 -9.571401E-4 -0.005409679 -0.0031292143 33752 g
 -1.0857705 2.1176715 9.4696665 33756 a
 -0.028285222 0.11921039 0.9615384 33760 r
 -0.0070824106 -0.013931794 -7.323693E-4 33953 g
 -1.0714053 2.107496 9.445126 33957 a
 -0.027938824 0.11896087 0.96135086 33960 r
 9.070727E-4 -3.4967304E-4 8.6552737E-4 34153 g
 -1.1097125 2.1098902 9.388264 34157 a
 -0.027628446 0.11879119 0.96116847 34160 r
 0.011027085 0.0036450685 -0.004460795 34359 g
 -1.1133038 2.0973208 9.431957 34362 a
 -0.027457707 0.11900565 0.9608219 34378 r
 -0.0014897723 -0.005409679 0.002996056 34553 g
 -1.0486604 2.112883 9.452907 34557 a
 -0.026895063 0.11904 0.9602093 34561 r
 -0.0017560885 -0.0035454663 -0.0015313176 34753 g
 -1.0773908 2.0799627 9.463082 34757 a
 -0.026097346 0.11866942 0.95990473 34761 r
 -4.245079E-4 -6.1598915E-4 -4.660532E-4 34954 g
 -1.055843 2.107496 9.462483 34957 a
 -0.025842726 0.11848116 0.95973927 34961 r
 0.0062333946 0.002579804 0.00752343 35154 g
 -1.067814 2.1003134 9.464279 35165 a
 -0.025933977 0.11880845 0.9597388 35171 r
 -0.0049518817 -3.4967304E-4 -0.0017976337 35354 g
 -1.043872 2.095525 9.443929 35358 a
 -0.025863174 0.11858773 0.9601099 35361 r
 -0.003353985 -0.0030128341 -0.002596582 35555 g
 -1.0779893 2.058415 9.440936 35558 a
 -0.025701988 0.118220866 0.96054 35562 r
 -0.0022887206 -0.0056759953 -9.986854E-4 35755 g
 -1.0055647 2.1200657 9.471462 35759 a
 -0.025950637 0.11800891 0.96098155 35762 r
 0.0057007624 -0.0038117825 0.007789746 35954 g
 -1.0474633 2.0817583 9.464878 35958 a
 -0.026000533 0.11832306 0.96134645 35962 r
 -0.0044192495 -0.0030128341 -0.0015313176 36154 g
 -1.0522517 2.0895395 9.482236 36158 a
 -0.025852162 0.1181137 0.96138364 36162 r
 -9.571401E-4 -0.0014149374 8.6552737E-4 36356 g
 -1.0468647 2.0787656 9.455899 36359 a
 -0.02557121 0.117809445 0.96126586 36363 r
 -0.0020224045 -0.007273892 8.6552737E-4 36559 g
 -0.9540894 2.1290438 9.428367 36563 a
 -0.025343258 0.1177336 0.96112555 36568 r
 -1.5819176E-4 -0.0062086275 0.0035286883 36765 g
 -1.0301052 2.1254525 9.478644 36770 a
 -0.024806429 0.11811097 0.9606884 36774 r
 -0.007881359 -0.009670737 -4.660532E-4 36966 g
 -1.021127 2.0811598 9.458294 36970 a
 -0.024465082 0.117914125 0.96035725 36974 r
 0.0014397049 4.4927528E-4 6.657903E-5 37165 g
 -0.9708488 2.123657 9.456498 37170 a
 -0.024506183 0.11764334 0.9606649 37174 r
 -9.571401E-4 0.0017808558 6.657903E-5 37362 g
 -1.0127473 2.0979192 9.438541 37368 a
 -0.024558634 0.11768222 0.9611483 37371 r
 -0.0028213528 0.0031124363 -0.0060586915 37564 g
 -1.0181342 2.1057005 9.451111 37568 a
 -0.025087338 0.1181024 0.96154493 37572 r
 -0.0012234562 0.0017808558 -0.0036618465 37763 g
 -1.0480618 2.1021092 9.463681 37768 a
 -0.025448285 0.117973566 0.96195287 37772 r
 0.0014397049 0.004444017 5.9921126E-4 37961 g
 -1.0648212 2.1164744 9.440337 37965 a
 -0.02607084 0.117900044 0.96254236 37977 r
 0.0011733888 0.0012482236 8.6552737E-4 38163 g
 -1.0666169 2.1068976 9.465476 38167 a
 -0.026463475 0.11815688 0.9627933 38171 r
 -0.003353985 -0.005143363 8.6552737E-4 38363 g
 -1.0127473 2.1033063 9.458294 38368 a
 -0.026319705 0.11820342 0.96268076 38371 r
 -0.003087669 -0.0035454663 -7.323693E-4 38562 g
 -1.0516531 2.107496 9.432556 38566 a
 -0.025841199 0.11783938 0.9625879 38570 r
 -0.0020224045 -0.009404421 3.3289514E-4 38762 g
 -0.96665895 2.119467 9.43914 38766 a
 -0.025866054 0.11775929 0.9627927 38770 r
 -0.0022887206 -0.0035454663 6.657903E-5 38962 g
 -1.0324994 2.095525 9.458294 38965 a
 -0.025685217 0.11805405 0.96296924 38970 r
 -0.0046855654 -0.0091381045 -0.0020639498 39162 g
 -1.0163386 2.0925324 9.458893 39165 a
 -0.025736162 0.1177278 0.9633725 39170 r
 3.7444045E-4 0.0028461202 0.002996056 39362 g
 -1.0468647 2.0572178 9.47206 39366 a
 -0.025897592 0.117462516 0.9640092 39370 r
 -0.0022887206 0.016694557 -0.007123956 39562 g
 -1.0929531 2.0626047 9.476251 39566 a
 -0.026318088 0.117351934 0.9643709 39570 r
 0.004635498 0.01855877 -0.0028628982 39760 g
 -1.0085574 2.1146786 9.457695 39763 a
 -0.027074374 0.117837 0.9643797 39768 r
 0.0011733888 0.0071071777 -0.0012650015 39962 g
 -1.079785 2.098518 9.44752 39966 a
 -0.027158687 0.1179461 0.9641008 39970 r
 0.0014397049 0.0124335 -0.0047271107 40162 g
 -1.0307038 2.1332338 9.458893 40176 a
 -0.027908236 0.11818522 0.96362215 40181 r
 0.0054344465 0.0049766493 0.00272974 40360 g
 -1.0965444 2.1152773 9.442133 40364 a
 -0.028246187 0.11872916 0.96327573 40369 r
 -0.0022887206 -0.0011486213 8.6552737E-4 40562 g
 -1.0432734 2.1416135 9.442133 40567 a
 -0.02837054 0.118780956 0.9630601 40571 r
 -0.00575083 -0.002746518 -9.986854E-4 40762 g
 -1.1432313 2.1284454 9.385271 40766 a
 -0.027954554 0.11858466 0.9628542 40770 r
 0.007032343 0.00763981 -0.0060586915 40962 g
 -1.1228806 2.1230583 9.428965 40966 a
 -0.028337229 0.11906053 0.9625719 40970 r
 -0.0017560885 -0.0091381045 0.007789746 41162 g
 -1.0480618 2.1338322 9.419987 41167 a
 -0.028176185 0.11919768 0.9623528 41171 r
 0.0011733888 -0.005942311 -0.0036618465 41362 g
 -1.0534488 2.1170728 9.464279 41367 a
 -0.027501877 0.118998185 0.9619841 41371 r
 -0.003353985 -0.01153495 0.002996056 41563 g
 -1.0450691 2.1230583 9.42238 41567 a
 -0.027004922 0.118880615 0.96176416 41571 r
 -0.0025550367 -0.009670737 -0.0039281626 41762 g
 -1.0271125 2.1086931 9.472659 41767 a
 -0.026709411 0.11930969 0.9613543 41771 r
 -4.245079E-4 -8.335694E-5 0.0011318434 41962 g
 -1.0510546 2.100912 9.448717 41966 a
 -0.026225377 0.11891872 0.96119386 41970 r
 -4.245079E-4 0.0028461202 -1.9973709E-4 42163 g
 -1.0630256 2.0991163 9.450513 42168 a
 -0.026111618 0.1187693 0.96118766 42172 r
 -0.0012234562 -8.8230526E-4 0.004593953 42363 g
 -1.0935516 2.0979192 9.457097 42367 a
 -0.026303224 0.118933305 0.9611413 42371 r
 -0.003087669 -0.0040780986 0.0043276367 42562 g
 -1.0055647 2.1296425 9.442133 42567 a
 -0.026028974 0.11886197 0.96110326 42571 r
 -0.0012234562 -0.005409679 -9.986854E-4 42762 g
 -1.0319009 2.1068976 9.439739 42766 a
 -0.025157548 0.11851162 0.9610502 42770 r
 1.0812434E-4 -0.0030128341 5.9921126E-4 42961 g
 -1.0229226 2.1021092 9.427768 42965 a
 -0.025325496 0.11855954 0.96117383 42977 r
 -0.005484514 0.012699816 -0.0068576396 43162 g
 -1.091756 2.0691888 9.440936 43166 a
 -0.02596559 0.11909379 0.9612742 43170 r
 -0.0028213528 -0.0019475697 8.6552737E-4 43363 g
 -1.067814 2.0859482 9.491813 43368 a
 -0.026831517 0.11887419 0.9614422 43372 r
 0.001972337 0.004444017 3.3289514E-4 43563 g
 -1.0271125 2.1559787 9.440936 43567 a
 -0.026747214 0.11870088 0.96134204 43571 r
 0.0062333946 -8.8230526E-4 0.01231712 43762 g
 -1.1109096 2.1206641 9.44752 43766 a
 -0.026675165 0.11922641 0.96109253 43770 r
 -0.0046855654 -8.8230526E-4 5.9921126E-4 43962 g
 -1.074398 2.0991163 9.473856 43966 a
 -0.026543371 0.11913493 0.96088225 43970 r
 -0.0041529336 -0.0019475697 -0.0017976337 44163 g
 -1.073201 2.1320367 9.504382 44167 a
 -0.026260156 0.11882669 0.9606134 44171 r
 -4.245079E-4 0.012167184 -0.0031292143 44362 g
 -1.091756 2.0632033 9.469068 44366 a
 -0.026233502 0.118807375 0.96056217 44370 r
 -0.0017560885 0.008438759 5.9921126E-4 44563 g
 -1.0432734 2.107496 9.463082 44567 a
 -0.02638251 0.11898336 0.96061 44571 r
 -0.003087669 -0.0043444145 0.0013981595 44763 g
 -1.0606314 2.1015105 9.449914 44767 a
 -0.026092194 0.1186396 0.9607591 44771 r
 -6.90824E-4 -0.0016812535 6.657903E-5 44962 g
 -1.0660183 2.106299 9.475053 44967 a
 -0.025840266 0.11855103 0.96066064 44971 r
 0.00516813 -0.0030128341 0.0061918497 45163 g
 -1.0522517 2.1068976 9.4535055 45174 a
 -0.0258982 0.11875099 0.9605623 45182 r
 -0.003087669 -0.0070075756 -0.0033955304 45364 g
 -1.0408791 2.110489 9.444528 45369 a
 -0.025578149 0.118624 0.96036464 45372 r
 -0.0022887206 -0.005942311 0.0011318434 45564 g
 -1.0821792 2.0763714 9.496002 45570 a
 -0.025331471 0.11832079 0.9604469 45573 r
 -0.0046855654 -0.005143363 -7.323693E-4 45764 g
 -0.9876082 2.1362264 9.437943 45769 a
 -0.025439112 0.1182546 0.96026474 45772 r
 0.0022386531 -0.0056759953 0.0011318434 45965 g
 -1.039682 2.1086931 9.491813 45969 a
 -0.025152456 0.11864732 0.9601677 45973 r
 -0.0068160943 -0.009937053 -0.0017976337 46164 g
 -1.0390835 2.106299 9.4457245 46169 a
 -0.025043234 0.11834642 0.9602122 46173 r
 0.001706021 -8.335694E-5 0.0016644757 46364 g
 -0.9840169 2.1272483 9.47206 46369 a
 -0.024901167 0.11809696 0.96027607 46373 r
 -1.5819176E-4 -0.0067412597 0.004593953 46567 g
 -0.9780314 2.1027076 9.446322 46571 a
 -0.024446752 0.11795519 0.96040374 46575 r
 -0.0046855654 0.002313488 -0.0031292143 46769 g
 -1.0169371 2.1140802 9.465476 46773 a
 -0.024446752 0.11795519 0.96040374 46785 r
 -0.003353985 4.4927528E-4 -9.986854E-4 46970 g
 -1.0181342 2.0967221 9.4535055 46974 a
 -0.024126878 0.11807823 0.9603872 46987 r
 0.0027712854 0.009504023 -0.0015313176 47172 g
 -1.127669 2.1039047 9.424775 47179 a
 -0.024481758 0.118216574 0.9605059 47189 r
 0.024076574 0.018292455 -0.013781859 47371 g
 -1.0971429 2.1625626 9.414001 47375 a
 -0.0260234 0.11876485 0.96079 47388 r
 6.4075657E-4 -0.009670737 0.0011318434 47572 g
 -1.0941502 2.095525 9.455301 47579 a
 -0.026899282 0.119290546 0.9612101 47590 r
 -4.245079E-4 0.0028461202 -7.323693E-4 47773 g
 -1.0851719 2.0733786 9.473258 47786 a
 -0.027226284 0.118911505 0.9616242 47790 r
 -0.0022887206 -0.0035454663 -0.0047271107 47971 g
 -1.0055647 2.1170728 9.439739 47975 a
 -0.027373528 0.11873473 0.9616261 47988 r
 -0.003353985 -0.015796008 -0.0020639498 48172 g
 -1.0953473 2.1350293 9.479243 48175 a
 -0.027053252 0.11901085 0.9616813 48188 r
 -9.571401E-4 -0.002746518 0.0019307918 48372 g
 -1.0708067 2.0841527 9.449316 48379 a
 -0.027154004 0.118827865 0.9620412 48389 r
 0.0062333946 0.011368236 -9.986854E-4 48573 g
 -1.0145429 2.156577 9.484032 48587 a
 -0.027515156 0.118616015 0.9627525 48591 r
 0.009162872 -0.0030128341 0.00885501 48771 g
 -1.0594343 2.1230583 9.400833 48775 a
 -0.027717944 0.11929339 0.9629107 48790 r
 -0.006017146 -0.011801266 -0.0017976337 48965 g
 -1.1611878 2.0380642 9.466674 48967 a
 -0.027784627 0.11942735 0.96282786 48968 r
 -0.0025550367 0.002313488 -0.0047271107 49171 g
 -1.168969 2.1188686 9.449914 49175 a
 -0.028631823 0.11919907 0.9628734 49188 r
 0.023810258 0.0124335 -0.0036618465 49372 g
 -1.1779473 2.132635 9.454104 49375 a
 -0.029468948 0.1198733 0.9624669 49389 r
 0.0049018143 0.005242965 0.004061321 49586 g
 -1.1569979 2.0649989 9.448118 49590 a
 -0.029855937 0.12032989 0.9620947 49593 r
 0.012624982 0.0017808558 0.012583436 49772 g
 -1.158195 2.12246 9.45171 49779 a
 -0.030496055 0.12130876 0.9618222 49790 r
 -0.003087669 -0.0016812535 0.002197108 49972 g
 -1.1025299 2.195483 9.411607 49985 a
 -0.03106077 0.12180419 0.96191937 49989 r
 0.00516813 0.011634552 -9.986854E-4 50173 g
 -1.110311 2.2301989 9.435549 50191 a
 -0.031394042 0.12286028 0.96188766 50195 r
 0.001706021 0.0028461202 0.0011318434 50373 g
 -1.2024878 2.167351 9.452907 50385 a
 -0.031377565 0.12284535 0.96189874 50389 r
 -0.0044192495 -8.335694E-5 0.004061321 50592 g
 -1.158195 2.1398177 9.43914 50597 a
 -0.031813696 0.122877404 0.96195954 50599 r
 -0.0068160943 -0.010736002 -0.0065913238 50788 g
 -1.2072762 2.2050598 9.463681 50791 a
 -0.0320263 0.12305969 0.96192104 50795 r
 -0.003087669 7.1559136E-4 -0.005259743 50972 g
 -1.1791444 2.0967221 9.455899 50978 a
 -0.032138087 0.12265389 0.96199244 50988 r
 0.0022386531 -0.016062323 -0.005259743 51174 g
 -1.1569979 2.0626047 9.463082 51187 a
 -0.0314943 0.12115167 0.9622385 51190 r
 -0.006017146 -8.8230526E-4 -0.004993427 51374 g
 -1.1540052 2.1176715 9.41879 51388 a
 -0.031069487 0.120787054 0.9620561 51391 r
 -0.0022887206 0.012699816 -0.0065913238 51574 g
 -1.1264719 2.1164744 9.448717 51587 a
 -0.031165484 0.12091918 0.9616993 51590 r
 -0.0017560885 4.4927528E-4 -0.0055260593 51774 g
 -1.2180501 2.142212 9.408015 51788 a
 -0.031203846 0.12088895 0.96140486 51792 r
 -9.571401E-4 0.007906126 -0.0015313176 51986 g
 -1.1336545 2.1577742 9.43076 51990 a
 -0.032043464 0.12116179 0.96117586 51993 r
 0.0027712854 0.0060419133 0.004593953 52175 g
 -1.1994951 2.1398177 9.411008 52188 a
 -0.03266768 0.12171142 0.9609651 52191 r
 -0.0038866173 -0.002480202 8.6552737E-4 52375 g
 -1.1839328 2.1164744 9.415796 52388 a
 -0.033069517 0.12174308 0.9607739 52392 r
 -0.005484514 -8.8230526E-4 0.002197108 52586 g
 -1.1713632 2.0829554 9.419388 52590 a
 -0.033269234 0.12147017 0.96071345 52593 r
 -0.008413991 -0.0014149374 -0.0033955304 52777 g
 -1.1875241 2.1260512 9.44333 52789 a
 -0.032936715 0.12120183 0.9609931 52792 r
 -0.00575083 -0.008339156 0.0059255334 52975 g
 -1.1569979 2.106299 9.465476 52989 a
 -0.03229727 0.120858654 0.9612523 52992 r
 -0.0036203011 -0.005942311 0.0032623722 53186 g
 -1.1677719 2.1080947 9.470264 53189 a
 -0.03182594 0.120237425 0.96149915 53193 r
 -0.0068160943 0.005242965 -0.007123956 53378 g
 -1.1761516 2.094328 9.440936 53389 a
 -0.031780414 0.11990987 0.96208125 53392 r
 -0.003087669 0.004444017 6.657903E-5 53579 g
 -1.1001357 2.0937295 9.475652 53589 a
 -0.03165007 0.11989792 0.9624072 53592 r
 -0.0041529336 -8.8230526E-4 -0.004993427 53789 g
 -1.1186907 2.0871453 9.4457245 53792 a
 -0.030975755 0.119315386 0.9626282 53796 r
 -0.0025550367 -0.002480202 0.0104529075 53986 g
 -1.1031284 2.119467 9.4457245 53990 a
 -0.0310257 0.11922434 0.9625364 53993 r
 -0.0017560885 0.002313488 -0.0065913238 54186 g
 -1.1510124 2.1230583 9.4457245 54190 a
 -0.03151209 0.11998366 0.96210366 54193 r
 -0.0036203011 9.819075E-4 -4.660532E-4 54389 g
 -1.2144588 2.1068976 9.457695 54392 a
 -0.03209627 0.12004404 0.9618327 54396 r
 0.0022386531 0.004444017 -0.0028628982 54588 g
 -1.1558008 2.142212 9.412206 54592 a
 -0.03270282 0.12018147 0.9615781 54596 r
 0.007298659 0.0060419133 0.0064581656 54787 g
 -1.2030864 2.146402 9.441534 54790 a
 -0.033060815 0.12064032 0.9614907 54794 r
 -0.0073487265 -0.008605473 -0.002330266 54989 g
 -1.1671734 2.1200657 9.4457245 54993 a
 -0.032719053 0.12058285 0.96146137 54996 r
 -0.0022887206 -6.1598915E-4 -0.0020639498 55187 g
 -1.1713632 2.1410148 9.437943 55200 a
 -0.032304246 0.12013008 0.96156865 55204 r
 -0.0017560885 -0.0040780986 0.0016644757 55386 g
 -1.2072762 2.1158757 9.419987 55390 a
 -0.032273803 0.12044749 0.96135706 55393 r
 -0.0020224045 -0.0014149374 0.0037950044 55588 g
 -1.1420342 2.1242554 9.435549 55591 a
 -0.03186167 0.12049459 0.9609286 55595 r
 -4.245079E-4 0.002313488 -0.0031292143 55788 g
 -1.246182 2.1134815 9.53012 55791 a
 -0.031399503 0.120335326 0.96072894 55795 r
 -0.0044192495 0.014830345 -0.007922905 55987 g
 -1.1270704 2.082357 9.454702 55991 a
 -0.031962454 0.12033951 0.96071094 55995 r
 -6.90824E-4 0.015629293 0.0016644757 56188 g
 -1.1420342 2.1511903 9.411607 56192 a
 -0.031767294 0.12040764 0.96072143 56195 r
 -0.0017560885 -0.0064749434 0.0024634239 56386 g
 -1.2006922 2.110489 9.437943 56389 a
 -0.031625055 0.120426536 0.96062475 56393 r
 -0.0017560885 0.0017808558 -4.660532E-4 56587 g
 -1.0941502 2.1499932 9.440337 56591 a
 -0.031409264 0.12025373 0.9606791 56595 r
 0.0054344465 -0.010469685 0.004860269 56788 g
 -1.1617863 2.1003134 9.436148 56792 a
 -0.030950435 0.12062201 0.9604185 56796 r
 -0.008946624 -0.01153495 -0.002596582 56979 g
 -1.1456255 2.0907366 9.479841 56983 a
 -0.030628286 0.120327204 0.9603483 56987 r
 0.0027712854 0.010569287 -4.660532E-4 57176 g
 -1.1563994 2.1212628 9.515755 57180 a
 -0.030453848 0.12016551 0.9602093 57184 r
 0.0054344465 0.014564029 -0.007390272 57380 g
 -1.2084733 2.0913353 9.43914 57385 a
 -0.030585783 0.12062356 0.96000284 57389 r
 -0.0022887206 0.0020471718 0.0013981595 57579 g
 -1.1013328 2.136825 9.426571 57582 a
 -0.030623352 0.12070319 0.9598314 57587 r
 0.0014397049 -0.005143363 0.002197108 57779 g
 -1.1474211 2.0488381 9.421184 57782 a
 -0.03006643 0.12021081 0.96016127 57787 r
 -0.0046855654 0.0060419133 -0.008455536 57981 g
 -1.1587936 2.124854 9.431359 57986 a
 -0.030513793 0.120189235 0.9603651 57989 r
 0.009429188 0.005242965 0.013382385 58179 g
 -1.1540052 2.146402 9.48463 58182 a
 -0.030779077 0.12057628 0.9602062 58187 r
 -0.0020224045 -0.002746518 6.657903E-5 58379 g
 -1.1031284 2.1218612 9.440936 58382 a
 -0.030093022 0.1202794 0.96042806 58387 r
 -0.0044192495 -6.1598915E-4 8.6552737E-4 58581 g
 -1.1168951 2.1200657 9.44752 58586 a
 -0.029460423 0.11984809 0.9605784 58590 r
 6.4075657E-4 0.014297713 3.3289514E-4 58781 g
 -1.2036849 2.0721815 9.448118 58786 a
 -0.029436415 0.11998612 0.9605612 58789 r
 0.001972337 0.008172442 0.0067244815 58981 g
 -1.1599907 2.1338322 9.442732 58985 a
 -0.030713579 0.12064341 0.9602446 58989 r
 -0.0038866173 -0.0019475697 -0.0028628982 59182 g
 -1.115698 2.1200657 9.431957 59188 a
 -0.030293947 0.1203282 0.9604066 59191 r
 -0.0014897723 -8.8230526E-4 0.004593953 59381 g
 -1.1510124 2.0829554 9.479243 59385 a
 -0.029979609 0.12008454 0.9604179 59389 r
 -6.90824E-4 -0.0035454663 0.0043276367 59583 g
 -1.1474211 2.1260512 9.476849 59588 a
 -0.029971004 0.12005821 0.96038157 59591 r
 -6.90824E-4 -8.335694E-5 0.0019307918 59785 g
 -1.1318588 2.1068976 9.457695 59790 a
 -0.02973691 0.12005992 0.96045595 59793 r
 -0.0038866173 4.4927528E-4 -0.002330266 59981 g
 -1.1115081 2.1392193 9.438541 59985 a
 -0.029593104 0.11968836 0.96068615 59989 r
 -0.003087669 -0.007540208 0.004860269 60314 g
