 1.1849484 0.115231514 3.0152977 6 g
 -1.9267339 5.8268886 3.039439 8 a
 -0.1587182 0.27345967 0.89614993 10 r
 0.24059157 0.4784867 0.027497139 87 g
 -3.503914 1.7735049 6.279991 88 a
 -0.12791093 0.38219142 0.8854665 89 r
 -0.27739325 -0.9199392 -2.8577716 294 g
 -11.637017 3.5404258 8.2593975 298 a
 -0.1715292 0.31126207 0.86124104 302 r
 0.156702 2.0723886 -0.61059624 498 g
 -11.792641 3.8786068 3.9869444 502 a
 -0.40107006 0.32601464 0.75218576 506 r
 0.052572396 -0.041362353 0.20113523 694 g
 -8.722076 1.3257892 5.5347958 698 a
 -0.4668556 0.37409115 0.68910545 701 r
 -1.5394653 1.3165835 -1.5072826 894 g
 -6.4098763 1.951873 4.8841715 900 a
 -0.3978364 0.2841227 0.7053028 904 r
 1.5303605 -2.717573 -0.28515798 1095 g
 -10.866084 -6.51163 3.4398694 1099 a
 -0.4012793 0.28591645 0.6909072 1102 r
 1.9791031 1.7208513 -0.076898776 1295 g
 -7.2789717 -5.823297 1.6753427 1299 a
 -0.5919678 0.15254766 0.5132784 1303 r
 0.053371347 -0.1678625 0.42137867 1499 g
 -8.313866 -4.8524485 2.4534583 1503 a
 -0.59764737 0.14298338 0.54118437 1507 r
 0.059762932 0.03773353 -0.002330266 1695 g
 -8.186973 -4.8620253 2.510919 1699 a
 -0.5942124 0.153104 0.5806703 1703 r
 0.0025049692 -0.0062086275 -4.660532E-4 1892 g
 -8.154651 -4.8003745 2.4839842 1895 a
 -0.5960869 0.13866931 0.59265214 1897 r
 -0.008680307 0.016161926 5.9921126E-4 2094 g
 -8.168418 -4.8309007 2.4534583 2098 a
 -0.598889 0.1276274 0.6013959 2102 r
 0.011826033 -0.010469685 -4.660532E-4 2296 g
 -8.033744 -4.808754 2.5432408 2300 a
 -0.5982575 0.13185608 0.5966757 2304 r
 -0.016403474 0.002579804 -0.002330266 2498 g
 -8.238448 -4.891354 2.408567 2502 a
 -0.5939073 0.14374241 0.58496207 2506 r
 0.021413414 7.1559136E-4 -0.0055260593 2699 g
 -8.151658 -4.7830167 2.5252843 2704 a
 -0.5914684 0.16110578 0.56774575 2707 r
 -0.01880032 4.4927528E-4 0.002996056 2897 g
 -8.190564 -4.7949877 2.5067291 2901 a
 -0.5853811 0.17725256 0.55155236 2907 r
 0.0054344465 0.003911385 0.002996056 3097 g
 -8.169016 -4.848857 2.4552538 3100 a
 -0.58071464 0.19254538 0.5357016 3104 r
 0.004369182 -0.002480202 -7.323693E-4 3299 g
 -8.132504 -4.8524485 2.4570496 3304 a
 -0.5764443 0.2052621 0.52172345 3307 r
 -4.245079E-4 -0.0011486213 -0.002330266 3499 g
 -8.148665 -4.836886 2.4600422 3504 a
 -0.57287306 0.2146025 0.51097304 3507 r
 -9.571401E-4 1.8295916E-4 -4.660532E-4 3698 g
 -8.125322 -4.835689 2.4702177 3701 a
 -0.57037115 0.22162074 0.50257677 3705 r
 1.0812434E-4 -0.0022138858 -0.007390272 3899 g
 -7.835025 -4.7668557 2.4672248 3904 a
 -0.5685681 0.22588831 0.49692556 3908 r
 0.081867166 0.075550415 -0.05346296 4098 g
 -7.9529395 -4.9440265 2.2517467 4102 a
 -0.56745136 0.22748977 0.49314597 4105 r
 0.09305245 0.3096423 -0.046805054 4320 g
 -8.450933 -4.784812 1.5376761 4324 a
 -0.5743448 0.24292308 0.4734914 4328 r
 0.048045024 0.42309293 -0.018042916 4501 g
 -8.672996 -5.0517654 0.8571242 4506 a
 -0.5881159 0.26681024 0.44720677 4509 r
 -0.05342141 0.13280839 0.012849752 4699 g
 -8.653842 -4.8542438 1.3030443 4704 a
 -0.60481554 0.28675336 0.43008772 4708 r
 0.053371347 -0.4869092 0.037883468 4896 g
 -8.381501 -4.8027687 1.9614497 4900 a
 -0.5929809 0.2781471 0.44085 4905 r
 -0.23824479 -0.46587023 0.0930109 5098 g
 -7.9343843 -4.7267528 2.4540567 5100 a
 -0.5683921 0.24600673 0.4757795 5101 r
 -0.2598164 -0.066662386 0.3124554 5296 g
 -8.245032 -4.514866 2.556409 5300 a
 -0.56870586 0.22194335 0.51168174 5307 r
 -0.20415632 -0.110338226 0.113250926 5502 g
 -7.8212585 -4.3718123 2.7503393 5507 a
 -0.57502764 0.22060448 0.5326342 5510 r
 0.09305245 -0.061336063 -0.063849285 5699 g
 -8.470087 -4.5567646 2.566584 5703 a
 -0.5696862 0.20851558 0.5393215 5707 r
 0.052572396 0.12774837 -0.19567576 5899 g
 -8.067263 -4.8261123 2.4672248 5902 a
 -0.5709485 0.20541546 0.5285228 5906 r
 0.17055044 0.11975889 -0.13255884 6099 g
 -8.222287 -4.8243165 2.5755625 6102 a
 -0.5740897 0.20918623 0.513485 6106 r
 0.12287985 0.26862958 -0.058522966 6300 g
 -8.237251 -5.0745106 2.0111294 6303 a
 -0.577661 0.21790037 0.49147847 6307 r
 0.06455662 0.3067128 -0.018841865 6504 g
 -8.367735 -4.583101 1.4221559 6508 a
 -0.5864389 0.23540112 0.47149166 6511 r
 0.09305245 0.43454453 -0.028961876 6701 g
 -8.6496525 -4.872799 0.7858967 6706 a
 -0.5959352 0.25917584 0.45062283 6709 r
 -0.06780248 0.27768433 0.08395615 6902 g
 -8.862736 -4.8733974 0.7128736 6906 a
 -0.61377096 0.2838133 0.4281374 6910 r
 0.026739735 -0.2834437 -0.0063250074 7101 g
 -8.578424 -4.695628 1.5448587 7106 a
 -0.6153963 0.28938568 0.4261494 7109 r
 0.007298659 -0.680521 0.02936135 7302 g
 -8.544906 -4.6321816 2.2864625 7306 a
 -0.5863986 0.2627563 0.45701113 7310 r
 -0.44783556 -0.38331223 0.312988 7507 g
 -8.311471 -4.1760864 2.4756045 7511 a
 -0.5712772 0.23201513 0.49917987 7516 r
 -0.31494382 -0.28371 0.3870239 7702 g
 -6.5505357 -3.900753 3.465607 7706 a
 -0.5763404 0.22519118 0.5460054 7710 r
 0.14578304 0.0036450685 -0.17570205 7902 g
 -8.41921 -4.732738 2.4720132 7907 a
 -0.56240374 0.19974533 0.57831544 7910 r
 0.34711802 0.16236947 -0.5405551 8104 g
 -8.816648 -4.9823337 2.4169466 8107 a
 -0.5799278 0.19608542 0.54482466 8111 r
 0.29944742 0.4470614 0.16358466 8301 g
 -8.429984 -4.876989 1.5951369 8305 a
 -0.59073204 0.21339706 0.5030003 8308 r
 0.12421143 0.89793456 -0.15013571 8506 g
 -9.4774475 -3.90614 -1.2150574 8510 a
 -0.59824747 0.25734293 0.45990953 8514 r
 -0.49364194 1.8739831 0.65733474 8706 g
 -8.422203 -3.0137014 -4.225766 8710 a
 -0.6438194 0.3398577 0.4023942 8715 r
 -0.3181396 1.0835569 0.40753022 8904 g
 -7.455544 -1.9452889 -5.855619 8908 a
 -0.70977026 0.45073694 0.3380244 8911 r
 0.44032866 0.19512635 0.2618553 9104 g
 -8.323442 -2.4247277 -5.710171 9108 a
 -0.71897817 0.5122162 0.29152945 9111 r
 0.07920401 -0.9050255 -0.2558632 9307 g
 -9.886257 -2.7234044 -2.2571337 9311 a
 -0.71257883 0.5152389 0.28980097 9315 r
 0.5628341 -2.6126444 0.29913956 9505 g
 -10.612299 -1.834557 0.7918822 9509 a
 -0.65829337 0.43505585 0.4014344 9513 r
 -0.046497196 -1.1359216 0.43016708 9705 g
 -9.335591 -1.7956513 1.9913772 9709 a
 -0.53884554 0.3739429 0.52289087 9713 r
 -0.9245414 -0.20035307 0.051199272 9913 g
 -8.486248 -2.554613 3.305794 9917 a
 -0.5293944 0.32942468 0.59199125 9921 r
 -0.5245346 -0.64004093 -0.17490311 10104 g
 -7.98586 -2.5893292 3.390788 10112 a
 -0.55123216 0.27971375 0.6104999 10116 r
 0.09251981 -0.010469685 -0.05266401 10308 g
 -8.702325 -2.5133133 2.8245595 10312 a
 -0.5362962 0.24708724 0.6269023 10316 r
 0.18945888 0.5232278 0.042144522 10508 g
 -9.215881 -2.1631613 1.2539631 10511 a
 -0.54565793 0.26108527 0.61810595 10516 r
 0.3700212 0.48248142 -0.25106952 10706 g
 -9.692925 -3.0262709 0.7015011 10710 a
 -0.5672476 0.30395198 0.57738143 10714 r
 0.5407298 0.31550124 -0.76266277 10906 g
 -9.545682 -3.1956608 -1.1360487 10911 a
 -0.5883583 0.325624 0.5017025 10915 r
 -0.05581826 1.4505404 -0.13735253 11108 g
 -9.36073 -3.2267854 -2.5288756 11112 a
 -0.6137354 0.36410975 0.42138168 11117 r
 0.03659343 0.07341989 0.036285568 11306 g
 -9.276335 -3.7792473 -1.1252748 11310 a
 -0.6469333 0.43730193 0.3628985 11315 r
 0.18626308 -0.5090134 -0.110454604 11507 g
 -9.738416 -3.2752678 0.3226187 11511 a
 -0.6197644 0.41164374 0.38038632 11515 r
 0.018483935 -0.25601313 -0.1136504 11709 g
 -9.057863 -4.378995 0.7445967 11714 a
 -0.59530216 0.3920666 0.39241943 11718 r
 0.029935528 -0.8704044 -0.3911518 11907 g
 -8.298902 -4.7375264 1.9608512 11911 a
 -0.58438003 0.34014094 0.4087369 11915 r
 -0.11813623 -0.17744988 -0.107525125 12102 g
 -8.165425 -4.50888 1.9141643 12105 a
 -0.5742436 0.2906831 0.4278185 12109 r
 -0.34557018 0.008438759 0.41818288 12303 g
 -8.910022 -4.0025067 1.8004397 12307 a
 -0.58168894 0.27486646 0.4682751 12311 r
 -0.09869515 -0.14256248 0.14627412 12502 g
 -8.098388 -3.8307228 2.2319946 12506 a
 -0.5763069 0.27133572 0.5003951 12510 r
 0.0075649754 0.12961258 0.056525595 12702 g
 -8.206725 -3.8301241 2.0506337 12707 a
 -0.568379 0.27016532 0.51724905 12711 r
 0.30504006 0.23347586 -0.40420127 12903 g
 -8.662222 -4.490924 0.7206547 12907 a
 -0.57487833 0.28309077 0.48548564 12922 r
 0.06855136 0.5549194 -0.059055597 13108 g
 -8.966884 -3.8522706 -0.7015011 13112 a
 -0.5975849 0.30104542 0.43770495 13116 r
 -0.018267687 0.7993976 0.4072639 13303 g
 -9.066243 -3.8271315 -1.1354501 13307 a
 -0.6266649 0.36951822 0.40007362 13310 r
 0.06402399 0.42442453 0.06877614 13505 g
 -9.22426 -3.8301241 -1.8124107 13508 a
 -0.6295051 0.40365773 0.37981018 13512 r
 0.00996182 -0.19795622 8.6552737E-4 13705 g
 -8.724471 -3.6194344 -0.62847793 13709 a
 -0.63802165 0.41469115 0.37322047 13712 r
 -0.028920332 -0.5180682 -0.11578093 13904 g
 -10.102933 -5.3019595 0.4321534 13908 a
 -0.61719376 0.3930766 0.39196137 13912 r
 -0.099227786 -0.9465708 -0.18182732 14105 g
 -7.9691005 -3.7750576 1.8656816 14109 a
 -0.5830924 0.30192083 0.44540766 14113 r
 -0.61881053 -0.42672175 0.39794284 14305 g
 -8.174403 -3.7523127 2.2296004 14308 a
 -0.5790743 0.2784871 0.5082504 14312 r
 -0.16261102 -0.78891164 0.03415504 14505 g
 -8.391677 -3.9815574 3.957017 14509 a
 -0.5703039 0.24573553 0.55921966 14512 r
 -0.19510159 -0.655221 0.36731648 14706 g
 -8.941146 -2.9113493 3.3010056 14710 a
 -0.55764353 0.22143146 0.5941908 14714 r
 -0.19669949 -0.37479013 0.3361575 14905 g
 -8.42759 -2.3828292 3.4225113 14909 a
 -0.5421535 0.20324406 0.63811857 14913 r
 -0.058747735 -0.20008676 0.2882206 15105 g
 -9.654019 -2.2008698 3.8414967 15117 a
 -0.5264901 0.19619432 0.6724302 15121 r
 0.060295563 -0.09489189 -0.21937789 15306 g
 -8.367136 -2.5570073 4.5220485 15310 a
 -0.5179354 0.19168904 0.6781692 15317 r
 0.024875522 -0.075450815 -0.2044642 15506 g
 -8.087015 -2.7970262 4.486734 15510 a
 -0.49705198 0.16807082 0.6820106 15514 r
 -0.0350456 -0.11593086 -0.15199992 15707 g
 -7.6387005 -3.0418332 4.9428296 15710 a
 -0.48911762 0.15425766 0.6794953 15715 r
 0.013956562 -0.113267705 -0.08462194 15907 g
 -7.4986396 -3.163339 4.9919105 15911 a
 -0.4843738 0.14061585 0.6786676 15915 r
 0.02700605 0.029211415 0.019773971 16109 g
 -7.302315 -2.8862102 4.9158945 16113 a
 -0.48028234 0.13795874 0.6787608 16116 r
 0.14951146 0.32056123 0.25599635 16307 g
 -8.8806925 -2.4612393 3.845088 16311 a
 -0.48024315 0.15646541 0.6782145 16315 r
 0.11648826 0.7386775 0.38143125 16507 g
 -9.179968 -1.3910311 2.4540567 16511 a
 -0.50601405 0.21197218 0.6641167 16515 r
 0.57961196 0.96930724 0.42271024 16708 g
 -10.093954 -0.98461545 1.252766 16711 a
 -0.53566474 0.2947445 0.6323115 16716 r
 0.52821296 0.6577174 -0.08089352 16907 g
 -10.433931 -0.52492875 0.63206923 16911 a
 -0.55434734 0.37263846 0.57639056 16916 r
 0.32341588 0.04252722 -0.049734533 17110 g
 -10.153211 -0.6631939 0.6398504 17114 a
 -0.5425623 0.39413583 0.54910904 17120 r
 0.08959033 0.042793535 -0.0723714 17307 g
 -9.961076 -0.5189432 0.6985083 17311 a
 -0.5428912 0.40561217 0.52831334 17316 r
 -0.09150462 0.060104083 0.11697935 17507 g
 -10.525509 -1.1372458 0.9720459 17511 a
 -0.5509842 0.4197995 0.5246989 17516 r
 -0.11387517 -0.5396398 -0.07556719 17709 g
 -9.348759 -1.7423803 1.6352397 17713 a
 -0.5342694 0.3975255 0.54097825 17717 r
 -0.3967029 -0.19529307 0.10046775 17908 g
 -9.701904 -0.86490536 2.735974 17911 a
 -0.51501095 0.35030073 0.5834777 17916 r
 -0.410285 -0.28371 0.026698189 18108 g
 -9.099762 -2.3702598 3.681085 18112 a
 -0.5193262 0.30657613 0.61889845 18119 r
 -0.29869854 0.22761692 -0.36531913 18309 g
 -7.865551 -3.3123782 4.286818 18313 a
 -0.5191954 0.25169903 0.639996 18317 r
 0.009695504 0.0041777007 -0.1780989 18508 g
 -7.717709 -2.5719712 3.9151182 18512 a
 -0.5146827 0.2194742 0.6366245 18516 r
 6.4075657E-4 0.36237288 0.15958993 18709 g
 -9.348161 -2.7688942 2.5492263 18712 a
 -0.51330227 0.22121713 0.6325348 18716 r
 0.20383994 0.38394448 0.179031 18909 g
 -9.872491 -1.6346412 1.4239515 18912 a
 -0.5339231 0.25960463 0.62027913 18916 r
 0.41715914 0.12987891 -0.11924303 19109 g
 -10.827777 -2.469619 2.3630772 19114 a
 -0.5373438 0.30385244 0.5946594 19117 r
 0.53300667 0.14665681 -0.057191383 19309 g
 -10.644022 -0.90141696 2.6779146 19314 a
 -0.54697585 0.35119373 0.56092745 19318 r
 -0.052622464 1.3442804 -0.044674527 19510 g
 -9.7479925 -1.2844892 1.3617022 19515 a
 -0.53084344 0.37489766 0.5331698 19518 r
 -0.2683385 -0.031774975 0.1824931 19710 g
 -10.475231 -1.2725182 1.4700398 19715 a
 -0.52424514 0.37290353 0.5450949 19719 r
 -0.3857839 -0.27944896 0.17929731 19910 g
 -9.153033 -1.8537107 2.3175871 19914 a
 -0.50339407 0.338421 0.5862101 19918 r
 -0.09816252 -0.20354886 -0.13895042 20108 g
 -7.586028 -0.82599956 3.0065188 20119 a
 -0.5085204 0.30635065 0.60689276 20122 r
 -0.28005642 0.30378333 -0.07823036 20310 g
 -8.475474 -1.471237 2.5791538 20316 a
 -0.5057118 0.27711105 0.6074346 20321 r
 -0.07232986 0.073686205 0.2932806 20510 g
 -8.244433 -2.2056582 2.5677812 20515 a
 -0.51236427 0.26638603 0.6213843 20519 r
 0.18759467 -0.050150786 0.050400324 20711 g
 -9.750985 -1.3545196 2.6198552 20715 a
 -0.51123786 0.2704091 0.63213426 20719 r
 0.23340103 0.29952225 -0.012450278 20911 g
 -9.710283 -1.2557588 1.508347 20916 a
 -0.5301471 0.307442 0.60408527 20919 r
 0.18226834 0.4651709 -0.029760825 21111 g
 -9.288904 -1.496376 0.50637364 21116 a
 -0.54235655 0.35194808 0.56502503 21119 r
 0.52954453 0.15704314 -0.12270515 21312 g
 -11.08276 -1.5825673 0.11252748 21316 a
 -0.5516415 0.39603364 0.51833886 21320 r
 -0.17619313 0.5698331 0.12150672 21511 g
 -9.421184 -1.258153 0.56203884 21515 a
 -0.5537005 0.41457117 0.4912193 21519 r
 -0.016403474 -1.0677446 0.41472074 21712 g
 -7.790134 -1.0690111 2.557606 21717 a
 -0.51671326 0.40699124 0.54376894 21720 r
 -0.45875454 0.021221932 0.70686954 21912 g
 -8.875306 1.3215994 3.353678 21917 a
 -0.45076883 0.3644057 0.63449186 21921 r
 -0.33012384 -0.100218214 0.112984605 22112 g
 -11.3640785 0.3333926 1.3491327 22117 a
 -0.43953404 0.3626448 0.6636432 22120 r
 -1.5120348 -0.8581539 -0.78023964 22312 g
 -8.456919 -2.9346926 1.5981296 22317 a
 -0.46627086 0.31316143 0.6623288 22320 r
 0.15563673 -0.0014149374 -0.34561172 22514 g
 -9.066243 -3.2836475 3.719991 22517 a
 -0.52068806 0.25660002 0.63149244 22521 r
 0.2610979 -0.87493175 -0.85693866 22714 g
 -5.035006 -4.3957543 6.616975 22717 a
 -0.5259747 0.22962296 0.58934087 22721 r
 0.027538683 0.91311455 0.11964251 22914 g
 -6.4368114 -4.9081135 3.0945058 22917 a
 -0.49686792 0.17994064 0.5857776 22921 r
 -0.16420892 -0.44110283 0.27517113 23114 g
 -8.069656 -4.2437224 3.9348705 23118 a
 -0.5065886 0.19925702 0.5779503 23121 r
 0.25124422 0.1679621 0.08768458 23314 g
 -7.9421654 -2.1003134 3.6254199 23317 a
 -0.51992446 0.20878717 0.5785398 23321 r
 -0.030251913 -8.8230526E-4 0.012583436 23514 g
 -9.014768 -4.1521444 3.2465374 23518 a
 -0.5095989 0.21678627 0.57169837 23521 r
 -0.02625717 -0.16919409 0.011518172 23715 g
 -8.974067 -4.1078515 3.9785647 23719 a
 -0.5275978 0.2197097 0.5742639 23723 r
 -0.09549936 0.051049337 -0.077697724 23914 g
 -8.103176 -3.493739 3.9426517 23918 a
 -0.5273819 0.21212545 0.5761551 23922 r
 -0.0978962 0.008705075 -0.03561978 24115 g
 -7.9068513 -3.5865142 3.6553473 24118 a
 -0.52224296 0.19932032 0.5785561 24122 r
 -0.0845804 -0.13723615 -0.012183961 24315 g
 -8.443152 -4.115034 3.9869444 24319 a
 -0.52455765 0.19335833 0.58282584 24323 r
 -0.06513932 -0.149753 0.06025402 24515 g
 -8.254609 -3.899556 4.0013094 24519 a
 -0.5281955 0.18015298 0.59092134 24522 r
 0.07148084 -0.05547711 0.095141426 24716 g
 -7.788338 -3.208829 3.6403837 24719 a
 -0.5254102 0.1826984 0.5964034 24723 r
 0.14418514 -0.024584439 0.08981511 24916 g
 -8.418014 -3.063381 4.301782 24919 a
 -0.5148078 0.1921691 0.59856254 24923 r
 -0.22945637 0.14905366 0.17982996 25116 g
 -8.649054 -2.1505916 3.4727895 25124 a
 -0.5201219 0.20232138 0.6025314 25125 r
 -0.22732583 -0.061069746 0.92365086 25315 g
 -9.183559 -1.4993688 3.4799721 25319 a
 -0.51680154 0.21477395 0.6476689 25325 r
 0.507174 0.26942855 0.38462704 25516 g
 -8.5473 -1.1348516 1.7112557 25520 a
 -0.5269536 0.26656002 0.6615669 25524 r
 0.98760825 0.32029492 0.015512913 25717 g
 -12.053609 0.8750807 1.3192052 25720 a
 -0.5159323 0.3661191 0.61645406 25724 r
 -0.19270474 0.38234657 -0.5349625 25916 g
 -10.420164 -1.365892 1.5059528 25920 a
 -0.49160248 0.39834124 0.57109374 25924 r
 0.36176538 -1.1359216 -0.8039417 26117 g
 -7.2005615 -0.8230068 2.8215668 26121 a
 -0.49427477 0.36853302 0.5714945 26124 r
 -0.09043935 -0.815277 0.006990798 26317 g
 -10.205883 -1.5729905 3.6828809 26320 a
 -0.44827008 0.29558933 0.59425277 26324 r
 -0.31973752 0.06090303 0.27064374 26517 g
 -8.66701 -1.4323312 4.8919525 26520 a
 -0.43961713 0.28339833 0.62170595 26524 r
 0.040321857 -0.97213715 -0.24174845 26718 g
 -6.4870896 -1.7980455 8.021772 26721 a
 -0.40500522 0.24335498 0.64859813 26725 r
 -0.13012046 -0.88185596 -0.24068318 26917 g
 -4.896741 -2.6928782 7.5327573 26921 a
 -0.36306566 0.18251967 0.6614818 26924 r
 -0.19643316 -0.43018386 -0.01165133 27117 g
 -4.585495 -3.0113072 7.5884223 27121 a
 -0.32715526 0.12086706 0.68163913 27124 r
 0.09811245 0.09525781 -0.09820406 27318 g
 -6.253655 -2.5635915 7.3873096 27321 a
 -0.3122772 0.10015111 0.68282396 27325 r
 0.045381863 -0.09622347 -0.14134727 27517 g
 -5.90889 -2.343325 7.5309615 27521 a
 -0.32330498 0.11024356 0.67994124 27525 r
 0.119684055 -0.0834403 -0.15519571 27718 g
 -4.8722005 -2.3876176 7.900267 27721 a
 -0.32117805 0.11778118 0.6732418 27726 r
 -0.043567717 0.00897139 -0.01644502 27918 g
 -5.1846437 -2.0201077 7.5926123 27923 a
 -0.31297386 0.10850306 0.6767064 27927 r
 0.117553525 -0.091429785 0.011251856 28118 g
 -5.1846437 -2.315193 7.7081323 28121 a
 -0.30405244 0.11368428 0.67214316 28125 r
 -0.055285625 -0.2751879 0.03415504 28318 g
 -5.113416 -2.333748 8.016386 28321 a
 -0.2913007 0.10535742 0.68124515 28326 r
 -0.0283877 -0.115131915 0.07862983 28519 g
 -4.5274353 -1.7160441 7.901464 28522 a
 -0.28186047 0.097754925 0.6892484 28527 r
 -0.10455411 0.11975889 0.11724567 28719 g
 -4.8901567 -2.0147207 8.182184 28722 a
 -0.2738366 0.09353319 0.69664365 28728 r
 -0.10908148 -0.31806478 0.21711421 28919 g
 -3.618836 -1.8154035 8.198345 28923 a
 -0.2792385 0.08274162 0.71001726 28927 r
 -0.28511643 -0.3231248 0.27756795 29119 g
 -3.8899791 -3.083732 7.86615 29124 a
 -0.26882237 0.050275102 0.73864704 29127 r
 -0.054486677 0.52802145 0.40460074 29319 g
 -6.5128274 -2.191293 7.0688806 29323 a
 -0.29223981 0.046562105 0.7594443 29327 r
 -0.08884145 0.68141955 0.32071117 29519 g
 -7.2143283 -1.6280571 6.6307416 29523 a
 -0.34847417 0.09558658 0.75631815 29527 r
 0.11116194 0.22175796 0.09647301 29720 g
 -7.7949224 -2.4301147 6.9557543 29725 a
 -0.3714018 0.12817594 0.7577016 29728 r
 -0.061943527 0.432414 0.1278983 29920 g
 -7.8829093 -2.0667946 6.297349 29924 a
 -0.38910377 0.15363964 0.7514352 29927 r
 0.062426094 0.076882 -0.025233451 30120 g
 -7.4986396 -1.4586674 6.22672 30136 a
 -0.39498714 0.16231218 0.74789745 30140 r
 0.055235557 0.22761692 0.012849752 30327 g
 -7.5566993 -1.3024458 6.011242 30331 a
 -0.39848992 0.17532521 0.7406288 30338 r
 0.032332372 0.12375363 0.021638183 30520 g
 -7.900267 -1.1563994 5.7143607 30525 a
 -0.4043587 0.1855798 0.73574346 30528 r
 0.043251332 0.044924065 0.008056062 30721 g
 -8.037933 -1.2150574 5.7808 30725 a
 -0.41052786 0.19546562 0.73137337 30729 r
 -0.01880032 -0.19502674 -0.04360926 30921 g
 -7.4483614 -1.3623008 6.117185 30926 a
 -0.4087016 0.19247574 0.73277944 30929 r
 -0.0896404 -0.21526676 -0.046272423 31121 g
 -6.9599442 -1.7651252 6.5140243 31125 a
 -0.39547998 0.17543286 0.7403286 31129 r
 -0.08750988 -0.18384147 -0.03561978 31321 g
 -6.7283053 -1.8614918 6.564901 31325 a
 -0.38543284 0.15486279 0.74817127 31329 r
 0.019815516 7.1559136E-4 -0.009254484 31522 g
 -7.019799 -1.5316905 6.542156 31526 a
 -0.3804005 0.14619541 0.750637 31530 r
 0.04218607 0.023885092 0.0043276367 31722 g
 -7.2747817 -1.5981296 6.405088 31726 a
 -0.38043407 0.15053463 0.7493356 31730 r
 0.009695504 0.020955615 0.015246597 31917 g
 -7.1939774 -1.5861586 6.4362125 31919 a
 -0.3831889 0.15516719 0.74826807 31920 r
 -0.0065497784 -0.026448652 -0.012716594 32119 g
 -7.01142 -1.7052702 6.4846954 32121 a
 -0.3828049 0.15519568 0.74818474 32122 r
 -0.009212939 -0.013931794 -0.005259743 32322 g
 -7.2484455 -1.7052702 6.489484 32326 a
 -0.3813988 0.15209666 0.74906904 32330 r
 -0.0696667 0.03773353 0.0037950044 32522 g
 -7.1939774 -1.8148049 6.4248405 32526 a
 -0.38405693 0.15204445 0.7484798 32529 r
 -0.08697724 -0.030443393 -1.9973709E-4 32724 g
 -6.8444242 -1.9686323 6.5828576 32727 a
 -0.3860847 0.14493945 0.75086516 32731 r
 -0.01880032 -0.10740875 -0.04360926 32923 g
 -6.8103065 -1.8752584 6.721721 32926 a
 -0.38152537 0.1354464 0.7534645 32930 r
 0.016886039 -0.10394664 -0.042810313 33123 g
 -6.801927 -2.0566192 6.7103486 33126 a
 -0.37702757 0.12816069 0.75501937 33130 r
 -0.013207681 -0.039231826 -0.0060586915 33324 g
 -6.747459 -2.0290859 6.783372 33327 a
 -0.375423 0.12488705 0.7556028 33331 r
 0.0022386531 -0.04162867 -0.018841865 33523 g
 -6.7492547 -1.8614918 6.7265096 33527 a
 -0.37398797 0.122343495 0.7560981 33531 r
 -0.059813 -0.041894987 -0.014048175 33724 g
 -6.4098763 -2.19668 6.9198413 33728 a
 -0.3733255 0.118672535 0.7565327 33731 r
 -0.031317174 -0.07624976 -0.023102922 33924 g
 -6.4140663 -2.0913353 6.84203 33928 a
 -0.36985564 0.10999544 0.7586294 33932 r
 0.008896556 -0.1329751 -0.06331666 34124 g
 -6.2219315 -2.3840263 7.025785 34127 a
 -0.3642952 0.10139574 0.759494 34131 r
 -0.017202422 -0.060537115 -0.017243968 34324 g
 -6.2327056 -2.428319 7.1101804 34328 a
 -0.36076647 0.094556004 0.7601941 34331 r
 -0.009212939 -0.032307606 -0.00818922 34525 g
 -6.2063694 -2.4833858 7.1754227 34529 a
 -0.35982084 0.09071553 0.76090556 34533 r
 -0.026523486 -0.035769716 -0.008455536 34725 g
 -6.118981 -2.4396915 7.057508 34729 a
 -0.3580993 0.0870499 0.76178914 34732 r
 -0.023860326 -0.04642236 -0.018841865 34925 g
 -5.963358 -2.5192988 7.176021 34928 a
 -0.3559561 0.0833668 0.76256305 34932 r
 -0.013207681 -0.03763393 -0.017243968 35125 g
 -5.9543796 -2.634819 7.2765775 35140 a
 -0.3530962 0.07888666 0.7629964 35147 r
 -0.003353985 0.015629293 -0.0055260593 35325 g
 -5.9346275 -2.5725696 7.199963 35328 a
 -0.35225293 0.07616347 0.76313215 35333 r
 0.015021826 0.0438588 -9.986854E-4 35525 g
 -6.172252 -2.4756045 7.1832037 35529 a
 -0.35323235 0.0779331 0.7623201 35533 r
 0.015021826 0.081675686 0.019507654 35726 g
 -6.421249 -2.5007436 7.0706763 35731 a
 -0.35682034 0.08379795 0.76039106 35734 r
 0.020081833 0.10564414 -0.0012650015 35926 g
 -6.409278 -2.3253684 6.903082 35929 a
 -0.3628792 0.09065622 0.75787157 35933 r
 0.015820775 0.11097046 8.6552737E-4 36126 g
 -6.570288 -2.3523033 6.8809357 36130 a
 -0.3655364 0.097743586 0.7548365 36134 r
 0.0038365498 0.038532477 -1.9973709E-4 36327 g
 -6.573281 -2.3702598 6.877943 36331 a
 -0.36927983 0.10253768 0.7529065 36335 r
 -0.017202422 0.014564029 0.004593953 36526 g
 -6.5098343 -2.3265655 6.901885 36530 a
 -0.3703448 0.10337129 0.75242454 36534 r
 -0.017735055 0.024151409 0.016844494 36727 g
 -6.317101 -2.3558946 6.88333 36731 a
 -0.37000105 0.10243708 0.7529834 36735 r
 0.06136083 -0.03070971 0.009121327 36927 g
 -6.601413 -2.1051018 6.895301 36931 a
 -0.36827245 0.103524655 0.7541079 36935 r
 0.047778707 0.06250093 0.026698189 37127 g
 -6.743269 -2.03567 6.7666125 37131 a
 -0.36919332 0.11160536 0.7528892 37135 r
 0.031533424 0.097388335 0.026431873 37327 g
 -6.7306995 -2.1164744 6.6870055 37331 a
 -0.37079227 0.11964476 0.75130445 37335 r
 0.07227979 0.020156667 -0.020706078 37528 g
 -6.7265096 -1.8848352 6.7450647 37532 a
 -0.37171328 0.12443954 0.7497873 37536 r
 0.08612823 0.112568356 -0.01165133 37728 g
 -6.9665284 -1.8357542 6.5481415 37732 a
 -0.3726904 0.13428277 0.74444014 37736 r
 0.07680716 0.12641679 0.009920275 37927 g
 -7.2502413 -1.7986441 6.467936 37932 a
 -0.37704664 0.14574346 0.7394585 37935 r
 -0.0017560885 0.05025039 0.025100293 38128 g
 -7.1490865 -1.7609353 6.5218053 38132 a
 -0.38298714 0.15646377 0.7348035 38136 r
 -0.03797508 -0.058140267 0.008056062 38327 g
 -6.989872 -1.6807296 6.4858923 38332 a
 -0.38100767 0.15292153 0.7379498 38335 r
 -0.031317174 -0.03816656 0.0019307918 38528 g
 -6.904279 -1.9111716 6.63134 38532 a
 -0.37778825 0.148487 0.74066967 38536 r
 -0.026789803 -0.048819203 -9.986854E-4 38729 g
 -6.9342065 -1.8369513 6.6588736 38734 a
 -0.37628192 0.14289668 0.7434704 38737 r
 6.4075657E-4 4.4927528E-4 0.0032623722 38928 g
 -7.0066314 -1.8495208 6.6522894 38933 a
 -0.37623838 0.14289406 0.74348384 38936 r
 -0.0041529336 0.012966133 0.0051265853 39128 g
 -7.183802 -1.9572599 6.7546415 39133 a
 -0.37685695 0.143159 0.743843 39136 r
 0.0038365498 -0.03417182 -0.016711336 39332 g
 -6.4583592 -1.1976994 6.6522894 39336 a
 -0.37699887 0.14321485 0.7435872 39339 r
 -0.063275106 0.09392623 0.120175146 39529 g
 -7.4256167 -1.6525977 6.211756 39533 a
 -0.37437314 0.14273125 0.74692136 39537 r
 0.015021826 0.15677683 0.06504771 39730 g
 -7.2610154 -1.4945804 6.303933 39734 a
 -0.38554934 0.15271479 0.7463202 39737 r
 -1.5819176E-4 -0.109272964 -0.051865064 39930 g
 -6.711546 -1.7525556 6.669647 39934 a
 -0.3836543 0.15389258 0.7447979 39938 r
 0.044316597 -0.1164635 -0.050267164 40130 g
 -7.0006456 -1.6226702 6.5206084 40141 a
 -0.37552345 0.14472535 0.74533397 40150 r
 -0.04623088 0.12907995 0.039747678 40330 g
 -7.409456 -1.8776526 6.0040593 40334 a
 -0.37811148 0.14435554 0.7463792 40338 r
 0.24485263 0.7216333 0.07570035 40531 g
 -8.198345 -1.1270704 4.84347 40534 a
 -0.40798235 0.18230942 0.72898704 40538 r
 0.30796954 0.6151068 0.033089776 40731 g
 -8.866327 -0.9008184 4.2263646 40735 a
 -0.43519363 0.23587221 0.6979684 40738 r
 0.213161 0.56237626 0.015512913 40931 g
 -9.663596 -0.7068881 2.973 40934 a
 -0.46323258 0.2857157 0.6632566 40938 r
 0.20943259 0.37196025 0.033888724 41131 g
 -9.650429 -0.5255273 2.693477 41135 a
 -0.4810681 0.32420027 0.6382547 41139 r
 0.28320214 0.25771064 -0.031891353 41331 g
 -9.672575 -0.28431144 2.3235726 41335 a
 -0.4871429 0.3580302 0.6128493 41338 r
 0.03579448 0.12828101 0.087151945 41531 g
 -10.065224 -0.25198972 2.3511062 41535 a
 -0.48607454 0.37902308 0.60057205 41538 r
 -0.15462153 -0.14202984 0.12736568 41732 g
 -9.623494 -0.24301147 2.4821887 41736 a
 -0.4889835 0.38049954 0.60627264 41740 r
 -0.09869515 -0.16839513 0.033356093 41931 g
 -9.3822775 -0.023343466 3.0190883 41935 a
 -0.48315457 0.36965245 0.62229913 41939 r
 -0.14050677 -0.2834437 -0.020972393 42132 g
 -9.36911 -0.26874915 3.447052 42136 a
 -0.47439286 0.35279113 0.63513273 42139 r
 -0.34876597 -0.49942607 0.012849752 42333 g
 -8.787319 -0.5129577 4.4999022 42336 a
 -0.4624874 0.31969684 0.6613793 42340 r
 -0.456624 -0.9167434 -0.0739693 42532 g
 -7.04015 -1.5071499 5.93343 42536 a
 -0.4352496 0.25700462 0.7045756 42539 r
 -0.08351513 -0.3939649 -0.15759255 42738 g
 -6.894104 -1.6723499 6.6067996 42742 a
 -0.39922836 0.18816093 0.73735124 42746 r
 0.011559717 -0.124186665 -0.088616684 42942 g
 -7.119757 -1.721431 6.2303114 42946 a
 -0.3896765 0.17331612 0.73577815 42951 r
 0.038191326 0.24306326 0.07064035 43133 g
 -8.049905 -1.1893197 5.6724625 43137 a
 -0.39266387 0.17538369 0.7356308 43141 r
 0.12101564 0.35012233 0.039747678 43340 g
 -8.546103 -1.1270704 5.2265425 43344 a
 -0.40909025 0.20272148 0.7236572 43348 r
 0.030734478 0.11869363 0.014980281 43539 g
 -8.22528 -1.0791864 5.3139305 43543 a
 -0.42237666 0.2228837 0.7133413 43546 r
 -0.0065497784 -0.06612975 -0.02257029 43740 g
 -7.94037 -1.2084733 5.457583 43744 a
 -0.42244628 0.22385156 0.7123453 43748 r
 -0.015071894 -0.04296025 -0.007123956 43940 g
 -7.8972745 -1.1528081 5.4192758 43944 a
 -0.41863033 0.21848494 0.7144187 43948 r
 0.0152881425 0.0033787524 -0.002330266 44139 g
 -8.046313 -1.1372458 5.3881507 44144 a
 -0.41779378 0.21731636 0.7150764 44148 r
 0.041919753 0.048918806 -0.024967136 44334 g
 -8.157643 -1.1593921 5.2498856 44346 a
 -0.41904536 0.22137642 0.7121149 44350 r
 0.019016568 0.07874621 -4.660532E-4 44541 g
 -8.282741 -1.0432734 5.1762643 44545 a
 -0.42128584 0.22621357 0.7086342 44549 r
 -0.0038866173 0.035603 0.004593953 44740 g
 -8.223484 -1.1384429 5.2462945 44744 a
 -0.42375514 0.23078623 0.7063398 44748 r
 -0.0049518817 -0.014997059 -0.005792375 44940 g
 -8.133103 -1.049259 5.2702365 44944 a
 -0.42399684 0.23044774 0.7064249 44948 r
 0.0049018143 -0.01845917 6.657903E-5 45139 g
 -8.143278 -1.1504139 5.2079873 45151 a
 -0.4228841 0.22899634 0.70722705 45156 r
 0.009695504 0.013232448 -9.986854E-4 45331 g
 -8.131308 -1.0749966 5.2103815 45332 a
 -0.42317373 0.22947484 0.7069369 45333 r
 0.008630239 0.015096661 0.0035286883 45543 g
 -8.23366 -1.0929531 5.1678843 45547 a
 -0.42387658 0.23116034 0.70601004 45551 r
 0.0059670787 0.00763981 -0.0012650015 45740 g
 -8.214506 -1.0073603 5.134964 45744 a
 -0.42501256 0.23218167 0.7054592 45748 r
 -0.0065497784 -0.0070075756 0.004860269 45940 g
 -8.18398 -1.0905589 5.1607018 45944 a
 -0.4252128 0.23274419 0.7052644 45948 r
 -0.012941365 0.007906126 0.004860269 46139 g
 -8.158841 -1.0821792 5.2199583 46143 a
 -0.42533737 0.23174077 0.70595735 46146 r
 -0.009212939 -0.0040780986 -0.0012650015 46340 g
 -8.197148 -1.074398 5.2361193 46344 a
 -0.42527032 0.23130307 0.7061886 46348 r
 0.019282885 7.1559136E-4 -0.009254484 46540 g
 -8.2276745 -1.1240777 5.2049947 46552 a
 -0.42515793 0.23190176 0.7057193 46554 r
 0.00996182 0.0028461202 -0.0012650015 46741 g
 -8.22947 -0.9816227 5.145738 46745 a
 -0.425425 0.23233014 0.70543283 46749 r
 0.014222878 0.05078302 0.0043276367 46939 g
 -8.303091 -1.1127052 5.1235914 46943 a
 -0.4258292 0.23495689 0.70370287 46947 r
 -0.016669791 -0.0056759953 0.0037950044 47140 g
 -8.209718 -1.0618285 5.1960163 47144 a
 -0.4272262 0.23570937 0.70325106 47148 r
 -0.016669791 -0.028845496 -0.0039281626 47340 g
 -8.16722 -1.1761516 5.2642508 47344 a
 -0.42609248 0.23306563 0.7048153 47348 r
 -0.012675049 0.0049766493 0.002996056 47541 g
 -8.245032 -1.0953473 5.1481323 47545 a
 -0.42574397 0.23110521 0.7058318 47549 r
 -9.571401E-4 0.009770339 0.0051265853 47740 g
 -8.254609 -1.2282255 5.1660886 47744 a
 -0.4263324 0.23119754 0.7057876 47748 r
 -0.003353985 -0.008339156 -0.004460795 47939 g
 -8.169016 -1.1282675 5.2139726 47942 a
 -0.42679065 0.23079562 0.70575684 47946 r
 -0.0025550367 -0.005409679 -0.002330266 48139 g
 -8.261791 -1.0313023 5.0918684 48143 a
 -0.42600504 0.22961113 0.7062307 48147 r
 -0.003087669 0.02548299 0.022703448 48340 g
 -8.228272 -1.1318588 5.134964 48344 a
 -0.42664036 0.23085558 0.70609754 48348 r
 0.016886039 0.0071071777 -0.0015313176 48540 g
 -8.227076 -1.0564415 5.1906295 48545 a
 -0.4279696 0.23072222 0.706858 48549 r
 -0.012675049 0.006840862 0.0016644757 48741 g
 -8.236652 -1.091756 5.193622 48745 a
 -0.42734948 0.23312014 0.70464116 48749 r
 0.024076574 -0.013132846 -0.016977651 48940 g
 -8.241441 -1.1097125 5.1158104 48943 a
 -0.42709675 0.23182711 0.7056902 48947 r
 -0.0070824106 0.006840862 0.0067244815 49140 g
 -8.243237 -1.1025299 5.1798553 49144 a
 -0.42722413 0.23268843 0.7049293 49148 r
 9.070727E-4 0.0020471718 -0.0065913238 49343 g
 -8.2354555 -1.1288661 5.1409497 49353 a
 -0.42738354 0.23257408 0.70501 49357 r
 -0.003353985 0.0041777007 0.00272974 49540 g
 -8.141483 -1.039682 5.155315 49545 a
 -0.4274664 0.23260552 0.7048622 49549 r
 0.04751239 0.028678782 -0.010586065 49740 g
 -8.34499 -1.1109096 5.0236335 49743 a
 -0.4270325 0.23373216 0.70415014 49747 r
 0.004635498 0.042793535 0.012849752 49939 g
 -8.385093 -1.0588357 5.0421886 49943 a
 -0.4294622 0.23840678 0.7010601 49947 r
 -0.010011888 -0.0062086275 0.0013981595 50140 g
 -8.231265 -1.0534488 5.107431 50144 a
 -0.43021733 0.23891884 0.7009588 50156 r
 -0.01400663 -0.022720225 -0.0017976337 50339 g
 -8.250419 -1.1001357 5.08708 50343 a
 -0.42892492 0.23691142 0.70203155 50348 r
 -0.008946624 0.019357719 0.0019307918 50540 g
 -8.306683 -1.0534488 5.0810947 50543 a
 -0.4288152 0.23610488 0.70249766 50549 r
 -0.0012234562 -0.0038117825 -0.002596582 50741 g
 -8.237849 -1.1168951 5.1122193 50745 a
 -0.42898455 0.23631218 0.70237595 50750 r
 0.0035702337 0.0031124363 -7.323693E-4 50939 g
 -8.273164 -1.062427 5.1289787 50943 a
 -0.42875513 0.23574424 0.70262784 50948 r
 -0.0012234562 -3.4967304E-4 -0.0015313176 51140 g
 -8.251018 -1.0384849 5.109825 51143 a
 -0.42862254 0.23589 0.70253426 51148 r
 0.007298659 -0.01153495 -0.0060586915 51341 g
 -8.222287 -1.0570401 5.0882773 51345 a
 -0.42867962 0.23594779 0.7025263 51349 r
 0.006766027 -0.0032791502 0.0016644757 51540 g
 -8.276755 -1.0630256 5.1223946 51553 a
 -0.428358 0.23599714 0.70251435 51555 r
 -0.0022887206 0.007373494 3.3289514E-4 51742 g
 -8.242638 -1.033098 5.0787005 51745 a
 -0.42851076 0.2363492 0.7023141 51750 r
 0.0014397049 1.8295916E-4 -7.323693E-4 51942 g
 -8.249222 -1.1372458 5.1523223 51946 a
 -0.4284351 0.23627901 0.7024135 51950 r
 -0.006283462 0.010569287 3.3289514E-4 52141 g
 -8.284536 -1.0929531 5.096657 52145 a
 -0.42848277 0.23596403 0.70243865 52149 r
 -0.006017146 0.0020471718 0.002197108 52342 g
 -8.257602 -1.0348936 5.0840874 52345 a
 -0.42866117 0.23615289 0.70222384 52350 r
 0.007831291 -0.0014149374 -0.0055260593 52543 g
 -8.171411 -0.98940384 5.1601033 52548 a
 -0.42839748 0.23622459 0.70223767 52552 r
 -0.008147675 0.002579804 0.0024634239 52742 g
 -8.22947 -1.2108675 5.0038815 52746 a
 -0.42704627 0.23624632 0.7020535 52750 r
 -0.009479255 0.0057755974 0.004593953 52945 g
 -8.242638 -0.97982705 5.149928 52950 a
 -0.42704627 0.23624632 0.7020535 52956 r
 0.0054344465 -8.335694E-5 -0.005792375 53148 g
 -8.291121 -1.1450269 5.0876784 53152 a
 -0.4275739 0.23557353 0.7023608 53165 r
 -0.012941365 -0.011801266 0.00272974 53349 g
 -8.238448 -1.1240777 5.127183 53352 a
 -0.428277 0.23510903 0.70267326 53365 r
 -0.023860326 -0.004610731 0.011784487 53550 g
 -8.201338 -1.0881647 5.145738 53562 a
 -0.42821616 0.2335693 0.7038469 53567 r
 -0.0049518817 -0.026981283 -0.004460795 53756 g
 -8.181585 -1.091756 5.185242 53766 a
 -0.4275186 0.23191851 0.70487744 53770 r
 -0.0012234562 0.015629293 -0.0015313176 53949 g
 -8.263587 -1.0666169 5.129577 53952 a
 -0.4270195 0.23166418 0.7049653 53965 r
 0.00996182 0.0057755974 -0.0055260593 54145 g
 -8.258799 -1.1186907 5.1200004 54150 a
 -0.42766804 0.23258248 0.7044607 54162 r
 -0.0017560885 0.0060419133 0.0019307918 54351 g
 -8.246229 -1.0839748 5.0918684 54363 a
 -0.42797226 0.23308879 0.7040135 54367 r
 0.0027712854 0.0012482236 3.3289514E-4 54548 g
 -8.242638 -1.1474211 5.1241903 54563 a
 -0.42786822 0.23297387 0.7040859 54567 r
 -0.0070824106 0.014564029 0.00272974 54751 g
 -8.265982 -1.0384849 5.134964 54764 a
 -0.42820552 0.23321244 0.7038378 54768 r
 -0.0065497784 0.004710333 -4.660532E-4 54951 g
 -8.230667 -1.1683705 5.1158104 54965 a
 -0.42818895 0.23317546 0.70403713 54969 r
 -0.0025550367 -3.4967304E-4 -0.0012650015 55150 g
 -8.219893 -1.1372458 5.1200004 55168 a
 -0.42836854 0.23301458 0.70392793 55171 r
 -1.5819176E-4 0.012699816 0.004061321 55349 g
 -8.287529 -1.1204864 5.2020016 55356 a
 -0.4281809 0.23303863 0.7038304 55368 r
 0.004635498 0.018026138 0.0037950044 55557 g
 -8.245032 -1.0229226 5.1966147 55567 a
 -0.42841062 0.23408198 0.70330554 55571 r
 0.01342393 -0.0272476 -0.0100534335 55752 g
 -8.099585 -1.1300632 5.1541176 55766 a
 -0.42813912 0.23421979 0.70344573 55769 r
 0.09038928 0.054511447 -0.0129829105 55950 g
 -8.349778 -1.0145429 4.8015714 55963 a
 -0.42783847 0.23651049 0.7018109 55967 r
 0.12634195 0.28966856 -0.00818922 56153 g
 -8.684368 -0.8451532 4.1683054 56166 a
 -0.43726814 0.2545244 0.68901247 56169 r
 0.1633599 0.3831455 -0.007656588 56350 g
 -9.035717 -0.7846996 3.6463692 56365 a
 -0.45167366 0.2815023 0.6696643 56369 r
 0.23739578 0.39060238 -0.054261908 56549 g
 -9.232041 -0.7098808 2.9311013 56563 a
 -0.46728092 0.31329006 0.6439286 56567 r
 0.27334845 0.40072238 -0.08115983 56752 g
 -9.959879 -0.6841431 2.1619642 56765 a
 -0.4801898 0.34662884 0.61367553 56769 r
 0.11409142 0.2206927 -0.01165133 56951 g
 -9.795278 -0.59735334 1.9877859 56964 a
 -0.4915172 0.3753469 0.586682 56968 r
 0.10823246 0.14212945 0.02589924 57151 g
 -9.733028 -0.5231331 1.9321208 57164 a
 -0.49469545 0.3910578 0.5750217 57168 r
 0.006499711 -0.0019475697 0.037883468 57363 g
 -9.755774 -0.4225766 1.9446903 57367 a
 -0.49289796 0.39956427 0.5703637 57371 r
 -0.1093478 -0.11965929 0.04800348 57568 g
 -9.691729 -0.3788824 2.295441 57571 a
 -0.4904952 0.39575577 0.5783232 57575 r
 -0.17512788 -0.21180466 0.029095035 57763 g
 -9.718663 -0.44532153 2.7820623 57767 a
 -0.4855945 0.38153917 0.593692 57771 r
 -0.31734067 -0.39183435 0.09913617 57963 g
 -9.188946 -0.47465047 3.66253 57968 a
 -0.4767873 0.3550672 0.6199725 57973 r
 -0.47899455 -0.7713348 0.024301345 58152 g
 -7.328053 -1.1079168 5.0308166 58165 a
 -0.4575924 0.3045299 0.66436774 58169 r
 -0.2185374 -0.61633885 -0.075833514 58352 g
 -7.4441714 -1.5167267 5.9029045 58366 a
 -0.42342427 0.23332682 0.7099847 58370 r
 -0.025191905 -0.14762248 -0.060653493 58564 g
 -7.511808 -1.620276 5.841852 58568 a
 -0.41518426 0.20891917 0.71687967 58572 r
 0.001706021 0.053978812 0.014980281 58764 g
 -8.037933 -1.1318588 5.234922 58768 a
 -0.4123218 0.20069364 0.7201405 58772 r
 0.15643568 0.41483715 0.016045546 58956 g
 -8.710705 -1.1887212 4.571728 58966 a
 -0.42437655 0.22343805 0.70807654 58970 r
 0.090921916 0.4041845 0.02802977 59156 g
 -8.862138 -0.7260417 4.1641154 59166 a
 -0.44600138 0.2553426 0.6881625 59171 r
 0.10530299 0.21163794 -4.660532E-4 59356 g
 -9.124303 -0.8858546 3.8067808 59367 a
 -0.45555133 0.2771948 0.67430323 59370 r
 0.02434289 0.26942855 0.007789746 59562 g
 -9.22426 -0.53450555 3.7942111 59569 a
 -0.4654756 0.293692 0.66220516 59573 r
 -0.03105086 -0.07624976 -0.0065913238 59766 g
 -9.200318 -0.9343372 3.9869444 59769 a
 -0.4675936 0.2998525 0.6579475 59773 r
 -0.2052216 -0.33937007 0.03548662 59963 g
 -8.726267 -1.1659763 5.079299 59967 a
 -0.46249357 0.2806676 0.673307 59971 r
 0.017418671 -0.3761217 -0.135222 60313 g
