 -0.12532677 -0.27891633 -0.13868411 2 g
 1.4083891 0.32680854 9.449914 4 a
 0.17534412 1.1812949 -0.12297146 102 g
 3.472191 0.18674773 6.921637 106 a
 0.011559717 0.51417303 0.00885501 315 g
 2.6761189 0.21188685 7.1047935 319 a
 -0.19456895 -0.5763914 -0.14880413 506 g
 0.35254622 -1.0001777 11.489176 511 a
 0.14871252 -0.5577493 -0.031891353 706 g
 -0.20649989 0.26635495 10.726623 712 a
 -0.22812478 0.16663052 0.20672788 909 g
 0.25198972 0.81163436 9.946711 915 a
 -0.044100348 0.19219688 -4.660532E-4 1107 g
 1.4999673 0.83378077 8.915408 1112 a
 0.15137567 0.42655504 -0.042277683 1311 g
 0.91697925 0.6512229 8.9998045 1315 a
 0.040854488 -0.4142049 0.04454137 1511 g
 -0.22565351 -0.39085343 11.146805 1515 a
 -0.04623088 -0.34949008 -0.108590394 1706 g
 0.16579847 0.99060094 9.960478 1710 a
 0.06136083 0.32295808 0.044807684 1908 g
 0.3513491 0.5793968 9.988011 1915 a
 0.001706021 0.2835433 0.03149188 2111 g
 2.0278888 0.3549404 8.463503 2115 a
 0.10237351 0.34186652 -0.04041347 2308 g
 0.6278794 0.30166942 8.962694 2313 a
 -0.037176132 -0.5873104 -0.04041347 2511 g
 -0.32800564 -0.3226187 11.644798 2515 a
 -0.01800137 -0.12871404 -0.015379755 2711 g
 0.17477672 0.48003745 9.698313 2715 a
 -0.08058566 0.27209172 0.09434248 2908 g
 1.0726024 0.27952304 9.606135 2913 a
 0.1055693 0.37808552 -0.07530088 3106 g
 2.2014685 0.66858083 8.37013 3110 a
 -0.08484671 -0.0967561 0.009920275 3311 g
 -0.04189853 0.2208651 9.680955 3315 a
 0.045381863 -0.8240654 -0.04014715 3504 g
 -0.34955344 -0.23343466 11.525088 3506 a
 -0.17858998 0.0438588 0.104995124 3711 g
 -0.017956512 0.6171055 9.8198185 3715 a
 -0.064873 0.22601902 0.1177783 3913 g
 0.8523358 0.51116204 9.803059 3917 a
 0.10743351 0.47342667 -0.1831589 4109 g
 2.7246015 0.11312603 7.3340383 4113 a
 0.18359992 0.70405644 -0.16904415 4318 g
 2.40318 0.4878186 7.700351 4321 a
 -0.20575422 -0.72686 0.026165558 4516 g
 -0.3196259 -0.9295488 11.215638 4521 a
 0.08133454 -0.83658224 0.04187821 4712 g
 -0.7182605 0.5398925 11.030087 4716 a
 -0.23132057 0.2872717 0.17157415 4913 g
 -0.5674258 0.7715315 10.5919485 4916 a
 -0.014805578 0.3583781 0.11138671 5115 g
 1.3144168 0.6937199 9.664195 5126 a
 0.2842674 0.77356493 -0.10912302 5313 g
 2.6683378 0.24540567 7.2580223 5317 a
 0.208101 0.32269177 -0.11977567 5515 g
 3.1663318 0.2621651 8.103176 5518 a
 -0.07898776 -0.5910388 0.0051265853 5715 g
 0.6721721 -0.83258367 10.816404 5719 a
 -0.021197164 -0.76867163 -0.02043976 5914 g
 -0.8319851 0.19393034 11.703457 5917 a
 -0.11307622 0.035336684 0.21924473 6106 g
 -1.1947067 0.8074445 9.603742 6107 a
 -0.17139944 0.10191571 0.060520336 6316 g
 -0.1316811 0.7368156 9.970653 6320 a
 -0.012142417 -0.18703726 -0.031891353 6516 g
 1.6304513 0.32321724 8.94773 6519 a
 -0.17086682 -0.29462898 0.07117298 6714 g
 1.9788077 -0.31543607 8.653842 6718 a
 0.17587675 0.24705799 -0.038282942 6915 g
 1.388637 0.20350714 9.153631 6919 a
 0.22754207 0.5655721 -0.17729995 7115 g
 2.56419 0.76434886 8.323442 7119 a
 -0.06860143 -0.49143657 -0.044940844 7315 g
 0.40282443 -0.7272388 10.707469 7319 a
 0.004102866 -0.70102733 0.0019307918 7525 g
 -0.7188591 0.24301147 10.956466 7528 a
 -0.18844368 0.077680945 0.22297317 7717 g
 -0.37828386 0.7751228 10.1143055 7721 a
 -0.028121384 0.14958629 0.12843095 7915 g
 0.7721301 0.98222125 10.058042 7919 a
 0.16921885 0.49792776 -0.15972309 8118 g
 1.9596541 0.6619968 9.1272955 8122 a
 0.3140948 0.9003314 -0.2428137 8315 g
 2.5270798 0.7146692 7.93618 8319 a
 -0.10375515 -0.25947523 0.026165558 8516 g
 1.1390414 -0.010175358 9.419987 8520 a
 -0.0994941 -0.7971675 0.004593953 8721 g
 -0.676362 -0.077811554 11.514315 8724 a
 0.062426094 -0.32605428 0.018176075 8916 g
 -0.108936176 0.5057751 10.444106 8921 a
 -0.18444894 0.18580529 0.18116154 9116 g
 0.15741876 0.83617496 10.042479 9121 a
 0.011826033 0.25850958 0.01711081 9319 g
 1.1851299 0.37588966 9.711481 9324 a
 0.23633051 0.66996795 -0.12243883 9515 g
 2.4241292 0.4818331 7.839215 9519 a
 0.16442516 0.51284146 -0.15785888 9719 g
 2.1984756 0.50397944 7.7973166 9723 a
 -0.142371 -0.58384824 0.037883468 9916 g
 0.89543146 -0.40821138 10.01734 9920 a
 -0.0283877 -0.7518937 0.054395065 10116 g
 -0.3657143 -0.30645782 11.547833 10127 a
 -0.010810836 -0.1199256 0.053862434 10319 g
 -0.23942018 0.45130703 10.226234 10326 a
 -0.16048048 0.12615047 0.09913617 10521 g
 0.30526072 0.75956047 10.0269165 10525 a
 -0.024126641 0.16529894 0.016578177 10713 g
 1.1133038 0.4417302 9.64145 10717 a
 0.1436525 0.54240257 -0.10912302 10915 g
 2.3157916 0.26635495 8.209119 10919 a
 0.13779356 0.55704993 -0.12936305 11111 g
 2.1667526 0.5021838 8.03554 11113 a
 -0.047296144 -0.25814366 0.0011318434 11316 g
 0.5033809 0.1376666 9.76535 11321 a
 0.027804999 -0.6440357 0.017377125 11516 g
 -0.57999533 0.023942016 11.454459 11520 a
 0.008630239 -0.15774249 0.031758197 11715 g
 0.107739076 0.41718966 10.305841 11719 a
 -0.17539419 0.11629678 0.09194563 11915 g
 0.22804771 0.87807345 10.003573 11919 a
 0.010760768 0.17701685 -0.0033955304 12116 g
 1.2114661 0.42916065 9.628283 12125 a
 0.13566302 0.55065835 -0.100600906 12315 g
 2.0620062 0.49200845 8.301894 12319 a
 0.082666114 0.3133707 -0.09633985 12516 g
 1.4748282 0.65660983 8.663419 12521 a
 -0.07073196 -0.6104799 0.044275053 12717 g
 -0.66498953 -0.31783026 11.535862 12726 a
 0.07014926 -0.37558907 0.036818203 12917 g
 -0.22864626 0.39264908 10.5704 12926 a
 -0.09549936 0.2174969 0.07729825 13116 g
 0.20051439 0.76554596 9.956287 13119 a
 -0.022262428 0.15571156 0.04906874 13317 g
 0.9151836 0.57041854 9.9550905 13321 a
 0.1268746 0.46596983 -0.103796706 13516 g
 1.9129672 0.4345476 8.540117 13524 a
 0.09544929 0.4156361 -0.08994827 13716 g
 2.32058 0.480636 7.9062524 13721 a
 -0.06593827 -0.24402891 0.0035286883 13916 g
 0.27712885 0.047884032 9.745 13925 a
 0.06375767 -0.624062 0.037350833 14117 g
 -0.39264908 0.17717093 11.523293 14121 a
 -0.0012234562 -0.13084456 0.019773971 14319 g
 -0.08200141 0.56682724 10.216059 14323 a
 -0.10082568 0.21110532 0.11165303 14520 g
 0.45848963 0.8583213 9.901819 14525 a
 0.041120805 0.24945484 -0.0036618465 14724 g
 1.1887212 0.46926352 9.619903 14728 a
 0.16362621 0.5767573 -0.1136504 14923 g
 2.1416135 0.51595044 8.48984 14927 a
 0.12501037 0.23134534 -0.07050719 15125 g
 1.5245079 0.53929394 8.65863 15137 a
 -0.095233046 -0.6560199 -0.014580807 15325 g
 -0.46866497 -0.35075054 11.247361 15329 a
 0.012891297 -0.43098283 0.02403503 15524 g
 -0.019153614 0.49081135 10.494385 15527 a
 -0.11467412 0.16529894 0.10339723 15723 g
 0.2717419 0.84934306 9.868899 15727 a
 0.019282885 0.29073384 0.012849752 15926 g
 1.7208325 0.53809685 9.032125 15931 a
 0.1732136 0.64120585 -0.1368199 16125 g
 2.645593 0.59017074 7.687183 16130 a
 0.019016568 -0.016594956 -0.04733769 16324 g
 1.5735891 0.02873042 8.875306 16328 a
 -0.08777619 -0.7055547 0.017643442 16526 g
 -0.3309984 -0.25079262 11.171345 16531 a
 0.059762932 -0.4621418 0.032823462 16726 g
 -0.45789108 0.22625206 10.898406 16731 a
 -0.10695095 0.13014522 0.07916246 16925 g
 -0.0047884034 0.8002619 9.995792 16929 a
 -0.066204585 0.13680312 0.054661382 17129 g
 0.4854244 0.7128736 9.999383 17134 a
 0.022212362 0.17781581 -0.034288198 17325 g
 1.3640964 0.7182605 9.416395 17329 a
 0.16602306 0.6712996 -0.1053946 17525 g
 2.1296425 0.6344634 7.972093 17529 a
 0.1220809 0.31922966 -0.07556719 17727 g
 2.835932 0.18614918 7.6584525 17732 a
 0.031000793 -0.09249505 -0.031358723 17925 g
 1.6567876 -0.22026655 8.776545 17929 a
 -0.058481418 -0.60861564 0.0011318434 18122 g
 1.3066356 -0.11312603 9.677363 18126 a
 -0.1935037 -0.74736637 0.09034774 18323 g
 -0.3345897 -0.25019407 11.075577 18327 a
 -0.12479413 -0.47306076 0.053862434 18522 g
 -0.5255273 0.58777654 10.942101 18526 a
 -0.06460669 -0.2783837 0.1390836 18723 g
 -1.3162124 0.8110358 10.946889 18726 a
 -0.16314365 0.18181054 0.20965736 18923 g
 -0.60094464 0.86969376 10.351331 18927 a
 -0.047296144 0.009237707 0.072238244 19122 g
 -0.049081136 1.1264719 10.484808 19126 a
 0.18226834 0.32375702 -0.03695136 19324 g
 1.3150153 0.75716627 9.755175 19327 a
 0.21529154 0.6606469 -0.130162 19523 g
 2.0069396 0.4309563 8.611943 19524 a
 0.18626308 0.7021922 -0.16052203 19723 g
 2.5629928 0.074220255 7.98586 19727 a
 0.13433143 0.47236142 -0.14986938 19924 g
 2.4929626 0.31364042 7.8452005 19927 a
 0.0025049692 -0.08557083 -0.023635555 20124 g
 2.111686 0.12210429 8.585009 20127 a
 -0.1607468 -0.76441056 0.04986769 20324 g
 -0.10115502 -0.39803603 10.8864355 20335 a
 0.082666114 -0.58464724 0.039215047 20528 g
 -0.6398504 0.20649989 11.394605 20535 a
 -0.08990672 0.018026138 0.0749014 20731 g
 -0.40462008 0.62847793 10.290877 20734 a
 -0.16607313 0.093659915 0.124968834 20928 g
 0.007182605 0.8206126 10.341156 20933 a
 -0.01800137 0.08327358 -0.021238709 21127 g
 0.4189853 1.0881647 10.263943 21131 a
 0.13513039 0.41803294 -0.06225139 21344 g
 1.4987702 0.57640404 9.192537 21348 a
 0.19718204 0.69100696 -0.16025572 21532 g
 2.3319526 0.320823 7.839813 21536 a
 0.14498408 0.50138986 -0.16238625 21729 g
 2.7527335 0.24540567 7.699154 21733 a
 -0.021729797 -0.22219099 0.012583436 21933 g
 1.7286136 0.04369418 8.914211 21936 a
 -0.10428779 -0.75855166 0.028828718 22130 g
 -0.046088383 -0.27114335 10.969634 22134 a
 0.08612823 -0.5401724 -0.016178703 22333 g
 -0.32800564 -0.073621705 11.21085 22337 a
 -0.16154575 0.06915883 0.12044146 22533 g
 -0.14963761 0.6278794 10.254366 22537 a
 -0.15382259 0.08087674 0.11724567 22730 g
 0.110731825 1.1575965 10.088568 22734 a
 0.030201845 0.22841586 -0.024700819 22931 g
 1.4191631 0.5117606 9.361329 22935 a
 0.13619566 0.60525316 -0.10006828 23134 g
 2.3870192 0.19512744 7.8428063 23138 a
 0.068018734 0.34106758 -0.103796706 23334 g
 2.5785553 0.320823 7.8344264 23338 a
 -0.10268989 -0.44989127 0.03495399 23532 g
 1.460463 -0.08259996 9.260772 23535 a
 -0.10348884 -0.7857159 0.05599296 23734 g
 -0.4237737 -0.16938977 11.07019 23738 a
 1.0812434E-4 -0.5542872 0.06398244 23932 g
 -0.96546185 0.31603462 11.33894 23936 a
 -0.10135831 0.037200898 0.113250926 24132 g
 -0.6619968 0.81881696 10.375273 24136 a
 -0.15728469 0.09871992 0.10286459 24335 g
 -0.09696517 1.0857705 10.242394 24339 a
 0.041120805 0.1314768 0.0024634239 24541 g
 0.7433996 0.79966336 10.012551 24545 a
 0.19425257 0.50591725 -0.13948306 24732 g
 1.5795746 0.61112 9.151836 24736 a
 0.21049786 0.741607 -0.2063284 24935 g
 2.493561 0.46088383 7.809886 24939 a
 0.056833453 0.1578421 -0.05692507 25134 g
 2.9706059 -5.985504E-4 7.6692266 25137 a
 -0.08884145 -0.4887734 0.06078665 25335 g
 1.2916719 -0.30765492 9.510966 25351 a
 0.0049018143 -0.7524264 0.030959247 25535 g
 -0.3561375 0.025737667 11.080964 25539 a
 -0.006283462 -0.6395083 0.076232985 25733 g
 -0.65062433 0.29867667 11.337742 25737 a
 -0.23398374 0.08007779 0.119908825 25934 g
 -0.34596214 0.9696517 10.1939125 25938 a
 -0.122929916 0.15198314 0.08688563 26135 g
 0.3716998 0.866701 10.329783 26139 a
 0.12314617 0.33867073 -0.105660915 26336 g
 1.2521675 0.75596917 9.496002 26341 a
 0.22913998 0.7884786 -0.18901786 26532 g
 2.3744495 0.30226797 7.801506 26535 a
 0.10929773 0.51736885 -0.14907044 26735 g
 2.6593595 0.24779987 7.565677 26739 a
 -0.061943527 -0.29702583 0.016578177 26935 g
 1.0247183 -0.110133275 9.432556 26939 a
 0.00996182 -0.6850484 5.9921126E-4 27135 g
 -0.31124622 0.06284779 11.11987 27139 a
 -0.0036203011 -0.4403039 0.06797719 27336 g
 -0.76075757 0.2681506 11.255142 27340 a
 -0.08697724 -0.026182335 0.11218566 27535 g
 -0.18614918 0.92655605 10.08737 27539 a
 -0.18471526 0.15491262 0.13082778 27735 g
 0.23163901 0.9091981 10.237008 27739 a
 0.059496615 0.2388022 -0.076898776 27936 g
 1.2467805 0.6793547 9.692925 27941 a
 0.22354734 0.7631786 -0.20153472 28136 g
 2.4468741 0.43035775 7.801506 28140 a
 0.12953775 0.45318666 -0.110454604 28333 g
 2.7730842 0.18674773 7.5680714 28336 a
 -0.037442446 -0.30048794 -0.0060586915 28534 g
 1.602918 0.04129998 8.9998045 28538 a
 -0.07552565 -0.73378426 0.036019254 28733 g
 0.21068975 -0.030526072 10.603919 28737 a
 -0.05581826 -0.7164737 0.109256186 28933 g
 -0.40701428 0.362123 11.025299 28937 a
 -0.13118571 -0.4373744 0.115914084 29134 g
 -0.5847838 0.41718966 11.051037 29137 a
 -0.20282476 0.1149652 0.12896357 29333 g
 -0.50637364 0.58897364 10.524911 29337 a
 -0.08671093 0.059837766 0.04454137 29534 g
 -0.020949265 1.5454572 10.23222 29538 a
 0.026207102 0.31470227 0.044008736 29734 g
 0.86729956 0.7823054 9.796474 29738 a
 0.22913998 0.6156395 -0.10592723 29934 g
 1.7824832 0.46028528 8.517971 29937 a
 0.18439887 0.7160407 -0.21644841 30134 g
 2.5713725 0.3298013 7.6309195 30138 a
 0.062426094 0.08007779 -0.05692507 30334 g
 2.107496 0.10295067 8.334815 30338 a
 -0.13837625 -0.7351158 0.044008736 30551 g
 1.1025299 -0.10534488 9.904214 30562 a
 -0.064873 -0.799298 0.04534032 30738 g
 -0.31184477 -0.39564183 11.422736 30742 a
 -0.060878266 -0.44190177 0.07862983 30935 g
 -0.6703765 0.23343466 11.081563 30938 a
 -0.19936264 0.043592483 0.11671303 31134 g
 -0.17896658 1.1378443 9.9951935 31138 a
 -0.18338367 0.1794137 0.16305204 31335 g
 0.56922144 0.931943 10.080787 31338 a
 0.11808616 0.3895371 -0.067844026 31536 g
 1.4694413 0.6344634 9.002198 31539 a
 0.15883252 0.56716996 -0.15120097 31735 g
 2.421735 0.3429694 7.7637978 31739 a
 0.04671344 0.08806727 -0.07663246 31935 g
 1.4808137 0.17058687 8.693945 31939 a
 -0.03930666 -0.60515356 0.0043276367 32136 g
 0.60333884 -0.04189853 10.405799 32140 a
 -0.048627723 -0.5990283 0.08954879 32335 g
 -0.39384618 0.090381116 11.034876 32339 a
 -0.06061195 -0.4144712 0.087418266 32536 g
 -0.1328782 0.36870706 10.570999 32541 a
 -0.19057421 0.14559156 0.1294962 32737 g
 5.985504E-4 0.8726865 10.111312 32741 a
 -0.05501931 0.1546463 0.027230822 32936 g
 0.374094 0.9528923 10.038289 32941 a
 0.101840876 0.33840442 -0.05479454 33136 g
 1.5334862 0.51355624 9.14226 33141 a
 0.09251981 0.47795406 -0.096606165 33337 g
 2.1481974 0.3537433 7.939771 33342 a
 0.038990278 0.16050525 -0.085687205 33538 g
 1.3736732 0.42556936 8.748413 33567 a
 -0.06886775 -0.55082506 0.018176075 33737 g
 0.42796355 -0.011372458 10.341754 33741 a
 -0.026789803 -0.61846936 0.07783088 33938 g
 -0.36750996 -0.02873042 11.178528 33942 a
 -0.030518228 -0.06346659 0.03415504 34137 g
 0.20350714 0.6500258 9.911396 34142 a
 -0.12958781 0.20391478 0.09993512 34338 g
 0.7200562 0.533907 9.625289 34342 a
 0.016353406 0.21217059 -0.031358723 34539 g
 1.2629414 0.52732295 9.302073 34543 a
 0.111694574 0.44999087 -0.092877746 34738 g
 2.088941 0.6302736 8.21271 34742 a
 -0.040371925 -0.12898035 -7.323693E-4 34938 g
 1.3042414 0.29867667 8.948329 34943 a
 -0.066204585 -0.60488725 0.042144522 35139 g
 -0.2160767 -0.16639702 11.000758 35143 a
 0.08905771 -0.35987642 0.024833977 35339 g
 -0.0047884034 0.23163901 10.633248 35343 a
 -0.117070965 0.14612418 0.062118232 35539 g
 0.25677812 0.6183026 9.929952 35544 a
 -0.07765618 0.10191571 0.061851915 35739 g
 0.45489833 0.8655039 9.896433 35744 a
 0.037392378 0.23107903 -0.020706078 35939 g
 1.4030021 0.42916065 9.172187 35943 a
 0.078937694 0.39140132 -0.085953526 36139 g
 2.094328 0.2681506 8.22947 36144 a
 0.08959033 0.36903077 -0.11551461 36340 g
 1.2126632 0.52253455 8.775348 36344 a
 -0.044366665 -0.41154173 0.009121327 36544 g
 1.0402806 0.15861586 9.762956 36548 a
 -0.10135831 -0.64083993 0.06265087 36742 g
 -0.26276365 -0.3716998 11.254543 36747 a
 -0.021197164 -0.09356031 0.009920275 36941 g
 -0.19871874 0.46447513 10.457274 36945 a
 -0.073128805 0.16849475 0.07516772 37141 g
 0.17717093 0.9995792 9.843162 37145 a
 -0.0350456 0.1860716 0.054927696 37341 g
 1.0295067 0.5279215 9.749788 37345 a
 0.08319875 0.3663676 -0.07050719 37543 g
 1.4993688 0.5793968 8.978855 37547 a
 0.1170209 0.47236142 -0.09740511 37742 g
 1.9752164 0.5746084 8.04392 37745 a
 -0.05288878 -0.28877002 0.0056592175 37942 g
 0.6913257 0.050278235 9.725247 37946 a
 0.0592303 -0.64483464 -0.0055260593 38143 g
 -0.480636 -0.16400282 11.416152 38147 a
 0.0035702337 -0.09862032 0.07889615 38342 g
 0.19632454 0.39624038 10.290278 38346 a
 -0.11387517 0.20764321 0.10153302 38542 g
 0.10055647 0.688333 9.962872 38546 a
 -0.021729797 0.15038525 0.036551885 38743 g
 0.35673606 0.79008657 9.998785 38747 a
 0.054702926 0.36104128 -0.10432933 38942 g
 1.8794483 0.6314707 8.856153 38946 a
 0.09305245 0.29925594 -0.050267164 39143 g
 1.555034 0.5315128 8.377312 39147 a
 -0.06886775 -0.18410778 -0.07929562 39343 g
 0.61411273 0.18555063 9.387665 39347 a
 0.011027085 -0.63205147 0.07463509 39543 g
 -0.20530279 -0.2220622 11.2605295 39547 a
 -0.028121384 -0.20860887 0.022170816 39744 g
 -0.25498247 0.5793968 10.421362 39748 a
 -0.14423521 0.17701685 0.0615856 39944 g
 0.19273324 1.0546459 9.857527 39948 a
 -0.0041529336 0.21217059 0.0698414 40143 g
 1.4347254 0.35793316 9.461885 40147 a
 0.14551672 0.4803509 -0.056392435 40344 g
 2.3654714 0.6895301 8.234857 40348 a
 0.045381863 0.21696427 -0.10885671 40545 g
 2.11827 0.5105635 8.168418 40549 a
 -0.13145204 -0.65442204 0.056525595 40745 g
 -0.04309563 -0.4297592 10.706271 40756 a
 0.021147097 -0.7114137 0.018708706 40944 g
 -0.3728969 0.13347675 11.019313 40948 a
 -0.09976041 0.08220832 0.048802428 41145 g
 -0.10175357 0.5638345 10.21127 41149 a
 -0.07073196 0.11922626 0.03442136 41345 g
 0.094570965 1.0714053 10.205883 41349 a
 0.06855136 0.31709912 -0.029228192 41549 g
 1.0953473 0.64463884 9.399636 41553 a
 0.05390398 0.26330328 -0.016711336 41747 g
 2.1122844 0.49440265 8.313267 41751 a
 0.117553525 0.66623956 -0.15892413 41945 g
 1.75076 0.4985925 8.450335 41949 a
 0.18439887 0.22681797 -0.13628727 42145 g
 1.893215 0.59256494 8.558673 42150 a
 -0.0433014 -0.51247555 -0.012716594 42348 g
 0.31124622 -0.55725044 10.539276 42353 a
 0.07867137 -0.55268925 -0.007656588 42546 g
 -0.2896984 0.14185645 11.130045 42551 a
 -0.03877403 -0.06719501 0.054927696 42746 g
 0.19752164 0.4973954 10.071808 42751 a
 -0.20442265 0.07821358 0.11644672 42947 g
 0.3866636 0.6877344 9.91439 42951 a
 -0.010011888 0.15571156 -7.323693E-4 43147 g
 0.6374562 0.75237787 9.960478 43151 a
 0.12607564 0.39220026 -0.108590394 43347 g
 1.5275006 0.5189432 8.982447 43351 a
 0.15403883 0.55065835 -0.13628727 43548 g
 2.3762453 0.30346507 7.8332295 43552 a
 0.023277625 0.10963888 -0.05106611 43747 g
 2.0045455 0.1921347 8.389881 43751 a
 -0.08671093 -0.53058505 0.03814978 43947 g
 0.25917232 -0.18555063 10.365696 43952 a
 0.056300823 -0.50288814 0.041345574 44148 g
 -0.21188685 0.2861071 10.819398 44152 a
 -0.009212939 -0.20621203 0.06265087 44348 g
 -0.25737667 0.24121583 10.690709 44352 a
 -0.09842884 -0.016594956 0.0533298 44548 g
 0.18794483 0.52492875 10.120291 44553 a
 -0.11360885 0.069691464 0.07543404 44749 g
 0.22505496 0.91697925 10.007165 44753 a
 -0.009745572 0.18900108 0.008588694 44948 g
 0.6985083 0.6895301 9.944916 44953 a
 0.122613534 0.3413339 -0.055593487 45148 g
 1.0905589 0.5626374 9.487623 45153 a
 0.1353967 0.48594353 -0.14241254 45349 g
 1.5101427 0.43275195 8.771756 45354 a
 0.12714091 0.3863413 -0.11631356 45549 g
 1.9692309 0.44532153 8.1163435 45554 a
 -0.04889404 -0.21366887 0.013116068 45749 g
 1.9494787 0.10295067 8.6257105 45761 a
 -0.052622464 -0.48957238 0.04906874 45951 g
 1.0714053 -0.05626374 9.694122 45956 a
 0.0011733888 -0.49836078 0.036019254 46150 g
 0.010773907 -0.08678981 10.732608 46154 a
 0.031000793 -0.32285848 0.044008736 46350 g
 -0.2789245 0.2765303 10.772711 46354 a
 -0.04889404 -0.21260361 0.067178234 46553 g
 -0.57640404 0.19572599 10.769718 46560 a
 -0.21161318 -0.27598685 0.09167932 46753 g
 -0.012569559 0.3549404 10.469246 46758 a
 -0.19190578 -8.335694E-5 0.10366354 46950 g
 0.17537527 0.7565677 9.898827 46954 a
 -0.07978671 0.09818729 0.046671897 47152 g
 0.59256494 0.6500258 9.935937 47155 a
 0.056833453 0.28247803 -0.033222936 47351 g
 1.4167689 0.60333884 9.083003 47355 a
 0.07121453 0.45345297 -0.046272423 47552 g
 1.8471266 0.4249708 8.422203 47556 a
 0.123678796 0.39566237 -0.118710406 47752 g
 1.8016368 0.44472298 8.343793 47756 a
 0.15989779 0.334676 -0.12829779 47952 g
 1.7316064 0.39983168 8.5778265 47956 a
 0.12128195 -8.8230526E-4 -0.07370298 48152 g
 1.4622587 0.31124622 9.018958 48156 a
 0.009162872 -0.46453863 -0.041212417 48353 g
 0.3226187 -0.4878186 10.59973 48357 a
 0.0054344465 -0.4999587 0.002996056 48553 g
 -0.044891283 -0.044891283 10.89661 48557 a
 -0.075259335 -0.032840237 0.04640558 48761 g
 0.21068975 0.3752911 10.096349 48772 a
 -0.13810994 0.04465775 0.08901616 48953 g
 0.32561144 0.61770403 10.061034 48957 a
 -0.03930666 0.13919997 0.03362241 49153 g
 0.42916065 0.9636662 9.85633 49156 a
 -0.021729797 0.20498005 0.043209787 49353 g
 0.8319851 0.82360536 9.589376 49356 a
 0.10450404 0.40951082 -0.060653493 49554 g
 1.5041572 0.61770403 8.628703 49558 a
 0.0989114 0.3842108 -0.11018829 49753 g
 1.8411411 0.39025488 8.287529 49757 a
 0.062426094 0.04732091 -0.08142615 49953 g
 1.6514006 0.23762453 8.483853 49957 a
 0.011293401 -0.15161723 -0.0068576396 50154 g
 1.99437 -0.074220255 8.723872 50158 a
 0.021413414 -0.22618574 -0.032423984 50354 g
 1.1091139 -0.14724341 9.448118 50357 a
 0.03313132 -0.42192808 -0.021771342 50554 g
 0.34715924 -0.01616086 10.489596 50558 a
 0.008097608 -0.40142173 0.053063486 50755 g
 -0.02873042 0.002992752 10.761936 50765 a
 -0.10215726 -0.15481302 0.060520336 50954 g
 0.05327099 0.16400282 10.395624 50958 a
 -0.13571309 -0.04082972 0.06025402 51155 g
 -0.5614403 0.37349546 10.714052 51158 a
 -0.14290363 -0.20274991 0.095940374 51356 g
 -0.2172738 0.664391 10.480618 51359 a
 -0.20442265 -0.11353402 0.0946088 51552 g
 -0.3878607 0.7356185 10.545261 51553 a
 -0.11547307 -0.010203369 0.09194563 51757 g
 0.0035913025 0.8619126 10.239402 51761 a
 -0.07552565 0.124286264 0.052264538 51956 g
 -0.018555064 0.98940384 10.17416 51960 a
 -0.03158349 0.16263579 0.04560663 52156 g
 0.3513491 1.1007342 9.735423 52159 a
 -0.010011888 0.29313067 0.03415504 52356 g
 0.61052144 1.1725603 9.239224 52360 a
 0.044316597 0.2569117 -0.025766084 52557 g
 0.79128367 1.0708067 9.021951 52561 a
 0.056833453 0.20524636 -0.012716594 52756 g
 1.0486604 0.94331545 8.837597 52760 a
 0.17188202 0.27901593 -0.06464823 52956 g
 1.1701661 0.9576807 8.569447 52961 a
 0.18120308 0.09579044 -0.052397694 53157 g
 1.1390414 0.4997896 8.958505 53162 a
 0.12660828 0.10697572 -0.052930325 53357 g
 1.2042835 0.5398925 8.957906 53361 a
 0.10636825 0.1165631 -0.045473475 53557 g
 1.2868834 0.55006784 8.764574 53561 a
 0.1401904 0.08433885 -0.059321914 53758 g
 1.572392 0.5141548 8.616134 53762 a
 0.16256095 0.10910625 -0.08009457 53957 g
 1.6639702 0.09816227 8.76637 53962 a
 0.20756838 0.15358104 -0.15413044 54158 g
 1.3652935 0.1364695 9.181165 54161 a
 0.20011152 0.36343813 -0.1384178 54358 g
 0.9415198 0.6404489 9.601347 54362 a
 0.24964632 0.40072238 -0.10459565 54558 g
 0.19632454 0.8888474 10.107122 54562 a
 0.2344663 0.344796 -0.04733769 54758 g
 0.09636662 1.2557588 9.719262 54762 a
 0.06189346 0.25611272 0.019773971 54959 g
 1.5352819 0.60693014 8.739435 54963 a
 -0.08724356 -0.08663609 0.06558034 55159 g
 1.4263457 0.31064767 8.746018 55162 a
 9.070727E-4 -0.05467816 0.0035286883 55359 g
 1.8507179 0.39923313 8.570643 55363 a
 0.04005554 -0.037101295 -0.014048175 55560 g
 0.30466217 0.3333926 9.735423 55565 a
 0.070948206 -0.4653376 3.3289514E-4 55759 g
 0.34596214 0.31423897 10.792462 55772 a
 -0.07552565 0.093659915 0.036019254 55959 g
 0.4297592 0.61530983 9.734824 55963 a
 -0.0020224045 0.22282322 0.020040287 56160 g
 1.6771383 0.45310268 8.471284 56165 a
 0.038191326 0.14692314 -0.014580807 56370 g
 1.3742718 0.6075287 8.771756 56374 a
 0.004102866 -0.43790704 -0.024700819 56561 g
 -0.28790274 -0.2753332 10.888829 56565 a
 0.07813875 -0.3910354 -0.020706078 56760 g
 0.80445176 0.33758244 9.968259 56765 a
 -0.061677214 0.15890735 0.07250456 56961 g
 1.4957775 0.24121583 8.837597 56966 a
 0.062159777 0.3727592 -0.06837666 57161 g
 0.58298814 0.56203884 9.982025 57165 a
 0.15323989 -0.048819203 -0.08701879 57361 g
 0.05746084 0.18016368 10.491392 57366 a
 -0.09177093 0.14585787 -0.008988169 57562 g
 0.16101007 0.7505822 10.022128 57567 a
 -0.012675049 0.17968002 -0.0055260593 57761 g
 1.7244238 0.32202014 8.7771435 57765 a
 -0.05768247 -0.1992878 0.04720453 57962 g
 0.34356794 0.10295067 9.712079 57967 a
 0.04564818 -0.33697322 -0.009520801 58162 g
 0.30705637 0.581791 10.42615 58166 a
 -0.06274248 0.05025039 0.06797719 58362 g
 1.3784616 0.22625206 8.982447 58366 a
 0.013157614 0.19965373 0.026165558 58564 g
 0.81761986 0.51235914 9.415796 58568 a
 -0.054752994 -0.38810593 -0.020173445 58761 g
 0.10115502 0.21667525 10.408792 58766 a
 -0.033714022 -0.091429785 -0.017776601 58973 g
 0.96306765 0.47524905 9.736021 58977 a
 0.09864508 0.5405383 -0.07130614 59176 g
 1.4682442 0.56203884 9.127894 59180 a
 0.051773448 0.13094416 -0.06997456 59374 g
 0.65900403 0.4321534 9.556456 59377 a
 0.069882944 -0.1297793 -0.06358297 59578 g
 1.4155718 0.3184288 9.076419 59583 a
 0.011826033 -0.044558145 0.00272974 59774 g
 0.6344634 0.32142156 9.7007065 59777 a
 0.0592303 -0.084239244 -0.03908189 59976 g
 0.51954174 0.23942018 10.163386 59980 a
 -0.028920332 0.092594646 0.009387643 60328 g
