 0.009429188 0.0060419133 -7.323693E-4 7 g
 -0.6865373 0.21667525 9.669582 8 a
 0.001972337 0.00763981 -0.0028628982 84 g
 -0.7098808 0.23463176 9.718663 85 a
 -0.0020224045 1.8295916E-4 -0.002330266 288 g
 -0.7386112 0.25857377 10.107122 291 a
 -0.0028213528 -8.8230526E-4 -9.986854E-4 488 g
 -0.7769185 0.24121583 9.814431 491 a
 0.007831291 0.009770339 5.9921126E-4 689 g
 -0.7212533 0.2136825 9.324219 692 a
 0.0022386531 0.00763981 0.0037950044 889 g
 -0.7044938 0.26036942 9.696517 893 a
 0.004102866 -8.335694E-5 -0.0012650015 1090 g
 -0.7374141 0.16160862 9.696517 1093 a
 0.020614464 0.0206893 -0.012716594 1290 g
 -0.717662 0.2633622 9.714474 1294 a
 0.00996182 0.0071071777 0.007789746 1489 g
 -0.7906851 0.24839842 9.715671 1493 a
 -0.0102782035 -0.0070075756 -0.023102922 1689 g
 -0.74998367 0.2184709 9.725846 1693 a
 0.0054344465 0.016960874 0.0037950044 1890 g
 -0.7278373 0.2657564 9.712079 1894 a
 0.008896556 0.0012482236 0.011251856 2090 g
 -0.7751228 0.21667525 9.68694 2094 a
 -0.0028213528 -0.0064749434 -0.011118697 2290 g
 -0.7368156 0.26396075 9.67856 2294 a
 9.070727E-4 0.0031124363 -0.0041944785 2491 g
 -0.700304 0.2645593 9.703699 2496 a
 -6.90824E-4 -0.0048770467 0.008588694 2690 g
 -0.7320272 0.26276365 9.69113 2694 a
 6.4075657E-4 -0.0038117825 -0.0047271107 2891 g
 -0.7350199 0.23582886 9.726444 2896 a
 0.009695504 0.015096661 -0.0039281626 3092 g
 -0.736217 0.260968 9.679757 3097 a
 -0.0041529336 0.0028461202 3.3289514E-4 3291 g
 -0.7332243 0.21068975 9.677961 3296 a
 -0.005484514 1.8295916E-4 0.0013981595 3491 g
 -0.75716627 0.24241292 9.70789 3496 a
 0.00516813 0.0020471718 -7.323693E-4 3691 g
 -0.75596917 0.24600422 9.637859 3696 a
 -0.006283462 -0.0040780986 -0.002330266 3891 g
 -0.7457938 0.22744916 9.697116 3896 a
 -0.0046855654 -0.01286653 0.002197108 4092 g
 -0.74639237 0.2220622 9.6923275 4097 a
 -1.5819176E-4 -0.0067412597 -0.004460795 4313 g
 -0.75477207 0.21547815 9.683948 4317 a
 -0.003353985 -0.010736002 0.004593953 4491 g
 -0.7679402 0.24480712 9.721058 4495 a
 -0.0022887206 -0.002746518 -0.002330266 4692 g
 -0.7410054 0.19033903 9.7007065 4696 a
 0.008363924 0.0060419133 0.0016644757 4893 g
 -0.75357497 0.2813187 9.648034 4897 a
 -0.0028213528 -0.0120675815 8.6552737E-4 5090 g
 -0.74998367 0.2220622 9.674969 5094 a
 -0.0052181976 -0.0043444145 0.0013981595 5294 g
 -0.7745243 0.2693477 9.704298 5299 a
 -0.0041529336 0.002313488 -0.0012650015 5493 g
 -0.7224504 0.23463176 9.657013 5497 a
 0.0011733888 0.0017808558 -0.0017976337 5693 g
 -0.7835025 0.23104046 9.70789 5697 a
 6.4075657E-4 -0.0032791502 -0.0028628982 5894 g
 -0.770933 0.23642741 9.685743 5897 a
 0.0057007624 0.010036655 0.0035286883 6095 g
 -0.7517793 0.24121583 9.703699 6099 a
 -0.011077153 -0.005409679 0.0051265853 6293 g
 -0.7350199 0.31902736 9.7084875 6297 a
 0.0022386531 -0.0016812535 -0.00818922 6493 g
 -0.7386112 0.25198972 9.69532 6498 a
 0.006499711 0.0065745455 -0.0041944785 6699 g
 -0.7787141 0.30765492 9.693524 6702 a
 0.012092349 0.020422984 -0.004993427 6895 g
 -0.7673417 0.25318682 9.705495 6899 a
 0.0014397049 -0.0022138858 0.002197108 7096 g
 -0.7757214 0.24001873 9.702502 7100 a
 3.7444045E-4 -0.0038117825 0.0035286883 7295 g
 -0.7314286 0.22984336 9.681553 7299 a
 -0.0022887206 -0.0019475697 6.657903E-5 7495 g
 -0.7445967 0.29987377 9.687539 7499 a
 0.0033039176 -0.0022138858 5.9921126E-4 7695 g
 -0.8074445 0.24361002 9.710882 7699 a
 -1.5819176E-4 -0.0016812535 -0.0028628982 7906 g
 -0.7637503 0.23882163 9.693524 7910 a
 6.4075657E-4 -0.0030128341 0.004593953 8109 g
 -0.76554596 0.2717419 9.665991 8113 a
 -0.0017560885 -0.0032791502 0.0032623722 8308 g
 -0.7966706 0.2657564 9.664794 8313 a
 0.0025049692 0.0012482236 -4.660532E-4 8509 g
 -0.80205756 0.21547815 9.695918 8514 a
 9.070727E-4 0.0031124363 -4.660532E-4 8709 g
 -0.79008657 0.27114335 9.690532 8713 a
 -0.003087669 -0.018192852 0.0032623722 8910 g
 -0.79726917 0.22505496 9.679159 8914 a
 -0.0012234562 -0.0043444145 -0.0047271107 9111 g
 -0.7787141 0.25498247 9.691729 9115 a
 0.0033039176 0.003911385 0.0011318434 9311 g
 -0.7751228 0.26276365 9.682152 9315 a
 6.4075657E-4 -0.008605473 0.0019307918 9496 g
 -0.7906851 0.26994625 9.712079 9509 a
 -0.0017560885 -0.004610731 -0.0017976337 9711 g
 -0.7757214 0.2657564 9.713276 9714 a
 -0.0022887206 -6.1598915E-4 0.0013981595 9911 g
 -0.8050503 0.26276365 9.690532 9914 a
 0.004369182 0.005242965 8.6552737E-4 10113 g
 -0.7685388 0.27952304 9.725846 10117 a
 -4.245079E-4 1.8295916E-4 -0.0012650015 10312 g
 -0.7811083 0.2717419 9.7007065 10316 a
 -9.571401E-4 -0.002480202 -0.0036618465 10510 g
 -0.7858967 0.24779987 9.712079 10514 a
 -0.0022887206 -0.0011486213 5.9921126E-4 10710 g
 -0.7823054 0.2777274 9.687539 10714 a
 0.001706021 0.0012482236 -0.0041944785 10919 g
 -0.7793127 0.2705448 9.722255 10922 a
 -0.0012234562 -0.0032791502 -9.986854E-4 11111 g
 -0.7990648 0.2825158 9.669582 11115 a
 9.070727E-4 -0.004610731 -1.9973709E-4 11310 g
 -0.7673417 0.27234045 9.696517 11314 a
 -0.0014897723 -0.0016812535 -0.0017976337 11511 g
 -0.75477207 0.2908955 9.676167 11514 a
 -0.0017560885 4.4927528E-4 0.00272974 11711 g
 -0.7667431 0.30945057 9.685144 11714 a
 0.00516813 0.0031124363 -7.323693E-4 11911 g
 -0.7757214 0.30406362 9.667787 11917 a
 -0.0038866173 -0.005942311 -1.9973709E-4 12111 g
 -0.7978677 0.27832595 9.702502 12115 a
 1.0812434E-4 -3.4967304E-4 -0.0015313176 12311 g
 -0.7811083 0.2765303 9.676167 12315 a
 0.0038365498 0.0063082296 -0.0020639498 12511 g
 -0.7745243 0.29628247 9.683349 12514 a
 -0.0049518817 7.1559136E-4 -0.0028628982 12712 g
 -0.80086046 0.25318682 9.681553 12716 a
 0.011559717 0.0031124363 -0.009520801 12913 g
 -0.8122329 0.21188685 9.734824 12917 a
 -0.023860326 4.4927528E-4 -0.002330266 13116 g
 -0.83976626 0.3393781 9.634268 13121 a
 -0.0038866173 0.002313488 0.0035286883 13312 g
 -0.7146692 0.2825158 9.683349 13315 a
 0.0025049692 -0.0040780986 -0.00818922 13512 g
 -0.8050503 0.25977087 9.707291 13516 a
 0.0057007624 0.004710333 -0.0033955304 13712 g
 -0.7649474 0.25198972 9.673772 13716 a
 -6.90824E-4 -0.00807284 5.9921126E-4 13909 g
 -0.79248077 0.26635495 9.64983 13914 a
 -0.0012234562 -0.0022138858 0.0011318434 14111 g
 -0.75237787 0.28491 9.722853 14115 a
 -6.90824E-4 -0.0030128341 -0.0020639498 14312 g
 -0.75836337 0.25737667 9.681553 14319 a
 0.0030376015 0.003911385 -4.660532E-4 14511 g
 -0.7715315 0.2789245 9.706693 14515 a
 0.0022386531 0.009770339 -0.0031292143 14712 g
 -0.81402856 0.2801216 9.688736 14716 a
 0.0011733888 0.0020471718 -0.0017976337 14912 g
 -0.7697359 0.23463176 9.670779 14916 a
 -0.0036203011 -3.4967304E-4 -1.9973709E-4 15114 g
 -0.76434886 0.25378537 9.667188 15138 a
 -0.006283462 -0.01153495 0.0035286883 15311 g
 -0.86131406 0.130484 9.696517 15315 a
 -0.008147675 0.0028461202 -0.007123956 15512 g
 -0.760159 0.19931729 9.6767645 15516 a
 0.0038365498 0.0017808558 0.0056592175 15713 g
 -0.80564886 0.28191724 9.6923275 15717 a
 6.4075657E-4 -0.0120675815 0.0024634239 15912 g
 -0.7433996 0.21308395 9.677363 15916 a
 -0.005484514 -0.0011486213 -0.002330266 16115 g
 -0.7823054 0.24001873 9.739613 16119 a
 0.010228137 0.023618776 0.004593953 16313 g
 -0.78529817 0.26874915 9.680356 16317 a
 0.006499711 -0.0030128341 -0.0020639498 16512 g
 -0.7787141 0.2621651 9.720459 16516 a
 0.007032343 -0.002480202 0.0013981595 16712 g
 -0.7224504 0.22565351 9.750985 16716 a
 -0.0065497784 -0.008871788 0.0019307918 16913 g
 -0.78888947 0.2693477 9.662998 16917 a
 0.008630239 -8.8230526E-4 -0.0028628982 17113 g
 -0.7715315 0.2741361 9.667188 17117 a
 1.0812434E-4 0.003911385 -0.002330266 17313 g
 -0.74758947 0.2825158 9.677363 17317 a
 -0.01054452 -0.0070075756 -1.9973709E-4 17513 g
 -0.7404069 0.28072014 9.704298 17517 a
 -0.003087669 0.00897139 -0.0036618465 17714 g
 -0.8038532 0.219668 9.762358 17718 a
 0.013157614 0.016960874 0.0037950044 17912 g
 -0.7673417 0.2100912 9.656414 17916 a
 -0.008946624 -0.005409679 -0.0028628982 18109 g
 -0.7541735 0.23403321 9.714474 18114 a
 0.001972337 0.008438759 -0.0041944785 18309 g
 -0.7691373 0.22864626 9.663596 18314 a
 -0.0070824106 -0.013399162 -0.0065913238 18508 g
 -0.75596917 0.19393034 9.685144 18513 a
 -0.0012234562 -0.010469685 0.0032623722 18712 g
 -0.80924016 0.19153613 9.696517 18716 a
 -0.008946624 9.819075E-4 -0.007656588 18908 g
 -0.7308301 0.26755205 9.721656 18912 a
 0.006499711 0.006840862 0.00272974 19111 g
 -0.7799112 0.19812019 9.701904 19115 a
 0.004369182 0.012167184 -1.9973709E-4 19316 g
 -0.74878657 0.19273324 9.65821 19321 a
 0.008097608 0.004710333 -0.0065913238 19513 g
 -0.7445967 0.28191724 9.695918 19516 a
 -0.0065497784 0.009237707 0.0056592175 19712 g
 -0.80445176 0.2112883 9.676167 19716 a
 -0.01880032 -0.01632864 -0.012450278 19912 g
 -0.7308301 0.22924481 9.7007065 19916 a
 0.0062333946 0.0036450685 -0.0012650015 20113 g
 -0.78410107 0.2861071 9.683948 20117 a
 0.0057007624 0.00897139 -1.9973709E-4 20313 g
 -0.80445176 0.23882163 9.675568 20317 a
 0.0014397049 0.004444017 -0.018309232 20513 g
 -0.760159 0.23044191 9.69113 20517 a
 -0.0049518817 -0.015263375 0.011784487 20713 g
 -0.80205756 0.28670564 9.689334 20717 a
 6.4075657E-4 -0.0030128341 0.002996056 20911 g
 -0.7679402 0.2220622 9.725247 20915 a
 -0.0020224045 -0.0019475697 -0.0065913238 21116 g
 -0.7823054 0.24660277 9.700109 21121 a
 -9.571401E-4 -0.0035454663 8.6552737E-4 21315 g
 -0.770933 0.2885013 9.697714 21320 a
 9.070727E-4 -0.0048770467 0.0019307918 21513 g
 -0.74519527 0.2777274 9.709086 21518 a
 -0.003353985 -0.0022138858 0.0019307918 21716 g
 -0.7727286 0.29688102 9.6767645 21720 a
 0.0025049692 7.1559136E-4 3.3289514E-4 21911 g
 -0.81283146 0.26874915 9.7240505 21915 a
 -0.0041529336 0.002579804 -0.0039281626 22116 g
 -0.7613561 0.23702596 9.686341 22120 a
 -0.008413991 0.0057755974 -0.0017976337 22316 g
 -0.78888947 0.23762453 9.680955 22321 a
 0.0014397049 0.003911385 0.004061321 22514 g
 -0.82121116 0.24839842 9.672575 22518 a
 -0.007615043 1.8295916E-4 8.6552737E-4 22714 g
 -0.7882909 0.2825158 9.636662 22719 a
 0.0059670787 0.0041777007 0.00272974 22911 g
 -0.8218097 0.2693477 9.670779 22915 a
 -0.003087669 0.0055092815 0.008056062 23116 g
 -0.78888947 0.24540567 9.698313 23120 a
 -0.0025550367 -0.010469685 -0.0039281626 23318 g
 -0.7811083 0.28491 9.668385 23322 a
 0.0049018143 0.004710333 0.0013981595 23518 g
 -0.7823054 0.23523031 9.640852 23522 a
 -0.0041529336 -0.002746518 0.002197108 23724 g
 -0.80804306 0.3238158 9.68275 23746 a
 -0.0036203011 0.008172442 -0.0063250074 23906 g
 -0.777517 0.24779987 9.663596 23907 a
 0.0011733888 -0.008605473 -0.008988169 24108 g
 -0.8038532 0.26635495 9.671976 24109 a
 -9.571401E-4 -0.0056759953 -0.0033955304 24312 g
 -0.80445176 0.25258827 9.676167 24316 a
 -0.005484514 -0.002480202 0.0013981595 24519 g
 -0.76434886 0.25378537 9.657013 24523 a
 -0.0014897723 -0.004610731 6.657903E-5 24716 g
 -0.82121116 0.25617957 9.66659 24721 a
 -0.0020224045 -0.002746518 0.0011318434 24912 g
 -0.7703344 0.25079262 9.6923275 24918 a
 -0.0012234562 -0.0035454663 -1.9973709E-4 25116 g
 -0.8074445 0.2753332 9.667188 25120 a
 0.0014397049 -0.0019475697 -0.002596582 25316 g
 -0.7733272 0.2801216 9.683948 25326 a
 0.009429188 0.004444017 5.9921126E-4 25516 g
 -0.8038532 0.22804771 9.673173 25523 a
 0.007298659 0.010036655 0.0016644757 25719 g
 -0.770933 0.2693477 9.676167 25723 a
 -0.0017560885 -0.0016812535 -0.0020639498 25918 g
 -0.7727286 0.28790274 9.679757 25921 a
 0.0025049692 0.0015145397 -0.0039281626 26125 g
 -0.80325466 0.26874915 9.688137 26138 a
 3.7444045E-4 -0.0070075756 3.3289514E-4 26318 g
 -0.75596917 0.31304187 9.710882 26322 a
 0.010494453 0.009504023 0.0016644757 26522 g
 -0.78050977 0.30226797 9.671378 26526 a
 -0.0065497784 -0.004610731 -0.002596582 26718 g
 -0.79487497 0.26874915 9.673772 26722 a
 0.006766027 0.011368236 -0.0031292143 26920 g
 -0.7930793 0.25617957 9.70789 26924 a
 0.0057007624 0.016694557 -4.660532E-4 27130 g
 -0.78529817 0.2184709 9.706693 27140 a
 -0.0041529336 7.1559136E-4 0.0032623722 27319 g
 -0.7930793 0.24839842 9.715072 27323 a
 0.011293401 1.8295916E-4 0.0019307918 27519 g
 -0.8265981 0.24540567 9.685144 27523 a
 0.0033039176 0.010036655 -0.0036618465 27722 g
 -0.7781156 0.25378537 9.706094 27726 a
 -0.0044192495 -6.1598915E-4 0.004593953 27947 g
 -0.8158242 0.30346507 9.691729 27951 a
 0.0057007624 0.012167184 -0.0012650015 28124 g
 -0.80086046 0.27473465 9.704298 28137 a
 -0.007881359 -3.4967304E-4 -0.0065913238 28322 g
 -0.7230489 0.21428105 9.728839 28326 a
 -0.003087669 -0.008871788 0.0096539585 28520 g
 -0.81402856 0.29628247 9.685743 28524 a
 0.02567447 0.0289451 -0.0055260593 28722 g
 -0.7110779 0.260968 9.67856 28726 a
 0.004102866 0.008438759 0.0056592175 28916 g
 -0.81402856 0.25498247 9.726444 28920 a
 -0.0070824106 -0.0032791502 -0.0020639498 29120 g
 -0.80086046 0.23343466 9.700109 29122 a
 0.0152881425 0.028412467 0.0011318434 29321 g
 -0.74998367 0.23463176 9.681553 29325 a
 -0.003087669 -0.0030128341 0.010186591 29523 g
 -0.8367735 0.30466217 9.693524 29528 a
 6.4075657E-4 0.0055092815 -0.010852382 29723 g
 -0.79367787 0.219668 9.662998 29728 a
 -9.571401E-4 0.002579804 -0.0065913238 29922 g
 -0.7739257 0.28670564 9.671976 29926 a
 -0.0017560885 -0.0035454663 -0.002596582 30124 g
 -0.8295909 0.2633622 9.691729 30129 a
 1.0812434E-4 0.0017808558 -0.002596582 30320 g
 -0.8002619 0.2220622 9.724648 30329 a
 -0.0025550367 -0.007540208 -0.005792375 30524 g
 -0.78769237 0.24959552 9.706094 30528 a
 0.004635498 0.0036450685 0.0019307918 30723 g
 -0.7942764 0.2753332 9.667188 30728 a
 0.0014397049 -0.0035454663 -0.002330266 30922 g
 -0.80205756 0.20470424 9.703699 30926 a
 -0.00575083 -0.012600214 0.0035286883 31123 g
 -0.7685388 0.28670564 9.722255 31127 a
 0.0022386531 0.0031124363 8.6552737E-4 31324 g
 -0.8110358 0.24600422 9.7007065 31330 a
 -9.571401E-4 -3.4967304E-4 -9.986854E-4 31522 g
 -0.8038532 0.22804771 9.704897 31526 a
 -0.0044192495 -0.007540208 6.657903E-5 31722 g
 -0.79966336 0.26874915 9.696517 31726 a
 3.7444045E-4 4.4927528E-4 -4.660532E-4 31924 g
 -0.78888947 0.25378537 9.694122 31930 a
 0.0030376015 -6.1598915E-4 8.6552737E-4 32125 g
 -0.79607207 0.23223756 9.673173 32131 a
 -0.0020224045 -0.0048770467 -0.0020639498 32322 g
 -0.7757214 0.2669535 9.655217 32326 a
 1.0812434E-4 -0.0056759953 0.0024634239 32525 g
 -0.8086416 0.2669535 9.6923275 32530 a
 -0.0038866173 -8.8230526E-4 0.0013981595 32722 g
 -0.760159 0.27593175 9.689334 32726 a
 -0.0017560885 0.0055092815 -0.0031292143 32922 g
 -0.79607207 0.28072014 9.685743 32926 a
 0.0030376015 0.014031397 -0.002330266 33125 g
 -0.78769237 0.25617957 9.689933 33131 a
 -0.00575083 -8.8230526E-4 -0.005259743 33322 g
 -0.81402856 0.22744916 9.67856 33326 a
 -4.245079E-4 -0.005409679 8.6552737E-4 33522 g
 -0.79966336 0.25139117 9.714474 33526 a
 0.00516813 0.008705075 0.004061321 33725 g
 -0.777517 0.24540567 9.673173 33730 a
 0.0062333946 -0.0016812535 0.00272974 33922 g
 -0.8230068 0.2777274 9.665392 33926 a
 -4.245079E-4 -0.0019475697 0.0013981595 34125 g
 -0.79726917 0.22146365 9.675568 34131 a
 -0.003353985 -0.005409679 -9.986854E-4 34323 g
 -0.8146271 0.24540567 9.710882 34327 a
 -0.0025550367 -0.008339156 0.0011318434 34523 g
 -0.78050977 0.260968 9.68694 34527 a
 -0.003087669 1.8295916E-4 -1.9973709E-4 34723 g
 -0.81283146 0.27353755 9.695918 34727 a
 -0.0038866173 -0.005143363 6.657903E-5 34924 g
 -0.801459 0.25258827 9.698911 34928 a
 0.0011733888 9.819075E-4 0.0019307918 35124 g
 -0.80445176 0.25139117 9.698313 35128 a
 -0.0012234562 0.0017808558 -0.0028628982 35324 g
 -0.7769185 0.25198972 9.7007065 35337 a
 0.0025049692 -0.0035454663 0.002996056 35523 g
 -0.7751228 0.2693477 9.711481 35530 a
 -1.5819176E-4 0.0049766493 -0.002330266 35723 g
 -0.8038532 0.26874915 9.670779 35727 a
 0.004102866 0.009237707 0.0024634239 35927 g
 -0.80325466 0.25139117 9.675568 35932 a
 -0.0038866173 0.008172442 -0.0020639498 36130 g
 -0.8265981 0.23702596 9.673173 36134 a
 9.070727E-4 9.819075E-4 -9.986854E-4 36326 g
 -0.7942764 0.21188685 9.7007065 36332 a
 -0.0022887206 -0.0019475697 0.0037950044 36526 g
 -0.7858967 0.24660277 9.68694 36532 a
 0.0038365498 0.0036450685 0.0024634239 36721 g
 -0.80086046 0.24480712 9.698313 36723 a
 0.0038365498 0.002313488 0.0013981595 36931 g
 -0.8122329 0.2837129 9.679159 36935 a
 0.0011733888 0.0020471718 6.657903E-5 37130 g
 -0.7721301 0.27712885 9.695918 37134 a
 -0.0025550367 -0.00807284 -7.323693E-4 37332 g
 -0.74998367 0.25857377 9.679757 37336 a
 -1.5819176E-4 -0.002480202 -0.005792375 37528 g
 -0.7380127 0.2669535 9.707291 37532 a
 0.0014397049 0.0036450685 0.0067244815 37730 g
 -0.7529764 0.29388827 9.67856 37734 a
 0.0022386531 -0.007273892 -0.002596582 37933 g
 -0.81761986 0.2621651 9.72824 37937 a
 0.004635498 -0.009670737 -0.007656588 38133 g
 -0.79008657 0.2148796 9.664195 38137 a
 -0.0073487265 0.007906126 -0.0020639498 38330 g
 -0.7751228 0.31902736 9.68275 38334 a
 -0.012142417 -0.020057065 -7.323693E-4 38532 g
 -0.83138657 0.24241292 9.709086 38536 a
 0.024076574 0.009770339 6.657903E-5 38731 g
 -0.78769237 0.21547815 9.710283 38734 a
 0.004102866 0.010302971 0.0067244815 38932 g
 -0.8511387 0.23642741 9.680955 38936 a
 -0.00575083 0.010302971 0.0024634239 39134 g
 -0.830788 0.26156655 9.689334 39138 a
 -0.0014897723 0.0055092815 -0.0015313176 39331 g
 -0.7763199 0.22385786 9.679757 39335 a
 0.02167973 0.023086144 -0.007123956 39532 g
 -0.7529764 0.31004912 9.713875 39535 a
 -0.0025550367 -0.004610731 0.01231712 39731 g
 -0.8798691 0.25857377 9.715671 39732 a
 -0.0017560885 0.0017808558 -0.0039281626 39933 g
 -0.7793127 0.20470424 9.689933 39938 a
 0.0014397049 4.4927528E-4 -0.0033955304 40135 g
 -0.84455466 0.2693477 9.688736 40139 a
 0.0025049692 0.010302971 0.010719223 40334 g
 -0.8038532 0.2645593 9.6845455 40348 a
 0.0049018143 0.006840862 -0.007123956 40532 g
 -0.7966706 0.24480712 9.67018 40536 a
 -0.0052181976 -0.0043444145 0.004593953 40731 g
 -0.82240826 0.27114335 9.694122 40735 a
 0.009429188 0.0020471718 -0.004993427 40933 g
 -0.80086046 0.25079262 9.67856 40937 a
 0.0035702337 0.0134987645 -0.0047271107 41133 g
 -0.79966336 0.23582886 9.692925 41138 a
 0.0033039176 0.0017808558 0.0013981595 41333 g
 -0.8319851 0.2681506 9.707291 41336 a
 -0.0052181976 -0.0040780986 -0.0012650015 41533 g
 -0.7990648 0.21667525 9.686341 41538 a
 0.0027712854 0.00763981 -0.007922905 41733 g
 -0.8367735 0.22385786 9.661801 41737 a
 -0.0044192495 7.1559136E-4 6.657903E-5 41936 g
 -0.8451532 0.24899697 9.683349 41940 a
 -0.006017146 -0.0048770467 0.00272974 42138 g
 -0.8026561 0.24420857 9.709086 42142 a
 0.0011733888 -8.335694E-5 5.9921126E-4 42334 g
 -0.80325466 0.2172738 9.682152 42338 a
 -9.571401E-4 -0.0091381045 5.9921126E-4 42534 g
 -0.8122329 0.27114335 9.697714 42538 a
 -0.006283462 -0.005409679 3.3289514E-4 42734 g
 -0.7469909 0.24001873 9.665392 42739 a
 0.00996182 -8.8230526E-4 0.0013981595 42937 g
 -0.8062474 0.2693477 9.663596 42941 a
 -0.0025550367 -0.0048770467 0.0011318434 43135 g
 -0.79128367 0.24600422 9.64983 43139 a
 -0.006017146 -0.01419811 -0.005792375 43333 g
 -0.7721301 0.25378537 9.665991 43337 a
 -0.0017560885 -0.0011486213 -0.0012650015 43535 g
 -0.80804306 0.25617957 9.69951 43539 a
 -0.0028213528 -8.8230526E-4 -0.0012650015 43735 g
 -0.80325466 0.25617957 9.6767645 43740 a
 0.006766027 0.014564029 -0.0036618465 43934 g
 -0.78050977 0.23642741 9.68694 43938 a
 0.00516813 0.002579804 0.0011318434 44139 g
 -0.7715315 0.24959552 9.679757 44143 a
 6.4075657E-4 4.4927528E-4 0.0019307918 44336 g
 -0.83737206 0.2645593 9.6923275 44340 a
 0.013956562 0.011101919 8.6552737E-4 44539 g
 -0.78290397 0.26276365 9.69113 44543 a
 0.0035702337 0.0057755974 -0.0017976337 44733 g
 -0.78888947 0.22804771 9.700109 44735 a
 0.0038365498 -6.1598915E-4 -0.0017976337 44936 g
 -0.7703344 0.24720132 9.670779 44941 a
 0.0038365498 -8.335694E-5 0.00272974 45141 g
 -0.7882909 0.2633622 9.679159 45145 a
 -0.0022887206 -0.005143363 -4.660532E-4 45337 g
 -0.801459 0.24361002 9.696517 45351 a
 3.7444045E-4 -0.0011486213 -7.323693E-4 45537 g
 -0.78769237 0.24121583 9.70789 45541 a
 0.0049018143 0.00763981 -7.323693E-4 45740 g
 -0.8026561 0.27712885 9.700109 45744 a
 0.004635498 -0.0062086275 8.6552737E-4 45938 g
 -0.8050503 0.25857377 9.69113 45942 a
 -0.007881359 -0.0011486213 -0.002596582 46141 g
 -0.81043726 0.23942018 9.651027 46146 a
 -0.015338209 0.0028461202 -0.004993427 46340 g
 -0.7930793 0.18495208 9.700109 46344 a
 -0.009212939 1.8295916E-4 0.0019307918 46539 g
 -0.8463503 0.2112883 9.685743 46542 a
 -0.010011888 0.003911385 -7.323693E-4 46739 g
 -0.79726917 0.18734628 9.685743 46742 a
 -9.571401E-4 0.0041777007 0.0011318434 46942 g
 -0.8265981 0.24181437 9.686341 46946 a
 -0.0070824106 0.0041777007 0.008056062 47139 g
 -0.7882909 0.25198972 9.695918 47142 a
 0.025408154 0.016428242 0.012583436 47339 g
 -0.79726917 0.28191724 9.704298 47342 a
 6.4075657E-4 -0.007273892 0.0024634239 47542 g
 -0.81043726 0.3274071 9.671378 47547 a
 0.001706021 -0.008871788 -0.011917646 47740 g
 -0.86011696 0.2825158 9.701904 47743 a
 0.004369182 0.008172442 -0.007123956 47940 g
 -0.8098387 0.14724341 9.69113 47944 a
 -0.003087669 -0.009404421 -0.004460795 48144 g
 -0.8750807 0.2873042 9.634866 48149 a
 0.018750252 0.010569287 0.012583436 48342 g
 -0.748188 0.2136825 9.683349 48346 a
 -0.0046855654 -0.024318123 -0.008721853 48540 g
 -0.8475474 0.27712885 9.692925 48544 a
 0.004102866 -3.4967304E-4 0.00272974 48742 g
 -0.81642276 0.3250129 9.673772 48746 a
 -0.0014897723 -0.011268633 -0.0033955304 48940 g
 -0.81343 0.25498247 9.661801 48944 a
 -0.003353985 -0.007273892 -0.0012650015 49137 g
 -0.82001406 0.2681506 9.673173 49142 a
 3.7444045E-4 -0.0030128341 -0.005259743 49340 g
 -0.81343 0.26635495 9.662399 49343 a
 0.0011733888 -0.011268633 8.6552737E-4 49540 g
 -0.8086416 0.29149407 9.67018 49544 a
 9.070727E-4 -0.0014149374 0.004593953 49740 g
 -0.7870938 0.29568392 9.681553 49744 a
 1.0812434E-4 -0.005143363 -0.002596582 49942 g
 -0.81283146 0.2873042 9.661202 49947 a
 0.009429188 0.008172442 -0.0017976337 50143 g
 -0.79846627 0.28491 9.702502 50148 a
 0.0022386531 0.0017808558 -0.0015313176 50343 g
 -0.80086046 0.29269117 9.664195 50356 a
 -6.90824E-4 -0.0022138858 8.6552737E-4 50542 g
 -0.81522566 0.28191724 9.704897 50546 a
 3.7444045E-4 0.004444017 -1.9973709E-4 50740 g
 -0.7733272 0.29149407 9.687539 50744 a
 0.004369182 -0.0022138858 8.6552737E-4 50940 g
 -0.8146271 0.29628247 9.664195 50944 a
 -0.0020224045 -0.005409679 -0.002330266 51143 g
 -0.7751228 0.29269117 9.679757 51148 a
 -0.0014897723 1.8295916E-4 -7.323693E-4 51345 g
 -0.7870938 0.2896984 9.647436 51350 a
 -0.0044192495 -0.005409679 0.0011318434 51542 g
 -0.8002619 0.2813187 9.673173 51547 a
 -0.0014897723 1.8295916E-4 6.657903E-5 51744 g
 -0.7589619 0.2825158 9.688736 51750 a
 -9.571401E-4 0.0017808558 8.6552737E-4 51944 g
 -0.7870938 0.2693477 9.68275 51949 a
 -0.0012234562 -0.0040780986 8.6552737E-4 52146 g
 -0.79846627 0.32680854 9.689334 52150 a
 0.0014397049 -0.0022138858 0.0016644757 52347 g
 -0.8026561 0.2813187 9.634866 52351 a
 -0.0028213528 0.011634552 8.6552737E-4 52542 g
 -0.777517 0.30705637 9.675568 52547 a
 -0.015338209 -0.010736002 -0.0031292143 52742 g
 -0.78769237 0.26635495 9.659407 52747 a
 0.007032343 -0.002746518 0.0016644757 52943 g
 -0.8098387 0.27952304 9.67856 52947 a
 0.0033039176 0.0031124363 0.0011318434 53142 g
 -0.7906851 0.2896984 9.717466 53149 a
 -0.0041529336 -0.0048770467 0.0019307918 53345 g
 -0.83737206 0.2789245 9.706693 53352 a
 9.070727E-4 -8.8230526E-4 0.0011318434 53549 g
 -0.80564886 0.2896984 9.704897 53553 a
 0.0038365498 0.007373494 0.0016644757 53743 g
 -0.78290397 0.2825158 9.646837 53749 a
 -0.0038866173 -0.004610731 -0.0012650015 53949 g
 -0.7954735 0.29628247 9.698313 53953 a
 -0.009479255 -0.011801266 -0.004460795 54151 g
 -0.789488 0.30585927 9.709685 54155 a
 0.004635498 0.00763981 -7.323693E-4 54346 g
 -0.78410107 0.3172317 9.658808 54355 a
 -4.245079E-4 0.0028461202 3.3289514E-4 54546 g
 -0.80684596 0.31124622 9.7084875 54551 a
 0.00996182 0.015096661 -4.660532E-4 54749 g
 -0.7787141 0.29867667 9.69951 54753 a
 9.070727E-4 -8.335694E-5 8.6552737E-4 54938 g
 -0.8002619 0.30765492 9.704298 54940 a
 -4.245079E-4 -3.4967304E-4 -0.0017976337 55147 g
 -0.79367787 0.29209262 9.6845455 55152 a
 0.006499711 0.002313488 3.3289514E-4 55352 g
 -0.81283146 0.31244332 9.698313 55368 a
 -0.0073487265 -0.0022138858 -0.002596582 55546 g
 -0.7978677 0.29867667 9.716867 55551 a
 -0.0017560885 0.002579804 -7.323693E-4 55748 g
 -0.81522566 0.3274071 9.68694 55751 a
 -0.0012234562 0.011368236 -7.323693E-4 55950 g
 -0.7858967 0.30286652 9.66659 55954 a
 3.7444045E-4 -0.0091381045 0.0011318434 56153 g
 -0.75357497 0.31064767 9.665991 56156 a
 0.004635498 0.0036450685 -0.002596582 56348 g
 -0.78170687 0.27593175 9.69532 56352 a
 -0.0020224045 0.0012482236 -0.0015313176 56551 g
 -0.82779527 0.29628247 9.674371 56555 a
 0.0062333946 0.0065745455 0.0059255334 56748 g
 -0.80325466 0.30107087 9.681553 56752 a
 -4.245079E-4 0.0020471718 8.6552737E-4 56949 g
 -0.79726917 0.28072014 9.725846 56953 a
 -0.0044192495 -0.0030128341 -4.660532E-4 57152 g
 -0.7158663 0.2645593 9.733627 57155 a
 -0.014539261 -8.335694E-5 0.01711081 57349 g
 -0.8062474 0.43035775 9.736021 57353 a
 0.0030376015 -0.0043444145 -0.025233451 57550 g
 -0.8086416 0.27952304 9.688736 57553 a
 -0.003087669 0.024950357 -0.012716594 57752 g
 -0.7685388 0.26156655 9.661202 57756 a
 0.0014397049 0.006840862 0.0035286883 57950 g
 -0.8415619 0.28072014 9.657611 57954 a
 -0.008147675 -0.014464427 -0.010319749 58155 g
 -0.78290397 0.19931729 9.713276 58158 a
 0.019815516 0.0124335 0.004860269 58352 g
 -0.87448215 0.29388827 9.696517 58356 a
 0.008630239 0.004444017 0.0011318434 58551 g
 -0.78050977 0.2813187 9.671976 58554 a
 -0.003353985 -0.0064749434 0.0064581656 58751 g
 -0.79487497 0.2645593 9.68694 58754 a
 -0.008147675 -8.335694E-5 -0.0012650015 58951 g
 -0.76554596 0.23163901 9.730635 58955 a
 -0.006283462 -3.4967304E-4 0.0024634239 59153 g
 -0.81343 0.32800564 9.698911 59156 a
 0.0027712854 -8.8230526E-4 0.0016644757 59351 g
 -0.75836337 0.24660277 9.710283 59355 a
 0.004635498 0.010036655 -1.9973709E-4 59552 g
 -0.79726917 0.15861586 9.701904 59556 a
 -9.571401E-4 0.009770339 0.007789746 59752 g
 -0.82480246 0.32321724 9.671378 59755 a
 0.0030376015 -0.008871788 -0.0031292143 59948 g
 -0.7787141 0.23463176 9.715072 59957 a
 -0.003087669 -0.0035454663 -0.005259743 60292 g
