 -0.0073487265 0.007906126 -0.0028628982 2 g
 -0.78888947 -0.2669535 9.636064 4 a
 0.0025049692 -0.009937053 0.002996056 114 g
 -0.7457938 -0.2184709 9.341577 118 a
 0.024875522 -0.014464427 0.008056062 315 g
 -0.75118077 -0.19812019 10.00477 319 a
 0.007032343 -0.008871788 0.0043276367 517 g
 -0.7715315 -0.1933318 10.096947 521 a
 1.0812434E-4 0.016960874 0.010719223 716 g
 -0.8714894 -0.02813187 9.671976 719 a
 -0.0102782035 0.023618776 -0.005792375 916 g
 -0.7823054 -0.20231004 9.704298 920 a
 -0.00575083 0.0015145397 -0.0065913238 1118 g
 -0.79128367 -0.21787235 9.728839 1121 a
 0.004102866 0.0036450685 0.0032623722 1316 g
 -0.789488 -0.19632454 9.676167 1321 a
 0.004369182 -3.4967304E-4 0.0096539585 1516 g
 -0.8475474 -0.15442601 9.671378 1521 a
 -0.0038866173 -0.005409679 -0.007656588 1717 g
 -0.8631097 -0.10414778 9.676167 1721 a
 -0.0046855654 -0.007806524 -0.011118697 1916 g
 -0.7553706 -0.23463176 9.589975 1920 a
 0.02354394 0.014297713 6.657903E-5 2117 g
 -0.78050977 -0.17178397 9.7324295 2121 a
 -0.008946624 7.1559136E-4 -0.005259743 2318 g
 -0.7835025 0.04369418 9.742006 2321 a
 -0.0046855654 0.009770339 -0.008988169 2517 g
 -0.7428011 -0.031124622 9.625289 2521 a
 -0.02492559 0.002579804 -0.010852382 2718 g
 -0.79248077 -0.20051439 9.642648 2721 a
 -0.019332951 0.012167184 -0.0012650015 2920 g
 -0.801459 -0.33638534 9.603143 2924 a
 -0.006283462 -0.0091381045 -0.008455536 3118 g
 -0.87687635 -0.33877954 9.686341 3123 a
 -0.012675049 0.003911385 0.0064581656 3318 g
 -0.84694886 -0.43514615 9.665991 3322 a
 -0.010810836 0.03640195 3.3289514E-4 3519 g
 -0.9223662 -0.28191724 9.658808 3523 a
 0.020081833 -3.4967304E-4 0.016045546 3720 g
 -0.8146271 -0.18555063 9.660006 3724 a
 -0.0073487265 9.819075E-4 -0.0260324 3921 g
 -0.84455466 -0.2669535 9.613917 3925 a
 1.0812434E-4 -0.0043444145 -0.004993427 4120 g
 -0.92775315 -0.38307226 9.625888 4124 a
 0.028071316 -0.039231826 -0.002596582 4319 g
 -0.90141696 -0.14544775 9.643246 4323 a
 -0.014272945 0.040130377 0.0051265853 4519 g
 -0.866701 0.017956512 9.722255 4523 a
 -0.02146348 0.034005105 0.00885501 4725 g
 -0.83378077 -0.3645172 9.675568 4729 a
 0.004369182 -0.016062323 -0.0047271107 4923 g
 -0.8619126 -0.21428105 9.6923275 4926 a
 3.7444045E-4 0.014564029 -0.013249226 5124 g
 -0.87687635 -0.23702596 9.705495 5126 a
 -0.0068160943 0.0065745455 -0.0047271107 5320 g
 -0.87807345 -0.33518824 9.68275 5325 a
 -0.015870841 0.022287196 0.010719223 5525 g
 -0.6841431 0.06284779 9.694721 5529 a
 0.019815516 -0.002746518 0.022437133 5724 g
 -1.0785879 -0.09636662 9.68275 5728 a
 0.011826033 -0.040030774 -0.0507998 5927 g
 -0.7942764 -0.27114335 9.69113 5931 a
 -0.015338209 0.012167184 -0.0047271107 6127 g
 -0.89782566 -0.20590134 9.687539 6131 a
 -0.0073487265 -0.01845917 -0.009254484 6324 g
 -0.8972271 -0.2873042 9.683349 6328 a
 0.001706021 0.0065745455 -0.01910818 6523 g
 -0.9139865 -0.3417723 9.705495 6528 a
 3.7444045E-4 7.1559136E-4 -0.0017976337 6721 g
 -0.85652566 -0.3321955 9.661202 6725 a
 -0.01880032 0.020156667 -0.008455536 6921 g
 -0.86251116 -0.25318682 9.712678 6926 a
 1.0812434E-4 0.0031124363 0.019507654 7123 g
 -0.9307459 -0.20290859 9.668983 7127 a
 0.004102866 0.0015145397 -0.011118697 7323 g
 -0.8170213 -0.22864626 9.693524 7327 a
 0.017152356 -0.0032791502 -0.011385013 7523 g
 -0.8984242 -0.3513491 9.690532 7527 a
 0.008097608 0.0031124363 0.006990798 7723 g
 -0.8678981 -0.32680854 9.7162695 7727 a
 0.0075649754 -0.0189918 -0.00818922 7923 g
 -0.90740246 -0.29568392 9.674371 7927 a
 -0.0073487265 0.003911385 0.008588694 8123 g
 -0.7673417 -0.23523031 9.693524 8127 a
 -0.0041529336 0.00763981 -0.007656588 8325 g
 -0.94331545 -0.31064767 9.668983 8328 a
 0.008097608 0.0041777007 0.002197108 8524 g
 -0.8900445 -0.25737667 9.664794 8527 a
 -0.015071894 -8.8230526E-4 0.005392901 8724 g
 -0.866701 -0.20051439 9.652225 8728 a
 0.0014397049 -0.0035454663 -0.010319749 8925 g
 -0.8655039 -0.28191724 9.657611 8928 a
 -0.003353985 0.0063082296 6.657903E-5 9124 g
 -0.84694886 -0.260968 9.696517 9128 a
 0.01608709 -0.00807284 0.004593953 9325 g
 -0.8403648 -0.32142156 9.7084875 9329 a
 6.4075657E-4 0.011101919 0.0011318434 9525 g
 -0.8738836 -0.27114335 9.694721 9529 a
 0.0049018143 0.005242965 -4.660532E-4 9725 g
 -0.88645315 -0.2813187 9.648034 9729 a
 -0.00575083 0.0028461202 -9.986854E-4 9925 g
 -0.8265981 -0.22325931 9.646238 9929 a
 0.0022386531 0.014031397 -0.0020639498 10126 g
 -0.88645315 -0.23044191 9.668983 10133 a
 0.0057007624 -0.0019475697 0.004061321 10328 g
 -0.87328506 -0.3309984 9.703699 10332 a
 -0.0025550367 0.005242965 -0.0068576396 10526 g
 -0.88525605 -0.2908955 9.680955 10529 a
 -0.011343468 0.0017808558 0.0064581656 10726 g
 -0.90500826 -0.22445641 9.618706 10730 a
 -1.5819176E-4 9.819075E-4 -0.011917646 10926 g
 -0.8475474 -0.27473465 9.694721 10930 a
 0.00516813 0.010835604 0.0072571137 11126 g
 -0.9163807 -0.3465607 9.697714 11130 a
 0.017418671 7.1559136E-4 -0.0055260593 11327 g
 -0.7673417 -0.23762453 9.6923275 11331 a
 -0.023061376 0.011634552 0.015512913 11526 g
 -0.9283517 0.0 9.660604 11530 a
 0.04697976 -0.03070971 -0.056392435 11726 g
 -0.89064306 -0.58538234 9.60015 11730 a
 0.022744993 -0.01419811 -0.0129829105 11927 g
 -0.8900445 -0.43514615 9.69532 11931 a
 -0.015870841 0.01722719 0.042144522 12124 g
 -0.82779527 -0.25318682 9.634268 12125 a
 -0.010011888 -0.0019475697 -9.986854E-4 12327 g
 -0.8487445 -0.28191724 9.66659 12331 a
 -0.0014897723 -0.004610731 -0.0020639498 12528 g
 -0.9008184 -0.30526072 9.625888 12531 a
 0.006499711 -3.4967304E-4 -0.005792375 12727 g
 -0.93613285 -0.30945057 9.701904 12731 a
 -0.015338209 0.006840862 -1.9973709E-4 12927 g
 -0.8403648 -0.32680854 9.662399 12931 a
 0.009162872 0.00897139 0.00885501 13128 g
 -0.8984242 -0.25079262 9.727043 13132 a
 3.7444045E-4 0.008438759 0.0016644757 13328 g
 -0.86610246 -0.3250129 9.692925 13333 a
 -0.0028213528 -0.0043444145 0.0051265853 13528 g
 -0.9115923 -0.28311434 9.621698 13533 a
 0.0025049692 -0.0030128341 -4.660532E-4 13729 g
 -0.89782566 -0.22625206 9.731832 13733 a
 0.001706021 0.00763981 -0.0012650015 13928 g
 -0.87567925 -0.26755205 9.703699 13932 a
 -0.003087669 -0.008339156 0.0013981595 14129 g
 -0.86490536 -0.27473465 9.655217 14133 a
 -4.245079E-4 0.009237707 0.004860269 14330 g
 -0.8571242 -0.20470424 9.660604 14334 a
 0.004635498 -0.011801266 -0.011385013 14529 g
 -0.85173726 -0.25797522 9.665392 14533 a
 0.016619723 -0.0035454663 -0.005792375 14729 g
 -0.87448215 -0.22146365 9.731832 14734 a
 -0.003087669 0.022287196 0.028296087 14930 g
 -0.79846627 -0.29328972 9.688137 14936 a
 0.0062333946 -0.014730743 -0.0063250074 15129 g
 -0.9032126 -0.3309984 9.7007065 15144 a
 -0.0044192495 7.1559136E-4 -0.007123956 15330 g
 -0.8762778 -0.25498247 9.61272 15335 a
 -0.0028213528 0.0033787524 0.0019307918 15531 g
 -0.89782566 -0.19393034 9.685743 15536 a
 0.0025049692 4.4927528E-4 -0.002596582 15730 g
 -0.88645315 -0.35075054 9.636662 15735 a
 -0.0070824106 -0.008871788 -0.005792375 15930 g
 -0.88046765 -0.19991584 9.69951 15935 a
 0.010760768 0.014297713 0.004593953 16131 g
 -0.8451532 -0.2777274 9.712079 16135 a
 -0.0017560885 -0.009404421 8.6552737E-4 16331 g
 -0.90021986 -0.20051439 9.704897 16336 a
 6.4075657E-4 -0.0011486213 -9.986854E-4 16531 g
 -0.85293436 -0.2681506 9.652225 16536 a
 0.007298659 0.0012482236 -0.002596582 16732 g
 -0.88645315 -0.28790274 9.655217 16736 a
 1.0812434E-4 -3.4967304E-4 0.0032623722 16932 g
 -0.93972415 -0.26874915 9.691729 16936 a
 -0.0020224045 0.014564029 -0.014580807 17131 g
 -0.8343793 -0.30825347 9.680356 17134 a
 -0.0017560885 0.0031124363 0.00752343 17333 g
 -0.91937345 -0.25558102 9.67018 17337 a
 -0.0014897723 0.0020471718 0.004061321 17532 g
 -0.866701 -0.25857377 9.654019 17536 a
 -0.0028213528 -0.0056759953 -0.0028628982 17733 g
 -0.9163807 -0.25079262 9.685743 17737 a
 0.0011733888 -0.0038117825 -0.005792375 17955 g
 -0.8230068 -0.25438392 9.706094 17957 a
 -0.00575083 -0.005942311 0.0064581656 18135 g
 -0.9223662 -0.272939 9.676167 18139 a
 0.010760768 -0.0030128341 -0.0028628982 18333 g
 -0.8523358 -0.25857377 9.685743 18338 a
 -0.010011888 0.0031124363 0.02057292 18534 g
 -1.0061632 -0.31124622 9.654019 18538 a
 -0.0044192495 -0.09862032 0.026165558 18733 g
 -0.6853402 -0.17896658 9.640852 18737 a
 -0.014805578 -0.039231826 0.027763454 18934 g
 -0.85532856 -0.25258827 9.673772 18938 a
 -0.0038866173 0.0537125 -0.05053348 19136 g
 -0.8924387 -0.29149407 9.689933 19140 a
 0.019282885 -0.026182335 0.0067244815 19334 g
 -0.8924387 -0.20470424 9.713276 19338 a
 0.006499711 0.00763981 6.657903E-5 19534 g
 -0.85054016 -0.33039984 9.610924 19538 a
 -0.011609784 0.018026138 0.007789746 19735 g
 -0.96067345 -0.10474633 9.677961 19739 a
 0.006499711 0.017493507 -0.011385013 19935 g
 -0.82719666 -0.23582886 9.681553 19938 a
 0.0123586655 -0.0038117825 -0.0031292143 20144 g
 -0.9427169 -0.27832595 9.67856 20150 a
 -0.0044192495 0.0028461202 0.002197108 20338 g
 -0.85473 -0.24061728 9.668983 20343 a
 -0.0020224045 1.8295916E-4 -0.0047271107 20535 g
 -0.92895025 -0.29508537 9.713875 20539 a
 -0.01880032 0.007373494 0.0016644757 20735 g
 -0.9127894 -0.32202014 9.789292 20739 a
 -0.0017560885 0.047587227 0.014447649 20936 g
 -0.96306765 -0.27832595 9.712079 20940 a
 -0.015071894 0.008438759 -0.01165133 21136 g
 -0.8762778 -0.24301147 9.664794 21139 a
 -9.571401E-4 -0.005143363 -0.008988169 21336 g
 -0.8972271 -0.31124622 9.691729 21340 a
 0.012624982 0.007906126 0.0061918497 21537 g
 -0.89184016 -0.30825347 9.652225 21540 a
 0.00996182 -0.010736002 -0.005259743 21736 g
 -0.88405895 -0.24720132 9.673772 21740 a
 -0.011343468 0.004710333 0.0013981595 21936 g
 -0.87927055 -0.32561144 9.665392 21940 a
 -0.0073487265 -0.005942311 -0.010852382 22137 g
 -0.7745243 -0.3693056 9.721656 22141 a
 -0.009479255 0.019624036 -0.0055260593 22337 g
 -1.1174936 -0.30585927 9.737817 22341 a
 -0.030251913 -0.005942311 -0.011917646 22537 g
 -0.95827925 -0.36511576 9.757569 22541 a
 -0.102956206 0.06835988 -0.023102922 22738 g
 -0.83497787 -0.38606504 9.792884 22742 a
 0.019282885 0.0012482236 0.069308765 22936 g
 -0.98341835 -0.17717093 9.640852 22940 a
 0.019016568 -0.007540208 -0.033222936 23137 g
 -0.931943 -0.22565351 9.72824 23141 a
 0.0033039176 0.0017808558 0.009121327 23339 g
 -0.82240826 -0.29568392 9.6049385 23343 a
 0.0025049692 7.1559136E-4 -0.0063250074 23538 g
 -0.8595184 -0.17298107 9.7084875 23542 a
 -0.012142417 0.0289451 0.012849752 23738 g
 -0.81881696 -0.25019407 9.6767645 23743 a
 0.0054344465 -0.009670737 0.0037950044 23940 g
 -0.86011696 -0.24241292 9.659407 23960 a
 1.0812434E-4 0.0036450685 -7.323693E-4 24138 g
 -0.8655039 -0.22864626 9.697714 24143 a
 -0.0012234562 -0.005143363 6.657903E-5 24339 g
 -0.8451532 -0.23822308 9.65821 24344 a
 -0.003087669 0.0015145397 3.3289514E-4 24540 g
 -0.87089086 -0.23044191 9.710283 24544 a
 -0.007881359 1.8295916E-4 -0.0036618465 24739 g
 -0.88645315 -0.08499416 9.7479925 24744 a
 -0.034779284 -0.042693935 -0.004993427 24939 g
 -0.80325466 -0.3196259 9.5971575 24944 a
 0.0054344465 -0.014730743 -0.049201902 25140 g
 -0.8295909 -0.3716998 9.734225 25151 a
 0.006499711 -0.011801266 0.04800348 25340 g
 -0.97025025 -0.2621651 9.7162695 25345 a
 -0.006017146 -0.020057065 -0.033755567 25540 g
 -0.79367787 -0.30466217 9.720459 25544 a
 -0.010810836 -0.0030128341 0.011251856 25741 g
 -0.88944596 -0.33877954 9.643845 25745 a
 -0.0041529336 -3.4967304E-4 -0.0047271107 25940 g
 -0.85054016 -0.20231004 9.664794 25945 a
 0.028870264 -0.012600214 -0.012450278 26141 g
 -0.8391677 -0.38307226 9.712079 26145 a
 -0.027056118 0.047587227 0.036551885 26343 g
 -0.7978677 -0.24241292 9.629479 26346 a
 -0.008413991 -0.04109604 -0.013515542 26541 g
 -0.86370826 -0.30466217 9.710882 26546 a
 -0.003087669 0.004444017 -0.007390272 26754 g
 -0.8487445 -0.41359833 9.683948 26758 a
 0.008363924 0.0036450685 -0.0036618465 26939 g
 -0.91937345 -0.34117374 9.679757 26941 a
 -0.01880032 -0.0064749434 -9.986854E-4 27142 g
 -0.88166475 -0.3585317 9.715072 27146 a
 -0.023860326 -0.0070075756 -0.015379755 27342 g
 -0.78769237 -0.4961983 9.657611 27345 a
 -0.014805578 -0.010736002 -0.011917646 27543 g
 -0.7661445 -0.5602432 9.719262 27546 a
 -0.020664532 0.002579804 0.024301345 27742 g
 -0.7398083 -0.39025488 9.664794 27746 a
 -0.0049518817 -0.028312864 -9.986854E-4 27943 g
 -0.6434417 -0.587178 9.647436 27946 a
 0.026739735 -0.033639185 0.03362241 28143 g
 -0.65062433 -0.48003745 9.662998 28147 a
 0.013690245 0.0065745455 0.0024634239 28343 g
 -0.65541273 -0.4854244 9.618107 28347 a
 -0.008147675 -0.0014149374 0.0059255334 28543 g
 -0.6596026 -0.3561375 9.694721 28547 a
 0.007298659 0.016161926 0.02057292 28744 g
 -0.7823054 -0.45609543 9.68694 28748 a
 -0.0028213528 0.012966133 -0.016711336 28943 g
 -0.6769605 -0.516549 9.6767645 28947 a
 -0.01800137 4.4927528E-4 0.00885501 29144 g
 -0.7170634 -0.41479546 9.659407 29147 a
 -4.245079E-4 0.0055092815 -0.0055260593 29345 g
 -0.7350199 -0.40222588 9.731832 29349 a
 0.00996182 -0.009404421 0.0019307918 29544 g
 -0.7577648 -0.47345337 9.701305 29548 a
 0.0027712854 -3.4967304E-4 -0.009254484 29744 g
 -0.7290344 -0.39983168 9.6767645 29748 a
 -0.0041529336 -0.0019475697 3.3289514E-4 29945 g
 -0.7392098 -0.41838676 9.657611 29949 a
 6.4075657E-4 0.002579804 -0.004460795 30145 g
 -0.81761986 -0.36631286 9.698313 30156 a
 0.020614464 0.010036655 0.004061321 30345 g
 -0.80445176 -0.29388827 9.685743 30349 a
 -0.0025550367 0.023352461 0.002996056 30546 g
 -0.76554596 -0.29628247 9.661202 30549 a
 0.008896556 0.008438759 0.0011318434 30745 g
 -0.79248077 -0.34955344 9.69951 30749 a
 0.008630239 -0.0016812535 -0.007390272 30946 g
 -0.79487497 -0.41240123 9.64983 30949 a
 -0.0014897723 0.0017808558 0.0056592175 31146 g
 -0.7691373 -0.362123 9.674969 31150 a
 -0.0028213528 -0.005409679 0.010985539 31346 g
 -0.80325466 -0.30945057 9.685144 31350 a
 0.0014397049 0.015629293 -0.0017976337 31546 g
 -0.8182184 -0.3393781 9.689933 31550 a
 -0.0052181976 -0.0016812535 -0.005792375 31753 g
 -0.7846996 -0.3393781 9.653421 31757 a
 -0.014272945 0.0049766493 0.002197108 31946 g
 -0.7673417 -0.480636 9.712678 31950 a
 0.007032343 -0.015529691 0.007789746 32147 g
 -0.8194155 -0.41180268 9.694721 32150 a
 9.070727E-4 0.016960874 0.0024634239 32348 g
 -0.8182184 -0.32680854 9.640253 32352 a
 -0.0052181976 0.005242965 0.0059255334 32547 g
 -0.83378077 -0.33518824 9.675568 32551 a
 0.010228137 -8.8230526E-4 0.017377125 32747 g
 -0.98341835 -0.25797522 9.523536 32751 a
 0.0033039176 -0.06559712 -0.049734533 32948 g
 -0.581791 -0.51714754 9.630676 32952 a
 0.025940787 0.01855877 0.00272974 33147 g
 -0.9947908 -0.39384618 9.707291 33151 a
 0.018750252 -0.014997059 0.023502396 33348 g
 -0.5734113 -0.19871874 9.586982 33352 a
 0.004102866 -0.050683416 -1.9973709E-4 33549 g
 -1.1258733 -0.29568392 9.689933 33553 a
 0.009695504 -0.033106554 -0.0041944785 33748 g
 -0.6703765 -0.3274071 9.668983 33753 a
 1.0812434E-4 -0.015796008 -0.0036618465 33948 g
 -0.8900445 -0.41180268 9.712678 33953 a
 0.012891297 -0.02591602 -0.03215767 34149 g
 -0.80445176 -0.21787235 9.765948 34153 a
 -0.021729797 0.030809311 0.02456766 34349 g
 -0.88286185 -0.02633622 9.664794 34353 a
 0.008896556 0.01722719 -0.034288198 34549 g
 -0.770933 -0.3196259 9.675568 34553 a
 -0.017735055 0.008705075 0.0051265853 34750 g
 -0.8074445 -0.34835634 9.687539 34755 a
 -6.90824E-4 -0.0032791502 -0.010852382 34949 g
 -0.8343793 -0.26515785 9.68694 34954 a
 0.0062333946 0.024684042 0.007789746 35150 g
 -0.79248077 -0.32621 9.685144 35162 a
 -0.003087669 -0.005409679 -0.017776601 35351 g
 -0.8499416 -0.30286652 9.7402115 35365 a
 -0.0046855654 -0.005409679 0.004860269 35550 g
 -0.7990648 -0.29209262 9.6528225 35557 a
 0.004369182 -8.335694E-5 -0.0041944785 35750 g
 -0.801459 -0.2645593 9.650429 35755 a
 0.004635498 -0.0038117825 -0.002596582 35951 g
 -0.8242039 -0.31004912 9.688137 35955 a
 0.007298659 0.0049766493 0.0067244815 36151 g
 -0.87807345 -0.3405752 9.717466 36155 a
 -0.006017146 -0.012600214 -0.016711336 36351 g
 -0.84575176 -0.29209262 9.759365 36355 a
 -0.05288878 0.016428242 0.029627668 36552 g
 -0.9367314 -0.3298013 9.755175 36556 a
 -0.027322434 0.020422984 -0.053196643 36751 g
 -0.7793127 -0.21547815 9.685144 36756 a
 -0.015071894 0.04039669 0.040013995 36951 g
 -0.82360536 -0.17118542 9.615114 36956 a
 1.0812434E-4 -0.019258117 0.017909758 37152 g
 -0.75836337 -0.3657143 9.655815 37156 a
 -0.027322434 -0.005409679 -0.010852382 37365 g
 -0.83976626 -0.31902736 9.68694 37368 a
 -0.01400663 -0.014464427 -0.0100534335 37565 g
 -0.7386112 -0.3441665 9.730036 37569 a
 -0.04063824 -0.008605473 -0.016711336 37765 g
 -0.6991069 -0.46028528 9.719262 37769 a
 0.033397637 0.036668267 0.021371868 37964 g
 -0.64463884 -0.45908818 9.661202 37968 a
 0.004369182 0.008705075 -0.007123956 38165 g
 -0.6919243 -0.49559975 9.67018 38168 a
 -0.014539261 -0.015529691 0.008588694 38365 g
 -0.8451532 -0.47644615 9.639056 38368 a
 0.033397637 -0.015263375 -0.015646072 38566 g
 -0.6278794 -0.374094 9.625289 38570 a
 0.027804999 0.034804054 0.030426616 38765 g
 -0.84934306 -0.026934769 9.6767645 38769 a
 0.039789226 0.009237707 -0.017510284 38966 g
 -0.7541735 -0.24361002 9.687539 38970 a
 0.029669212 0.047054593 0.027230822 39165 g
 -0.89303726 -0.31184477 9.788693 39169 a
 0.011826033 -0.008339156 0.016844494 39369 g
 -0.85891986 -0.17537527 9.764751 39373 a
 0.0022386531 -0.0030128341 6.657903E-5 39566 g
 -0.83617496 -0.23882163 9.70789 39570 a
 0.013690245 -0.043226566 0.005392901 39766 g
 -0.7799112 -0.28909984 9.689334 39770 a
 0.0022386531 0.004710333 0.020040287 39966 g
 -0.66379243 -0.3513491 9.686341 39970 a
 0.0059670787 0.011634552 0.014447649 40168 g
 -0.7386112 -0.20111294 9.69113 40179 a
 0.015820775 -0.0067412597 0.014980281 40366 g
 -0.760159 -0.36032736 9.722255 40370 a
 0.0038365498 -0.03124234 0.022703448 40567 g
 -0.6877344 0.023942016 9.710283 40571 a
 -1.5819176E-4 0.027879834 0.030160299 40767 g
 -0.6434417 -0.25019407 9.650429 40771 a
 -6.90824E-4 -0.021122329 0.032557145 40967 g
 -0.54887074 -0.17956513 9.661801 40971 a
 0.00516813 0.0060419133 -0.009254484 41167 g
 -0.65182143 -0.25438392 9.71986 41171 a
 -0.010011888 9.819075E-4 0.0032623722 41369 g
 -0.60214174 -0.35434186 9.688736 41375 a
 -0.046497196 -0.024584439 0.029627668 41568 g
 -0.57760113 -0.21667525 9.660006 41573 a
 0.004102866 -0.0064749434 -0.016711336 41768 g
 -0.6242881 -0.17657238 9.674371 41772 a
 -0.0036203011 0.011368236 6.657903E-5 41968 g
 -0.56802434 -0.24540567 9.677363 41973 a
 -0.0036203011 -3.4967304E-4 3.3289514E-4 42158 g
 -0.6500258 -0.2148796 9.731832 42160 a
 -0.0041529336 0.0065745455 -0.0020639498 42367 g
 -0.5859809 -0.28670564 9.695918 42371 a
 0.0027712854 -0.0032791502 0.002197108 42565 g
 -0.6374562 -0.19752164 9.722853 42568 a
 1.0812434E-4 1.8295916E-4 -0.0041944785 42765 g
 -0.6218939 -0.22804771 9.720459 42769 a
 -0.0012234562 0.0060419133 -0.0015313176 42968 g
 -0.59974754 -0.20530279 9.712079 42972 a
 0.0025049692 0.0017808558 0.002996056 43168 g
 -0.62009823 -0.22804771 9.733627 43172 a
 -1.5819176E-4 -0.0032791502 0.0032623722 43371 g
 -0.6087258 -0.22864626 9.7240505 43375 a
 0.0025049692 -3.4967304E-4 -4.660532E-4 43569 g
 -0.6338649 -0.22804771 9.69113 43573 a
 0.0022386531 -0.005143363 -0.0028628982 43769 g
 -0.6194997 -0.21667525 9.694721 43773 a
 0.0059670787 0.0031124363 -7.323693E-4 43969 g
 -0.62009823 -0.20111294 9.720459 43973 a
 0.0014397049 -0.005942311 -4.660532E-4 44167 g
 -0.52492875 -0.20350714 9.539098 44172 a
 0.039789226 0.012167184 -0.016711336 44370 g
 -0.57400984 -0.38187516 9.566033 44373 a
 -0.019865584 -0.03869919 0.018708706 44569 g
 -0.049081136 0.1340753 9.7803135 44573 a
 0.0839977 -0.04296025 0.11484882 44763 g
 -0.53450555 -0.0047884034 9.634268 44774 a
 0.08319875 -0.17798251 -0.026831347 44970 g
 -0.50158525 0.24540567 9.718663 44974 a
 0.0592303 0.020422984 -0.0409461 45167 g
 -0.6925228 0.24959552 9.858724 45180 a
 0.038191326 -0.08264135 0.011784487 45368 g
 -0.37708676 -0.036511578 9.563639 45375 a
 0.015554459 -0.025649704 -0.012183961 45569 g
 -0.5069722 -0.038307227 9.7240505 45575 a
 -0.017202422 0.027879834 0.014713965 45768 g
 -0.63206923 0.38486794 9.722255 45772 a
 0.025141839 0.1431947 0.058656123 45976 g
 -0.66738373 0.47644615 9.672575 45980 a
 -0.023061376 -0.08290767 -0.02043976 46168 g
 -0.06284779 -0.19812019 9.867104 46172 a
 -0.011077153 0.03160826 0.080227725 46370 g
 -0.30885202 -0.43873745 9.712678 46374 a
 -0.039040342 -0.04988447 0.030959247 46569 g
 -0.25198972 -0.3764882 9.880871 46573 a
 -0.011077153 -0.024584439 0.050666638 46768 g
 -0.20350714 -0.19393034 9.689334 46772 a
 0.0057007624 0.06756093 0.009387643 46967 g
 -0.7062895 -0.30406362 9.702502 46972 a
 -0.0046855654 -0.0070075756 0.04161189 47168 g
 -0.2896984 -0.4961983 9.515156 47173 a
 0.03659343 0.06250093 0.040546626 47370 g
 -0.076015905 0.022744916 9.64145 47376 a
 -0.009479255 0.019624036 0.08954879 47564 g
 0.036511578 0.27832595 10.059837 47568 a
 -0.049959302 -0.10314769 0.04906874 47767 g
 -0.45908818 0.24241292 9.833585 47771 a
 -0.06540564 -0.1265835 -0.03082609 47968 g
 -0.6715736 -0.107140526 9.696517 47972 a
 -0.0020224045 -0.07065713 0.032557145 48167 g
 -0.3465607 -0.2717419 9.585187 48173 a
 0.11222721 0.12375363 0.07197193 48366 g
 0.18315643 -0.010175358 9.649231 48371 a
 0.012092349 -0.13111088 -0.048402954 48568 g
 -0.29628247 -0.17597382 9.563639 48573 a
 0.0674861 -0.030177077 0.016311862 48766 g
 -0.09876082 -0.22325931 9.709086 48771 a
 0.051240817 -0.045889728 0.037350833 48966 g
 -0.046686932 0.14963761 9.636662 48971 a
 0.0025049692 -0.054411843 0.07250456 49171 g
 -0.039504327 0.053869538 9.637859 49176 a
 -0.018534003 -0.010736002 -0.059321914 49366 g
 -0.17836803 0.026934769 9.765948 49371 a
 0.009162872 0.011101919 -0.029228192 49567 g
 -0.14963761 -0.075417355 9.733627 49571 a
 -0.013473997 -0.0035454663 -0.0129829105 49765 g
 -0.1400608 -0.034117375 9.668385 49768 a
 -0.008147675 0.0071071777 0.009121327 49969 g
 -0.19692309 0.11911154 9.82341 49973 a
 -0.01800137 -0.019524433 -0.021505026 50173 g
 -0.3728969 0.18794483 9.843162 50192 a
 -0.039572977 -0.052281313 -0.015912388 50377 g
 -0.089184016 -0.3866636 9.685743 50394 a
 -0.020398216 0.035336684 0.018975023 50570 g
 -0.13706805 -0.06943185 9.816826 50574 a
 -0.04596456 0.04465775 -0.002596582 50770 g
 -0.6392518 -0.18734628 9.7007065 50775 a
 -0.14423521 0.021221932 0.25679532 50972 g
 0.3321955 -0.9923966 9.584588 50976 a
 -0.09150462 0.009237707 0.100201435 51173 g
 0.005985504 -1.216853 9.580399 51177 a
 0.14125566 0.024684042 -0.064115606 51370 g
 -0.20590134 -0.7314286 9.888652 51375 a
 -0.03451297 -0.08317398 -0.2593253 51574 g
 -0.6314707 -0.019752163 9.599552 51578 a
 0.030201845 0.18074527 -0.103796706 51769 g
 -0.43993455 -0.43514615 9.814431 51774 a
 -0.010810836 -0.04082972 -0.10459565 51971 g
 -0.50876784 -0.6362591 9.657611 51975 a
 0.00516813 0.017759822 -0.0971388 52177 g
 -0.54168814 -0.46148238 9.69113 52180 a
 0.007298659 0.037200898 -0.070773505 52371 g
 -0.54527944 -0.46806642 9.665392 52375 a
 0.0035702337 0.023885092 -0.019374497 52571 g
 -0.46148238 -0.5722142 9.657013 52575 a
 0.014222878 0.0063082296 0.0032623722 52775 g
 -0.545878 -0.5141548 9.674371 52779 a
 -0.01746874 -0.002746518 -0.0129829105 52972 g
 -0.49919105 -0.46627077 9.65821 52976 a
 0.01608709 0.005242965 -0.009787117 53175 g
 -0.49440265 -0.52732295 9.655217 53179 a
 -0.007615043 -0.0056759953 -0.0012650015 53376 g
 -0.5895722 -0.40102878 9.682152 53382 a
 -0.0028213528 0.010835604 -0.019907128 53573 g
 -0.5626374 -0.4830302 9.733627 53576 a
 0.008896556 0.007906126 -0.0039281626 53773 g
 -0.5105635 -0.39324763 9.771336 53777 a
 0.0059670787 -0.0062086275 -4.660532E-4 53977 g
 -0.57640404 -0.60094464 9.688137 53981 a
 0.010494453 9.819075E-4 -0.0039281626 54166 g
 -0.5602432 -0.5057751 9.739613 54167 a
 -0.008413991 -0.009670737 -0.007390272 54376 g
 -0.63206923 -0.557849 9.648034 54380 a
 -4.245079E-4 -0.0062086275 -0.0028628982 54579 g
 -0.40462008 -0.46627077 9.731233 54592 a
 0.0075649754 -0.0035454663 0.011251856 54804 g
 -0.62847793 -0.52373165 9.674371 54808 a
 0.014222878 0.0071071777 -0.0100534335 54974 g
 -0.53570265 -0.46327803 9.722255 54978 a
 -0.006017146 0.015096661 0.03468767 55175 g
 -0.4441244 -0.30226797 9.742006 55195 a
 -0.032116126 -0.01153495 -0.0033955304 55377 g
 -0.41120413 -0.55725044 9.648633 55381 a
 -0.036110867 -0.056808688 0.046139266 55575 g
 -0.5895722 -0.6955156 9.599552 55579 a
 -0.012675049 -0.027780233 -0.023369238 55776 g
 -0.36631286 -0.45968673 9.739014 55780 a
 0.031000793 0.008705075 0.048269793 55976 g
 -0.6266823 -0.5153519 9.659407 55980 a
 0.016619723 0.014297713 -0.045739792 56176 g
 -0.7679402 -0.20410569 9.64983 56179 a
 0.01342393 0.03693458 0.03495399 56380 g
 -0.17298107 -0.32920274 9.80665 56394 a
 -0.0041529336 -0.036302347 -0.005259743 56576 g
 -0.5105635 -0.18794483 9.64983 56580 a
 0.03925659 0.006840862 -0.02043976 56776 g
 -0.56982 -0.45609543 9.7240505 56780 a
 -0.025458222 -0.004610731 0.042677157 56976 g
 -0.4902128 -0.29149407 9.739613 56980 a
 -0.00575083 -0.008605473 0.0024634239 57177 g
 -0.3824737 -0.29628247 9.733627 57180 a
 1.0812434E-4 0.012699816 -0.008455536 57379 g
 -0.4345476 -0.3597288 9.706693 57394 a
 0.006499711 0.037467215 -0.0129829105 57578 g
 -0.54527944 -0.22445641 9.712079 57581 a
 -0.003087669 0.00897139 0.014713965 57777 g
 -0.33518824 -0.38067806 9.660604 57780 a
 0.013157614 0.0028461202 -0.0063250074 57977 g
 -0.6326678 -0.29508537 9.694122 57980 a
 -0.003087669 -0.008339156 -0.016178703 58180 g
 -0.35314476 -0.29508537 9.683349 58184 a
 0.0049018143 -0.0070075756 -1.9973709E-4 58378 g
 -0.5602432 -0.4938041 9.728839 58381 a
 0.0011733888 0.032673523 0.0019307918 58577 g
 -0.36391866 -0.38307226 9.683948 58581 a
 -0.020930849 -0.014997059 0.030959247 58780 g
 -0.60094464 -0.2220622 9.670779 58784 a
 0.0025049692 0.038798794 -0.048136637 58977 g
 -0.48243165 -0.40222588 9.695918 58981 a
 -0.011609784 -0.018725485 0.0064581656 59178 g
 -0.47764325 -0.39564183 9.70789 59181 a
 -1.5819176E-4 -0.0064749434 -0.037750307 59384 g
 -0.6063316 -0.2873042 9.725846 59390 a
 0.008896556 0.003911385 -0.025766084 59578 g
 -0.5614403 -0.3693056 9.624691 59583 a
 0.008363924 0.008438759 0.0219045 59778 g
 -0.5566519 -0.3477578 9.7240505 59783 a
 -0.008147675 -6.1598915E-4 -0.008988169 59979 g
 -0.51714754 -0.31244332 9.68275 59983 a
 6.4075657E-4 -0.0035454663 0.002197108 60306 g
