 -0.05959675 -0.054586545 0.09842857 2 g
 -0.89932203 8.3072815 -2.203713 4 a
 0.7116547 0.9148041 0.93652534 113 g
 -1.3697827 11.091738 -2.0151696 117 a
 0.7761032 0.91320616 1.045715 315 g
 4.522348 17.319057 -3.456479 320 a
 -0.9450978 0.14728107 -0.8714947 516 g
 1.0405799 5.143344 0.25932196 520 a
 -0.7797155 0.020514596 -1.923976 714 g
 3.1552587 8.409035 1.884985 718 a
 0.24080782 -0.26817206 0.29843196 913 g
 1.361403 7.8625584 -1.3591584 917 a
 0.38541746 0.19122322 0.8161505 1114 g
 -0.7670424 11.028292 0.32276833 1118 a
 0.9318981 0.51746047 1.2004446 1311 g
 -0.23373394 10.139444 0.72918403 1314 a
 -0.49449095 0.1709832 -0.030734742 1511 g
 0.7484873 6.0567317 1.0236709 1515 a
 -1.0364442 -0.035944417 -2.0669878 1712 g
 -11.355998 9.390059 6.703914 1716 a
 0.516445 -0.2836184 0.10535279 1911 g
 1.9306244 7.7637978 -1.0808325 1915 a
 0.13428138 0.15260738 0.4523627 2113 g
 0.60423666 9.085996 -0.53016603 2116 a
 0.88742334 0.58483845 1.117354 2313 g
 -0.37199908 6.6103907 0.8746318 2318 a
 -0.26439384 0.5262489 0.4097521 2513 g
 -0.22296004 8.465898 1.7269676 2516 a
 -0.9648052 0.35767078 -2.0467477 2713 g
 -3.2414498 11.255142 4.805911 2717 a
 0.3630469 -0.61012197 -0.15590331 2913 g
 4.251803 10.510546 -1.704522 2916 a
 0.11723714 0.18190216 0.092036985 3113 g
 -0.67546415 8.714894 0.12883797 3117 a
 0.7020673 1.306555 1.0555687 3314 g
 -2.5351603 10.98759 -1.4722844 3317 a
 0.08527921 0.9116083 0.78765464 3514 g
 -5.0071735 11.30961 4.0565257 3518 a
 -0.9131399 1.1217316 -1.5034628 3714 g
 1.6032174 6.7773867 0.34910452 3718 a
 0.11084556 -0.49107864 -1.0195664 3913 g
 2.4292169 15.365388 1.5438112 3917 a
 0.44347438 -0.4223691 0.4624827 4117 g
 0.6820482 9.581595 -0.16804303 4121 a
 0.51777655 -0.6625862 0.88539267 4320 g
 -0.23672669 11.1414175 -1.6596307 4325 a
 0.5169776 -0.08468027 1.147714 4517 g
 3.532944 16.592417 -4.128651 4521 a
 -1.0335147 -0.03168336 -0.81104094 4717 g
 0.8759785 6.6121864 0.40117842 4721 a
 -0.45640776 -0.76032424 -1.696542 4916 g
 -15.4016 13.953407 2.994099 4920 a
 0.6490704 -0.4889481 0.2164066 5114 g
 -1.4912884 9.077616 -1.058686 5115 a
 0.10871503 0.0013398363 0.29496986 5320 g
 -0.6940192 8.881291 -0.6983587 5325 a
 0.8735749 0.78484184 0.90323585 5518 g
 -2.269404 12.430097 -0.23627777 5523 a
 0.2621131 0.3478171 0.86701685 5717 g
 -1.237503 11.104906 1.4462475 5721 a
 -1.1807876 0.405874 -1.8390211 5918 g
 1.1195886 5.1559134 0.19228433 5922 a
 -0.31419495 -0.2671068 -0.9942664 6118 g
 5.284302 7.972093 0.45744216 6122 a
 0.5209724 0.0338304 0.31361198 6319 g
 -0.27443537 9.353547 -2.4317608 6324 a
 0.5049934 0.54169524 0.67819875 6522 g
 0.7682395 10.023325 -0.79292965 6526 a
 0.7337589 1.1837833 0.92986745 6720 g
 -0.59825116 8.899248 2.1932385 6724 a
 -0.49981728 0.5512826 -0.14471804 6919 g
 -0.3851672 6.567894 1.3959693 6923 a
 -1.3331203 0.94223464 -1.933297 7118 g
 -16.449064 17.4663 2.0441992 7122 a
 0.26983628 0.39042768 0.3948384 7320 g
 -3.081637 10.469246 -0.3990835 7325 a
 0.07009919 0.47005618 0.16633917 7520 g
 -0.17208324 8.938752 -1.5231612 7525 a
 0.7260358 0.7973587 1.0057676 7724 g
 -2.158672 13.898341 0.4753987 7728 a
 0.14493401 0.48816568 0.77646935 7924 g
 -1.8342577 9.399636 1.5988778 7928 a
 -1.3490994 0.9318483 -1.9074644 8121 g
 -0.602441 5.467758 0.6609493 8126 a
 -0.3019444 -0.10358871 -0.7093082 8325 g
 4.832397 6.447585 0.7902362 8328 a
 0.36331323 0.27937385 0.39750156 8522 g
 -1.3841479 8.987235 -1.8433857 8526 a
 0.46424702 0.75528073 0.8446463 8722 g
 -0.23313539 9.998785 -1.3208512 8726 a
 0.6996705 0.7656671 0.98233175 8927 g
 -0.5683236 9.308058 1.7185879 8931 a
 -0.61007214 0.5606037 -0.19611704 9122 g
 -0.8077438 7.1371155 1.2361562 9126 a
 -1.0431021 0.38243818 -2.010795 9323 g
 -15.131056 19.392435 1.7030256 9327 a
 0.24080782 -0.42290172 0.20042764 9526 g
 -2.9619267 12.234969 -1.5351322 9529 a
 0.07728973 0.13582946 0.3421078 9718 g
 -0.77123225 9.371504 -0.6391022 9722 a
 0.8999402 0.20134324 1.2031078 9923 g
 -4.0500913 11.69388 0.015711948 9927 a
 0.22642675 0.25940013 0.9200138 10126 g
 -1.5427637 9.931149 0.8614637 10136 a
 -1.1783907 -0.002122273 -1.9175844 10323 g
 1.0405799 5.3761797 0.40955812 10327 a
 -0.17650953 -0.55366296 -1.0706991 10524 g
 3.0379426 10.755353 -0.06808511 10528 a
 0.44773543 0.041553568 0.34050992 10726 g
 -1.0603321 9.294291 -1.6027684 10730 a
 0.54067975 0.32278338 0.90962744 10924 g
 -2.3514054 10.35193 -0.08304887 10928 a
 0.7737064 0.63863426 1.0840645 11125 g
 1.338658 14.021643 -0.32127193 11128 a
 -0.7967597 0.35420868 -0.5130332 11326 g
 0.252289 6.3991027 0.94166946 11329 a
 -0.89476407 0.050608315 -1.8888222 11525 g
 -18.734928 16.054918 2.0400095 11529 a
 0.5848882 0.02157986 0.35062993 11725 g
 -2.1538837 9.009381 0.8381202 11729 a
 0.15318982 0.1576674 0.3170741 11927 g
 -0.22655134 9.068039 -2.397045 11931 a
 0.8093927 0.7789829 0.9533033 12126 g
 -3.1780035 14.541782 0.8500912 12130 a
 0.17396247 0.5699247 0.74131566 12326 g
 -1.8983027 9.467272 1.2996026 12330 a
 -1.3954383 0.71293646 -2.037693 12528 g
 -0.28161797 4.8865657 1.8945618 12533 a
 -0.31712443 -0.25458995 -0.76656616 12726 g
 1.9683331 5.0679264 0.30541036 12730 a
 0.4059238 0.3230497 0.4973701 12926 g
 -1.4344261 9.178771 -1.828422 12930 a
 0.6259009 0.7877713 1.0318666 13127 g
 -3.8932712 11.651981 -2.3743 13131 a
 0.6469399 0.6985554 1.1176203 13326 g
 2.74585 14.056956 -2.8250084 13330 a
 -1.0207316 0.16059686 -1.2877468 13526 g
 1.4541782 4.823718 -0.9282021 13530 a
 -0.72538704 0.05433674 -1.7082599 13729 g
 1.588852 18.859726 -2.9776387 13734 a
 0.38648272 -0.23541518 0.5005659 13927 g
 -0.252289 7.257424 -1.9247885 13930 a
 0.49966708 0.22264852 1.0936519 14126 g
 -3.3455975 10.836157 -0.88510644 14130 a
 0.81711584 0.3893624 1.2656921 14330 g
 1.1968015 17.769167 -1.9798552 14335 a
 -0.8372398 -0.04766233 -0.7670988 14528 g
 1.9030911 5.8292828 0.0163105 14532 a
 -0.84283245 -0.39547116 -1.9213128 14720 g
 1.5152304 4.4167037 0.3143886 14721 a
 0.3481332 -0.33954477 0.323732 14930 g
 -0.2427122 7.338228 -0.026785132 14935 a
 0.4173754 -0.34194162 0.77646935 15128 g
 -0.8843582 10.11251 0.18929157 15136 a
 0.9452139 0.16911899 1.3168248 15328 g
 -2.2221184 14.428657 -2.0355203 15336 a
 -0.7509534 0.1297042 -0.24272236 15528 g
 0.16071078 6.6175733 0.039653964 15531 a
 -0.4470867 -0.79228216 -2.089891 15727 g
 -14.961666 15.479712 5.017798 15731 a
 0.5398808 -0.93635917 0.06141063 15927 g
 2.3136966 8.687361 -2.2396262 15931 a
 0.20565408 -0.31424475 0.116005436 16127 g
 -1.0495582 10.412982 -0.30690673 16131 a
 0.9087286 0.35340974 1.2537079 16329 g
 -2.0120273 13.806164 -0.51580083 16334 a
 0.058381286 0.09588205 0.80629677 16529 g
 -1.6008232 9.740809 0.3556886 16534 a
 -1.0958327 -0.41331434 -1.9697824 16732 g
 1.9198505 7.4058642 2.2854152 16736 a
 0.18647933 -0.95872974 -0.77801776 16930 g
 0.573112 5.9585695 -1.5423148 16934 a
 0.20858356 -0.16191193 0.14956126 17130 g
 0.21098903 8.267179 -1.3621511 17135 a
 0.70712733 -0.5925451 0.93253064 17334 g
 -3.3432033 11.18152 1.0464158 17338 a
 0.44853437 -0.31131527 0.94131905 17526 g
 -3.093608 8.478467 -3.2080805 17530 a
 -1.5293953 -1.0383582 -1.4435416 17731 g
 1.877952 8.492233 -0.97668463 17736 a
 0.6887515 -1.9805846 -0.95778114 17934 g
 -5.43394 10.852318 -0.5588965 17938 a
 0.75879264 -1.4836388 -0.08426428 18133 g
 -0.9711481 10.511144 -1.7326539 18137 a
 0.40379328 -1.887374 0.27339825 18332 g
 0.8430583 10.016143 -1.1748048 18336 a
 0.5534629 -1.438365 0.4907122 18535 g
 0.26844987 9.634268 -1.8990508 18538 a
 0.10019291 -1.1768426 0.31654146 18730 g
 -2.0048447 13.249513 0.8177695 18735 a
 -0.44309196 -0.7028 0.24463612 18931 g
 -3.190573 9.881469 0.12644377 18936 a
 -0.9645389 -1.1171879 -1.3905448 19132 g
 1.2321161 8.8328085 -0.051325697 19137 a
 0.86292225 -2.192306 -1.2890784 19333 g
 -6.468235 8.556877 3.1622915 19337 a
 0.44773543 -0.43035856 -0.23899394 19533 g
 -4.580407 9.961675 -0.72768766 19538 a
 0.4125817 -0.24154045 0.55835646 19736 g
 -0.27443537 9.088389 -1.2071266 19740 a
 0.76731473 0.25780225 1.0081644 19934 g
 -3.4455554 17.18498 -0.86475575 19938 a
 0.2621131 0.38856345 0.82387364 20130 g
 0.3600281 10.225037 0.3096002 20140 a
 -1.1605475 -0.04872759 -1.7601916 20336 g
 0.87119013 4.759673 0.021098902 20344 a
 -0.44841826 0.18296742 -1.1412729 20534 g
 2.8320413 3.3411086 -2.6047418 20538 a
 0.25838467 0.09881153 0.4347858 20735 g
 -1.8163012 8.59279 -0.96471363 20739 a
 0.7201768 0.65008587 1.0984455 20936 g
 -4.0285435 11.234792 -2.1175218 20940 a
 0.6077914 0.68577224 1.0680856 21135 g
 3.3007064 14.369999 -2.8639143 21141 a
 -1.0063505 0.25247592 -1.1106466 21334 g
 1.4703391 4.9961004 -0.25124153 21338 a
 -0.658808 0.09534942 -1.6126524 21537 g
 1.9491794 16.730083 1.2199954 21541 a
 0.50739026 -0.070565514 0.28964353 21736 g
 0.004489128 8.006809 -1.603367 21739 a
 0.37077007 0.27777594 0.7240051 21936 g
 -1.6457144 9.534908 -0.38112697 21940 a
 0.78569055 1.0849801 0.97913593 22133 g
 -2.8547862 6.097433 1.1110592 22137 a
 -0.33283707 0.42398348 0.26674035 22336 g
 -0.76464814 7.4854717 1.2774563 22340 a
 -1.1714665 0.10360522 -2.186031 22537 g
 -17.378613 19.392435 2.1902456 22540 a
 0.12868874 -0.50625867 0.02172953 22737 g
 -3.4862568 10.184336 -0.41763857 22742 a
 0.13215084 0.318256 0.5146806 22937 g
 1.0381857 9.673772 -1.9918262 22940 a
 0.90073913 0.41839087 1.1993793 23137 g
 -1.5283985 9.457097 -0.42601827 23140 a
 -0.20340745 0.46579513 0.6789977 23339 g
 -2.5100212 8.163031 1.4378678 23343 a
 -1.0058179 -0.57843035 -2.1817698 23537 g
 -2.379537 12.138004 6.4603043 23543 a
 0.36224797 -1.0271729 -0.5444585 23737 g
 2.467524 10.436325 -2.6759694 23740 a
 0.023493875 -0.035678104 0.25209296 23938 g
 -0.5419874 8.962694 1.227178 23939 a
 1.0408214 0.18509795 1.4068396 24136 g
 -4.7671547 14.6585 0.64359134 24140 a
 0.16810352 0.16539055 1.019616 24337 g
 -2.410662 8.759786 -0.05192425 24343 a
 -1.0905064 -0.42449963 -2.1122615 24540 g
 -0.44861355 7.2819643 3.3669958 24545 a
 0.030151777 -0.71771365 -0.8714947 24738 g
 3.487454 10.065224 -2.7424085 24742 a
 0.1329498 -0.15685193 0.2164066 24938 g
 -0.58209026 8.251018 0.89917237 24942 a
 1.0040698 0.16192845 1.2569036 25140 g
 -5.5129485 11.487978 -1.3070844 25154 a
 0.32043633 0.36512765 1.1575677 25337 g
 -0.73232645 10.279505 0.3688567 25341 a
 -1.1624118 -0.4588544 -1.9346286 25537 g
 2.852392 5.361216 -0.5415385 25541 a
 0.075691834 -1.290027 -1.2331519 25742 g
 0.7628525 18.166006 1.4504373 25746 a
 0.5630503 0.01545459 0.3402436 25939 g
 0.39653966 9.630676 -0.46971244 25944 a
 0.59687245 -0.044466533 0.8883221 26139 g
 -2.6734254 10.940904 -0.7647978 26143 a
 0.73668844 0.6873701 1.210032 26341 g
 3.9603088 17.456125 -1.621922 26345 a
 -0.89902514 -0.07136446 -0.74579346 26540 g
 0.8717887 6.357204 -0.27638066 26544 a
 -0.6990217 -0.68149465 -1.8190475 26740 g
 0.57251346 6.1106014 2.617012 26745 a
 0.47596493 -0.66631466 0.17273076 26943 g
 0.6712743 9.814431 0.27907413 26947 a
 0.32416475 -0.53049344 0.54956806 27140 g
 -0.34925416 9.412804 -0.630124 27145 a
 0.9156528 0.14515053 1.1450509 27339 g
 -3.0529065 7.904457 1.4019548 27343 a
 -0.47105515 -0.112377144 0.26034877 27541 g
 -1.5511434 8.340201 0.0815525 27549 a
 -0.8100755 -1.189892 -2.0832329 27741 g
 -1.9252374 13.686454 8.013543 27745 a
 0.6674462 -1.5235862 -0.55191535 27941 g
 5.5608325 7.387908 -2.969259 27945 a
 0.21630673 -0.044999167 0.053953778 28144 g
 0.1702876 8.252214 -0.8192659 28147 a
 0.8655854 -0.49294287 1.2446531 28342 g
 -4.0883985 11.177929 -1.8595465 28346 a
 0.43015856 -0.04952654 1.081135 28543 g
 -0.48871642 11.823167 1.6461633 28546 a
 -1.0742611 -0.3280932 -1.6944115 28743 g
 2.5614965 6.1902084 -1.0114006 28747 a
 -0.1711832 -0.96991503 -1.3644458 28943 g
 -1.7672201 17.444752 -3.4642603 28946 a
 0.50259656 -0.20798463 0.26860455 29143 g
 0.12300211 8.5538845 -0.008230069 29147 a
 0.5302934 -0.17256458 0.82174313 29346 g
 -0.09726445 11.159374 -1.0700585 29349 a
 0.784359 0.628248 0.9881907 29544 g
 -1.9467852 8.790312 1.3624504 29547 a
 -0.55441207 0.15500423 0.033181123 29744 g
 -0.3636194 7.7865424 1.1583447 29747 a
 -0.8324461 -0.37070376 -1.9426181 29946 g
 -10.87596 15.251663 8.41098 29950 a
 0.5009987 -0.7257031 -0.10477062 30144 g
 1.4104841 11.182717 -3.2044892 30156 a
 0.13747717 -0.23541518 0.093901195 30345 g
 -1.7995418 9.794679 -0.19916765 30349 a
 0.8658517 0.3267781 1.1328003 30547 g
 -3.8334162 10.468048 -0.6295254 30550 a
 0.31697422 0.18136953 0.9466454 30745 g
 -0.80355394 11.16955 1.7616836 30748 a
 -1.0963653 0.10174101 -1.6046629 30945 g
 1.3835493 5.8867435 -0.21592706 30948 a
 -0.23057169 -0.42449963 -1.2613815 31147 g
 2.3549967 8.913014 2.344073 31150 a
 0.33215424 -0.062309712 0.3634131 31340 g
 0.16849194 9.816227 -2.0157683 31344 a
 0.5028629 0.08602836 0.82706946 31546 g
 -1.1716624 10.473435 -0.24106619 31549 a
 0.72576946 0.39016137 1.0912551 31747 g
 0.37678748 12.5504055 0.50712186 31751 a
 -0.73923546 0.32012022 -0.39825097 31946 g
 -0.5503671 6.962937 0.9045593 31949 a
 -0.7962271 0.105203114 -1.7873558 32145 g
 -12.9655 15.711948 6.080225 32149 a
 0.42110384 -0.39999855 0.12985387 32348 g
 0.68863225 10.281301 -2.0696378 32358 a
 0.14333612 0.2138601 0.20255816 32547 g
 -1.8186954 9.654618 -0.30451253 32550 a
 0.83975273 0.44342458 1.071015 32745 g
 -3.6053684 12.042834 -0.45415014 32748 a
 0.54520714 0.447153 0.96608645 32947 g
 0.51325697 9.560047 -1.3447932 32951 a
 -1.2401761 -0.0143728135 -1.516246 33147 g
 2.3130982 5.849633 -0.49006316 33151 a
 -0.45214668 -0.32889214 -1.2898773 33347 g
 2.2711997 16.857574 3.0371945 33350 a
 0.331089 -0.2455352 0.2859151 33549 g
 -1.0399814 9.179968 -1.0078093 33554 a
 0.5398808 0.041819885 0.8592937 33747 g
 -1.2159551 10.46326 -0.029179333 33751 a
 0.75905895 0.42265192 1.1501108 33947 g
 -2.2843678 11.572972 0.18689737 33951 a
 -0.7291154 0.15606949 -0.1889265 34150 g
 0.053570263 7.006033 -0.607379 34154 a
 -0.5554773 -0.6625862 -1.9631244 34348 g
 -14.743195 12.77965 1.5037084 34355 a
 0.6211072 -1.1731142 0.04862746 34548 g
 1.4044986 9.214086 -3.869479 34553 a
 0.1132424 -0.47083864 0.0923033 34751 g
 -1.7726071 9.81922 -0.185401 34755 a
 0.9492087 -0.17096668 1.0387907 34948 g
 -4.3930607 12.445659 -0.97668463 34953 a
 0.3233658 -0.04606443 0.8904527 35148 g
 -2.3819313 11.129447 0.99853176 35160 a
 -1.2971677 -0.43142384 -1.5167786 35347 g
 2.4244285 6.4805055 -1.3507787 35354 a
 0.031749673 -1.1962837 -1.3492658 35547 g
 -2.70874 12.481572 1.0745476 35551 a
 0.44986597 -0.2026583 0.23851085 35749 g
 -2.1670518 9.119514 0.05641338 35754 a
 0.43149015 -0.7858906 0.5026964 35952 g
 -0.9148843 9.073426 -0.9994296 35956 a
 0.7963432 0.019715648 0.8723432 36149 g
 -3.3886933 14.735114 -1.4591163 36153 a
 0.22669306 -0.24180678 0.76794726 36349 g
 -2.133533 10.207679 0.51909286 36356 a
 -1.2790582 -0.46284914 -1.5471387 36547 g
 3.1169512 6.5445504 -1.5010148 36551 a
 0.1380098 -1.3672587 -1.2968016 36750 g
 -4.805462 6.652888 2.7552772 36755 a
 0.58515453 -0.14886245 0.0675359 36950 g
 -5.23163 10.180145 -0.9198224 36955 a
 0.3878143 -0.522504 0.5929776 37154 g
 -1.5679028 8.861539 -0.9689035 37157 a
 0.8394864 0.6189269 0.87660426 37351 g
 -2.7644053 13.802573 -1.1766005 37356 a
 0.22269832 0.184299 0.8044326 37551 g
 -3.632902 10.582372 1.7126024 37556 a
 -1.2982329 0.1512758 -1.8968117 37754 g
 1.2057798 5.2480903 0.13781624 37758 a
 -0.14215474 -0.42370066 -0.9095779 37952 g
 0.64793086 9.31105 2.086098 37956 a
 0.45758912 -0.06177708 0.33598253 38151 g
 0.07032967 9.765948 -2.4491186 38155 a
 0.5755672 0.38696557 0.78419256 38355 g
 -1.4817116 10.404003 -1.1622353 38359 a
 0.61338407 0.8756556 0.99058753 38553 g
 -0.9370307 9.935339 2.6493337 38556 a
 -0.6787817 0.3084023 -0.23553182 38753 g
 -0.20799628 6.819285 -0.026785132 38756 a
 -0.95095676 -0.009579124 -1.9253075 38955 g
 -13.586197 18.177378 7.8076415 38959 a
 0.50712395 -0.6980063 0.24916348 39153 g
 2.5764604 8.573038 -3.42715 39157 a
 0.17742458 -0.17309721 0.07179696 39353 g
 -2.0946271 9.794081 -0.2877531 39357 a
 0.75426525 0.4040098 1.0097623 39556 g
 -3.4473512 11.003751 -0.68459207 39560 a
 0.34094268 0.13316631 0.9754075 39745 g
 -1.9797056 9.496601 0.16415246 39746 a
 -1.2926403 0.17817374 -1.4544606 39954 g
 1.2895769 6.9826894 -0.015412673 39958 a
 -0.087559946 -0.7552642 -1.2824204 40156 g
 -0.39893386 7.8942814 3.229329 40168 a
 0.510586 -0.124894 0.3306562 40355 g
 -3.620931 9.144653 -0.9772832 40359 a
 0.29753315 -0.29693422 0.48192376 40559 g
 -0.8885481 8.933964 -1.4393641 40563 a
 0.71911156 0.48816568 0.88272953 40757 g
 -3.658041 11.393407 -0.70973116 40760 a
 0.079686575 0.065522015 0.61907655 40955 g
 -3.9477394 10.203489 2.8157308 40959 a
 -1.318473 -0.49986708 -1.5471387 41155 g
 1.0794857 7.189788 -0.47330374 41159 a
 0.47703022 -1.557142 -0.98494536 41357 g
 -5.1747675 6.652888 1.6377836 41361 a
 0.36571008 -1.1230468 0.18977499 41556 g
 -0.33967736 9.820416 -0.37933132 41559 a
 0.37183535 -1.4732524 0.282453 41756 g
 -0.573112 9.036914 -1.7595886 41759 a
 0.5734366 -1.2042732 0.59617335 41958 g
 -1.2279263 9.749788 -1.2161049 41962 a
 0.19846356 -1.3275776 0.45396057 42155 g
 -1.9402012 9.303269 -0.672621 42159 a
 -1.147498 -1.4042766 -0.46589527 42357 g
 -1.85401 9.950302 -0.69177467 42360 a
 0.08314868 -2.4524968 -2.022513 42556 g
 -5.137059 9.357139 3.2927756 42560 a
 1.0301688 -2.386184 -0.7889367 42757 g
 6.030096 6.0531406 -0.65047467 42760 a
 0.42696276 -1.011194 -0.25390765 42955 g
 0.3660136 8.374319 -1.7356466 42959 a
 0.7532 -0.026357038 1.1778078 43159 g
 -0.8562264 11.207258 -0.9772832 43163 a
 0.6176451 0.12544315 0.9557001 43357 g
 -0.2995745 13.048399 -0.6762124 43360 a
 -0.8388377 0.017052487 -0.50903845 43556 g
 -0.19003975 6.747459 0.84949267 43560 a
 -0.7134028 -0.45512596 -1.8581959 43757 g
 -19.554342 18.96926 0.1563713 43761 a
 0.48715022 -0.3560564 0.122663334 43957 g
 -1.2123638 12.978369 -2.361132 43961 a
 0.18221827 -0.105186604 0.25022876 44157 g
 -1.314716 9.614515 -1.0006267 44161 a
 0.7547979 0.26286227 1.1064351 44360 g
 -4.8772883 13.478757 0.3664625 44365 a
 0.25518888 0.12917157 0.9466454 44557 g
 -1.4374188 10.8229885 0.74414784 44561 a
 -1.0854464 -0.030085465 -1.8339611 44755 g
 1.4475942 4.8895583 -0.75342536 44757 a
 -0.23350117 -0.47589862 -1.0922707 44961 g
 1.136348 11.392809 -3.6438253 44965 a
 0.57024086 -0.09506659 0.3306562 45157 g
 0.22774844 10.101137 -1.0311527 45161 a
 0.4717039 -0.022095982 0.7008356 45360 g
 -1.0016742 9.733627 -0.68938047 45364 a
 0.62616724 0.66579854 0.86861473 45560 g
 -2.503437 9.980828 1.6707039 45564 a
 -0.17011793 0.22371379 0.29283932 45759 g
 -0.8586206 8.944737 1.476175 45764 a
 -1.2146097 0.5560763 -1.9309002 45959 g
 -1.2931682 7.5483193 2.9641714 45964 a
 0.22110042 -0.23221938 -0.39452255 46160 g
 3.1941643 6.5744777 -0.938976 46164 a
 0.25279203 0.058331482 0.40708894 46360 g
 -0.86041623 9.287707 -1.1915642 46364 a
 0.61498195 1.0144063 0.77433884 46559 g
 -0.9567829 9.660006 -1.6075568 46563 a
 0.3662427 1.1366454 0.69178087 46764 g
 -0.22355859 8.347982 1.9262849 46767 a
 -0.64176375 0.6008174 -0.19798125 46960 g
 -0.71197575 7.6243353 0.8710405 46965 a
 -1.0710653 0.8141366 -1.7053304 47160 g
 -5.7996545 9.979631 4.34383 47165 a
 0.21950252 -0.124361366 0.06061168 47364 g
 -0.3636194 10.014946 -2.2875102 47368 a
 0.15239087 -0.11876873 0.1884434 47560 g
 -1.2931682 8.514978 -1.1658266 47564 a
 0.69594204 0.68337536 0.7863231 47762 g
 -2.120365 10.426748 -1.0431237 47766 a
 0.50925446 0.8354419 0.79484516 47965 g
 -1.2710218 11.798626 0.5196914 47968 a
 -0.7054133 0.5693921 -0.48560265 48162 g
 -1.6008232 6.530185 1.0356419 48165 a
 -0.94110304 0.54355943 -1.8169168 48363 g
 -18.433258 15.94239 -0.9222166 48366 a
 0.4155112 -0.054053914 0.44304162 48560 g
 0.11881226 11.471817 -1.9996073 48564 a
 0.18461512 0.08869152 0.19669922 48761 g
 -1.8905215 9.216479 -1.4465468 48765 a
 0.588883 0.9014883 1.0150886 48963 g
 -4.4852376 12.779052 -0.6355109 48967 a
 0.22349727 0.3267781 0.9405201 49166 g
 -3.8639424 10.401609 1.8460791 49170 a
 -1.2178055 0.39894977 -1.892817 49364 g
 1.166874 5.3223104 -0.033967737 49367 a
 -0.30300966 -0.3696385 -0.9500579 49559 g
 0.48692077 4.2515035 0.21143794 49563 a
 0.38035744 0.11372523 0.4161437 49767 g
 -0.827496 9.353547 -1.7715596 49771 a
 0.5617187 0.38643292 1.0294697 49964 g
 -3.3432033 10.767922 -1.3549685 49968 a
 0.6434778 0.48949727 1.1620951 50163 g
 2.9152398 15.594633 -1.663222 50176 a
 -0.9051504 0.12837262 -0.89679474 50366 g
 0.8861539 5.5988407 -0.14290391 50370 a
 -0.66626483 -0.06523919 -1.7585937 50565 g
 -1.0633248 7.436989 6.0485015 50569 a
 0.4392133 -0.2673731 0.30322567 50765 g
 1.124377 8.405443 -0.8916905 50769 a
 0.3763627 -0.1978646 0.684324 50967 g
 -1.0028713 9.362526 -0.39968204 50971 a
 0.8195127 0.86393774 1.0358613 51165 g
 -2.42383 7.0622964 0.90036947 51169 a
 -0.30380863 0.30440757 0.3554236 51365 g
 -1.3649943 8.204929 1.4294881 51368 a
 -1.0130084 -0.08920764 -2.1431541 51565 g
 -5.7493763 12.185888 7.102549 51569 a
 0.3545248 -0.5765661 -0.24298868 51766 g
 2.234688 13.75409 -2.2480059 51770 a
 0.24107413 -0.06843498 0.14716442 51966 g
 -1.6373347 8.623316 -0.3847183 51970 a
 0.76731473 0.9100104 1.1335993 52168 g
 -3.6813843 10.931925 -1.5692496 52173 a
 0.27942365 0.5749847 1.0755423 52367 g
 -4.830003 11.719019 3.6896145 52371 a
 -1.2244633 0.25061172 -1.7940137 52563 g
 2.0437505 5.317522 -0.69297177 52566 a
 -0.23936012 -0.72650206 -1.1820192 52769 g
 4.13329 10.972028 0.7830536 52774 a
 0.4887481 0.22158326 0.46780902 52966 g
 -0.014065935 9.795278 -1.782932 52970 a
 0.35692164 0.16965161 0.68858504 53166 g
 -1.5505449 9.408015 -0.8467992 53170 a
 0.64614093 0.91107565 0.97913593 53369 g
 -2.6428995 9.750985 -0.33563715 53374 a
 -0.1746453 0.08309888 0.47899428 53565 g
 -0.79876554 9.7958765 0.6052841 53569 a
 -1.1413728 0.15953161 -1.9575318 53767 g
 0.61860186 6.3380504 2.8618193 53772 a
 0.19500145 -0.68335885 -0.57481855 53968 g
 4.6863503 4.295198 0.8093898 53972 a
 0.30738685 -0.020764401 0.24516875 54167 g
 -0.42048168 8.933964 -1.1754034 54172 a
 0.6653157 0.62665004 0.89364845 54386 g
 -1.4344261 9.877279 -1.3190556 54390 a
 0.48262283 0.97206205 0.84251577 54559 g
 1.3937247 11.8261595 1.4067432 54560 a
 -0.6974238 0.46606144 -0.35803723 54766 g
 0.037409402 6.979098 1.1954548 54770 a
 -0.94376624 0.6956259 -1.7870895 54969 g
 -16.163555 16.205154 -1.817648 54974 a
 0.44613755 0.35554025 0.31494355 55168 g
 -1.1213843 11.534067 -0.4547487 55178 a
 0.12496031 0.03729251 0.20122659 55370 g
 -2.2568343 8.995016 -1.5560814 55374 a
 0.6072588 1.303093 0.8299989 55569 g
 -2.1592708 11.094132 -0.06868366 55573 a
 0.2602489 0.71293646 0.79537785 55773 g
 -1.5014638 8.91062 0.5041291 55777 a
 -1.2827866 0.43650034 -1.5063922 55970 g
 1.1686697 6.5307837 0.20724809 55975 a
 -0.66013956 -0.07429394 -1.2073193 56170 g
 -2.9158385 18.662203 0.3580828 56175 a
 0.4056575 0.5046773 0.53119224 56374 g
 0.744896 7.8039002 -2.245013 56377 a
 0.3313553 0.031966187 0.62173975 56570 g
 -0.8867524 10.40939 -0.19018939 56574 a
 0.7212421 0.66792905 0.9386559 56771 g
 -1.5714941 7.521983 0.74295074 56775 a
 -0.3000802 0.4391635 0.2757951 56974 g
 -0.21817163 8.055291 1.2283751 56978 a
 -1.0734621 0.4902962 -1.9828318 57171 g
 -5.140052 10.565612 4.925621 57175 a
 0.23574781 -0.19014144 -0.028337898 57372 g
 -0.30615854 13.012486 -1.5189713 57376 a
 0.15026034 -0.10811608 0.2507614 57596 g
 -1.860594 9.590573 -0.7977181 57600 a
 0.7662495 0.79682606 1.0209476 57772 g
 -4.000412 11.127052 -0.80310506 57776 a
 0.32709423 0.42797825 0.95729804 57973 g
 -2.322675 9.066243 0.8997709 57976 a
 -1.240975 0.31852233 -1.624903 58175 g
 2.1000142 6.307524 -0.576853 58179 a
 -0.1978148 -0.6641841 -1.1982646 58373 g
 1.5786767 11.871649 -2.6675897 58377 a
 0.5574577 0.16139582 0.44836792 58583 g
 -0.047584757 9.26197 -2.2456117 58590 a
 0.39820063 0.05779885 0.67819875 58768 g
 -1.7815853 9.853935 -0.23867199 58776 a
 0.6317599 0.9254567 0.8427821 58969 g
 -2.4854805 7.603985 0.8638579 58972 a
 -0.29288965 0.28443387 0.282453 59167 g
 -1.9060838 8.809465 1.3085809 59173 a
 -1.0500263 0.19042428 -2.108533 59384 g
 -2.5267806 9.888053 3.9619548 59393 a
 0.16144562 -0.42476594 -0.20890021 59567 g
 1.1201872 9.368511 -3.2655416 59574 a
 0.17875616 0.25487277 0.41774157 59768 g
 -2.5297735 8.485649 -0.7959224 59772 a
 0.71778 0.86819875 0.87820214 59969 g
 -3.3791165 9.115923 -2.6197057 59978 a
 0.35851952 0.6554122 0.99325067 60331 g
