 0.5183092 -0.52862924 0.021196898 6 g
 -2.281375 10.238804 -1.1700164 8 a
 0.19899619 0.09694732 0.148496 105 g
 -1.0603321 9.693524 -0.24226329 108 a
 1.016853 0.46419722 0.6313271 307 g
 -2.9756935 11.1414175 0.27308863 310 a
 0.71644837 0.23516537 0.68192714 508 g
 -0.61501056 11.476605 0.53824645 511 a
 -1.6590912 -0.5928114 -0.8531189 709 g
 1.2644378 5.9388175 0.33054948 714 a
 -0.70275015 -0.8716444 -1.3428742 906 g
 -1.2434886 8.5778265 4.1702504 910 a
 0.6259009 0.0189167 0.21241187 1110 g
 1.4643536 8.222886 -0.60438627 1114 a
 0.49061233 0.27937385 0.24863085 1309 g
 -1.3937247 9.276933 -0.67202246 1312 a
 1.1737131 1.2519603 0.43984583 1508 g
 3.532944 11.956045 2.111237 1512 a
 -0.12777367 1.0713979 0.105885416 1708 g
 -0.23971945 7.4788876 0.9733926 1712 a
 -2.284135 1.4836553 -1.0051854 1909 g
 -1.0669161 9.739014 7.1366663 1914 a
 0.1643751 0.096414685 0.33491728 2109 g
 -0.032621 10.763732 -1.4058453 2112 a
 0.20485514 0.78271127 0.27526248 2309 g
 -1.4134768 9.49301 -0.71930796 2313 a
 1.0741109 1.2753961 0.7061619 2510 g
 -1.4631565 11.775283 -0.115969144 2515 a
 0.7289652 0.6602059 0.746642 2709 g
 0.43664253 14.383765 -4.201076 2714 a
 -1.6289976 0.12491051 -0.6123691 2910 g
 2.797924 5.3318872 -0.35718498 2915 a
 -0.83644086 -1.2514111 -1.4536617 3111 g
 -3.102586 7.7907324 3.5369842 3115 a
 0.8642538 -0.57816404 -0.036593698 3309 g
 -4.029741 10.090961 0.4329016 3312 a
 0.28634787 -0.20665304 0.43718266 3508 g
 -1.6109985 8.702325 -0.52298343 3512 a
 0.91405493 -0.0604455 0.56448174 3710 g
 -3.1486745 13.948619 0.24974516 3714 a
 0.3183058 -0.37043744 0.6196092 3909 g
 -3.0247746 11.612476 3.030012 3914 a
 -1.7933146 -1.0133245 -1.2014604 4110 g
 2.6303298 6.625953 -0.34880525 4114 a
 -0.05693359 -2.1142752 -1.3322215 4326 g
 -2.5734675 12.623428 0.59151745 4329 a
 0.5284292 -0.7035989 -0.12314643 4513 g
 -0.64254385 9.897031 -0.1794155 4516 a
 0.43868068 -0.70173466 0.12559281 4718 g
 -1.0627263 9.668385 0.5364508 4725 a
 0.9217781 -0.23408361 0.49017957 4916 g
 -1.8857331 9.965266 1.3175591 4920 a
 -0.44841826 -0.5762998 0.11813596 5110 g
 0.9681553 8.184579 -0.6690297 5113 a
 -1.033781 -1.4780462 -1.1617793 5314 g
 -5.56622 12.396578 1.1984476 5319 a
 0.5550608 -0.9680508 -0.06029583 5516 g
 0.84724814 8.939949 -0.26560676 5520 a
 0.5745019 -1.0016066 0.4512974 5714 g
 -1.4110826 8.921992 0.3107973 5718 a
 0.2354815 0.013324061 0.47127113 5914 g
 0.50487727 7.713519 0.5244798 5918 a
 -0.36665922 -0.439147 0.2148087 6117 g
 4.1171293 9.43076 3.7219362 6121 a
 -0.5173941 0.3345013 -1.496006 6315 g
 1.4966754 6.4631476 3.0533555 6319 a
 -0.39515504 0.15953161 -0.9457969 6515 g
 0.964564 15.135545 3.0701149 6519 a
 0.13907507 0.5049436 0.28431723 6716 g
 -1.1094133 7.474099 -1.5231612 6720 a
 0.54707134 2.2362647 0.5002996 6915 g
 -3.5491047 9.785102 -0.4679168 6919 a
 0.6946105 1.6466408 0.68512297 7116 g
 0.34446576 10.832565 2.0316298 7120 a
 -0.32058653 0.91746724 0.31494355 7318 g
 -1.0202292 8.54311 0.7698855 7322 a
 -1.8532357 0.43783194 -1.4198395 7516 g
 0.5767033 7.7649946 5.522376 7520 a
 0.03894021 -0.55339664 -0.33460143 7716 g
 0.20440497 5.969343 -4.2399817 7720 a
 0.26584154 0.3446213 0.2904425 7909 g
 -1.5870564 8.46889 -0.13332711 7911 a
 1.0184509 0.38989502 0.87580526 8116 g
 -1.4625579 11.642405 -1.0203788 8120 a
 0.75506425 0.24235591 0.8118894 8319 g
 2.9804819 13.470377 -2.6663926 8323 a
 -1.113676 -0.16084667 -0.52555007 8518 g
 -0.07811083 5.502474 0.8596681 8522 a
 -1.2542908 -0.77870005 -1.6166471 8717 g
 0.6892308 6.0250087 4.143914 8721 a
 0.63096094 -0.5227703 -0.008097874 8917 g
 -2.2777836 8.608353 0.59989715 8921 a
 0.3515953 0.4586046 0.47659743 9119 g
 -0.9454104 9.137471 -0.70374566 9123 a
 1.1470815 0.49482358 0.8576958 9318 g
 0.043993454 8.374918 0.09412205 9322 a
 -0.061194647 0.25007907 0.5386491 9518 g
 -1.1758523 8.186374 1.3109751 9522 a
 -1.5893165 -0.6828262 -1.8957465 9720 g
 -2.7757776 10.407595 9.753529 9724 a
 -0.021513548 -0.5187755 -0.28187084 9917 g
 -3.3587656 19.392435 1.0919056 9921 a
 0.0802192 0.44422352 0.29763302 10118 g
 -0.80714524 9.6528225 -0.4774936 10129 a
 1.2605321 0.592029 0.967418 10321 g
 -4.2117 12.580932 2.4781485 10327 a
 0.44347438 0.40374348 0.8742074 10519 g
 -0.7802105 9.490017 -0.3966893 10523 a
 -1.5411133 -0.7677811 -1.7295651 10719 g
 1.2315176 5.386954 2.8516438 10723 a
 -0.29315597 -1.0591309 -0.89066947 10922 g
 1.5589246 3.5901055 -5.5382376 10925 a
 0.24080782 0.07084834 0.25662035 11120 g
 -2.120365 8.829816 0.17971477 11125 a
 1.134831 0.7531502 0.81748205 11320 g
 -3.3246484 10.6637745 -1.3388077 11323 a
 0.7718421 0.55021733 1.0236107 11522 g
 0.8358757 12.283452 2.6164136 11526 a
 -1.4007647 -0.4143796 -1.0818844 11720 g
 0.70180035 6.208165 0.021098902 11724 a
 -0.8758556 -0.5541956 -1.3431405 11920 g
 2.992752E-4 17.620127 -1.7021278 11924 a
 0.48262283 0.18642953 0.18870974 12118 g
 -1.9605519 7.3711486 -0.5978022 12123 a
 0.4336207 0.74436176 0.6829924 12321 g
 -2.1472998 10.567408 1.1691186 12324 a
 1.0552025 0.27990648 0.97727174 12522 g
 -0.34207156 11.401787 -0.26800096 12526 a
 -0.7509534 0.12277998 -0.20810127 12724 g
 0.43783963 6.190807 1.9167081 12727 a
 -1.2276592 -0.21810463 -1.6158482 12919 g
 -14.665383 18.76336 10.783035 12920 a
 0.48395443 0.10307259 0.20761818 13122 g
 -2.6039937 9.324219 -0.22670098 13126 a
 0.15638562 0.6373027 0.28804564 13328 g
 -2.38253 9.17099 -0.6259341 13333 a
 0.86958015 1.6050954 0.6827261 13524 g
 -4.3769 11.72261 0.0935235 13528 a
 0.2501289 0.8354419 0.6515671 13722 g
 -3.4856584 9.554062 1.2241852 13726 a
 -1.8995748 0.3659266 -1.5218387 13925 g
 -0.42945993 4.702811 1.2505214 13929 a
 -0.44948354 -0.39866695 -0.5505838 14125 g
 1.6283565 2.167351 -6.148759 14129 a
 0.4091196 0.19175585 0.3500973 14323 g
 -3.0367455 8.516175 -1.4196119 14326 a
 0.7534663 1.4122826 0.80842733 14524 g
 -3.0684688 9.923966 -0.004040215 14528 a
 0.6994042 0.87272614 0.8861916 14722 g
 1.6684593 15.821484 -4.321983 14725 a
 -1.1829181 0.038890406 -0.5276806 14967 g
 1.0028713 5.8358665 0.90396076 14974 a
 -1.0321832 -0.5384829 -1.5862871 15126 g
 -8.042423 8.082825 9.355493 15140 a
 0.64960307 0.015188274 0.13784336 15324 g
 -3.3479917 10.6637745 -1.5937902 15327 a
 0.16064666 0.41652665 0.28698036 15524 g
 -2.3657706 8.763975 -0.5469254 15528 a
 0.9428171 1.1374444 0.86035895 15727 g
 -5.1125183 14.496891 1.6096517 15730 a
 0.20831725 0.5832405 0.72480404 15922 g
 -2.4992473 9.4696665 0.9883564 15925 a
 -1.7762704 0.022645125 -1.7215757 16125 g
 -0.083497785 4.3819876 2.032827 16128 a
 -0.37757817 -0.67030936 -0.6238207 16327 g
 1.0573393 6.8982935 -0.31827918 16331 a
 0.39926592 0.13609579 0.24383716 16525 g
 -3.3934817 8.181585 -1.0311527 16529 a
 0.72550315 0.88790613 0.77700204 16725 g
 -3.326444 10.948086 -0.76419926 16729 a
 0.86798227 0.54702157 1.0782056 16928 g
 -0.8478467 12.856863 -1.2747627 16932 a
 -0.9472283 0.013856693 -0.40144676 17128 g
 -0.21697453 5.9489927 1.613243 17132 a
 -1.1158065 -0.57869667 -1.7407504 17326 g
 -18.174685 15.803527 7.8992195 17329 a
 0.61338407 -0.2655089 0.18364972 17528 g
 -4.3026795 9.062652 0.3024176 17533 a
 0.053587593 0.3874982 0.33837938 17726 g
 -2.1221604 8.938752 -0.27278936 17730 a
 0.97078025 0.8713946 0.8299989 17926 g
 -6.0235124 13.894151 0.23837271 17930 a
 0.36038375 0.4455551 0.8960453 18127 g
 -4.214094 10.636241 2.0118775 18131 a
 -1.4873174 -0.34859952 -1.6065271 18327 g
 1.0052655 5.3025584 0.071975686 18330 a
 -0.2904928 -0.94541395 -1.0187675 18527 g
 2.496853 8.519168 4.891504 18530 a
 0.48102495 0.20693587 0.22333083 18730 g
 -2.8212674 9.41041 -0.9677064 18734 a
 0.66291887 1.0397063 0.7807304 18927 g
 -3.6400845 10.427945 -0.42242697 18931 a
 0.64614093 1.0338473 0.93679166 19129 g
 1.9384055 14.396934 -3.6528037 19134 a
 -0.97545785 -0.026357038 -0.41263205 19330 g
 0.61620766 6.2285156 1.5605706 19335 a
 -1.173597 -0.2505952 -1.6443441 19528 g
 -17.196653 12.539033 6.3806973 19532 a
 0.5822251 -0.08308237 0.30322567 19728 g
 -2.5656865 8.71669 -0.6995558 19733 a
 0.15185824 0.35633922 0.27686036 19952 g
 -2.2340894 8.890269 -0.6594529 19956 a
 0.8072622 1.0066831 0.75463146 20128 g
 -3.3007064 11.476605 -0.274585 20130 a
 0.39820063 0.5366352 0.8462442 20331 g
 -4.0111856 9.165603 2.3129485 20338 a
 -1.4638816 -0.10119186 -1.3205036 20532 g
 0.667683 6.67683 -0.29852703 20536 a
 -0.6249859 -0.7454105 -1.161513 20729 g
 -1.065719 16.061502 2.299182 20734 a
 0.6767673 0.23090433 0.349032 20929 g
 -0.56173956 8.12592 -1.7943045 20934 a
 0.3776943 0.6402322 0.54077965 21133 g
 -2.1514895 9.305065 -0.6151602 21137 a
 0.5284292 1.2604824 0.51334906 21330 g
 -4.557662 12.297218 -0.5283704 21334 a
 0.18807723 0.65834165 0.7325272 21530 g
 -6.0055556 9.911396 4.0481462 21534 a
 -1.6939787 0.33929497 -1.5695093 21733 g
 0.20141222 5.8891377 0.015711948 21737 a
 -0.4934257 -0.50279653 -0.73860294 21930 g
 3.4138324 9.749788 -3.6121023 21935 a
 0.572904 0.457273 0.3208025 22131 g
 -1.735497 9.634268 -0.6133646 22135 a
 0.34014374 0.901222 0.56101966 22334 g
 -2.6333225 9.030331 -1.2538135 22338 a
 0.5622513 1.3038919 0.6265334 22531 g
 -3.0768485 11.796232 0.58074355 22536 a
 -0.095283106 0.57525104 0.5024301 22732 g
 -2.5758617 9.396643 2.1495442 22736 a
 -1.770944 0.19362007 -1.7801652 22935 g
 -0.7592612 5.662287 1.7395371 22939 a
 -0.14961159 -0.65965676 -0.43899733 23134 g
 0.22655134 5.8388596 1.7820343 23138 a
 0.37156904 0.115323134 0.36953837 23332 g
 -2.4621372 9.536704 -0.88989484 23336 a
 0.6274988 0.82558817 0.69657457 23535 g
 -2.020407 9.727043 -1.2753613 23539 a
 0.62856406 0.6522164 0.7642188 23733 g
 -2.9924529 9.540894 0.2964321 23737 a
 -0.23456644 0.16192845 0.3072204 23933 g
 -1.3518262 8.5383215 0.7806594 23937 a
 -1.4851868 -0.10864872 -1.7921494 24136 g
 -1.6971897 5.7005944 3.156306 24140 a
 0.10791608 -0.53715134 -0.42115414 24334 g
 1.5990275 3.141791 -5.7357593 24338 a
 0.20884989 0.14861265 0.26833823 24534 g
 -2.5800517 8.516774 -1.7081133 24538 a
 0.67330515 1.0562179 0.7823283 24737 g
 -3.215712 9.631873 -0.93718034 24740 a
 0.59980196 0.72864914 0.87181056 24934 g
 0.00808043 8.186374 2.7672482 24938 a
 -0.7461597 0.09481679 -0.19878021 25137 g
 -1.4577695 6.7103486 1.2732664 25148 a
 -1.3914436 -0.17362985 -1.6520672 25337 g
 -5.72304 11.64839 6.71828 25341 a
 0.546805 -0.13954139 0.03877376 25535 g
 -1.4260464 10.036493 -2.7208605 25539 a
 0.15478772 0.33956128 0.17086655 25735 g
 -4.3667245 7.8571715 -1.1556512 25739 a
 0.58835036 1.3781941 0.7322609 25937 g
 -4.3511624 10.35193 -1.5931916 25941 a
 0.41311434 0.7973587 0.80762833 26135 g
 3.0505123 15.008054 -3.2380083 26139 a
 -1.2468339 -0.004519118 -0.7375377 26335 g
 -0.25049335 5.771822 1.4013562 26339 a
 -1.113676 -0.07935394 -1.3788269 26538 g
 -17.701231 11.426328 5.8982654 26542 a
 0.6741041 0.20374008 0.46381426 26736 g
 -3.3246484 8.388085 -0.39249945 26740 a
 0.038407575 0.31213072 0.26221296 26936 g
 -3.3019035 8.786121 -0.19916765 26940 a
 0.6996705 0.99176943 0.69817245 27138 g
 -4.2530003 10.236409 0.042048167 27143 a
 0.38009113 0.48470357 0.7935136 27336 g
 -2.1556795 10.094553 -0.9934441 27340 a
 -1.4223362 -0.17442879 -1.1162392 27537 g
 -0.26186582 7.083844 0.48437694 27541 a
 -0.5442921 -0.73608947 -1.2203687 27737 g
 -7.4055653 7.644686 6.946327 27741 a
 0.7601242 0.11505681 0.3008288 27936 g
 -2.6830022 9.964069 -1.2244846 27940 a
 0.29380473 0.08602836 0.2560877 28136 g
 -2.7769747 8.983045 -0.80190796 28140 a
 0.68955046 0.8855093 0.67100817 28339 g
 -3.7741597 10.6715555 0.19886838 28343 a
 0.36704165 0.6444932 0.76128936 28538 g
 -2.294543 9.849147 -1.4357728 28544 a
 -1.44231 -0.2026583 -1.0858792 28737 g
 -0.16609775 7.0904284 0.2976292 28740 a
 -0.5421615 -0.7105231 -1.3356837 28940 g
 -2.144307 6.43741 5.2500353 28945 a
 0.6354883 -0.098262385 0.3421078 29140 g
 -3.3982701 7.905654 -0.42122987 29145 a
 0.3028595 0.2487475 0.40629 29339 g
 -2.4765024 8.828619 -0.2697966 29343 a
 0.70473045 0.57072365 0.7391851 29542 g
 -4.01777 11.217434 -1.4106337 29546 a
 0.4472028 0.19894639 0.83346105 29739 g
 -3.9184103 9.609129 0.98177236 29743 a
 -1.4260647 -0.29906473 -1.2754962 29937 g
 -0.22116438 6.6187706 -0.6325182 29941 a
 -0.31446126 -1.1065352 -1.3031931 30138 g
 -2.270601 7.885902 3.8769608 30142 a
 0.71618205 0.0063998424 0.21880345 30341 g
 -2.4058735 7.627328 -0.16265608 30348 a
 0.31111526 0.09401784 0.4694069 30536 g
 -2.1544824 8.531737 -0.68818337 30540 a
 0.748939 0.5859037 0.72054297 30743 g
 -5.83856 13.585299 -0.24286184 30747 a
 0.19446881 0.15793371 0.725603 30940 g
 -6.4652424 10.111911 3.5854666 30944 a
 -1.4923774 -0.41864067 -1.5639166 31143 g
 1.4589666 6.157288 -0.91742814 31147 a
 0.3065879 -1.4902967 -1.0536549 31341 g
 -5.126285 5.377377 -0.83662385 31345 a
 0.47303545 0.04022199 0.07179696 31541 g
 -3.1301196 8.286332 0.054617725 31545 a
 0.5944756 0.015987223 0.5817923 31741 g
 -1.7911621 8.400655 -1.27177 31745 a
 0.77051055 0.5329068 0.74291354 31943 g
 -6.4424977 13.689446 0.0019452889 31946 a
 0.09486659 0.29295596 0.59910285 32142 g
 -5.26874 10.900801 3.4394205 32146 a
 -1.584789 -0.21011515 -1.6155819 32342 g
 -1.0190321 6.2512608 -0.096815534 32346 a
 0.37503114 -1.0852299 -0.88560945 32543 g
 -3.7454293 14.507067 4.9836802 32546 a
 0.6325588 -0.83249587 0.13997388 32742 g
 -3.1762078 9.837176 -0.25902268 32746 a
 0.90313596 -1.6271832 0.4342532 32943 g
 -2.2723968 9.071032 -1.735048 32946 a
 0.91911495 -2.177126 0.21614029 33146 g
 -2.3639748 9.560646 -1.323844 33149 a
 0.60166615 -2.1275911 0.27313194 33341 g
 -4.513968 10.336368 1.4211084 33345 a
 0.08607816 -1.8500898 0.24676664 33543 g
 -3.2336686 10.30225 1.1996447 33546 a
 -0.98877364 -2.0703332 -1.3940068 33744 g
 0.48213238 7.270592 2.1483471 33748 a
 0.58835036 -1.6354389 -1.293073 33941 g
 -7.689278 14.997878 0.45744216 33945 a
 0.39180905 -0.028753884 0.041969553 34142 g
 -2.0581157 9.45171 0.4748001 34146 a
 0.50019974 -0.14593297 0.5093543 34343 g
 -2.8613703 8.9519205 -0.82345575 34346 a
 0.84507906 -0.11770346 0.70989037 34542 g
 -3.8286278 12.023083 -0.624737 34546 a
 0.33162162 -0.11956768 0.5501007 34742 g
 -3.541922 9.185953 1.7311574 34746 a
 -1.3930415 -0.38535115 -1.1460665 34943 g
 0.25288755 7.405266 0.34491467 34947 a
 -0.267057 -0.6857557 -1.1788235 35145 g
 -1.8276737 9.605537 3.8476317 35158 a
 0.49167758 0.114257865 0.24410348 35343 g
 -4.060267 8.4904375 -0.24944589 35347 a
 0.23787834 0.27431384 0.36900574 35544 g
 -3.0870237 9.046491 -0.69057757 35547 a
 0.6751694 0.73051333 0.6675461 35744 g
 -4.9251723 12.4947405 -0.40806174 35747 a
 0.26743942 0.35207814 0.61055446 35943 g
 -6.580763 8.511986 3.7225347 35947 a
 -1.6425797 0.4088035 -1.2105151 36144 g
 -0.68504095 7.093421 0.008529344 36148 a
 -0.30247703 -0.31930476 -0.8030515 36344 g
 -2.2077532 11.215039 3.642329 36348 a
 0.44320807 0.48576882 0.32932463 36544 g
 -3.114557 8.262989 -0.92760354 36548 a
 0.2386773 0.3843024 0.41214895 36745 g
 -3.1486745 9.192537 -0.29912558 36748 a
 0.4935418 1.1829844 0.6062934 36945 g
 -3.6454713 10.758944 -1.2167034 36948 a
 0.19526777 0.48150778 0.58765125 37160 g
 -6.3150063 8.467693 1.1361984 37164 a
 -1.7501714 0.16166213 -1.0387412 37345 g
 -0.20021512 8.0445175 0.28984803 37349 a
 -0.32591286 -0.68415785 -0.9367421 37543 g
 -4.0231566 14.438832 0.32216978 37547 a
 0.62483567 -0.041537058 0.27739298 37745 g
 -3.183989 8.247426 0.053420626 37749 a
 0.37103638 0.096414685 0.2989646 37945 g
 -2.8428152 8.97287 -0.29912558 37949 a
 0.716981 0.60454583 0.6406482 38145 g
 -4.8036666 11.164762 -1.0928035 38149 a
 0.3052563 0.12171472 0.57460177 38344 g
 -6.3120136 7.868544 0.12823942 38347 a
 -1.555228 -0.568044 -1.0581822 38547 g
 -0.42227733 7.7919292 -0.19018939 38551 a
 0.28581524 -0.94248444 -0.974559 38745 g
 -2.7799675 10.690709 -1.5417162 38749 a
 0.609123 -0.40718907 0.2576856 38945 g
 -4.029741 8.541913 0.19348143 38949 a
 0.5380166 -0.31957108 0.25369087 39145 g
 -3.482067 9.197925 -0.607379 39152 a
 0.6794304 0.1592653 0.51787645 39345 g
 -2.4280198 9.878476 -1.2196962 39349 a
 0.3052563 0.025840918 0.4512974 39545 g
 -1.9970635 8.98484 0.033668462 39548 a
 -0.83644086 -0.40186274 -0.3641625 39746 g
 -4.552275 7.521983 1.136797 39749 a
 -0.5086057 -0.7067947 -1.4693743 39945 g
 -2.9852703 8.583812 2.5134628 39949 a
 0.85999274 -0.9747087 -0.3572383 40145 g
 -5.070021 17.679983 -2.0091841 40149 a
 0.1744951 -0.043933902 -0.07574216 40346 g
 -2.556708 9.754577 0.74534494 40358 a
 0.27889103 0.72438806 0.5261322 40547 g
 -5.07062 8.159439 -0.39728785 40550 a
 0.4703723 1.2663413 0.6528987 40747 g
 -5.135862 12.595297 0.68130004 40757 a
 -0.02204618 0.3558066 0.32026988 40941 g
 -4.7916956 8.818443 4.0918403 40942 a
 -2.0218139 0.07803888 -1.2014604 41145 g
 -0.55695117 6.505046 1.6431706 41148 a
 -0.22950643 -0.46577862 -0.40410993 41347 g
 -2.4765024 6.1040173 3.2466872 41351 a
 0.33082268 -0.4292933 0.4049584 41549 g
 -5.0843863 9.636662 0.33354223 41553 a
 0.63681984 -0.7480737 0.12665808 41750 g
 -2.8236616 9.089587 -0.22370823 41755 a
 1.0799699 -0.33954477 0.25315824 41951 g
 -3.4892497 9.643845 2.0196588 41955 a
 0.33694792 -0.10891503 0.14396863 42154 g
 -4.555268 8.798093 3.3179147 42158 a
 -1.5576248 -0.6191767 -0.8139704 42349 g
 0.04997896 7.6506715 2.1208138 42354 a
 0.17662564 -0.96378976 -0.48986372 42551 g
 -1.8366519 8.373122 4.7921443 42556 a
 0.33215424 -0.00505175 0.2494298 42754 g
 -3.452738 9.520543 1.0398318 42758 a
 0.4306912 -0.060978133 0.059013784 42950 g
 -3.5862148 8.7849245 0.4568436 42956 a
 0.7731737 0.78697234 0.30908462 43151 g
 -3.1444848 9.485229 -1.544709 43158 a
 0.51404816 0.5491521 0.31920463 43348 g
 -3.3234513 9.252393 3.156306 43353 a
 -0.4374993 0.364595 -0.0895906 43551 g
 -2.4034793 8.040926 1.0691607 43558 a
 -1.4207383 -0.45965335 -1.5500681 43754 g
 -3.273173 7.057508 6.2615857 43758 a
 0.30738685 -0.37097007 -0.22088444 43961 g
 -1.3135189 8.355764 -3.0961518 43965 a
 0.22349727 -0.026357038 0.25129402 44157 g
 -3.0870237 7.9128366 -1.3005004 44160 a
 0.78862005 0.6982891 0.68698716 44348 g
 -3.2881367 10.526707 0.4305074 44352 a
 0.61684614 0.5150636 0.75889254 44557 g
 -0.638354 12.302606 -0.5762544 44561 a
 -1.0178021 -0.2556552 -0.43979627 44753 g
 -1.7241246 6.0519433 0.54064065 44757 a
 -0.9051504 -0.6889515 -1.4392806 44955 g
 -17.333122 13.99351 9.407567 44959 a
 0.80886006 -0.3909438 0.04862746 45159 g
 -2.2514474 10.235811 -2.399439 45164 a
 0.10685082 -0.06177708 -0.027006317 45353 g
 -3.527557 8.858546 -0.84380645 45366 a
 0.70073575 0.5872353 0.6872535 45557 g
 -2.772785 10.502765 -0.6750153 45560 a
 0.6964747 0.22983906 0.8664842 45762 g
 -2.411859 7.6668324 0.9165303 45766 a
 -0.73710495 -0.37043744 -0.23420025 45955 g
 -0.99748427 8.128913 0.5352537 45959 a
 -0.7759871 -1.6373031 -1.6262345 46156 g
 -8.831312 11.903373 11.213393 46160 a
 0.59660614 -0.66791254 -0.28400135 46356 g
 0.27024552 7.991845 -2.1408653 46359 a
 0.07649078 0.028237764 0.023593742 46558 g
 -2.9595325 8.3312235 -1.3836989 46562 a
 0.8839612 0.3115981 0.7469083 46757 g
 -2.3729532 10.971429 -0.35778353 46760 a
 0.7718421 0.05167358 0.90483373 46957 g
 -3.7771525 11.525088 -3.977218 46960 a
 -0.9104767 -0.7661832 -0.49758688 47159 g
 -1.7803882 8.037933 0.90635496 47163 a
 -0.3131297 -1.9174677 -1.5671123 47357 g
 -9.186253 10.10413 8.196699 47361 a
 0.5995356 -0.9254402 -0.19718231 47559 g
 -1.5930419 12.842498 -1.2753613 47563 a
 0.18275091 0.026906183 -0.093052715 47757 g
 -3.5844193 7.8966756 -0.71451956 47761 a
 0.74600947 0.80508184 0.69151455 47957 g
 -5.1472344 9.470264 -0.6187515 47961 a
 0.58835036 0.56859314 0.7783336 48158 g
 -4.482245 12.818556 -3.6647747 48162 a
 -1.0383085 -0.47243652 -0.6187607 48358 g
 -0.9531916 7.165247 0.009726444 48361 a
 -0.38849714 -1.2759122 -1.5231702 48559 g
 -14.17098 8.324639 2.7151744 48564 a
 0.74334633 -0.29693422 -0.11702116 48758 g
 -0.74429744 10.157999 -1.9421465 48763 a
 0.16384247 0.23596433 -0.066154785 48958 g
 -3.7915177 9.209297 -0.4074632 48963 a
 0.7465421 0.88417774 1.0201486 49158 g
 -5.606921 8.754398 0.09891046 49165 a
 0.27116784 0.5158626 0.84677684 49359 g
 -6.3598976 10.131064 4.579659 49363 a
 -1.3245983 -0.58721876 -1.2629794 49559 g
 -0.20021512 7.0102224 0.11207857 49562 a
 -0.303276 -0.89774334 -0.9444653 49758 g
 -3.2647934 7.07726 2.936638 49761 a
 0.32096896 0.2404917 0.1980308 49958 g
 -4.045902 8.653842 1.155352 49962 a
 0.40512484 0.19601691 0.38871312 50159 g
 -2.804508 8.512584 -1.2568063 50164 a
 0.7063284 0.6623364 0.7037651 50360 g
 -5.0335097 10.196306 -0.9886557 50369 a
 0.3526606 0.35687184 0.7692788 50563 g
 -6.49517 9.714474 3.265242 50568 a
 -1.3498983 -0.3334195 -1.3918763 50758 g
 -0.055964466 6.1195793 -0.07885902 50762 a
 -0.359735 -0.88655806 -1.089075 50958 g
 -6.73878 17.857153 0.9895535 50962 a
 0.521505 0.20533797 0.38525102 51158 g
 -1.9743186 8.051102 -0.5553052 51165 a
 0.3811564 0.39229187 0.5793955 51358 g
 -2.4687212 8.958505 -1.3070844 51362 a
 0.6948768 0.5893658 0.77700204 51559 g
 -6.266524 12.700642 0.08454525 51564 a
 0.05811497 0.13796 0.643045 51759 g
 -3.7645829 9.950901 1.3768156 51764 a
 -1.333653 -0.6940115 -1.6984062 51959 g
 0.73232645 6.363788 0.47899 51963 a
 0.25785205 -1.2543406 -0.99799484 52159 g
 -3.1624413 10.790668 -2.4886231 52164 a
 0.33881214 0.2833686 0.21161291 52360 g
 -1.7971476 9.206305 -0.9497499 52364 a
 0.4583881 0.36193183 0.63532186 52560 g
 -3.1325138 8.819042 0.08693945 52566 a
 0.6946105 0.73344284 0.8483747 52760 g
 -3.589806 9.425373 1.868824 52764 a
 -0.23616433 0.13875894 0.22839083 52960 g
 -2.3831284 8.611345 1.2960113 52965 a
 -1.4476362 -0.25512257 -1.5561934 53157 g
 -2.2388778 6.6882024 3.0689178 53161 a
 0.20938252 -0.7390189 -0.46989 53354 g
 1.0932523 10.930129 7.9500966 53355 a
 0.3763627 -0.0058506983 0.2132108 53562 g
 -1.7977462 9.964667 -0.111180745 53567 a
 0.6490704 0.2735149 0.56554705 53761 g
 -3.8220437 9.359533 -0.032770637 53765 a
 0.65519565 0.65860796 0.75010407 53964 g
 -1.3428478 7.89907 2.7552772 53967 a
 -0.53576994 0.043950412 -0.04458318 54171 g
 -2.048539 7.2765775 0.12584522 54175 a
 -1.106219 -0.6508683 -1.537285 54360 g
 -4.6713867 8.136695 5.675605 54366 a
 0.40219536 -0.351529 -0.2648266 54562 g
 0.37858313 7.306505 -1.7224785 54568 a
 0.13880874 -0.021297032 0.107217 54762 g
 -3.2444425 8.424597 -1.2538135 54766 a
 0.65120095 0.6980228 0.69364506 54962 g
 -2.918831 9.67018 -0.6498761 54966 a
 0.5398808 0.6759185 0.81748205 55162 g
 -4.6917377 10.070611 0.99613756 55168 a
 -0.1695853 0.115323134 0.29283932 55362 g
 -3.093608 9.537302 1.1559505 55376 a
 -1.3978351 -0.6540641 -1.5380839 55562 g
 -0.51086277 6.31351 1.8927661 55567 a
 0.45812175 -1.1962837 -0.9524548 55764 g
 -2.6243443 9.368511 0.7896376 55768 a
 0.34280688 -0.076424465 0.23424979 55962 g
 -2.9152398 8.931569 0.21921909 55966 a
 0.55852294 0.18616322 0.64171344 56162 g
 -3.68318 8.97646 -0.31468788 56166 a
 0.90952754 0.12570946 0.84011894 56362 g
 -3.880103 9.964069 3.6788406 56365 a
 -0.30274335 0.098545216 0.095765404 56563 g
 -2.6889877 8.429385 0.9374796 56566 a
 -1.1743959 -0.6924136 -1.6201093 56765 g
 -1.8797476 7.5136037 3.192219 56768 a
 0.4855523 -0.8854928 -0.6267502 56962 g
 -1.8216882 11.0247 7.016358 56966 a
 0.29460368 -0.060711816 0.011875834 57163 g
 -3.0181906 8.415619 -1.2161049 57166 a
 0.7337589 -0.03647705 0.7887199 57362 g
 -3.6843772 9.150639 -0.5409399 57366 a
 0.81818116 -0.007182279 0.8973769 57562 g
 -4.148254 8.5778265 2.697218 57565 a
 -0.25773594 -0.31051633 0.18791078 57766 g
 -1.184232 9.269152 0.19288288 57771 a
 -0.7759871 -1.4535451 -1.7133199 57967 g
 -1.6726491 8.51019 3.0455742 57971 a
 0.5936767 -1.0008076 -0.748723 58170 g
 -0.020051438 12.008718 4.4964604 58175 a
 0.37689534 -0.062309712 0.032382175 58367 g
 -1.551742 9.132084 -2.1109376 58372 a
 0.71218735 0.2833686 0.7285325 58567 g
 -3.0732572 9.592369 -0.27757776 58573 a
 0.5561261 0.6556785 0.88725686 58767 g
 -3.3934817 6.191406 3.3089364 58771 a
 -0.550151 0.15660213 -0.0064999773 58967 g
 -2.7961283 8.0367365 -0.17163433 58972 a
 -0.5714563 -1.2996143 -1.6499367 59172 g
 -10.5802765 9.311649 2.9923031 59177 a
 1.0466803 -1.7286496 -0.17188229 59368 g
 -1.172261 9.030331 -1.472883 59373 a
 0.7156494 -1.2386279 -0.033930536 59567 g
 -3.3785179 9.13388 -0.98566294 59573 a
 1.0642573 -1.2010773 0.35808676 59767 g
 -2.7673979 9.316438 -1.3890859 59773 a
 0.65998936 -1.1744457 0.16793707 59968 g
 -3.3617585 8.925584 -1.3064859 59973 a
 0.12496031 -0.6982726 0.13970757 60303 g
