 0.48901442 1.0072157 0.87340844 7 g
 -4.5690346 12.120048 -0.28116906 9 a
 1.0285709 0.7675313 1.3498479 121 g
 3.5963902 15.666459 -1.8954595 125 a
 -0.93497777 -0.14087297 -1.0691012 322 g
 1.5990275 3.3608606 -1.2490251 328 a
 -1.1941034 -0.13075295 -1.7633873 523 g
 6.6777277 10.717644 2.265663 526 a
 0.38914588 -0.01463913 0.47792903 720 g
 -0.39175126 8.359954 -2.2007203 725 a
 0.78888637 0.70627856 1.0750097 920 g
 -4.3613377 10.317214 -0.73127896 924 a
 0.77077687 0.7683302 1.2696868 1125 g
 1.3075334 12.208633 2.071134 1128 a
 -1.3714699 -0.25006256 -1.7316958 1320 g
 0.40132806 4.111443 1.1230302 1323 a
 -0.5200573 -0.5246345 -0.9987938 1523 g
 3.6957495 3.17531 -4.1017165 1527 a
 0.28980997 -0.008780176 0.27180037 1726 g
 -0.70299745 8.628703 0.07975684 1730 a
 1.0173856 0.2620633 1.2473162 1923 g
 -5.146037 12.89517 1.7006314 1928 a
 0.428827 0.41306454 1.1253434 2122 g
 -1.1327567 9.55047 0.20365678 2126 a
 -1.395172 -0.79388005 -2.0544708 2325 g
 -1.4410101 9.176975 5.2153196 2328 a
 0.062376026 -0.8266369 -0.75191873 2523 g
 2.4980502 8.710106 -2.1815667 2528 a
 0.10578555 -0.023161246 0.16713813 2723 g
 -0.6108207 8.969278 1.0619781 2727 a
 1.2868975 0.0010735203 1.2944542 2926 g
 -6.1510034 14.987104 1.8676269 2930 a
 0.2567868 0.23010537 0.9173506 3124 g
 -1.9144635 8.564059 0.11686697 3128 a
 -1.3693393 -0.74461156 -2.0584655 3325 g
 -0.43065703 7.8529816 4.574272 3329 a
 0.14573297 -0.7810969 -0.76390296 3527 g
 2.2538416 9.129091 -2.9914055 3531 a
 0.20165935 0.02850408 0.21986872 3728 g
 -1.837849 8.471883 0.37783495 3733 a
 1.1303036 0.41705927 1.1841993 3928 g
 -6.3401456 14.082096 1.4444518 3933 a
 0.34653533 0.38643292 1.0057676 4129 g
 -3.5814264 9.455899 0.088136554 4132 a
 -1.4891816 -0.4857523 -1.9793696 4330 g
 0.85682493 5.0810947 0.90755206 4335 a
 -0.12590946 -1.0239772 -0.99160326 4528 g
 -0.12479776 5.479729 -4.2836757 4532 a
 0.36757427 0.16485792 0.37992468 4730 g
 -2.34123 8.55987 -0.6618471 4734 a
 0.99128664 -0.05964655 0.9855275 4928 g
 -3.949535 11.554418 0.033668462 4932 a
 0.5958072 0.25620434 1.0968477 5129 g
 -1.0489596 9.987412 -0.097414084 5133 a
 -1.51821 -0.7161158 -1.4805596 5329 g
 2.5638907 6.71813 -1.3280338 5333 a
 0.089540266 -1.598421 -1.4885491 5528 g
 -7.9334865 19.094955 -5.8512793 5532 a
 0.7350905 -0.13581295 0.15222442 5728 g
 0.35464114 8.433576 -1.9624972 5732 a
 0.6607883 -0.63009566 0.7224072 5931 g
 -2.7787704 11.19828 1.2606969 5936 a
 0.8863581 0.1246442 1.1184193 6128 g
 -2.5405474 16.85159 -4.330363 6132 a
 -1.1160728 -0.60239875 -0.78174615 6352 g
 1.1740566 6.0525417 -0.20036475 6354 a
 -0.55574363 -1.445023 -1.8861591 6531 g
 -1.4888942 6.449381 2.0094833 6535 a
 0.70579576 -0.50572604 0.07552538 6730 g
 -1.7552491 7.53575 2.3608325 6734 a
 0.46264914 -0.16430879 0.6494366 6930 g
 -0.5814917 10.277111 -1.2627918 6934 a
 1.0839646 -0.0687013 1.1088319 7132 g
 -2.727295 11.943475 -0.6097732 7137 a
 -0.6947607 -0.124361366 -0.2302055 7330 g
 0.043394905 4.609437 1.3582605 7338 a
 -0.7070112 -1.0218467 -2.1167889 7529 g
 -1.8953099 6.0860605 4.6401124 7533 a
 0.3830206 -0.65939045 -0.13193487 7734 g
 -3.2474353 15.239693 -2.2504 7738 a
 0.5350871 0.12997052 0.5386491 7931 g
 -2.146701 9.284714 -0.15068507 7936 a
 1.1015415 0.66553223 1.2851331 8131 g
 -1.842039 13.229161 -1.3166612 8136 a
 -0.54908574 0.20746851 -0.090123236 8332 g
 0.9280524 5.872977 0.041449618 8337 a
 -1.0843811 -0.670842 -2.106935 8531 g
 -11.175236 6.1465144 8.97661 8536 a
 0.567844 -0.13554664 0.20229185 8731 g
 -0.55575407 8.77834 -2.3503578 8744 a
 0.34653533 -0.059912868 0.56315017 8938 g
 -2.2568343 10.01315 -0.9826702 8941 a
 0.9968792 0.880183 1.1280067 9132 g
 -4.1991305 8.464102 0.40776247 9137 a
 -0.6833091 0.32544655 -0.06748637 9332 g
 -1.6056116 6.463746 0.5041291 9337 a
 -0.921662 -0.819979 -2.226511 9536 g
 -19.43224 19.392435 5.160253 9539 a
 0.6480051 -0.583224 0.22412977 9733 g
 -4.2565913 10.307637 -0.10699089 9737 a
 0.15665193 0.20400639 0.2989646 9933 g
 -2.8691514 8.8088665 -0.6971616 9938 a
 0.90073913 0.72891545 1.0691508 10136 g
 -1.5631144 10.566211 0.7992145 10140 a
 -0.028970398 0.33237076 0.66648084 10334 g
 -2.4441807 8.920795 2.3817818 10338 a
 -1.1123443 -0.12516032 -2.3279774 10534 g
 -2.7063458 7.668628 4.0678983 10538 a
 -0.01858407 -0.5350208 -0.41183308 10730 g
 0.72514385 11.410766 -1.9888334 10734 a
 0.20352356 0.22318116 0.45981953 10929 g
 -3.7466264 8.692748 -0.7079355 10933 a
 0.73242736 1.0474296 1.0494434 11135 g
 -5.440524 9.487623 -1.984045 11139 a
 0.20805094 0.69429433 0.9426506 11330 g
 -2.86556 9.625289 2.965967 11344 a
 -1.178657 0.6721901 -1.5721724 11533 g
 -0.5916671 5.977723 -0.34401685 11537 a
 -0.30593914 0.65860796 -1.0336812 11733 g
 1.920449 19.392435 -5.8111763 11738 a
 0.5484029 0.6985554 0.31574252 11938 g
 -0.38696286 10.363302 -1.8852842 11942 a
 -0.12191472 1.2951034 0.20229185 12136 g
 -7.5821376 9.827001 0.25692776 12139 a
 -0.54296046 3.172632 0.24463612 12336 g
 -1.7384897 18.918383 -2.8118403 12340 a
 -1.1568191 1.3563561 -0.36709198 12539 g
 0.2379238 6.903681 -1.3244425 12543 a
 -1.4606858 1.5299942 -1.0677696 12737 g
 -6.7298017 8.69993 1.6246156 12741 a
 -0.4689246 1.3824551 0.42147002 12937 g
 -0.47973818 9.019556 -0.42960957 12941 a
 0.25918362 0.90601563 0.46834165 13139 g
 -3.0134022 9.409811 -1.3172598 13143 a
 0.1627772 1.5382501 0.4707385 13338 g
 -3.6293106 10.206482 -0.8037036 13341 a
 0.21710569 1.1326506 0.6789977 13532 g
 -4.5421 9.828198 1.3409026 13537 a
 -1.678266 1.0098789 -1.5071912 13740 g
 -1.9838954 5.86759 1.3768156 13754 a
 -0.95947886 0.3398276 -0.94020426 13938 g
 -1.0609306 14.463372 -3.6755486 13942 a
 0.35745427 0.29695073 0.6542303 14138 g
 -0.39055416 8.764574 -0.36077628 14142 a
 0.42110384 0.35633922 0.6070923 14340 g
 -3.1193454 9.394848 -0.8288427 14345 a
 0.7396179 0.52118886 1.0363939 14541 g
 -0.6000468 6.6067996 2.0244472 14545 a
 -0.66626483 0.14568317 -0.13140222 14739 g
 -2.4088662 6.8863225 -0.112976395 14743 a
 -0.90994406 -0.7054631 -1.9061328 14940 g
 -12.13531 14.97214 8.381053 14944 a
 0.64880407 -1.0266403 0.12506019 15139 g
 -1.4841058 8.84478 -2.726846 15143 a
 0.16197824 -0.34353954 0.08271592 15339 g
 -3.9537249 8.981848 0.12764087 15342 a
 1.2048721 -0.65832514 0.9770054 15541 g
 -6.6370263 13.765463 3.092261 15546 a
 -0.012192484 -0.6537978 0.3056225 15739 g
 0.34207156 8.244433 0.6028899 15743 a
 -1.0747937 -0.81864744 -1.6560619 15939 g
 -0.65391636 7.527969 4.8663645 15944 a
 0.25412363 -0.7763032 -0.30717087 16142 g
 2.643498 8.467094 -4.0693946 16147 a
 0.27649418 0.22477905 0.08271592 16340 g
 -2.1730373 7.9272017 -1.3579613 16344 a
 1.0496098 0.5446247 0.7983073 16540 g
 -4.6893435 10.431537 -2.6209028 16545 a
 0.6996705 1.1704675 0.7897852 16741 g
 0.9035119 11.832744 -2.5574563 16745 a
 -1.2324529 0.31079915 -1.3785605 16940 g
 -1.0208278 5.463568 0.104895964 16945 a
 -1.0758591 0.48044252 -1.4019964 17141 g
 -3.9656959 10.83077 2.4901195 17145 a
 0.35638902 0.08203362 0.5820586 17340 g
 -1.4338275 8.949526 -2.3916578 17344 a
 0.65626097 0.37844345 1.0656886 17540 g
 -4.2697597 10.380061 -0.4607342 17544 a
 0.7308295 0.5100036 1.281671 17741 g
 2.8027124 17.43338 -1.4525323 17746 a
 -0.95521784 0.008796687 -1.0142401 17942 g
 0.48931497 5.523423 -0.1794155 17946 a
 -0.7600081 -0.4338207 -1.805998 18142 g
 1.2225392 13.314156 5.1105733 18146 a
 0.71618205 0.17338005 0.39563733 18342 g
 -0.2486977 6.6534867 -3.62946 18346 a
 0.38381958 0.5414289 0.6558282 18542 g
 -3.0553007 10.502765 1.5797242 18547 a
 0.640282 1.4426426 1.0001749 18742 g
 -0.40252516 15.913061 -1.0407295 18756 a
 -0.71260387 0.3560729 -0.44911733 18942 g
 -0.4659715 5.5126495 0.19288288 18947 a
 -1.2550898 0.37711185 -2.0712488 19141 g
 -1.6199768 13.194446 4.919636 19146 a
 0.30472368 0.45753932 0.39403945 19341 g
 0.55575407 7.2867527 -3.4648588 19345 a
 0.25598782 0.67671746 0.72080934 19541 g
 -2.2819736 10.397419 1.0769418 19546 a
 0.4703723 1.5646154 1.0081644 19741 g
 -1.9934722 12.402563 1.7880198 19746 a
 -0.7648018 0.36406237 -0.258435 19941 g
 -0.001496376 5.6946087 0.27069443 19946 a
 -1.3941067 0.40800452 -2.055536 20142 g
 -8.714595 6.4386067 9.336938 20146 a
 0.28794578 0.14142211 0.2971004 20342 g
 -1.3751696 8.2833395 -0.9258079 20347 a
 0.024825456 0.58883315 0.6443766 20542 g
 -2.4507647 8.186374 -0.92042094 20547 a
 0.5697082 1.0610117 1.1533067 20742 g
 -3.546112 10.490194 0.21203649 20747 a
 -0.11392523 0.4178582 0.7176135 20943 g
 -3.373131 8.599973 1.3361142 20947 a
 -1.1435033 -0.2750963 -2.217989 21142 g
 -2.4645314 7.9870567 5.6654296 21147 a
 0.33614898 -1.0900235 -0.65604496 21343 g
 2.1077952 9.628283 -2.0061915 21347 a
 0.2538573 0.23916012 0.34477097 21544 g
 -4.1314945 7.378331 -1.1921628 21548 a
 0.74334633 0.952621 1.3277438 21741 g
 -6.616676 9.735423 -0.8491934 21746 a
 0.20192567 0.7134691 0.97114646 21944 g
 -0.317531 11.282077 0.6238392 21948 a
 -0.886242 -0.23115413 -1.8179821 22145 g
 -0.8041525 5.273229 1.1870751 22148 a
 -0.56719524 0.02850408 -1.3287594 22345 g
 -0.11462241 7.1766195 -4.0939355 22348 a
 0.46238282 0.3049402 0.5074901 22545 g
 -1.2398973 10.918159 -1.290325 22549 a
 0.47250283 1.3337194 0.998577 22745 g
 -4.5415015 8.622718 -1.5955858 22748 a
 0.19313723 1.5009658 1.0619602 22941 g
 2.0838532 15.618575 4.1163807 22942 a
 -1.1251276 -0.0753592 -1.5066586 23145 g
 0.0134673845 3.566762 -0.22490533 23149 a
 -1.2678729 0.07590835 -1.4925438 23345 g
 -1.9012954 6.403891 -0.89228904 23349 a
 0.31910476 0.33556655 0.5727376 23545 g
 -2.7602153 8.164826 -1.2214918 23549 a
 0.495406 1.0788548 1.1823351 23746 g
 -5.1448402 9.270947 -1.4453497 23762 a
 0.49806917 0.97179574 1.2289405 23946 g
 1.6858172 12.787432 1.1421839 23950 a
 -1.1672055 -0.30385843 -1.6134514 24145 g
 0.9418191 3.8983588 0.34671032 24149 a
 -0.6164637 -0.38215536 -1.3418089 24344 g
 -1.361403 5.398925 -2.7465982 24348 a
 0.4123154 -0.060179185 0.59457546 24545 g
 -1.9252374 9.202114 -1.3148656 24549 a
 0.86665064 0.4852362 1.2521099 24745 g
 -6.7393785 11.282676 1.8652327 24749 a
 0.37023744 0.61999214 1.2318699 24945 g
 -0.85921913 8.55149 0.01810615 24949 a
 -1.1464328 -0.7270347 -2.1452847 25145 g
 -3.3964744 9.742006 5.3912935 25149 a
 0.1364119 -0.84820855 -0.87708735 25345 g
 -0.406715 8.963891 -2.8860605 25349 a
 0.048793904 0.06126096 0.2776593 25545 g
 -0.86041623 10.484209 0.49036244 25549 a
 1.1843657 0.30254334 1.6510515 25747 g
 -4.995801 9.61272 -1.0275614 25751 a
 -0.4175256 0.13529684 0.52293646 25947 g
 -1.0788871 6.3643866 0.52268416 25951 a
 -0.76133966 -0.98855716 -2.3420923 26148 g
 -19.554342 12.018892 -3.1859343 26152 a
 0.6927462 -0.78882 -0.1258096 26348 g
 -1.3649943 13.775638 -0.5319617 26353 a
 0.28767946 0.13849263 0.41561106 26548 g
 -4.922179 9.314642 -0.6839935 26552 a
 0.94574654 0.42451614 1.5285461 26749 g
 -2.1065981 18.669386 -1.3034931 26754 a
 -0.710207 -0.039672844 -0.50051636 26948 g
 -0.038007952 5.2367177 -0.37873277 26953 a
 -0.6489543 -0.8703128 -1.9314328 27148 g
 -0.5844845 4.285621 4.0122333 27152 a
 0.6003346 -0.21304463 0.124527544 27348 g
 -2.7063458 7.663241 -1.7518075 27352 a
 0.222432 -0.19253829 0.48192376 27553 g
 -5.628469 9.161413 0.28386253 27557 a
 0.8554654 0.3859003 1.129072 27750 g
 -3.616741 13.447034 -4.2974424 27755 a
 -1.3168751 -1.3030765 -1.0706991 27949 g
 -0.21338323 9.856929 1.9831471 27953 a
 1.391826 -1.9712635 -0.6256849 28150 g
 -0.9603742 10.217256 -0.9449615 28154 a
 0.8187138 -2.7031002 -0.040055808 28349 g
 -2.6698341 8.993818 -0.72289926 28354 a
 0.8815644 -1.5337062 0.4941743 28549 g
 -1.6181811 9.260772 -1.817648 28554 a
 0.4967376 -1.4753829 0.34237412 28750 g
 -4.075829 12.006323 0.7154174 28765 a
 -0.18503164 -1.470323 0.28511617 28950 g
 -3.148076 8.491635 -0.69057757 28958 a
 -0.90568304 -1.9094782 -1.3668426 29188 g
 -0.61620766 6.5948286 0.54782325 29190 a
 0.7814295 -1.6953601 -1.7295651 29353 g
 -4.689942 6.823475 0.27129298 29356 a
 0.65120095 -0.32756054 0.026256904 29551 g
 -4.978443 7.5429325 -2.0522797 29556 a
 0.5393482 -0.35765427 0.7833936 29751 g
 -2.659659 8.887277 -1.4615105 29756 a
 0.67783254 0.4684583 0.8004378 29951 g
 -3.4425628 7.826047 0.7094319 29956 a
 -0.37677923 -0.057516024 -0.073079005 30153 g
 -0.5342063 7.3645644 -0.114772044 30157 a
 -0.7648018 -0.32596266 -1.7524683 30351 g
 -7.637204 9.024943 4.2049665 30355 a
 0.7990064 -1.0021392 0.49364167 30551 g
 -2.2442648 10.029311 0.3532944 30556 a
 0.15665193 -0.055385493 0.35941836 30751 g
 -1.8737621 9.888652 0.11686697 30755 a
 0.6855557 0.3712529 0.6827261 30951 g
 0.8747814 8.040328 2.1645079 30955 a
 -0.5669289 0.6559448 -0.10077588 31150 g
 -0.8017583 6.4745197 1.7856256 31155 a
 -0.87452406 0.52811307 -0.84113467 31351 g
 -5.7368064 11.058219 4.5766664 31355 a
 -0.1251105 0.4391635 0.49603853 31551 g
 -4.684555 12.203246 -1.7057191 31555 a
 0.24400361 0.47990987 0.19669922 31751 g
 -2.0060418 9.674969 0.17492636 31756 a
 0.38834694 0.4705888 0.66834503 31951 g
 0.756867 10.71106 0.3700538 31955 a
 -0.55867314 0.15047686 0.20069395 32156 g
 1.189619 7.2262993 2.1567268 32157 a
 -0.673988 0.40614033 -0.706645 32348 g
 -2.470517 7.8583684 3.8248868 32349 a
 -0.19248849 0.3859003 0.28484985 32552 g
 -1.7797897 7.639299 1.2301707 32553 a
 0.13002032 0.20933272 0.052089565 32760 g
 -2.6333225 6.367978 -0.19437926 32771 a
 0.76332 0.37311712 0.5844555 32952 g
 -2.58484 10.353725 0.6190508 32953 a
 0.5119176 0.5491521 0.6837914 33152 g
 -3.3426049 10.857106 3.7129579 33156 a
 -1.033781 0.47298566 -0.48400477 33356 g
 1.4098855 4.84766 1.5444098 33360 a
 -0.026573554 -0.04473285 -1.319971 33556 g
 0.63416415 13.192051 3.3837552 33559 a
 0.42376697 -0.29453737 0.48884797 33756 g
 0.42945993 7.6943655 -3.4127848 33771 a
 0.5231029 -0.65939045 1.0134907 33956 g
 -3.613748 10.858902 -0.10758944 33959 a
 0.6256346 -0.101458184 1.2499794 34162 g
 1.7259202 9.257181 -0.7989152 34166 a
 -1.026058 -0.46950704 -2.162329 34356 g
 -3.9010525 8.013393 4.230704 34359 a
 -0.099277854 -0.44953334 -0.9822822 34558 g
 2.7542298 5.9561753 -0.84141225 34562 a
 0.15265718 -0.26151416 0.25795192 34759 g
 0.27922377 8.760384 1.9615993 34763 a
 1.1995459 0.21705589 1.5064418 34956 g
 -0.8670003 9.228451 0.13781624 34960 a
 -0.10646839 0.3411592 0.8611579 35158 g
 -0.066139825 7.6590514 1.2415432 35162 a
 -1.0010242 -0.562984 -2.3831048 35359 g
 -17.95741 17.448942 1.3983635 35364 a
 0.29886472 -0.923576 -0.26562554 35559 g
 -1.0046669 10.664372 -2.1073463 35563 a
 0.19233829 -0.1083824 0.23424979 35759 g
 -1.0615292 9.446322 -1.0353426 35762 a
 1.1018078 0.28443387 1.487267 35958 g
 -2.5890298 6.3153057 1.5204678 35962 a
 -0.36372975 0.3014781 0.38631627 36158 g
 0.36541504 6.839037 0.6142624 36162 a
 -0.823924 -0.78695583 -2.239028 36358 g
 -19.554342 13.907319 -5.903353 36362 a
 0.30126157 -1.0253087 -0.08932429 36559 g
 -1.9886838 14.161104 1.4767735 36563 a
 0.14440139 -0.13554664 0.20788449 36759 g
 -0.4707599 9.917382 -0.7103297 36762 a
 1.0069993 0.088425204 1.453445 36959 g
 -5.098153 8.905233 -0.16684593 36963 a
 -0.534971 -0.17442879 0.20894976 37159 g
 -0.3426701 6.6726403 -0.14469956 37163 a
 -0.74749124 -1.4287777 -2.304808 37359 g
 -19.153913 15.499463 -7.4607816 37363 a
 0.76571685 -1.3307734 -0.089856915 37561 g
 -2.3526025 12.109872 1.6970401 37565 a
 0.2338836 -0.34593636 0.22492872 37760 g
 0.48692077 10.790668 -1.6560394 37764 a
 1.035495 -0.166173 1.370088 37960 g
 -2.9804819 11.594521 -0.30391398 37964 a
 -0.7083428 -0.035678104 -0.22115076 38160 g
 -1.0729016 6.5325794 -0.12913725 38164 a
 -0.5448247 -1.1017414 -2.1633942 38360 g
 -18.072931 12.874221 -3.3654995 38364 a
 0.75453156 -1.0452825 0.06061168 38560 g
 -2.048539 11.954847 0.27368718 38564 a
 0.2834184 -0.2769605 0.26008245 38762 g
 -1.0004771 9.680955 -2.3509564 38777 a
 1.0104613 0.10174101 1.400448 38961 g
 -2.1329343 7.8625584 0.37783495 38965 a
 -0.39835083 0.23090433 0.23558137 39161 g
 -0.25528175 7.678205 1.4324808 39165 a
 -0.8558819 -0.3693722 -2.2507458 39361 g
 -19.554342 19.392435 1.5354315 39365 a
 0.3776943 -0.7254368 -0.0043694484 39562 g
 -3.379715 12.849681 -0.14230536 39566 a
 0.21630673 -0.04872759 0.30482355 39761 g
 -0.3971382 10.180145 -0.114772044 39765 a
 0.93722445 0.30733705 1.2547731 39961 g
 -1.6929998 8.3821 -0.5379472 39965 a
 -0.2950202 0.34648553 0.44384056 40162 g
 -0.65271926 8.340201 1.4270939 40166 a
 -0.7466923 -0.059912868 -2.1865637 40361 g
 -8.295609 13.709199 8.690503 40365 a
 0.3084521 -0.6537978 -0.15670227 40561 g
 -0.98551327 13.162124 -2.0439 40565 a
 0.06983288 -0.10651819 0.1335823 40760 g
 -2.4549546 9.707291 0.2677017 40764 a
 0.8983423 0.6394332 1.1852646 40956 g
 -5.830779 12.360066 0.3544915 40957 a
 0.17396247 0.39841715 0.9988433 41161 g
 -3.1552587 9.8683 0.5496189 41165 a
 -1.1738633 -0.23861098 -2.1234467 41362 g
 0.7694366 5.0385976 1.5198692 41366 a
 0.033613887 -0.97018135 -0.96230847 41561 g
 2.6351182 3.809175 0.5184943 41565 a
 0.4075217 0.025308287 0.41427946 41762 g
 -1.463755 8.531139 -1.4477439 41766 a
 0.73908526 0.1941527 1.0976466 41962 g
 -2.4268227 10.396821 -2.4485202 41966 a
 0.55399555 0.40960243 1.2561047 42161 g
 1.7558477 11.186309 1.1116577 42165 a
 -1.030319 0.054070424 -1.6227725 42361 g
 2.4513633 5.683835 -1.5099931 42365 a
 -0.4374993 -0.49507338 -1.408388 42562 g
 -1.7432781 19.392435 -4.3010335 42566 a
 0.71272 0.32571286 0.4494332 42764 g
 -0.5360019 8.1319065 -2.2162826 42767 a
 0.33614898 0.103338905 0.632925 42964 g
 -1.6600796 10.477027 -0.12315175 42967 a
 0.62856406 1.2040234 1.066754 43168 g
 -1.9174563 4.9865236 1.4935329 43173 a
 -0.51819307 0.42771193 0.08351487 43366 g
 -1.1369466 6.9090676 1.6467619 43370 a
 -0.80395025 0.21252851 -2.1064024 43566 g
 -4.9287634 9.991602 3.3268929 43571 a
 0.465046 -0.31584266 0.032115858 43768 g
 2.740463 10.820595 -2.7867012 43779 a
 0.05598444 0.28603175 -0.17507808 43966 g
 -1.3153145 9.519346 -2.5640404 43970 a
 0.397668 1.9806012 0.66381764 44166 g
 1.3847464 14.587273 1.5072997 44171 a
 -0.58716893 1.9747422 -0.120749585 44368 g
 -0.20260932 7.0700774 0.96082306 44373 a
 -1.6660155 2.514565 -1.1029234 44566 g
 -3.9794624 7.6614456 2.0597618 44570 a
 -0.62338793 1.3140119 0.3402436 44767 g
 0.9681553 11.4041815 -1.4100351 44772 a
 0.21417621 1.1499612 0.5253333 44971 g
 -1.9354128 9.506178 -2.4197898 44974 a
 0.31697422 2.171816 0.25901717 45168 g
 -3.0355484 11.346721 -1.2304701 45172 a
 0.40805432 2.26263 0.54930174 45368 g
 -1.1920131 7.650073 0.06419453 45373 a
 -0.5107362 0.8783188 -0.12607591 45573 g
 -0.43424833 7.0036387 0.7046435 45577 a
 -1.2486981 0.77365655 -2.1543393 45770 g
 -15.273511 18.150444 0.6166566 45774 a
 0.16810352 -0.29773316 0.1056191 45970 g
 -3.0223804 12.203246 -0.019602526 45975 a
 0.0900729 0.2636612 0.36794046 46173 g
 -0.48751932 9.217676 -1.6841712 46177 a
 0.7284326 0.6868375 1.2872636 46371 g
 -2.411859 7.755418 0.1683423 46374 a
 -0.27770963 0.2849665 0.46487954 46569 g
 -2.0275896 7.2310877 1.4235026 46574 a
 -0.9826484 -0.3065216 -2.3306406 46774 g
 -19.554342 19.053057 2.752883 46777 a
 0.45892072 -1.0138571 -0.18999177 46974 g
 -0.6784569 8.921394 -2.185158 46978 a
 0.27915734 -0.0521897 0.30855197 47171 g
 -2.0754735 9.822212 -0.65885437 47175 a
 0.88076544 0.7912334 1.3740827 47372 g
 -1.6612767 8.20433 -1.0371382 47376 a
 -0.14428528 0.4040098 0.7469083 47572 g
 -0.73352355 7.04015 1.4085388 47576 a
 -0.93764096 -0.4292933 -2.1687205 47769 g
 -19.554342 14.07192 1.1960534 47773 a
 0.21497515 -0.6599231 -0.4517805 47975 g
 -2.0545244 10.69011 -2.3431752 47978 a
 0.13987401 0.03596093 0.22253187 48172 g
 -0.68623805 10.302849 0.34311903 48176 a
 1.0272393 0.8293166 1.4755491 48375 g
 -4.2883143 6.891111 0.4688146 48379 a
 -0.2806391 0.51719415 0.55782384 48576 g
 -0.3863643 6.6882024 1.3343185 48580 a
 -0.86120826 -0.34913215 -2.2800405 48773 g
 -19.554342 19.392435 -0.80669636 48785 a
 0.31697422 -0.4620502 -0.14125593 48973 g
 -4.16621 12.7970085 -0.8539818 48979 a
 0.2370794 0.0082640555 0.35435835 49178 g
 -1.4661492 9.610326 -2.2605753 49182 a
 0.96838343 0.90255356 1.3043079 49374 g
 -0.9717466 8.394072 -0.22610243 49377 a
 -0.2851665 0.5611363 0.30668777 49574 g
 -2.0239983 7.265205 1.1445781 49578 a
 -1.173597 0.41306454 -2.3143954 49777 g
 -10.895713 11.377845 2.9408278 49780 a
 -4.745753E-4 -0.011177021 0.019332685 49974 g
 -6.712444 13.496115 1.0051157 49978 a
 0.068767615 0.6934954 0.42013842 50174 g
 -0.65271926 8.507197 -2.0301335 50178 a
 0.7670484 0.9662031 1.2161573 50375 g
 0.057161566 10.749367 1.3570634 50379 a
 -0.09155469 0.57178897 0.5871186 50573 g
 -1.9826983 8.4347725 2.187253 50577 a
 -1.1413728 0.7233228 -2.1444857 50775 g
 -7.7233953 9.515755 2.4296658 50779 a
 0.092736065 -0.06444024 -0.1524412 50976 g
 -0.3875614 13.57692 -1.8092684 50979 a
 0.22323096 0.2948202 0.23424979 51175 g
 -1.5954362 9.264962 -1.360954 51179 a
 0.6932789 1.4144131 1.2340004 51376 g
 -2.5986066 12.165538 2.943222 51379 a
 -0.07957046 0.80028814 0.7402504 51579 g
 -3.058892 8.213907 1.3977649 51583 a
 -1.2084844 0.60294795 -2.2928238 51776 g
 -5.7499747 9.909002 4.8328457 51780 a
 -0.10194101 -0.3163753 -0.43260574 51976 g
 1.8097172 9.257779 -2.1366754 51980 a
 0.2802226 0.18003795 0.40682262 52177 g
 -1.8791491 8.3150625 0.5484218 52180 a
 0.7958106 0.97898626 1.3333364 52377 g
 -3.5084033 11.517906 2.9887118 52380 a
 0.13880874 0.7270512 0.8350589 52579 g
 -2.8541877 7.27957 1.6647184 52583 a
 -1.1645423 0.3411592 -2.3261132 52789 g
 -10.412683 8.996812 4.3563995 52793 a
 -0.18876006 -0.2407415 -0.39159307 52974 g
 -3.2498295 13.377602 -2.4569 52976 a
 0.22855727 0.23170327 0.4278616 53175 g
 -0.55216277 9.209895 -1.4214076 53179 a
 0.8615907 0.85648084 1.4129648 53376 g
 -0.26665422 7.5243773 1.0482115 53379 a
 -0.25667068 0.5763163 0.32932463 53576 g
 -1.4434043 6.3422403 1.5575778 53579 a
 -1.0875769 0.3928245 -2.4044101 53778 g
 -14.742597 16.544533 6.305878 53791 a
 0.26823837 -0.26604155 0.15781707 53979 g
 -1.4098855 11.920731 -1.7051206 53983 a
 0.25438994 0.3877645 0.55649227 54179 g
 -2.4765024 10.547057 -0.535553 54183 a
 0.77690214 1.0831158 1.3232163 54377 g
 -1.9551649 13.229161 -0.29912558 54380 a
 -0.6393669 0.4604688 -0.1540391 54577 g
 -0.24211365 5.021838 0.34551322 54581 a
 -1.0380421 0.08096835 -2.180172 54777 g
 -5.428553 8.313267 8.664167 54781 a
 0.48102495 -0.16856983 0.32932463 54977 g
 1.3111247 6.4266357 0.3592799 54981 a
 0.26504257 0.33556655 0.7897852 55178 g
 -0.6640917 11.88781 -0.041150343 55181 a
 0.7923485 0.78510815 1.3099005 55378 g
 -1.3482348 18.611326 -0.32067338 55381 a
 -0.710207 0.230638 -0.38839728 55578 g
 1.2333132 4.0797195 0.29224226 55582 a
 -0.73923546 -0.48415443 -2.0834992 55778 g
 2.6536734 19.392435 -1.9325697 55782 a
 0.40725538 -0.5113187 0.15968128 55978 g
 2.2029648 5.932832 -2.980033 55982 a
 0.4986018 -0.017568607 0.9743422 56178 g
 -3.7992988 11.95365 -0.059705406 56182 a
 0.75666213 0.7036154 1.4462544 56379 g
 3.002628 12.669517 -1.3866917 56383 a
 -0.98051786 -0.24873099 -1.2499299 56579 g
 2.2496517 5.0397944 -0.9533412 56582 a
 -0.36559397 -0.74754107 -1.6051955 56779 g
 1.7887679 15.603611 -1.3747207 56782 a
 0.50472707 -0.30732054 0.24543506 56978 g
 -0.45699325 9.006987 -2.6436477 56982 a
 0.6157809 -0.13767718 1.0590308 57179 g
 -3.0541036 10.705673 -1.8236336 57182 a
 0.6855557 0.2173222 1.4379985 57379 g
 1.4900913 13.107656 1.3193548 57382 a
 -1.0289874 -0.26790574 -1.4608523 57579 g
 2.9810803 4.648941 -1.2131121 57583 a
 -0.38370344 -0.6484715 -1.4579228 57779 g
 3.0630817 15.449185 -1.5668554 57782 a
 0.57396924 -0.21517515 0.22412977 57979 g
 -0.47135845 9.202114 -2.487426 57982 a
 0.5231029 -0.14406876 0.95037377 58179 g
 -3.19596 10.381259 -0.92760354 58183 a
 0.6818273 0.36725816 1.2981826 58379 g
 -1.8971056 11.616667 0.29044658 58382 a
 -1.1765265 -0.35232794 -1.6824273 58579 g
 2.9619267 5.683236 -0.69776016 58582 a
 0.49407443 -1.6836421 -0.94020426 58779 g
 -1.3398551 6.141726 -3.4115877 58791 a
 0.1843488 -1.6527495 0.28618142 58980 g
 -0.76105684 9.982624 -0.5989993 58984 a
 0.8056643 -1.9440993 0.57779753 59181 g
 -0.4635773 9.32362 -1.0580875 59185 a
 0.3278932 -1.4482187 0.24889717 59379 g
 -2.3029227 10.509947 0.23956981 59383 a
 0.0011233214 -1.2705859 0.30908462 59579 g
 -2.4759037 7.3926964 -3.9359179 59582 a
 -1.1003602 -1.7177306 -1.0619107 59781 g
 -0.8903438 9.390059 0.1503858 59785 a
 0.7982074 -2.1955018 -1.7045314 59986 g
 4.4589014 8.799889 3.678242 59990 a
 0.5862198 -1.1123941 0.2688709 60321 g
