 -0.10214075 0.0206893 0.088167146 3 g
 -5.5527525 0.18495208 8.021174 5 a
 0.002787797 -0.041362353 0.009337575 106 g
 -5.8388596 0.2657564 7.9146323 109 a
 0.0038530615 0.0071071777 0.0024133567 294 g
 -5.638345 0.25917232 7.717709 299 a
 0.0033204292 -0.0014149374 -0.0013150689 494 g
 -5.705383 0.2705448 8.27077 501 a
 -0.002272209 1.8295916E-4 -0.0029129656 694 g
 -5.3169236 0.53809685 8.777742 699 a
 -0.057932276 -0.02937813 0.011468104 897 g
 -6.196194 -1.7549498 8.021772 901 a
 -0.23449986 0.18314213 0.049817625 1096 g
 -6.9132576 0.37588966 9.188348 1100 a
 -0.18682927 0.06995778 0.090031356 1293 g
 -6.3883286 -0.85293436 8.210915 1295 a
 0.09519949 -0.11779507 -0.043925647 1496 g
 -5.4282537 -0.009576807 8.5143795 1499 a
 0.076024726 -0.23816995 0.079911344 1694 g
 -3.4883518 -0.6973112 7.8009076 1699 a
 -0.1146576 0.17968002 0.23410837 1900 g
 -6.782175 0.41240123 7.114969 1903 a
 -0.062459648 1.0111189 0.09216189 2096 g
 -6.7384806 -2.7886465 8.099585 2109 a
 -0.11732077 -0.49489868 -0.17788264 2296 g
 -5.146935 -1.0648212 6.667852 2299 a
 0.022761505 -0.27332368 0.029044967 2498 g
 -6.27221 -0.83497787 7.0144124 2502 a
 0.07922052 0.12907995 -0.011168765 2696 g
 -7.0287776 -0.9235633 8.626907 2700 a
 -0.012125905 -0.17372146 0.114798754 2896 g
 -6.8665705 0.03172317 7.6811976 2901 a
 -0.06032912 -0.0189918 0.17791568 3100 g
 -6.4906807 0.3184288 7.6770077 3103 a
 0.019565713 0.06116935 0.020789169 3298 g
 -5.777209 -0.46746787 8.365939 3302 a
 -0.0699165 -0.028845496 -0.01489719 3498 g
 -6.83365 -0.20649989 7.705738 3501 a
 0.0706984 0.101649396 -0.07481831 3700 g
 -5.407903 -0.19153613 7.6440873 3704 a
 0.0035867454 -0.108474016 0.021588117 3898 g
 -5.2462945 0.31124622 7.3657618 3903 a
 -0.10187443 0.03986406 -0.023951938 4098 g
 -7.199963 0.32561144 8.362348 4102 a
 -0.005201686 0.10883993 0.008538627 4299 g
 -7.1383123 -0.08080431 6.897695 4302 a
 -0.011326957 0.18953371 0.04928499 4500 g
 -9.855133 1.6879122 8.871715 4503 a
 0.10025949 0.034537736 0.051149204 4700 g
 -0.94690675 0.5303157 4.1838675 4703 a
 0.2509944 -0.57053244 -0.28494173 4904 g
 -9.083601 0.40282443 7.94037 4910 a
 -0.23396721 0.26783064 -0.09372676 5100 g
 -3.7481227 -0.9032126 7.454347 5104 a
 -0.07364493 0.064897776 0.11932613 5300 g
 -9.263765 1.977012 7.0886326 5304 a
 0.35778716 0.6665059 0.100684 5502 g
 -4.4603977 0.076015905 3.5583823 5505 a
 0.040871 -0.12951298 0.072188176 5701 g
 -7.050924 -0.16340427 9.044097 5704 a
 -0.019582756 -0.50741553 -0.08360674 5901 g
 -7.675811 0.7745243 8.347982 5906 a
 -0.06938387 0.19992004 -0.041528802 6104 g
 -6.8719573 0.78410107 7.1311297 6108 a
 -0.05819859 -0.03124234 0.08656925 6302 g
 -4.650737 0.17118542 6.8282633 6305 a
 -0.02144697 -0.23177837 -0.11103731 6503 g
 -5.6521115 -0.065242 7.439383 6507 a
 -0.033164877 -0.013931794 -0.05058355 6704 g
 -6.4230447 0.08619126 6.745663 6708 a
 -0.09388495 0.24759062 0.10947243 6902 g
 -6.5696893 -0.002992752 7.386112 6907 a
 0.027555196 -0.10581085 0.13450615 7102 g
 -6.0884547 0.41718966 7.700351 7110 a
 0.031549938 -0.06905923 0.0048102015 7310 g
 -6.4589577 0.24899697 7.2143283 7314 a
 -0.012658537 0.034005105 0.009071259 7503 g
 -6.2195373 0.25737667 7.4447703 7506 a
 -0.0054680025 -0.024318123 0.0048102015 7703 g
 -6.3967085 0.2136825 7.3442135 7707 a
 -0.0054680025 -0.005143363 0.0074733626 7907 g
 -6.2446766 0.17477672 7.3747396 7911 a
 0.007581487 -0.009670737 0.005076518 8103 g
 -6.30513 0.25438392 7.417835 8108 a
 0.007315171 -0.017127588 0.018392323 8303 g
 -6.353613 0.3417723 7.4615297 8308 a
 0.007847803 -0.0067412597 0.0021470406 8506 g
 -6.2315083 0.29747957 7.457938 8510 a
 6.5726816E-4 -0.009937053 0.0018807243 8702 g
 -6.347627 0.34117374 7.442376 8706 a
 -4.0799627E-4 0.0057755974 0.0016144082 8904 g
 -6.2380924 0.2896984 7.4848733 8909 a
 -6.743124E-4 -0.008605473 -2.4980452E-4 9108 g
 -6.30513 0.29448682 7.4447703 9112 a
 9.235843E-4 0.0015145397 1.6511598E-5 9304 g
 -6.27221 0.2908955 7.450157 9308 a
 3.9095205E-4 -8.335694E-5 0.0018807243 9505 g
 -6.249465 0.320823 7.5285673 9511 a
 -0.0014732607 -0.002746518 0.0053428337 9708 g
 -6.277597 0.30286652 7.451354 9711 a
 3.9095205E-4 -0.0016812535 -5.1612064E-4 9905 g
 -6.2584434 0.30645782 7.4687123 9910 a
 -1.4168017E-4 -0.0014149374 -5.1612064E-4 10107 g
 -6.2865753 0.31304187 7.466318 10111 a
 -9.4062847E-4 0.0041777007 0.001081776 10306 g
 -6.2746043 0.31064767 7.5016327 10310 a
 -1.4168017E-4 -0.0022138858 -5.1612064E-4 10506 g
 -6.2608376 0.32800564 7.504027 10509 a
 3.9095205E-4 -0.0022138858 5.491438E-4 10706 g
 -6.238691 0.14425065 7.3537903 10710 a
 -4.0799627E-4 0.002313488 0.0016144082 10909 g
 -6.417059 0.2908955 7.406463 10916 a
 0.012375177 0.04785354 -0.009304552 11107 g
 -6.1279593 0.35194764 7.5495167 11111 a
 0.0014562164 -0.016594956 -0.007972972 11307 g
 -6.455366 0.31364042 7.41185 11311 a
 0.0062499065 0.019890351 -0.011435081 11543 g
 -6.315904 0.30286652 7.5046253 11557 a
 0.0035867454 -0.02378549 -0.008239288 11707 g
 -7.905654 1.0450691 10.700286 11709 a
 0.054985754 0.071555674 -0.059105664 11905 g
 -4.5005007 0.908001 5.90889 11909 a
 -0.013723802 0.24439482 -0.09905308 12111 g
 -8.587403 -0.41120413 10.522516 12122 a
 -0.0014732607 -0.21127203 -0.063100405 12307 g
 -6.63553 2.8209682 8.606557 12311 a
 0.1649743 0.03373879 -0.0018477011 12508 g
 -5.811326 0.85173726 7.9182234 12511 a
 -0.048344895 -0.2291152 0.09935242 12710 g
 -5.9052987 0.5674258 7.702147 12714 a
 0.010510964 -0.027780233 0.032773394 12908 g
 -6.2925606 0.3172317 7.4567413 12912 a
 0.0017225326 0.055310395 2.828277E-4 13108 g
 -6.060323 0.41120413 7.665635 13112 a
 -0.07550914 -0.077315025 0.092960835 13311 g
 -6.1626754 0.3705027 7.569867 13315 a
 -0.024909077 0.0028461202 0.034104973 13509 g
 -6.027403 0.38845924 7.6291237 13512 a
 -0.004402738 -0.01632864 0.0066744145 13709 g
 -6.0597243 0.41958386 7.615357 13712 a
 -4.0799627E-4 -8.8230526E-4 5.491438E-4 13912 g
 -6.0411696 0.45429978 7.61835 13917 a
 -6.743124E-4 -6.1598915E-4 0.0021470406 14110 g
 -6.0477533 0.46267948 7.6584525 14114 a
 -0.0012069446 9.819075E-4 0.0016144082 14309 g
 -6.087258 0.4189853 7.667431 14313 a
 0.0014562164 7.1559136E-4 -0.001581385 14512 g
 -6.066907 0.40761283 7.6410947 14516 a
 -9.4062847E-4 -0.002480202 1.6511598E-5 14710 g
 -6.066907 0.44891283 7.647679 14713 a
 -4.0799627E-4 0.0031124363 -5.1612064E-4 14910 g
 -6.0441623 0.4189853 7.6387005 14914 a
 -6.743124E-4 -0.0043444145 -5.1612064E-4 15109 g
 -6.1004257 0.40222588 7.641693 15114 a
 -1.4168017E-4 9.819075E-4 -2.4980452E-4 15310 g
 -6.017826 0.44711718 7.6770077 15314 a
 3.9095205E-4 -0.0048770467 -5.1612064E-4 15511 g
 -6.1100025 0.4345476 7.619547 15514 a
 -6.743124E-4 0.005242965 0.0016144082 15713 g
 -6.101623 0.41958386 7.666234 15717 a
 6.5726816E-4 -0.0022138858 -0.0013150689 15911 g
 -6.0166287 0.44472298 7.651869 15915 a
 -1.4168017E-4 -0.0019475697 -7.8243675E-4 16111 g
 -6.0681043 0.45729253 7.6243353 16115 a
 -1.4168017E-4 0.0033787524 -5.1612064E-4 16314 g
 -6.0250087 0.41359833 7.6710224 16318 a
 3.9095205E-4 -0.0030128341 -0.0018477011 16512 g
 -6.0860605 0.40162733 7.657854 16526 a
 -1.4168017E-4 7.1559136E-4 -5.1612064E-4 16712 g
 -6.073491 0.4309563 7.6608467 16716 a
 1.2463593E-4 0.0012482236 -0.0010487528 16914 g
 -6.0291986 0.41120413 7.6410947 16920 a
 -4.0799627E-4 -0.0019475697 -5.1612064E-4 17118 g
 -6.0800753 0.40940848 7.61416 17122 a
 -4.0799627E-4 0.0020471718 -2.4980452E-4 17314 g
 -6.093243 0.45489833 7.6428905 17321 a
 1.2463593E-4 -0.0014149374 2.828277E-4 17515 g
 -6.055535 0.4225766 7.639299 17519 a
 9.235843E-4 0.0017808558 -2.4980452E-4 17713 g
 -6.042965 0.42078096 7.6488757 17717 a
 6.5726816E-4 -8.335694E-5 -0.0013150689 17913 g
 -6.0699 0.43155485 7.6309195 17917 a
 1.2463593E-4 4.4927528E-4 -0.0010487528 18116 g
 -6.0501475 0.41180268 7.6488757 18120 a
 1.2463593E-4 -8.335694E-5 -5.1612064E-4 18313 g
 -6.0567317 0.40102878 7.6464815 18317 a
 1.2463593E-4 4.4927528E-4 -7.8243675E-4 18513 g
 -6.037578 0.41060558 7.6506715 18517 a
 1.2463593E-4 -0.0011486213 -5.1612064E-4 18717 g
 -6.047155 0.4333505 7.641693 18721 a
 1.2463593E-4 -0.0011486213 2.828277E-4 18914 g
 -6.071097 0.44532153 7.6249337 18918 a
 -1.4168017E-4 0.0028461202 -5.1612064E-4 19114 g
 -6.033388 0.4177882 7.626131 19118 a
 -1.4168017E-4 -0.0022138858 -0.0010487528 19317 g
 -6.0758853 0.42437226 7.6093717 19320 a
 3.9095205E-4 -8.335694E-5 -5.1612064E-4 19514 g
 -6.0357823 0.39863458 7.6608467 19518 a
 3.9095205E-4 -0.0011486213 -7.8243675E-4 19716 g
 -6.051345 0.427365 7.6847887 19719 a
 3.9095205E-4 0.002313488 -5.1612064E-4 19918 g
 -6.0699 0.4177882 7.65127 19921 a
 -1.4168017E-4 -8.8230526E-4 -7.8243675E-4 20115 g
 -6.0477533 0.4261679 7.629722 20119 a
 -4.0799627E-4 -0.0014149374 -5.1612064E-4 20315 g
 -6.0681043 0.38726214 7.6249337 20319 a
 6.5726816E-4 1.8295916E-4 1.6511598E-5 20512 g
 -6.0399723 0.43155485 7.6548615 20516 a
 -1.4168017E-4 0.0015145397 8.1545993E-4 20716 g
 -6.072294 0.39983168 7.6410947 20719 a
 9.235843E-4 4.4927528E-4 -2.4980452E-4 20916 g
 -6.0411696 0.4237737 7.65965 20919 a
 3.9095205E-4 -0.0016812535 1.6511598E-5 21119 g
 -6.0704985 0.40462008 7.6321163 21122 a
 3.9095205E-4 0.0017808558 -2.4980452E-4 21317 g
 -6.0639143 0.4261679 7.6440873 21321 a
 6.5726816E-4 -8.8230526E-4 -2.4980452E-4 21515 g
 -6.0890536 0.45489833 7.60578 21518 a
 -9.4062847E-4 4.4927528E-4 -5.1612064E-4 21719 g
 -5.988497 0.48243165 7.5932107 21723 a
 -0.004402738 -0.0038117825 0.0016144082 21917 g
 -7.043741 0.092176765 6.9210386 21920 a
 -0.12238077 0.23933482 0.07458502 22112 g
 -6.6708446 0.31663316 7.2741833 22121 a
 0.00465201 -0.004610731 0.018392323 22320 g
 -6.203377 0.30286652 7.603386 22323 a
 0.033414148 -0.13936669 -0.023685621 22518 g
 -6.045359 0.50876784 7.7332716 22521 a
 0.037408892 -0.07278766 -0.017027719 22718 g
 -6.160281 0.41000703 7.5734587 22721 a
 0.005450958 0.014830345 -0.0018477011 22920 g
 -6.0848637 0.40102878 7.5866265 22924 a
 9.235843E-4 -0.007273892 -0.0031792817 23118 g
 -6.0806737 0.41180268 7.626131 23122 a
 -1.4168017E-4 0.002313488 0.001081776 23319 g
 -6.1225724 0.44891283 7.626131 23323 a
 0.0019888487 -0.005409679 -7.8243675E-4 23521 g
 -6.1129956 0.44532153 7.590218 23525 a
 6.5726816E-4 0.002579804 -2.4980452E-4 23719 g
 -6.084265 0.4297592 7.61416 23722 a
 3.9095205E-4 -0.0016812535 -0.0010487528 23919 g
 -6.0716953 0.439336 7.644686 23922 a
 -1.4168017E-4 4.4927528E-4 1.6511598E-5 24122 g
 -6.089652 0.39863458 7.60997 24126 a
 6.5726816E-4 -8.335694E-5 -2.4980452E-4 24320 g
 -6.0639143 0.43634325 7.6231384 24323 a
 3.9095205E-4 7.1559136E-4 -2.4980452E-4 24519 g
 -6.0986304 0.42197806 7.6464815 24523 a
 1.2463593E-4 -8.335694E-5 -0.0013150689 24722 g
 -6.0956373 0.4261679 7.6069775 24727 a
 -4.0799627E-4 -0.0016812535 -0.001581385 24920 g
 -6.0986304 0.41958386 7.615357 24923 a
 1.2463593E-4 0.0017808558 -0.0010487528 25120 g
 -6.0878563 0.4141969 7.626131 25123 a
 -1.4168017E-4 -0.0014149374 -0.001581385 25326 g
 -6.1022215 0.4285621 7.639898 25330 a
 -4.0799627E-4 1.8295916E-4 -0.0013150689 25520 g
 -6.083068 0.43993455 7.6560583 25524 a
 -4.0799627E-4 -0.0016812535 -7.8243675E-4 25720 g
 -6.1123967 0.43514615 7.5920134 25724 a
 1.2463593E-4 0.002579804 -5.1612064E-4 25923 g
 -6.0704985 0.42197806 7.621941 25928 a
 3.9095205E-4 -8.8230526E-4 -0.0021140173 26121 g
 -6.0926447 0.42676646 7.6387005 26124 a
 -4.0799627E-4 1.8295916E-4 1.6511598E-5 26324 g
 -6.0944405 0.45789108 7.617751 26329 a
 -1.4168017E-4 -0.0014149374 5.491438E-4 26524 g
 -6.1022215 0.44891283 7.6375036 26528 a
 9.235843E-4 9.819075E-4 2.828277E-4 26721 g
 -6.045359 0.38726214 7.6345105 26726 a
 6.5726816E-4 -0.0022138858 -5.1612064E-4 26922 g
 -6.096236 0.41359833 7.611766 26926 a
 1.2463593E-4 0.002313488 -2.4980452E-4 27124 g
 -6.0824695 0.4201824 7.643489 27137 a
 -4.0799627E-4 -0.002480202 -0.0010487528 27322 g
 -6.1022215 0.41060558 7.6285253 27326 a
 1.2463593E-4 0.0017808558 -0.0010487528 27522 g
 -6.0704985 0.4261679 7.6428905 27527 a
 1.2463593E-4 -6.1598915E-4 -0.0018477011 27725 g
 -6.085462 0.42317516 7.587225 27729 a
 3.9095205E-4 -8.8230526E-4 -7.8243675E-4 27923 g
 -6.0268044 0.40162733 7.571663 27927 a
 -0.005201686 0.0017808558 8.1545993E-4 28123 g
 -6.1345434 0.41180268 7.627927 28127 a
 0.0011899003 -0.002480202 -5.1612064E-4 28326 g
 -6.0782795 0.41000703 7.65127 28330 a
 9.235843E-4 -0.0011486213 -0.001581385 28523 g
 -6.120178 0.4369418 7.635708 28528 a
 1.2463593E-4 1.8295916E-4 -5.1612064E-4 28723 g
 -6.091448 0.39085343 7.606379 28728 a
 1.2463593E-4 -0.0011486213 -2.4980452E-4 28927 g
 -6.084265 0.45908818 7.603985 28931 a
 9.235843E-4 0.0020471718 8.1545993E-4 29124 g
 -6.081871 0.415394 7.6225395 29128 a
 1.2463593E-4 -6.1598915E-4 1.6511598E-5 29324 g
 -6.081871 0.4213795 7.6243353 29328 a
 -1.4168017E-4 1.8295916E-4 -0.0010487528 29528 g
 -6.1165867 0.3788824 7.61835 29532 a
 -4.0799627E-4 -6.1598915E-4 -0.0013150689 29724 g
 -6.0681043 0.46208093 7.6285253 29729 a
 9.235843E-4 4.4927528E-4 -7.8243675E-4 29926 g
 -6.0866594 0.41838676 7.6363063 29930 a
 -1.4168017E-4 1.8295916E-4 -5.1612064E-4 30128 g
 -6.051345 0.4141969 7.6650367 30132 a
 -0.0020058928 0.0015145397 -0.0023803334 30325 g
 -6.0082493 0.3441665 7.5854297 30329 a
 -9.4062847E-4 0.018825086 -0.0074403393 30526 g
 -6.3781533 0.3453636 7.5345526 30530 a
 0.0014562164 0.05131565 5.491438E-4 30729 g
 -6.06571 0.3513491 7.630321 30732 a
 -6.743124E-4 -0.002480202 -0.0018477011 30927 g
 -6.27221 0.39324763 7.578247 30930 a
 -0.004669054 -0.0070075756 5.491438E-4 31127 g
 -6.1112 0.39085343 7.6111674 31130 a
 0.0019888487 -0.028845496 -0.0021140173 31329 g
 -6.114791 0.3890578 7.575254 31333 a
 9.235843E-4 0.00897139 0.0026796726 31527 g
 -6.1237693 0.43035775 7.5974007 31530 a
 1.2463593E-4 -0.005942311 5.491438E-4 31727 g
 -6.2847795 0.35553896 7.4926543 31731 a
 0.002787797 0.037467215 -0.009038236 31929 g
 -6.4900823 0.20171149 7.438186 31933 a
 -0.0062669506 0.035336684 -0.0010487528 32128 g
 -6.3045316 0.4417302 7.5614877 32138 a
 0.0011899003 -0.032307606 0.0040112534 32328 g
 -5.8161144 -0.19153613 7.313688 32331 a
 -0.102939695 0.11895994 0.051948152 32530 g
 -7.1460934 0.50158525 7.379528 32533 a
 -0.012924854 0.03640195 0.06872607 32728 g
 -5.9358244 0.207697 7.5549035 32732 a
 0.082948945 -0.15641092 -0.07748148 32929 g
 -6.0280013 0.4417302 7.5525093 32933 a
 0.007315171 -0.052281313 0.0021470406 33130 g
 -6.1764417 0.47884035 7.5507135 33134 a
 -0.0014732607 0.011634552 0.005875466 33329 g
 -6.1064115 0.48243165 7.654263 33332 a
 -0.006799583 -0.007806524 0.0029459887 33529 g
 -6.1225724 0.48961425 7.61835 33533 a
 0.0019888487 0.0015145397 1.6511598E-5 33731 g
 -6.1225724 0.45968673 7.5920134 33734 a
 -4.0799627E-4 9.819075E-4 5.491438E-4 33929 g
 -6.1249666 0.39384618 7.575853 33934 a
 -1.4168017E-4 0.0012482236 -5.1612064E-4 34129 g
 -6.105813 0.415394 7.5644803 34133 a
 -4.0799627E-4 -0.0016812535 -5.1612064E-4 34330 g
 -6.117185 0.43873745 7.586028 34334 a
 3.9095205E-4 -0.0016812535 2.828277E-4 34530 g
 -6.1279593 0.43873745 7.5812397 34534 a
 0.0017225326 -3.4967304E-4 -7.8243675E-4 34729 g
 -6.114791 0.40282443 7.5746555 34733 a
 3.9095205E-4 -0.0019475697 -0.0023803334 34933 g
 -6.0884547 0.415394 7.581838 34939 a
 6.5726816E-4 -8.8230526E-4 -0.0010487528 35130 g
 -6.1243677 0.4285621 7.623737 35133 a
 1.2463593E-4 -0.0019475697 -5.1612064E-4 35330 g
 -6.1100025 0.45130703 7.61416 35334 a
 6.5726816E-4 4.4927528E-4 -0.0010487528 35530 g
 -6.1004257 0.42676646 7.620744 35534 a
 9.235843E-4 -8.8230526E-4 -0.0018477011 35730 g
 -6.1530986 0.4165911 7.606379 35734 a
 1.2463593E-4 9.819075E-4 -0.0010487528 35930 g
 -6.0956373 0.4357447 7.6255326 35934 a
 -1.4168017E-4 -0.0019475697 -0.0013150689 36133 g
 -6.157887 0.43155485 7.607576 36138 a
 -1.4168017E-4 0.002579804 2.828277E-4 36331 g
 -6.143522 0.415394 7.603386 36334 a
 0.0011899003 -3.4967304E-4 -0.001581385 36530 g
 -6.1243677 0.41000703 7.5854297 36533 a
 3.9095205E-4 -8.335694E-5 -5.1612064E-4 36730 g
 -6.109404 0.39683893 7.611766 36734 a
 -4.0799627E-4 -8.8230526E-4 -5.1612064E-4 36931 g
 -6.0920463 0.45370123 7.6051817 36936 a
 9.235843E-4 0.0017808558 2.828277E-4 37130 g
 -6.109404 0.4201824 7.575853 37141 a
 1.2463593E-4 -6.1598915E-4 -7.8243675E-4 37343 g
 -6.105813 0.4249708 7.5680714 37348 a
 -4.0799627E-4 7.1559136E-4 -0.001581385 37534 g
 -6.1100025 0.45489833 7.6009917 37541 a
 3.9095205E-4 -0.0016812535 -0.0013150689 37732 g
 -6.0878563 0.4309563 7.627328 37737 a
 3.9095205E-4 -3.4967304E-4 -0.0013150689 37935 g
 -6.117784 0.43035775 7.6051817 37939 a
 1.2463593E-4 9.819075E-4 -7.8243675E-4 38132 g
 -6.132149 0.4189853 7.6285253 38137 a
 3.9095205E-4 -6.1598915E-4 -0.0010487528 38333 g
 -6.10701 0.39145198 7.6105685 38337 a
 9.235843E-4 -0.0014149374 -0.0013150689 38536 g
 -6.113594 0.38367084 7.599196 38540 a
 9.235843E-4 -0.0011486213 -0.0010487528 38733 g
 -6.1106014 0.42796355 7.6105685 38737 a
 1.2463593E-4 0.002313488 2.828277E-4 38933 g
 -6.133945 0.43035775 7.639898 38938 a
 1.2463593E-4 -0.0011486213 -5.1612064E-4 39137 g
 -6.114791 0.42197806 7.599795 39140 a
 0.0011899003 -6.1598915E-4 -5.1612064E-4 39334 g
 -6.0860605 0.44651863 7.603386 39338 a
 0.0011899003 -8.8230526E-4 5.491438E-4 39534 g
 -6.1249666 0.42916065 7.557896 39538 a
 3.9095205E-4 0.0028461202 2.828277E-4 39737 g
 -6.1159883 0.40701428 7.599795 39741 a
 0.0011899003 -3.4967304E-4 -0.0013150689 39934 g
 -6.117185 0.42676646 7.5884223 39939 a
 0.0014562164 -6.1598915E-4 -0.001581385 40134 g
 -6.1159883 0.44352585 7.608773 40139 a
 3.9095205E-4 -0.0016812535 -0.0010487528 40338 g
 -6.1195793 0.41838676 7.6111674 40342 a
 0.0022551648 -0.0016812535 5.491438E-4 40533 g
 -6.0866594 0.40581718 7.575853 40537 a
 0.0014562164 -0.0056759953 -7.8243675E-4 40735 g
 -6.0687027 0.45010993 7.6267295 40739 a
 3.9095205E-4 -0.009404421 -7.8243675E-4 40939 g
 -6.1381345 0.4381389 7.6189485 40942 a
 0.0017225326 0.002313488 -7.8243675E-4 41136 g
 -6.0663085 0.439336 7.656657 41140 a
 6.5726816E-4 -0.0030128341 -5.1612064E-4 41336 g
 -6.0387754 0.42317516 7.6069775 41340 a
 1.2463593E-4 0.0017808558 -0.001581385 41554 g
 -6.126762 0.439336 7.577648 41574 a
 6.5726816E-4 0.0033787524 -2.4980452E-4 41735 g
 -6.087258 0.41479546 7.6165543 41736 a
 -4.0799627E-4 -0.0014149374 -5.1612064E-4 41937 g
 -6.0956373 0.44951138 7.621941 41941 a
 3.9095205E-4 0.0036450685 1.6511598E-5 42139 g
 -6.0627174 0.427365 7.5686703 42151 a
 -6.743124E-4 -3.4967304E-4 5.491438E-4 42342 g
 -6.425439 0.45429978 7.53575 42346 a
 -0.004669054 0.045456696 0.008538627 42534 g
 -5.903503 0.3764882 7.6883802 42543 a
 0.0062499065 -0.046954993 -0.010902449 42739 g
 -6.187216 0.46926352 7.6015906 42742 a
 1.2463593E-4 0.0017808558 0.0016144082 42938 g
 -6.0531406 0.45789108 7.6291237 42942 a
 3.9095205E-4 -0.0022138858 -0.0023803334 43138 g
 -6.108207 0.44651863 7.632715 43142 a
 3.9095205E-4 -8.335694E-5 -0.0013150689 43340 g
 -6.114791 0.4369418 7.6189485 43344 a
 -1.4168017E-4 -6.1598915E-4 -2.4980452E-4 43541 g
 -6.1117983 0.45789108 7.60997 43544 a
 9.235843E-4 4.4927528E-4 -7.8243675E-4 43739 g
 -6.0585275 0.4177882 7.61835 43742 a
 1.2463593E-4 -0.0011486213 -0.0013150689 43941 g
 -6.0884547 0.4429273 7.6051817 43944 a
 -1.4168017E-4 7.1559136E-4 -7.8243675E-4 44139 g
 -6.077681 0.45908818 7.629722 44143 a
 3.9095205E-4 -6.1598915E-4 -2.4980452E-4 44339 g
 -6.066907 0.42676646 7.6267295 44343 a
 1.2463593E-4 0.0020471718 -0.0010487528 44540 g
 -6.075287 0.44951138 7.651869 44544 a
 6.5726816E-4 -0.0019475697 -0.001581385 44738 g
 -6.095039 0.40701428 7.6291237 44742 a
 1.2463593E-4 -3.4967304E-4 -0.0013150689 44939 g
 -6.0728927 0.44891283 7.6135616 44943 a
 6.5726816E-4 -8.335694E-5 -7.8243675E-4 45142 g
 -6.083068 0.4297592 7.635708 45146 a
 1.2463593E-4 7.1559136E-4 -5.1612064E-4 45339 g
 -6.090849 0.4417302 7.615357 45343 a
 3.9095205E-4 1.8295916E-4 -5.1612064E-4 45540 g
 -6.0782795 0.44711718 7.6291237 45543 a
 1.2463593E-4 -0.0011486213 1.6511598E-5 45740 g
 -6.1088057 0.4357447 7.5950065 45744 a
 9.235843E-4 0.0028461202 5.491438E-4 45940 g
 -6.090849 0.44831428 7.642292 45944 a
 6.5726816E-4 -0.0014149374 -0.0010487528 46140 g
 -6.057929 0.43634325 7.6644382 46144 a
 -0.0014732607 -0.0016812535 -0.0010487528 46343 g
 -6.0968347 0.45130703 7.6404963 46347 a
 0.0014562164 4.4927528E-4 -7.8243675E-4 46599 g
 -6.1112 0.4309563 7.60997 46600 a
 -9.4062847E-4 7.1559136E-4 -0.0013150689 46740 g
 -6.0998273 0.4249708 7.639299 46744 a
 0.0011899003 -0.0011486213 -0.0018477011 46944 g
 -6.0681043 0.44352585 7.6404963 46948 a
 -0.0028048411 -0.0035454663 -2.4980452E-4 47140 g
 -6.1159883 0.47405192 7.619547 47151 a
 0.0019888487 0.0020471718 -0.0010487528 47342 g
 -6.06571 0.427365 7.6129627 47346 a
 6.5726816E-4 0.0012482236 -0.0010487528 47543 g
 -6.0902505 0.43035775 7.6321163 47547 a
 6.5726816E-4 1.8295916E-4 -0.0018477011 47740 g
 -6.105214 0.45370123 7.6440873 47743 a
 9.235843E-4 -8.8230526E-4 -7.8243675E-4 47942 g
 -6.0687027 0.415394 7.621941 47947 a
 1.2463593E-4 -0.0014149374 -0.0013150689 48145 g
 -6.081871 0.4345476 7.641693 48149 a
 6.5726816E-4 0.0017808558 -7.8243675E-4 48342 g
 -6.093842 0.44592008 7.5974007 48347 a
 1.2463593E-4 4.4927528E-4 -2.4980452E-4 48543 g
 -6.1106014 0.4417302 7.602189 48547 a
 3.9095205E-4 1.8295916E-4 -5.1612064E-4 48743 g
 -6.079477 0.44891283 7.6452847 48747 a
 9.235843E-4 -8.8230526E-4 -5.1612064E-4 48943 g
 -6.0824695 0.4249708 7.60997 48948 a
 3.9095205E-4 4.4927528E-4 2.828277E-4 49143 g
 -6.057929 0.44951138 7.6009917 49148 a
 -1.4168017E-4 0.002313488 1.6511598E-5 49347 g
 -6.103419 0.44532153 7.5968018 49351 a
 6.5726816E-4 -8.335694E-5 -0.0013150689 49539 g
 -6.1129956 0.44651863 7.6213427 49543 a
 1.2463593E-4 -0.0011486213 -0.001581385 49742 g
 -6.078878 0.41120413 7.6093717 49746 a
 6.5726816E-4 -0.0016812535 -0.0013150689 49947 g
 -6.0740895 0.4405331 7.6644382 49951 a
 -1.4168017E-4 0.0012482236 -0.0010487528 50144 g
 -6.0902505 0.46267948 7.6363063 50149 a
 6.5726816E-4 -8.8230526E-4 -0.0010487528 50344 g
 -6.0980315 0.4177882 7.6285253 50349 a
 6.5726816E-4 -0.0016812535 -0.0010487528 50548 g
 -6.0740895 0.43754035 7.6345105 50552 a
 1.2463593E-4 -6.1598915E-4 -5.1612064E-4 50742 g
 -6.079477 0.4297592 7.6081743 50746 a
 1.2463593E-4 0.0033787524 -5.1612064E-4 50943 g
 -6.0519433 0.43275195 7.6482773 50948 a
 3.9095205E-4 -0.0014149374 -0.0018477011 51148 g
 -6.0902505 0.4177882 7.639299 51152 a
 1.2463593E-4 4.4927528E-4 1.6511598E-5 51346 g
 -6.0758853 0.46327803 7.633912 51350 a
 1.2463593E-4 -6.1598915E-4 -2.4980452E-4 51546 g
 -6.093842 0.43275195 7.6309195 51550 a
 6.5726816E-4 0.0031124363 5.491438E-4 51742 g
 -6.0746884 0.39983168 7.6249337 51746 a
 -1.4168017E-4 -8.335694E-5 -5.1612064E-4 51947 g
 -6.1076083 0.43155485 7.6171527 51950 a
 9.235843E-4 -0.0014149374 -7.8243675E-4 52145 g
 -6.0764837 0.4165911 7.642292 52201 a
 -4.745753E-4 -0.0016895094 -5.4115435E-4 52345 g
 -6.0758853 0.4261679 7.6201453 52349 a
 5.9068913E-4 7.073356E-4 -5.4115435E-4 52545 g
 -6.079477 0.4249708 7.6285253 52549 a
 0.0011233214 -0.0019558256 -0.0016064188 52742 g
 -6.0764837 0.43873745 7.6189485 52746 a
 0.0011233214 -0.0011568771 -5.4115435E-4 52949 g
 -6.093842 0.44113165 7.60997 52953 a
 5.805691E-5 -0.0011568771 -8.522115E-6 53148 g
 -6.083068 0.45669398 7.6201453 53152 a
 5.805691E-5 0.0015062839 2.57794E-4 53348 g
 -6.0878563 0.40940848 7.6105685 53352 a
 -2.082592E-4 -6.24245E-4 -8.074704E-4 53550 g
 -6.0740895 0.43275195 7.6285253 53554 a
 5.805691E-5 -3.5792886E-4 -2.748382E-4 53748 g
 -6.0609217 0.41299978 7.6488757 53752 a
 -4.745753E-4 -8.905611E-4 -2.748382E-4 53949 g
 -6.0639143 0.41958386 7.6285253 53952 a
 5.9068913E-4 0.0015062839 5.241101E-4 54149 g
 -6.097433 0.4261679 7.617751 54153 a
 -2.082592E-4 -3.5792886E-4 0.0010567423 54344 g
 -6.0968347 0.4345476 7.6770077 54348 a
 -2.082592E-4 -0.0019558256 0.0015893745 54549 g
 -6.045359 0.439336 7.61416 54553 a
 5.805691E-5 1.7470337E-4 -2.748382E-4 54744 g
 -6.0699 0.44951138 7.597999 54749 a
 -2.082592E-4 0.0017726 0.0010567423 54950 g
 -6.0477533 0.44232875 7.630321 54953 a
 5.805691E-5 0.002038916 -8.074704E-4 55150 g
 -6.0902505 0.44831428 7.629722 55154 a
 -4.745753E-4 -8.905611E-4 -2.748382E-4 55352 g
 -6.045958 0.42078096 7.6309195 55356 a
 -7.408914E-4 -8.905611E-4 -0.0010737865 55549 g
 -6.079477 0.45370123 7.6111674 55553 a
 -4.745753E-4 -3.5792886E-4 2.57794E-4 55749 g
 -6.0627174 0.4441244 7.6249337 55752 a
 3.2437302E-4 0.0023052322 -8.522115E-6 55952 g
 -6.0663085 0.43514615 7.615357 55957 a
 5.805691E-5 -6.24245E-4 -0.0010737865 56150 g
 -6.0878563 0.42078096 7.6045833 56154 a
 5.805691E-5 -3.5792886E-4 -8.074704E-4 56344 g
 -6.0764837 0.4225766 7.581838 56345 a
 -4.745753E-4 -0.0022221415 -8.074704E-4 56553 g
 -6.0848637 0.45250413 7.626131 56557 a
 3.2437302E-4 0.002038916 2.57794E-4 56751 g
 -6.0890536 0.43155485 7.617751 56754 a
 5.805691E-5 -0.0011568771 -2.748382E-4 56951 g
 -6.05733 0.43394905 7.6410947 56954 a
 5.805691E-5 -6.24245E-4 5.241101E-4 57154 g
 -6.090849 0.4309563 7.6644382 57158 a
 -2.082592E-4 -6.24245E-4 0.0010567423 57350 g
 -6.091448 0.38845924 7.589619 57353 a
 5.9068913E-4 1.7470337E-4 7.904262E-4 57550 g
 -6.0543375 0.4321534 7.6470804 57554 a
 5.9068913E-4 9.736517E-4 0.0010567423 57754 g
 -6.087258 0.46447513 7.5926123 57758 a
 5.805691E-5 1.7470337E-4 -2.748382E-4 57952 g
 -6.0740895 0.439336 7.6548615 57956 a
 -2.082592E-4 -0.0016895094 -8.074704E-4 58152 g
 -6.0884547 0.40342298 7.6147585 58156 a
 -4.745753E-4 -3.5792886E-4 -0.0010737865 58348 g
 -6.0926447 0.4405331 7.6081743 58353 a
 -0.0010072076 9.736517E-4 -5.4115435E-4 58554 g
 -6.1076083 0.45310268 7.617751 58558 a
 -4.745753E-4 -0.0015148061 -4.0799627E-4 58753 g
 -6.0782795 0.44951138 7.6524673 58756 a
 5.805691E-5 -0.0017811222 -1.4168017E-4 58956 g
 -6.081871 0.41718966 7.6375036 58960 a
 -0.0012735237 -0.004976915 0.0014562164 59153 g
 -6.0567317 0.39863458 7.60578 59157 a
 -2.082592E-4 -0.0047105993 -9.4062847E-4 59353 g
 -6.0142345 0.4321534 7.6560583 59358 a
 -2.082592E-4 6.1572285E-4 -6.743124E-4 59557 g
 -6.0956373 0.42197806 7.638102 59562 a
 3.2437302E-4 0.0032788839 6.5726816E-4 59753 g
 -6.0800753 0.4321534 7.6440873 59757 a
 -2.082592E-4 8.309063E-5 3.9095205E-4 59954 g
 -6.071097 0.45250413 7.668628 59959 a
 5.805691E-5 0.0030125678 9.235843E-4 60287 g
