 0.056517072 0.17904751 -0.0028048411 2 g
 -8.346786 3.152565 4.696825 4 a
 -0.03456304 -0.06942541 -0.05633438 116 g
 -8.5143795 1.264737 4.6441526 119 a
 -0.1711832 0.2070107 -0.8076121 318 g
 -8.039131 -0.87927055 4.483143 323 a
 -0.20074429 0.0072736256 -0.8038837 517 g
 -8.629301 -0.23762453 4.6136265 522 a
 0.118568726 -0.116563365 0.028354144 714 g
 -8.360553 0.16699557 4.6100354 716 a
 0.09566554 -0.11123704 0.21823753 921 g
 -8.953117 0.4417302 4.609437 934 a
 0.07436025 0.050683152 0.1548543 1122 g
 -9.726444 0.700304 3.6014779 1126 a
 0.14227086 -0.03001063 -0.10720076 1321 g
 -8.144476 -1.4670471 5.192425 1325 a
 -0.23536538 -0.1088402 -0.4965549 1520 g
 -7.8068933 -1.5747862 4.5980644 1524 a
 -0.56106997 0.24189812 -0.7626047 1721 g
 -12.890382 -1.8806454 3.667917 1724 a
 0.017102288 -0.00124849 -0.20014508 1924 g
 -2.5833437 -2.6120741 1.858499 1927 a
 0.27329838 -2.2204607 0.8643204 2122 g
 2.8125885 -0.6075287 8.983045 2125 a
 0.18674564 -3.122207 -0.70002043 2322 g
 -5.907094 1.1480197 9.03871 2325 a
 -0.15760107 -0.4265553 -0.50427806 2524 g
 0.3393781 -0.41299978 10.099341 2528 a
 0.37822694 -0.44173533 -0.4171927 2721 g
 2.1625626 -1.4915876 8.817844 2724 a
 0.09220343 -0.75971675 -0.34528735 2924 g
 6.649895 1.6609775 7.908048 2927 a
 0.13934138 -1.1304288 -0.34395579 3131 g
 6.7887588 1.4957775 7.2831616 3135 a
 0.015238075 -0.7173725 -0.39349058 3322 g
 5.195418 0.30466217 8.042722 3325 a
 -0.1067347 0.110071644 -0.14448501 3523 g
 6.3979053 0.4818331 6.935404 3526 a
 -0.01858407 -0.10511177 -0.07337861 3724 g
 7.0605006 1.2042835 7.4124484 3727 a
 0.048261274 -0.056109607 0.041936263 3926 g
 6.260239 0.7727286 7.341221 3930 a
 -0.02550829 0.044291563 0.027022563 4123 g
 6.1243677 1.122282 7.2143283 4126 a
 0.01763492 -0.030809578 0.03874047 4327 g
 6.443994 1.3108255 8.368932 4332 a
 -0.02950303 -0.11496547 -0.002538525 4524 g
 7.2580223 1.2515689 6.7253127 4528 a
 -0.017518805 -0.19699083 0.13488059 4725 g
 7.2023573 0.3321955 6.757634 4728 a
 -0.020448284 0.0054094126 0.024625719 4927 g
 7.450157 0.8170213 6.9958572 4931 a
 0.030151777 0.076249495 0.0014562164 5121 g
 6.7600284 0.6781576 7.295731 5125 a
 -0.0076651103 0.058140002 -4.0799627E-4 5325 g
 6.432023 0.9708488 7.505822 5330 a
 -0.0034040525 0.032307338 -0.007864847 5528 g
 6.95336 0.5327099 9.846753 5533 a
 -0.02817145 0.048286308 -0.017185912 5726 g
 6.3631897 0.724246 7.1383123 5730 a
 0.0024549018 0.026448386 0.0041193776 5926 g
 6.2123547 0.6075287 7.354389 5938 a
 -0.002338788 0.039497875 -0.005201686 6128 g
 6.375759 0.91219085 7.241862 6136 a
 0.0043191146 -0.0073737605 -0.017718542 6325 g
 6.5505357 0.85173726 7.1502833 6330 a
 0.009645437 -0.049984336 0.0043856935 6526 g
 6.599617 0.85173726 7.1125746 6531 a
 -0.002072472 -0.023352727 -0.009196428 6730 g
 6.3985043 0.7589619 7.2262993 6734 a
 -0.0018061559 0.019790482 0.0070488546 6927 g
 6.443395 0.8194155 7.211934 6932 a
 -0.0010072076 -4.4954158E-4 0.0038530615 7127 g
 6.505645 0.81761986 7.167641 7132 a
 -2.082592E-4 -0.005775864 0.0035867454 7331 g
 6.4840965 0.8319851 7.185598 7334 a
 -0.0031377363 0.005675729 0.002787797 7527 g
 6.375759 0.7751228 7.2352777 7532 a
 -0.005001949 0.010735735 0.0038530615 7728 g
 6.441001 0.86251116 7.253833 7733 a
 0.0021885857 -0.0036453349 1.2463593E-4 7931 g
 6.455965 0.7613561 7.176021 7935 a
 5.9068913E-4 -0.005775864 0.0017225326 8128 g
 6.461352 0.7541735 7.20954 8133 a
 -0.0010072076 0.0035452 -0.0012069446 8327 g
 6.4565635 0.84694886 7.189189 8332 a
 0.0013896375 0.003811516 0.0038530615 8532 g
 6.531981 0.760159 7.1939774 8535 a
 3.2437302E-4 -0.0055095474 -1.4168017E-4 8729 g
 6.4350157 0.7781156 7.203554 8734 a
 -4.745753E-4 0.003811516 0.0022551648 8930 g
 6.487688 0.80086046 7.1903863 8934 a
 5.805691E-5 3.4940674E-4 -4.0799627E-4 9132 g
 6.441001 0.81761986 7.225102 9136 a
 0.0013896375 -0.0015148061 -0.0014732607 9330 g
 6.505046 0.83258367 7.225701 9334 a
 8.5700525E-4 0.004077832 -9.4062847E-4 9530 g
 6.395511 0.81163436 7.229292 9534 a
 0.004851747 0.010203103 -0.0060006347 9733 g
 6.477513 0.82240826 7.2382703 9737 a
 -0.0039366847 3.4940674E-4 0.0022551648 9931 g
 6.737882 0.87687635 7.3148847 9934 a
 0.0011233214 0.0022136194 -0.0028048411 10134 g
 6.637924 0.47884035 7.4088573 10139 a
 -0.0356283 0.11752849 0.026756248 10337 g
 6.7486563 0.7577648 7.631518 10341 a
 -0.1248442 0.38411093 0.21637331 10531 g
 4.5723267 -0.6817489 8.434174 10535 a
 -0.33283707 0.7588177 0.2920071 10732 g
 3.1358056 -1.6256629 9.043498 10735 a
 -0.2739812 0.73325133 0.32263345 10934 g
 1.775899 -2.4881742 9.580399 10945 a
 -0.3283097 0.6451007 0.4792273 11132 g
 -2.791639 -1.9668367 10.110714 11135 a
 -0.022578811 1.3247395 0.7921487 11332 g
 -7.949947 -0.45010993 4.979341 11336 a
 -0.503812 2.905858 0.97777104 11533 g
 -7.261614 -4.7135844 2.1218612 11537 a
 -0.19914639 1.2528341 -0.9309165 11733 g
 -8.347982 -3.8911762 1.6879122 11736 a
 0.32842582 0.9782621 -0.31519362 11933 g
 -8.063073 -3.470994 2.5450363 11936 a
 -0.55600995 -0.01083587 0.15352271 12134 g
 -7.9331875 -4.138976 2.8742392 12138 a
 -0.308336 -0.22841613 0.23874387 12333 g
 -5.309142 -3.0190883 0.9995792 12337 a
 -0.08649468 0.620067 0.5900148 12533 g
 -9.210494 -5.035006 -0.7823054 12537 a
 -0.71393543 0.8285925 0.20039435 12735 g
 -9.55885 -4.035427 -0.9487024 12740 a
 -0.26412752 0.28184554 -0.0699165 12934 g
 -8.253412 -2.2092497 -1.3988123 12938 a
 0.37103638 -0.014031663 -0.05899754 13134 g
 -11.995549 -2.0350714 -0.092775315 13137 a
 -0.094217844 -0.008439025 0.5748348 13334 g
 -5.377377 1.922544 -6.1902084 13338 a
 -0.62152374 1.6254103 0.77963185 13534 g
 -3.205836 -0.55844754 -10.875661 13538 a
 -0.23350117 4.229982 0.19373645 13735 g
 -3.6631286 0.25079262 -9.471462 13738 a
 -0.023644077 -0.21083927 0.08534579 13935 g
 -5.1768627 0.10354923 -8.180388 13939 a
 -0.004735633 -0.7884789 -0.011859589 14135 g
 -5.307347 0.037708677 -8.219295 14138 a
 0.024292823 -0.21936138 -0.012658537 14334 g
 -4.662708 -0.1592144 -8.9363575 14338 a
 0.06210971 0.41926464 -0.016120646 14535 g
 -5.0002904 -0.16519992 -8.627506 14539 a
 0.013640178 -0.16556552 -0.011326957 14734 g
 -5.495291 -0.17657238 -8.218696 14738 a
 0.033613887 -0.27049407 0.01557097 14935 g
 -5.8693852 -0.18914193 -7.9726915 14939 a
 0.04719601 -0.25238457 0.05658365 15136 g
 -6.0208187 -0.24480712 -7.7608047 15144 a
 0.0189665 -0.09845387 -0.0028048411 15335 g
 -5.8987145 -0.24241292 -7.9547353 15341 a
 -0.0015398398 0.049085256 -0.00972906 15536 g
 -5.3420625 -0.19273324 -8.492832 15540 a
 -0.020448284 0.33883718 0.026756248 15736 g
 -5.4126916 -0.13587095 -8.251018 15741 a
 -0.0058008973 -0.0103032375 0.0094457 15935 g
 -5.503671 -0.18555063 -8.265383 15939 a
 0.0037864824 -0.05744119 -0.008663796 16135 g
 -5.5126495 -0.19093758 -8.216302 16139 a
 0.0043191146 -0.013499031 -0.002272209 16336 g
 -5.2756233 -0.15622166 -8.4587145 16339 a
 -0.013524065 0.14043167 0.012641493 16535 g
 -5.405509 -0.18794483 -8.359355 16539 a
 0.0019222697 -0.03959801 -1.4168017E-4 16736 g
 -5.556942 -0.18255788 -8.200141 16739 a
 0.010444385 -0.1354718 -0.0020058928 16935 g
 -5.4025164 -0.18136078 -8.355764 16940 a
 -0.007398794 0.1143327 0.0065162224 17135 g
 -5.390545 -0.15801731 -8.422203 17139 a
 -0.004735633 0.009137838 0.005184642 17335 g
 -5.470751 -0.18854338 -8.3821 17340 a
 0.005384379 -0.04492433 -0.0049353703 17536 g
 -5.463568 -0.18076223 -8.334815 17541 a
 -0.0015398398 0.0035452 0.002787797 17736 g
 -5.429451 -0.18016368 -8.334216 17740 a
 -0.0012735237 0.00833889 0.002521481 17935 g
 -5.45878 -0.17298107 -8.323442 17939 a
 5.9068913E-4 -0.003911651 6.5726816E-4 18137 g
 -5.5623293 -0.19393034 -8.2037325 18141 a
 0.007514908 -0.06463172 -0.002538525 18337 g
 -5.566519 -0.17717093 -8.23366 18341 a
 -0.0026051041 -0.008172709 0.0014562164 18537 g
 -5.5084596 -0.18614918 -8.341399 18541 a
 -0.004469317 0.035769448 0.0049183257 18737 g
 -5.527613 -0.16759412 -8.254609 18742 a
 -4.745753E-4 -0.0076400763 9.235843E-4 18937 g
 -5.5551467 -0.17597382 -8.276156 18942 a
 0.0013896375 -0.015096927 -4.0799627E-4 19137 g
 -5.5671177 -0.15682021 -8.242638 19142 a
 -0.0026051041 -4.4954158E-4 0.0014562164 19338 g
 -5.5701103 -0.16938977 -8.251018 19342 a
 -0.0018061559 -0.0060421797 0.0019888487 19538 g
 -5.5629277 -0.16160862 -8.262989 19542 a
 -7.408914E-4 0.0035452 0.0017225326 19738 g
 -5.595249 -0.17717093 -8.221688 19742 a
 3.2437302E-4 -0.021222198 6.5726816E-4 19932 g
 -5.6006365 -0.18495208 -8.253412 19933 a
 -2.082592E-4 -0.0031127026 0.0014562164 20136 g
 -5.523423 -0.16101007 -8.297106 20137 a
 -0.004469317 0.036302082 0.00465201 20337 g
 -5.554548 -0.17477672 -8.240244 20341 a
 0.0013896375 -0.008439025 3.9095205E-4 20538 g
 -5.544971 -0.1604115 -8.2833395 20543 a
 -0.0010072076 0.01313258 0.002787797 20738 g
 -5.4282537 -0.22385786 -8.244433 20742 a
 0.005650695 0.061069477 0.002787797 20938 g
 -4.6884456 -0.17118542 -8.887876 20952 a
 -0.016986175 0.43737414 0.015837286 21137 g
 -5.590461 -0.44352585 -8.288726 21141 a
 0.09619817 -0.5131081 -0.025175394 21338 g
 -6.691195 -0.4249708 -7.2388687 21342 a
 0.10179081 -0.71284515 0.011309912 21538 g
 -6.4685345 -0.3633201 -7.53575 21542 a
 -0.016719857 0.09542426 0.03900679 21738 g
 -4.6100354 -0.17477672 -9.215282 21743 a
 -0.14055684 1.0906476 0.03208257 21938 g
 -3.8121676 -0.02633622 -9.261371 21942 a
 -0.043351468 0.53085107 0.014772022 22138 g
 -4.1814733 -0.092176765 -9.056067 22142 a
 0.013906495 -0.163435 -0.009462744 22338 g
 -4.9613843 -0.08619126 -8.619126 22342 a
 0.0272223 -0.43987113 -0.016919594 22538 g
 -5.3396683 -0.15622166 -8.394072 22543 a
 0.01630334 -0.24972142 -0.010528008 22738 g
 -5.1355624 -0.12749124 -8.532336 22743 a
 -0.008730374 0.10075058 0.010244648 22941 g
 -4.9482164 -0.12449849 -8.671799 22945 a
 -0.0063335295 0.11886007 0.008380435 23141 g
 -5.0374002 -0.14305355 -8.602366 23145 a
 5.9068913E-4 -0.024950624 -1.4168017E-4 23346 g
 -5.133767 -0.12868834 -8.549096 23351 a
 0.004585431 -0.07128963 -0.0036037895 23545 g
 -5.069722 -0.1436521 -8.586804 23550 a
 -0.002338788 0.024584172 0.002787797 23743 g
 -5.085284 -0.15023616 -8.639477 23747 a
 0.0032538502 0.010203103 0.002521481 23943 g
 -5.061941 -0.17058687 -8.594585 23947 a
 0.014971759 -0.0076400763 0.002787797 24145 g
 -4.9524064 -0.16160862 -8.635287 24150 a
 -0.009795639 0.0679937 0.0065162224 24342 g
 -5.01705 -0.16819267 -8.559271 24346 a
 -0.0012735237 -0.031608526 -9.4062847E-4 24543 g
 -5.0505686 -0.17238252 -8.543709 24547 a
 -2.082592E-4 -0.025483256 -4.0799627E-4 24745 g
 -5.077503 -0.14963761 -8.579621 24750 a
 -0.0012735237 -0.00124849 0.0014562164 24945 g
 -5.0613422 -0.1412579 -8.567052 24946 a
 -0.0026051041 3.4940674E-4 0.002787797 25144 g
 -5.027225 -0.13706805 -8.617331 25149 a
 -0.0012735237 0.012866264 0.0014562164 25345 g
 -5.0679264 -0.14425065 -8.562862 25351 a
 0.0011233214 -0.013765347 3.9095205E-4 25545 g
 -5.127183 -0.15981296 -8.531737 25550 a
 0.0016559536 -0.03294011 -0.0014732607 25746 g
 -5.1636944 -0.16938977 -8.508993 25751 a
 5.9068913E-4 -0.014297979 9.235843E-4 25950 g
 -5.13257 -0.15861586 -8.541314 25961 a
 -2.082592E-4 0.0051430967 0.0011899003 26146 g
 -5.1744685 -0.17657238 -8.540716 26151 a
 8.5700525E-4 -0.018026404 9.235843E-4 26346 g
 -5.9681463 -0.25558102 -8.200141 26351 a
 0.024825456 -0.43214795 -0.021180652 26546 g
 -7.2568254 -0.33877954 -6.6642604 26550 a
 -0.11845261 -0.8374811 0.051523644 26745 g
 -7.1742253 -0.25198972 -7.1987658 26750 a
 0.13081926 0.04189472 -0.042219624 26947 g
 -7.984064 -0.20949265 -5.871181 26952 a
 0.01683597 -0.63374925 -0.037692253 27151 g
 -8.670003 -0.36152446 -5.7424927 27154 a
 0.031483356 -0.45052376 -0.026240658 27348 g
 -12.376227 -0.7015011 -6.0411696 27352 a
 0.005650695 -0.5445334 -0.04248594 27548 g
 -9.977836 -1.6071079 -4.175488 27552 a
 0.84934014 -0.4443985 -0.07444388 27751 g
 4.381389 -1.0295067 0.729633 27755 a
 1.2368301 -3.5672212 -0.26113147 27948 g
 -0.87927055 -4.991312 0.17357962 27953 a
 -0.41965613 0.80595565 -0.24541882 28148 g
 -10.503962 -1.6795325 2.5007436 28153 a
 -0.2422896 0.12125692 0.16071326 28351 g
 -8.841787 -2.8449101 3.6224272 28355 a
 -0.045748312 -0.28780463 0.08028579 28549 g
 -8.924985 -1.7184383 2.8299465 28553 a
 -0.12937157 -0.07794753 0.059246812 28749 g
 -9.217078 -1.7196354 2.146402 28753 a
 -0.15014423 0.09968531 0.15805009 28952 g
 -9.723452 -2.4516625 1.22224 28956 a
 -0.03296514 0.21180439 0.1814859 29150 g
 -8.916007 0.75118077 3.7714663 29154 a
 0.572904 -0.549327 0.6464738 29350 g
 -9.087791 1.34195 3.0867245 29354 a
 0.22616044 -0.19619188 0.5692422 29552 g
 -9.888053 1.4167689 3.6715083 29556 a
 0.11750346 -0.1354718 0.05312154 29751 g
 -8.533533 1.0600328 3.6050692 29754 a
 0.04985917 -0.05797382 -0.0020058928 29951 g
 -8.992023 1.5448587 3.4901476 29954 a
 -0.15413897 0.12551798 0.0856121 30154 g
 -9.855133 1.3587095 2.6809072 30157 a
 -0.1594653 0.16573171 0.1300869 30350 g
 -8.810662 1.34195 3.502717 30354 a
 0.04719601 -0.14399393 -0.04541542 30551 g
 -9.223063 1.4969746 3.221997 30555 a
 0.006183327 -0.006841128 0.009712016 30744 g
 -9.126099 1.4772224 3.4105403 30745 a
 0.0019222697 -0.0033790187 0.0017225326 30952 g
 -9.126697 1.4951789 3.353678 30962 a
 -2.082592E-4 0.0072736256 0.011043596 31150 g
 -9.105747 1.4921862 3.330933 31154 a
 -0.006599846 0.0024799355 0.007315171 31355 g
 -9.124303 1.4885949 3.3680432 31358 a
 -0.0055345814 -0.0020474382 0.0062499065 31552 g
 -9.153033 1.4867992 3.3602622 31556 a
 -0.0055345814 0.0051430967 0.008380435 31752 g
 -9.14226 1.5029601 3.347094 31756 a
 -0.002072472 8.8203896E-4 0.0033204292 31954 g
 -9.124901 1.4646529 3.354875 31958 a
 -0.0018061559 8.309063E-5 0.00465201 32150 g
 -9.103952 1.5041572 3.3770216 32154 a
 -0.0081977425 -7.158577E-4 0.0070488546 32352 g
 -9.194333 1.4664485 3.2668881 32356 a
 -0.011659852 0.0046104644 0.011043596 32555 g
 -9.088389 1.5795746 3.4051533 32558 a
 -0.0207146 -0.012433766 0.014505706 32753 g
 -9.193734 1.483208 3.2716765 32757 a
 -0.11871893 0.045623146 0.07948684 32954 g
 -9.1751795 1.6897079 3.3063924 32957 a
 -0.060662016 0.031242074 0.05392049 33155 g
 -9.106945 1.6005238 3.329736 33159 a
 -0.0055345814 -0.030809578 -0.0020058928 33354 g
 -9.094974 1.6089035 3.3602622 33358 a
 -0.002072472 0.013665212 0.00598359 33554 g
 -9.086594 1.6047137 3.3494883 33558 a
 -0.0015398398 3.4940674E-4 0.0035867454 33756 g
 -9.146449 1.5957354 3.335123 33761 a
 -0.0010072076 0.0011483551 0.0033204292 33954 g
 -9.093178 1.6095021 3.3704374 33958 a
 -0.004735633 -0.00124849 0.007315171 34155 g
 -9.141062 1.5921441 3.3357215 34158 a
 -0.0012735237 0.0019473034 0.0030541131 34356 g
 -9.157223 1.614889 3.3357215 34360 a
 -0.0012735237 -0.0015148061 0.005450958 34586 g
 -8.86932 1.5819688 3.5248635 34596 a
 -0.0124588 -0.017760089 0.0049183257 34754 g
 -9.266758 1.6514006 3.0214825 34758 a
 0.010178069 0.07545055 0.0033204292 34957 g
 -8.918402 1.5658079 3.3997664 34962 a
 -0.01379038 -0.044658016 -0.004669054 35155 g
 -9.09617 1.5023615 3.2016463 35158 a
 0.01417281 -0.014830612 -0.023044866 35355 g
 -9.012374 1.3946224 3.352481 35359 a
 0.028287563 -0.041195907 -0.032632247 35557 g
 -9.196728 1.6101006 3.3500867 35565 a
 0.051989697 0.0075399415 -0.009995376 35755 g
 -9.251195 1.5987282 3.2118216 35760 a
 -0.014323013 0.04455788 0.025424667 35956 g
 -9.036914 1.5777789 3.502717 35967 a
 -0.035361987 -0.05850645 0.020098343 36158 g
 -9.1255 1.6340426 3.2824504 36163 a
 3.2437302E-4 0.04189472 0.0062499065 36356 g
 -9.027337 1.5526398 3.3848026 36360 a
 -0.017518805 8.8203896E-4 0.008913067 36556 g
 -11.278485 1.2797008 3.9205053 36561 a
 -0.1695853 0.30821082 -0.1162555 36756 g
 -4.8614264 0.6099229 1.5735891 36760 a
 0.20432252 -0.32961625 -0.12584288 36956 g
 -12.509106 0.18375498 5.0637364 36959 a
 0.11164451 -0.6348145 -0.57352024 37156 g
 -7.7308774 1.050456 2.8832173 37160 a
 -0.031100927 0.47758788 0.293605 37356 g
 -7.5171947 0.94211835 2.7778726 37360 a
 0.12868874 0.024317857 0.38255456 37555 g
 -10.093954 1.7555484 4.8069587 37559 a
 -2.082592E-4 -0.17861502 0.12289636 37756 g
 -8.365341 2.1703439 4.3305125 37760 a
 0.03254862 -0.21350242 0.044066794 37956 g
 -7.8188643 1.7950528 5.1906295 37960 a
 -0.09208731 -0.34932363 0.11836899 38156 g
 -7.855376 2.2427685 5.5880666 38160 a
 -0.021779863 -0.17968029 0.018234132 38355 g
 -8.067263 2.0069396 5.305551 38359 a
 -0.03829146 0.06692843 0.0177015 38555 g
 -7.836222 1.4317327 4.791396 38560 a
 0.041337054 0.18464015 -0.07257966 38756 g
 -8.301894 1.9434932 5.061941 38760 a
 -0.0026051041 0.24669181 -0.11732077 38955 g
 -9.47206 1.9788077 3.0472202 38959 a
 0.071697086 0.4664026 -0.07843862 39156 g
 -9.0429 1.863886 3.1292217 39160 a
 0.02242861 0.12898009 0.0706984 39356 g
 -8.975264 1.578976 3.702633 39359 a
 -0.061460964 -0.112568624 -0.002538525 39558 g
 -8.607155 1.3760674 3.5332432 39562 a
 -0.04122094 -0.011368502 0.0017225326 39754 g
 -9.190742 1.6956934 3.3734303 39757 a
 0.011775966 0.035503134 0.0070488546 39955 g
 -8.850166 1.5987282 3.7325604 39959 a
 -0.041487254 -0.035869583 0.014239389 40155 g
 -8.945934 1.6711528 3.525462 40159 a
 0.0019222697 0.0043441486 0.011043596 40355 g
 -9.044097 1.6621746 3.550601 40359 a
 -0.008730374 -0.0017811222 0.0067825387 40558 g
 -8.996812 1.6490064 3.608062 40563 a
 -0.0063335295 0.0022136194 0.0043856935 40756 g
 -9.015367 1.6256629 3.527856 40760 a
 -0.007398794 0.0027462516 0.009712016 40958 g
 -8.942344 1.6490064 3.6260185 40971 a
 -0.0055345814 -0.013499031 0.010777281 41156 g
 -8.982447 1.6502035 3.6355953 41162 a
 -0.0060672136 -0.0028463865 0.005450958 41356 g
 -9.003395 1.6460136 3.590704 41360 a
 -0.0028714202 0.0014146712 0.00465201 41557 g
 -8.979453 1.6663644 3.6128504 41562 a
 -0.002072472 8.309063E-5 0.002787797 41758 g
 -9.458893 1.3856442 3.4805708 41762 a
 -0.012991432 0.029111546 -0.0033374734 41961 g
 -9.053674 1.6478093 3.3859997 41965 a
 0.007514908 0.020855747 0.015038338 42163 g
 -8.907029 1.8028339 3.8067808 42168 a
 -0.03429672 -0.065963306 0.016902551 42360 g
 -9.062652 1.6310499 3.6643257 42364 a
 -0.10859892 -0.011368502 0.03527836 42560 g
 -9.153033 1.7836803 3.537433 42564 a
 -0.05693359 0.060803164 0.03128362 42764 g
 -8.897452 1.5717934 3.7804444 42768 a
 -0.0034040525 -0.050783284 -0.005201686 42961 g
 -8.998607 1.6484078 3.654749 42965 a
 0.0011233214 0.01446416 0.0033204292 43161 g
 -8.941745 1.6274586 3.6715083 43165 a
 5.9068913E-4 3.4940674E-4 3.9095205E-4 43367 g
 -8.963293 1.6436194 3.7271736 43371 a
 -0.002072472 -0.0020474382 0.002521481 43562 g
 -8.958505 1.6603789 3.6715083 43566 a
 -0.0012735237 8.8203896E-4 0.002521481 43762 g
 -8.969876 1.644218 3.7086184 43767 a
 -0.0012735237 0.0016809873 0.002521481 43965 g
 -8.962095 1.6585833 3.7020345 43969 a
 -0.0012735237 -0.0023137543 0.002521481 44163 g
 -8.942344 1.6340426 3.681085 44167 a
 -7.408914E-4 -4.4954158E-4 0.0035867454 44362 g
 -8.93935 1.650802 3.679888 44367 a
 -0.0039366847 -0.0052432315 0.0049183257 44566 g
 -8.96449 1.6436194 3.685275 44570 a
 -0.0010072076 0.0016809873 0.0030541131 44764 g
 -8.924387 1.6310499 3.7098155 44768 a
 -0.0036703686 -0.0055095474 0.005184642 44965 g
 -8.966884 1.6753427 3.6936548 44969 a
 -0.0010072076 8.8203896E-4 0.0035867454 45168 g
 -8.942344 1.638831 3.66253 45172 a
 -0.0015398398 -7.158577E-4 0.0030541131 45361 g
 -8.929773 1.6633717 3.7116113 45368 a
 5.805691E-5 0.0024799355 0.0019888487 45569 g
 -8.982447 1.6585833 3.678691 45573 a
 -0.002072472 6.1572285E-4 0.0019888487 45769 g
 -8.930971 1.6801311 3.738546 45773 a
 -0.002338788 -0.0020474382 0.002521481 45966 g
 -8.917204 1.6627731 3.733159 45976 a
 3.2437302E-4 0.0011483551 0.0017225326 46166 g
 -8.937555 1.6424223 3.719991 46170 a
 -0.0015398398 -0.0015148061 0.002521481 46372 g
 -8.926781 1.6484078 3.6942532 46376 a
 -7.408914E-4 -4.4954158E-4 0.002521481 46568 g
 -8.932168 1.654992 3.7487214 46572 a
 -0.002072472 -9.821738E-4 0.002521481 46766 g
 -8.959103 1.644218 3.705027 46770 a
 3.2437302E-4 0.005942045 0.0019888487 46966 g
 -8.970475 1.6436194 3.693056 46970 a
 -0.0010072076 -0.0020474382 0.002787797 47167 g
 -8.967483 1.596334 3.678691 47171 a
 -0.0018061559 0.0019473034 0.002787797 47367 g
 -9.23264 1.6801311 3.6685154 47370 a
 -0.005268265 -0.012700083 0.002787797 47572 g
 -8.064868 1.2611457 3.5523968 47576 a
 -0.1149905 -0.067827515 -0.05020911 47767 g
 -7.632715 1.2120646 4.3927617 47771 a
 0.02242861 -0.33307835 -0.0318333 47968 g
 -10.26095 1.4736311 4.6351743 47972 a
 0.013906495 0.1143327 -0.21292825 48168 g
 -8.415619 -0.04249708 3.0113072 48173 a
 -0.12750736 0.4365752 -0.73410887 48368 g
 -12.130223 -1.0857705 0.55006784 48372 a
 -0.33203813 3.0491362 0.26644075 48569 g
 -13.959991 0.023343466 -6.935404 48573 a
 0.025091771 -0.046788543 -0.026240658 48768 g
 -9.193734 1.3976152 -4.042011 48771 a
 0.0272223 0.5391069 0.12209741 48969 g
 -9.348161 1.1049241 -4.4316673 48973 a
 -0.33203813 0.36333826 0.18441539 49169 g
 -9.462483 1.0426749 -3.2118216 49173 a
 -0.09741364 -0.46224168 -0.018251175 49370 g
 -9.527725 0.504578 -1.0450691 49374 a
 -0.017785123 -0.85399264 -0.102939695 49572 g
 -9.792884 0.43993455 -0.6823475 49575 a
 0.05119075 -0.45292062 -0.06565544 49767 g
 -10.907384 0.99898064 -0.39564183 49771 a
 -0.04894411 -0.3767542 0.011842544 49962 g
 -9.071032 0.12689269 1.7579426 49964 a
 -0.18716216 -0.513907 -0.1593987 50171 g
 -9.935339 0.3657143 1.8596961 50174 a
 -0.05986307 -0.2758204 -0.017185912 50370 g
 -10.010756 0.5351041 0.84335756 50373 a
 0.056250755 0.31060767 0.036343627 50569 g
 -10.220847 0.34955344 0.48602295 50574 a
 0.03627705 0.13031167 0.007315171 50767 g
 -9.740809 0.18016368 1.0995371 50771 a
 -0.02204618 -0.1072423 -0.09947759 50969 g
 -9.694721 0.03172317 1.2497733 50984 a
 0.004851747 -0.07794753 -0.020115389 51170 g
 -9.8276 0.12210429 1.0618285 51174 a
 0.02242861 0.054677892 0.012375177 51370 g
 -9.645041 0.08379706 1.3126211 51374 a
 -0.009795639 -0.048120126 -0.009995376 51570 g
 -9.813833 0.05746084 1.2761095 51575 a
 0.007781224 -0.02654852 -0.01106064 51768 g
 -9.792884 0.020949265 1.252766 51772 a
 0.0013896375 -0.012433766 -0.0057343184 51970 g
 -9.833585 0.06823475 1.2946646 51974 a
 0.0035201663 0.0024799355 0.0070488546 52171 g
 -9.758766 0.076015905 1.30484 52174 a
 0.0013896375 -7.158577E-4 0.002787797 52370 g
 -9.753978 0.055066638 1.3132197 52374 a
 -0.0026051041 -0.008705341 0.0011899003 52571 g
 -9.743204 0.074818805 1.316811 52576 a
 5.9068913E-4 0.004077832 0.0030541131 52770 g
 -9.815628 0.051475335 1.2922704 52774 a
 5.805691E-5 -0.008971657 0.010777281 52972 g
 -9.7641535 0.11432313 1.3018472 52975 a
 5.9068913E-4 -0.004444283 0.0043856935 53172 g
 -9.814431 0.1604115 1.3096284 53175 a
 -0.0012735237 0.0024799355 0.008114119 53372 g
 -9.7563715 0.13467385 1.3174095 53375 a
 0.0019222697 -0.0033790187 0.002787797 53572 g
 -9.779716 0.108337626 1.316811 53577 a
 8.5700525E-4 -1.8322548E-4 0.0017225326 53770 g
 -9.715072 0.16460137 1.38325 53773 a
 0.0013896375 -0.012966398 -4.0799627E-4 53972 g
 -9.69113 0.095768064 1.3485341 53976 a
 -0.0058008973 0.006474677 -6.743124E-4 54173 g
 -9.81084 0.10354923 1.3156139 54177 a
 -0.0026051041 0.012067315 0.0041193776 54372 g
 -9.539697 0.0047884034 1.3479356 54376 a
 0.0144391265 -0.0055095474 0.016902551 54573 g
 -9.491214 0.15322891 1.4981717 54578 a
 0.0069822758 -0.0028463865 0.011309912 54772 g
 -9.766547 0.22385786 1.3162124 54775 a
 -0.002338788 0.014996792 0.014239389 54976 g
 -9.747394 0.23642741 1.3198037 54979 a
 -0.002072472 -0.004976915 0.0043856935 55173 g
 -9.661801 0.19572599 1.3461399 55177 a
 3.2437302E-4 0.003811516 -0.0041364217 55374 g
 -9.768942 0.18255788 1.2892777 55377 a
 -7.408914E-4 0.0014146712 0.0014562164 55573 g
 -9.762358 0.1388637 1.311424 55577 a
 -0.0036703686 -0.009237973 0.0014562164 55771 g
 -9.767146 0.24420857 1.3210008 55775 a
 -0.0036703686 0.0011483551 0.0057172743 55973 g
 -9.749189 0.18734628 1.389834 55986 a
 -0.010061955 -0.008172709 0.0049183257 56173 g
 -9.691729 0.12868834 1.3784616 56177 a
 0.0024549018 0.0014146712 -0.004402738 56372 g
 -9.709685 0.20350714 1.3617022 56376 a
 -0.0026051041 -7.158577E-4 0.007847803 56573 g
 -9.787497 0.17058687 1.3108255 56577 a
 0.0019222697 0.0011483551 0.0033204292 56773 g
 -9.715671 0.22325931 1.3862427 56777 a
 -0.0028714202 -4.4954158E-4 0.010777281 56975 g
 -9.791686 0.25378537 1.3664906 56979 a
 -0.0012735237 0.0024799355 0.010244648 57173 g
 -9.731233 0.24241292 1.3850456 57177 a
 5.9068913E-4 -0.0020474382 0.002787797 57373 g
 -9.779117 0.23283611 1.3215994 57377 a
 5.805691E-5 -7.158577E-4 0.002521481 57573 g
 -9.726444 0.22445641 1.3772645 57577 a
 -0.0015398398 -0.004444283 0.00465201 57778 g
 -9.820416 0.29029694 1.3467385 57783 a
 3.2437302E-4 0.014197844 0.016369918 57975 g
 -9.7563715 0.38726214 1.3623008 57978 a
 -0.0018061559 0.015529425 0.027022563 58175 g
 -9.861717 0.3441665 1.2886791 58178 a
 -0.0010072076 0.0048767803 0.014239389 58380 g
 -9.809045 0.3393781 1.3162124 58384 a
 5.9068913E-4 -0.01216745 0.005184642 58575 g
 -9.7479925 0.31483752 1.3383588 58579 a
 0.0011233214 0.0051430967 -0.0033374734 58777 g
 -9.865907 0.3286042 1.2569559 58782 a
 0.006183327 -9.821738E-4 0.0019888487 58976 g
 -9.694721 0.29807812 1.377863 58979 a
 -0.0036703686 -0.014564295 0.0019888487 59175 g
 -9.7719345 0.30466217 1.3210008 59179 a
 8.5700525E-4 0.006208361 0.00465201 59375 g
 -9.782708 0.37349546 1.3724761 59379 a
 -0.004735633 -0.01083587 0.005450958 59582 g
 -9.805453 0.37948096 1.3730747 59587 a
 0.0011233214 0.0011483551 0.00465201 59780 g
 -9.683349 0.34117374 1.4143747 59784 a
 -2.082592E-4 -0.0052432315 0.002521481 59977 g
 -9.739613 0.41838676 1.3239936 59982 a
 0.0016559536 0.005675729 -0.0033374734 60314 g
