 0.40500847 -0.20607887 0.0017475663 5 g
 -10.617686 0.95229375 2.3535004 6 a
 -0.087676324 0.1041794 0.17192356 155 g
 -8.9842415 0.866701 2.7060466 158 a
 0.011925901 -0.058806058 -0.04831986 355 g
 -8.121731 0.96187055 2.1015105 359 a
 0.0012732573 -0.071855545 -0.009704026 555 g
 -9.150041 0.87687635 3.2231941 559 a
 -0.02216256 -0.15254933 0.08616977 753 g
 -9.743204 1.5903485 3.4973302 756 a
 0.14002395 -0.022587068 0.016394952 953 g
 -9.211691 1.0348936 3.293823 957 a
 0.004735367 -0.044691306 -0.018758774 1153 g
 -9.34038 1.2467805 3.1435869 1156 a
 -0.078621574 0.021621406 0.042493932 1353 g
 -8.902241 0.9888053 3.3842041 1356 a
 -0.068767875 -0.048952363 0.03423813 1553 g
 -9.546879 1.2916719 2.7976246 1557 a
 0.03056803 0.10284782 0.01106863 1752 g
 -9.068638 1.103727 3.2004492 1756 a
 -0.00991202 -0.031908132 4.1598576E-4 1953 g
 -9.188946 1.0869676 3.2243912 1957 a
 -0.0037867487 -0.03670182 9.48618E-4 2154 g
 -9.292496 1.2210429 3.132813 2158 a
 0.008197476 0.0053761234 0.003611779 2352 g
 -9.213487 1.1599907 3.193865 2355 a
 -3.2463935E-4 -0.007140734 4.1598576E-4 2553 g
 -9.229648 1.134253 3.1555579 2556 a
 -0.0011235876 -0.005010205 0.0017475663 2753 g
 -9.205706 1.1641805 3.221997 2757 a
 0.0015395734 -0.00261336 0.0017475663 2953 g
 -9.194932 1.192911 3.2363622 2956 a
 -5.9095543E-4 -0.0042112567 0.001214934 3153 g
 -9.2069025 1.2042835 3.2190042 3157 a
 0.0023385216 -0.0015480955 0.0014812502 3354 g
 -9.197925 1.1713632 3.2477345 3357 a
 -5.9095543E-4 -0.0034123082 0.0022801985 3554 g
 -9.170391 1.1719618 3.2202013 3557 a
 0.0020722055 -0.0010154633 0.0014812502 3755 g
 -9.215282 1.1976994 3.2196028 3759 a
 4.74309E-4 -0.002347044 0.0017475663 3953 g
 -9.200917 1.1629834 3.2225955 3957 a
 0.0010069412 -0.0036786243 -1.1664646E-4 4155 g
 -9.20391 1.1839328 3.2034419 4159 a
 -5.832323E-5 -2.1651499E-4 9.48618E-4 4356 g
 -9.200318 1.1707647 3.2513258 4361 a
 -8.5727155E-4 -0.003145992 9.48618E-4 4560 g
 -9.19134 1.1815386 3.2507274 4564 a
 -8.5727155E-4 -0.003145992 6.823019E-4 4756 g
 -9.19134 1.1498153 3.247136 4759 a
 -5.832323E-5 -4.828311E-4 0.0014812502 4957 g
 -9.210494 1.1575965 3.2465374 4972 a
 -8.5727155E-4 0.0013813816 0.0017475663 5162 g
 -9.20391 1.1923125 3.235165 5166 a
 -0.0013899037 -0.0012817794 0.0014812502 5358 g
 -9.171588 1.1887212 3.2626984 5362 a
 -0.0011235876 -0.0012817794 0.0030791468 5555 g
 -9.184756 1.1869255 3.2638955 5558 a
 -0.0016562198 0.0016476978 0.0030791468 5757 g
 -9.173384 1.1737574 3.2770636 5761 a
 -8.5727155E-4 4.980111E-5 0.0022801985 5958 g
 -9.209297 1.2132617 3.2375593 5962 a
 -8.5727155E-4 0.0013813816 0.0028128307 6159 g
 -9.126697 1.1653777 3.2650926 6163 a
 -0.0016562198 -0.004743889 0.001214934 6361 g
 -9.254189 1.2018893 3.221997 6365 a
 -0.0024551682 0.0059087556 0.0038780952 6562 g
 -9.184756 1.1827357 3.301604 6565 a
 -0.0035204326 -0.010336527 0.0022801985 6757 g
 -9.157223 1.1899183 3.25372 6760 a
 -0.001922536 -0.012467056 0.008405469 6963 g
 -9.13388 1.1988965 3.3315318 6966 a
 -0.027222566 -0.012733372 0.043559194 7159 g
 -9.136872 1.3108255 3.2800562 7163 a
 -0.00991202 0.011501393 0.018791797 7360 g
 -9.126697 1.258153 3.3273418 7364 a
 7.406251E-4 -0.011135476 9.48618E-4 7564 g
 -9.181764 1.3030443 3.317765 7567 a
 -5.832323E-5 0.0011150655 0.003611779 7756 g
 -9.150041 1.2659341 3.3566709 7760 a
 -0.0011235876 0.0013813816 0.0030791468 7961 g
 -9.143456 1.3221979 3.3183637 7965 a
 -0.0011235876 0.004577175 0.003611779 8163 g
 -9.163807 1.2934675 3.3171666 8166 a
 -0.0016562198 -0.0015480955 0.0020138824 8361 g
 -9.18715 1.3263878 3.316568 8365 a
 -0.008580439 0.0019140139 0.008938101 8562 g
 -9.10455 1.3138182 3.3782187 8565 a
 -0.00644991 0.0027129622 0.006807572 8757 g
 -9.136273 1.3108255 3.353678 8761 a
 -0.0016562198 -0.0010154633 0.0017475663 8960 g
 -9.159617 1.3389573 3.3375173 8965 a
 -5.832323E-5 0.0013813816 6.823019E-4 9162 g
 -9.1512375 1.3108255 3.3357215 9166 a
 -0.0029878004 -0.0015480955 9.48618E-4 9363 g
 -9.173983 1.3012487 3.3183637 9366 a
 0.0042027347 0.00697402 -0.0025134913 9562 g
 -9.173384 1.3174095 3.318962 9566 a
 0.0012732573 -0.003145992 -0.001980859 9759 g
 -9.1668 1.2844892 3.3010056 9763 a
 0.0060669472 -0.0012817794 -0.003845072 9965 g
 -9.141062 1.2808979 3.311181 9976 a
 -5.9095543E-4 -0.0028796762 0.001214934 10154 g
 -9.151836 1.3198037 3.3662477 10156 a
 -5.9095543E-4 -7.491472E-4 0.0014812502 10362 g
 -9.141661 1.2844892 3.3500867 10366 a
 0.0018058895 -0.0020807278 -0.001448227 10565 g
 -9.150639 1.2826935 3.364452 10570 a
 -0.0011235876 -0.0015480955 0.0014812502 10763 g
 -9.144054 1.2898762 3.3596635 10767 a
 -5.9095543E-4 -2.1651499E-4 0.0022801985 10963 g
 -9.163807 1.3000516 3.352481 10967 a
 -8.5727155E-4 -0.0010154633 0.0025465146 11166 g
 -9.157223 1.3042414 3.3213563 11170 a
 -5.832323E-5 0.0019140139 0.0022801985 11364 g
 -9.141661 1.2946646 3.3824084 11368 a
 -0.0011235876 0.0011150655 4.1598576E-4 11564 g
 -9.147646 1.2808979 3.3255463 11568 a
 -5.9095543E-4 -0.002347044 0.0014812502 11765 g
 -9.123704 1.2958617 3.3584664 11769 a
 -8.5727155E-4 0.0040445426 1.4966965E-4 11964 g
 -9.156026 1.287482 3.354875 11969 a
 -0.0016562198 -2.1651499E-4 0.001214934 12163 g
 -9.157223 1.3215994 3.352481 12166 a
 2.0799288E-4 -4.828311E-4 0.001214934 12360 g
 -9.14585 1.2922704 3.3303347 12365 a
 -0.0013899037 -0.0010154633 0.0017475663 12563 g
 -9.171588 1.2964603 3.3423057 12567 a
 -5.832323E-5 0.0011150655 0.0014812502 12765 g
 -9.141661 1.2731167 3.3572693 12769 a
 -0.0013899037 4.980111E-5 0.0014812502 12968 g
 -9.16261 1.292869 3.3512838 12972 a
 -8.5727155E-4 -2.1651499E-4 0.0022801985 13165 g
 -9.141062 1.2976574 3.3476925 13170 a
 -8.5727155E-4 -0.0010154633 0.0020138824 13365 g
 -9.190742 1.2384008 3.3117795 13370 a
 0.0026048378 3.1611722E-4 4.1598576E-4 13569 g
 -9.132084 1.3036429 3.4237084 13573 a
 -0.0016562198 -2.1651499E-4 0.0028128307 13766 g
 -9.197925 1.3054385 3.3680432 13770 a
 -0.0011235876 0.0035119106 0.0030791468 13966 g
 -9.11712 1.3090298 3.3626564 13971 a
 -0.0024551682 -0.0036786243 6.823019E-4 14170 g
 -9.165004 1.3090298 3.3423057 14174 a
 4.660532E-4 0.0030959249 -7.510114E-5 14366 g
 -9.101558 1.2844892 3.341707 14371 a
 -8.6552737E-4 -3.6618466E-4 -8.7404944E-4 14576 g
 -9.156026 1.2886791 3.3662477 14599 a
 7.323693E-4 1.6644757E-4 -8.7404944E-4 14767 g
 -9.140464 1.3066356 3.3530796 14768 a
 1.9973709E-4 -8.9881686E-4 -7.510114E-5 14968 g
 -9.15842 1.2958617 3.3746274 14980 a
 4.660532E-4 -6.3250074E-4 -8.7404944E-4 15167 g
 -9.150041 1.2814964 3.359065 15171 a
 0.0015313176 -0.0016977652 -0.0019393138 15369 g
 -9.171588 1.2910733 3.34051 15373 a
 9.986854E-4 -6.3250074E-4 -3.4141724E-4 15568 g
 -9.144653 1.282095 3.3889925 15572 a
 9.986854E-4 -0.0022303974 -0.0014066817 15770 g
 -9.258977 1.2934675 3.3255463 15776 a
 0.0065913238 0.001498028 -8.7404944E-4 15974 g
 -9.108741 1.2551602 3.3848026 15978 a
 0.005792375 -0.0080893515 -0.0059340554 16169 g
 -9.141062 1.283292 3.390788 16173 a
 -0.0024634239 0.001498028 0.00258806 16369 g
 -9.152434 1.3018472 3.3901896 16373 a
 -5.9921126E-4 -0.003561978 7.238472E-4 16572 g
 -9.139266 1.2551602 3.352481 16576 a
 -0.0011318434 0.0017643442 7.238472E-4 16769 g
 -9.15842 1.2737153 3.3925838 16772 a
 -3.3289514E-4 0.0020306604 -7.510114E-5 16970 g
 -9.156026 1.276708 3.3464954 16974 a
 -8.6552737E-4 -0.001165133 -7.510114E-5 17172 g
 -9.153631 1.2946646 3.3877954 17176 a
 -3.3289514E-4 -8.9881686E-4 -6.077334E-4 17372 g
 -9.1255 1.283292 3.3602622 17375 a
 -3.3289514E-4 0.0020306604 -3.4141724E-4 17570 g
 -9.172187 1.2934675 3.3261447 17574 a
 0.002596582 0.016411731 -0.0016729978 17772 g
 -9.1272955 1.2641385 3.353678 17776 a
 -0.0011318434 -0.0064914552 -8.7404944E-4 17971 g
 -9.096769 1.2270284 3.4129345 17974 a
 -0.0019307918 -0.0070240875 4.5753107E-4 18171 g
 -9.150639 1.2892777 3.3925838 18175 a
 -6.657903E-5 0.0020306604 9.901633E-4 18373 g
 -9.167398 1.264737 3.3608606 18376 a
 0.0028628982 0.0033622407 -0.0030045784 18570 g
 -9.157822 1.2904748 3.3572693 18574 a
 -0.0032623722 -0.004627242 0.002854376 18774 g
 -9.130887 1.2785037 3.3794158 18786 a
 -0.0013981595 -6.3250074E-4 0.0015227955 18967 g
 -9.188946 1.3251907 3.3632548 18971 a
 -8.6552737E-4 -3.6618466E-4 0.0017891116 19166 g
 -9.132084 1.3132197 3.4237084 19173 a
 1.9973709E-4 0.001498028 4.5753107E-4 19366 g
 -9.138668 1.2797008 3.390788 19375 a
 -3.3289514E-4 -6.3250074E-4 -7.510114E-5 19567 g
 -9.1255 1.2970588 3.3973722 19571 a
 -8.6552737E-4 -0.001165133 -7.510114E-5 19768 g
 -9.118318 1.2916719 3.4183214 19770 a
 -8.6552737E-4 -6.3250074E-4 -6.077334E-4 19966 g
 -9.114726 1.2886791 3.3530796 19982 a
 -8.6552737E-4 -0.0043609263 4.5753107E-4 20170 g
 -9.154829 1.2934675 3.4003649 20173 a
 -0.0013981595 -0.0030293458 -3.4141724E-4 20367 g
 -9.128492 1.2910733 3.4129345 20371 a
 -0.0011318434 -0.0027630297 -0.0011403656 20567 g
 -9.086594 1.316811 3.4674027 20575 a
 -0.0014732607 -0.0022471752 -5.7444384E-4 20780 g
 -9.123704 1.2785037 3.3752258 20788 a
 0.0017225326 0.008938101 -4.181163E-5 20969 g
 -9.1033535 1.2743138 3.4159272 20972 a
 -0.0017395768 -0.0025134913 4.9082056E-4 21168 g
 -9.157223 1.3060371 3.3800142 21172 a
 3.9095205E-4 -1.1664646E-4 0.001556085 21369 g
 -9.118318 1.2725182 3.4290953 21373 a
 -6.743124E-4 -0.0022471752 0.0010234528 21572 g
 -9.096769 1.3144168 3.3650506 21581 a
 3.9095205E-4 0.006008624 0.001556085 21771 g
 -9.119514 1.3072342 3.3991678 21775 a
 -9.4062847E-4 6.823019E-4 2.2450447E-4 21971 g
 -9.133281 1.2779051 3.390788 21981 a
 9.235843E-4 1.4966965E-4 -0.0011070761 22170 g
 -9.11712 1.2988545 3.41892 22179 a
 -0.0014732607 -0.0033124397 2.2450447E-4 22370 g
 -9.133281 1.311424 3.4703953 22379 a
 -0.002538525 -0.004111388 0.0018224011 22573 g
 -9.136872 1.3210008 3.3979707 22577 a
 9.235843E-4 0.0030791468 -4.181163E-5 22770 g
 -9.111135 1.2904748 3.4141316 22774 a
 3.9095205E-4 4.1598576E-4 -0.0011070761 22973 g
 -9.136273 1.2773066 3.3782187 22977 a
 6.5726816E-4 1.4966965E-4 2.2450447E-4 23178 g
 -9.1272955 1.2629414 3.4386723 23182 a
 1.2463593E-4 1.4966965E-4 4.9082056E-4 23375 g
 -9.107543 1.2850877 3.3973722 23380 a
 3.9095205E-4 6.823019E-4 -4.181163E-5 23575 g
 -9.123704 1.2755109 3.3931823 23580 a
 -1.4168017E-4 6.823019E-4 -5.7444384E-4 23778 g
 -9.124901 1.2952632 3.4374752 23782 a
 6.5726816E-4 -9.1559475E-4 -4.181163E-5 23976 g
 -9.121908 1.2808979 3.4051533 23981 a
 -4.0799627E-4 -1.1664646E-4 4.9082056E-4 24176 g
 -9.123106 1.2844892 3.41892 24181 a
 1.2463593E-4 1.4966965E-4 0.0010234528 24379 g
 -9.117719 1.2970588 3.4302924 24383 a
 1.2463593E-4 0.0044107274 -4.181163E-5 24576 g
 -9.116522 1.2868834 3.4320881 24581 a
 -4.0799627E-4 1.4966965E-4 -3.0812772E-4 24776 g
 -9.103952 1.270124 3.4530375 24781 a
 3.9095205E-4 0.0014812502 2.2450447E-4 24980 g
 -9.102755 1.2946646 3.4159272 24990 a
 -4.0799627E-4 0.001214934 0.0026213494 25176 g
 -9.1350765 1.2886791 3.4129345 25181 a
 3.9095205E-4 0.0030791468 0.0010234528 25378 g
 -9.114726 1.2880806 3.46022 25382 a
 6.5726816E-4 -1.1664646E-4 -0.0013733922 25581 g
 -9.126697 1.2844892 3.4105403 25584 a
 1.2463593E-4 6.823019E-4 -5.7444384E-4 25777 g
 -9.159617 1.3299791 3.4368765 25781 a
 -4.0799627E-4 0.001214934 2.2450447E-4 25978 g
 -9.126697 1.2892777 3.4219127 25982 a
 -1.4168017E-4 0.0022801985 -4.181163E-5 26181 g
 -9.107543 1.3018472 3.4171243 26185 a
 6.5726816E-4 -3.8296255E-4 -5.7444384E-4 26379 g
 -9.139266 1.2964603 3.383007 26383 a
 -9.4062847E-4 0.0049433596 -3.0812772E-4 26579 g
 -9.15842 1.2797008 3.3925838 26583 a
 -1.4168017E-4 -0.0017145431 -3.0812772E-4 26781 g
 -9.124901 1.3072342 3.4183214 26785 a
 -6.743124E-4 0.0028128307 7.571367E-4 26981 g
 -9.090185 1.2401965 3.4105403 26984 a
 0.0031625037 0.00627494 -0.0029212213 27175 g
 -9.16261 1.2988545 3.389591 27180 a
 -0.0018975022 -0.001980859 0.0024051007 27383 g
 -9.122507 1.246182 3.4380736 27386 a
 -0.0016311861 -0.004377704 0.0010735203 27580 g
 -9.106346 1.3227965 3.4063504 27584 a
 -5.659217E-4 0.001214934 0.0013398363 27779 g
 -9.095572 1.2707225 3.417723 27783 a
 2.330266E-4 -0.0011819109 -0.0013233247 27979 g
 -9.131485 1.2946646 3.3967736 27980 a
 -2.9960563E-4 -6.492787E-4 -5.243764E-4 28180 g
 -9.156625 1.3018472 3.3865983 28184 a
 -2.9960563E-4 -0.0027798074 -0.0010570086 28381 g
 -9.123704 1.271321 3.378817 28384 a
 2.330266E-4 0.0017475663 8.255799E-6 28583 g
 -9.118318 1.292869 3.433884 28586 a
 -3.3289514E-5 -0.001980859 -0.0010570086 28780 g
 -9.122507 1.2880806 3.4165258 28784 a
 2.330266E-4 -0.0011819109 8.255799E-6 28981 g
 -9.119514 1.282095 3.3859997 28985 a
 -5.659217E-4 -0.001448227 -2.5806032E-4 29182 g
 -9.095572 1.283292 3.4524388 29185 a
 7.656588E-4 4.1598576E-4 8.072041E-4 29382 g
 -9.110536 1.287482 3.4045548 29385 a
 -2.9960563E-4 1.4966965E-4 5.40888E-4 29581 g
 -9.173384 1.2862848 3.3883939 29585 a
 -8.322378E-4 -0.001980859 2.745719E-4 29784 g
 -9.113529 1.3006501 3.3919852 29787 a
 -0.0018975022 -0.0027798074 0.0018724685 29973 g
 -9.163208 1.2719196 3.3877954 29975 a
 0.001298291 0.0020138824 0.0016061524 30173 g
 -9.091382 1.3156139 3.441665 30181 a
 -5.659217E-4 -3.8296255E-4 0.0010735203 30384 g
 -9.139865 1.2910733 3.445855 30388 a
 2.330266E-4 -1.1664646E-4 -5.243764E-4 30582 g
 -9.126099 1.2982559 3.4045548 30585 a
 -2.9960563E-4 -3.8296255E-4 -0.0010570086 30782 g
 -9.121908 1.3132197 3.4183214 30786 a
 2.330266E-4 9.48618E-4 -0.0013233247 30985 g
 -9.126697 1.283292 3.3967736 30992 a
 7.656588E-4 -3.8296255E-4 -0.001855957 31184 g
 -9.14226 1.2707225 3.4141316 31188 a
 -3.3289514E-5 -6.492787E-4 -0.0010570086 31383 g
 -9.141062 1.2862848 3.4261026 31386 a
 -3.3289514E-5 -0.0011819109 8.255799E-6 31586 g
 -9.109339 1.3078327 3.4183214 31590 a
 -3.3289514E-5 0.001214934 8.255799E-6 31783 g
 -9.118318 1.30484 3.406949 31787 a
 4.993427E-4 -0.0011819109 -0.0010570086 31983 g
 -9.156625 1.3036429 3.4165258 31987 a
 4.993427E-4 0.0030791468 8.255799E-6 32186 g
 -9.138668 1.3102269 3.4278982 32190 a
 -2.9960563E-4 -0.0017145431 8.255799E-6 32384 g
 -9.126697 1.2892777 3.402759 32388 a
 4.993427E-4 0.0020138824 8.072041E-4 32584 g
 -9.117719 1.276708 3.4249055 32588 a
 -8.322378E-4 9.48618E-4 8.072041E-4 32787 g
 -9.12131 1.2976574 3.4314895 32791 a
 -3.3289514E-5 -0.0017145431 5.40888E-4 32983 g
 -9.11712 1.2862848 3.4153287 32987 a
 -2.9960563E-4 -6.492787E-4 -5.243764E-4 33185 g
 -9.144653 1.3072342 3.4344823 33189 a
 7.656588E-4 6.823019E-4 -2.5806032E-4 33389 g
 -9.11712 1.3030443 3.4320881 33393 a
 -5.243764E-4 9.321064E-4 -7.408914E-4 33585 g
 -9.1255 1.2779051 3.442862 33590 a
 -0.0015896409 -0.0022636869 -2.082592E-4 33785 g
 -9.095572 1.2868834 3.4284968 33789 a
 -2.5806032E-4 -3.9947417E-4 -2.082592E-4 33989 g
 -9.074623 1.2545617 3.4512417 33992 a
 -0.0010570086 -0.0019973707 0.0011233214 34185 g
 -9.133281 1.3150153 3.425504 34190 a
 0.0013398363 0.0049268478 3.2437302E-4 34382 g
 -9.141661 1.287482 3.4302924 34386 a
 -7.906925E-4 -0.002796319 -2.082592E-4 34588 g
 -9.091382 1.292869 3.4111388 34592 a
 8.255799E-6 -1.3315806E-4 3.2437302E-4 34786 g
 -9.14226 1.3054385 3.435081 34790 a
 -5.243764E-4 0.0011984225 0.0021885857 34985 g
 -9.119514 1.2940661 3.4141316 34987 a
 -0.0013233247 1.3315806E-4 3.2437302E-4 35189 g
 -9.094974 1.2934675 3.4051533 35200 a
 2.745719E-4 3.9947417E-4 5.805691E-5 35387 g
 -9.1272955 1.2802993 3.4380736 35391 a
 5.40888E-4 1.3315806E-4 5.9068913E-4 35588 g
 -9.120711 1.3078327 3.4757824 35592 a
 -5.243764E-4 -0.0041278997 3.2437302E-4 35794 g
 -9.135675 1.287482 3.4302924 35799 a
 -2.5806032E-4 3.9947417E-4 5.9068913E-4 35994 g
 -9.103952 1.292869 3.4584243 35999 a
 8.255799E-6 -0.002530003 5.805691E-5 36188 g
 -9.132084 1.264737 3.4051533 36192 a
 5.40888E-4 6.657903E-4 -4.745753E-4 36391 g
 -9.109938 1.2988545 3.4183214 36395 a
 8.255799E-6 -3.9947417E-4 5.9068913E-4 36589 g
 -9.089587 1.2826935 3.4392707 36592 a
 -7.906925E-4 0.002796319 3.2437302E-4 36788 g
 -9.126697 1.2958617 3.4207156 36792 a
 8.255799E-6 -0.0022636869 -4.745753E-4 36992 g
 -9.123704 1.270124 3.3997664 36996 a
 -2.5806032E-4 3.9947417E-4 -2.082592E-4 37190 g
 -9.147048 1.2785037 3.4542346 37194 a
 8.255799E-6 3.9947417E-4 -2.082592E-4 37390 g
 -9.110536 1.2934675 3.4823663 37393 a
 8.255799E-6 0.0017310547 -2.082592E-4 37598 g
 -9.131485 1.3132197 3.4674027 37602 a
 8.255799E-6 6.657903E-4 5.9068913E-4 37790 g
 -9.114726 1.283292 3.447052 37793 a
 -5.243764E-4 -6.657903E-4 0.0011233214 37991 g
 -9.10455 1.299453 3.4434607 37995 a
 -2.5806032E-4 0.002530003 0.0011233214 38192 g
 -9.10455 1.292869 3.4320881 38195 a
 2.745719E-4 3.9947417E-4 3.2437302E-4 38389 g
 -9.167398 1.2838906 3.393781 38393 a
 0.0010735203 0.002530003 -0.0026051041 38591 g
 -9.058462 1.2437878 3.5452142 38594 a
 0.0048019458 -0.0014647386 -0.0081977425 38791 g
 -9.212888 1.3383588 3.3129766 38795 a
 0.0069324747 0.021438446 0.002721218 38989 g
 -9.114127 1.2802993 3.4326868 38993 a
 -0.004252802 -0.016911073 -0.0031377363 39192 g
 -9.144653 1.2773066 3.441665 39196 a
 2.745719E-4 -0.0038615835 -0.0034040525 39393 g
 -9.09258 1.2814964 3.4183214 39398 a
 8.072041E-4 0.0022636869 0.0013896375 39591 g
 -9.154829 1.3024458 3.4105403 39594 a
 0.0042693135 0.0030626352 -0.0026051041 39791 g
 -9.135675 1.2797008 3.3770216 39795 a
 -0.0034538535 -0.00545948 5.9068913E-4 39994 g
 -9.095572 1.2826935 3.4638114 40001 a
 -7.906925E-4 -0.0030626352 5.805691E-5 40210 g
 -9.09258 1.2443863 3.3997664 40224 a
 -2.5806032E-4 3.9947417E-4 0.0013896375 40392 g
 -9.156026 1.2515689 3.4123359 40396 a
 2.745719E-4 0.0038615835 8.5700525E-4 40593 g
 -9.114726 1.2898762 3.413533 40597 a
 2.745719E-4 -3.9947417E-4 3.2437302E-4 40795 g
 -9.13388 1.2808979 3.429694 40800 a
 8.255799E-6 1.3315806E-4 8.5700525E-4 40994 g
 -9.149442 1.3120226 3.4632127 41001 a
 -2.5806032E-4 -0.002796319 0.0016559536 41195 g
 -9.131485 1.2868834 3.448249 41200 a
 -7.906925E-4 1.3315806E-4 0.0021885857 41393 g
 -9.105747 1.2964603 3.4494462 41397 a
 2.745719E-4 1.3315806E-4 -4.745753E-4 41591 g
 -9.126697 1.2773066 3.4314895 41595 a
 -0.004519118 -0.0022636869 0.0024549018 41793 g
 -9.134478 1.3126211 3.4769795 41797 a
 -0.0063833306 -0.0022636869 0.004585431 41993 g
 -9.078215 1.3126211 3.4793737 42000 a
 5.40888E-4 0.0038615835 3.2437302E-4 42192 g
 -9.106945 1.2838906 3.4632127 42196 a
 8.072041E-4 -9.321064E-4 -0.0015398398 42393 g
 -9.113529 1.2689269 3.453636 42398 a
 -2.5806032E-4 1.3315806E-4 -7.408914E-4 42593 g
 -9.090185 1.2773066 3.4763808 42598 a
 -7.906925E-4 -0.002796319 5.805691E-5 42792 g
 -9.144653 1.3006501 3.4159272 42796 a
 -2.5806032E-4 0.0022636869 8.5700525E-4 42993 g
 -9.09617 1.2982559 3.4572272 43000 a
 -2.5806032E-4 3.9947417E-4 -7.408914E-4 43194 g
 -9.134478 1.2773066 3.4871547 43200 a
 -5.243764E-4 -3.9947417E-4 3.2437302E-4 43393 g
 -9.088988 1.2934675 3.448249 43398 a
 -0.0013233247 -0.0022636869 0.0019222697 43593 g
 -9.094974 1.3144168 3.425504 43598 a
 8.072041E-4 0.0011984225 0.0019222697 43792 g
 -9.117719 1.3078327 3.4207156 43796 a
 8.255799E-6 0.004660532 5.805691E-5 43994 g
 -9.102157 1.2964603 3.4464533 44001 a
 5.40888E-4 3.9947417E-4 -2.082592E-4 44198 g
 -9.115923 1.3126211 3.4811692 44202 a
 -5.243764E-4 -1.3315806E-4 5.805691E-5 44397 g
 -9.099164 1.3138182 3.4727895 44402 a
 5.40888E-4 -9.321064E-4 -4.745753E-4 44597 g
 -9.087193 1.2731167 3.4560301 44601 a
 5.40888E-4 0.0017310547 -0.0010072076 44797 g
 -9.128492 1.2749124 3.433884 44802 a
 2.745719E-4 -1.3315806E-4 -0.0012735237 44997 g
 -9.114127 1.2761095 3.426701 45006 a
 -2.5806032E-4 -3.9947417E-4 -4.745753E-4 45200 g
 -9.121908 1.3078327 3.465607 45203 a
 -2.5806032E-4 -9.321064E-4 -2.082592E-4 45400 g
 -9.106346 1.311424 3.447052 45411 a
 2.745719E-4 0.0019973707 3.2437302E-4 45598 g
 -9.099762 1.3030443 3.4638114 45602 a
 2.745719E-4 -3.9947417E-4 -7.408914E-4 45800 g
 -9.114726 1.2922704 3.429694 45806 a
 2.745719E-4 1.3315806E-4 -2.082592E-4 46008 g
 -9.09258 1.2946646 3.4614172 46012 a
 -2.5806032E-4 -3.9947417E-4 -2.082592E-4 46198 g
 -9.110536 1.2850877 3.433884 46202 a
 5.40888E-4 0.0011984225 8.5700525E-4 46400 g
 -9.108741 1.299453 3.4751837 46403 a
 3.6618466E-4 8.6552737E-4 -7.510114E-5 46601 g
 -9.088389 1.3000516 3.459023 46605 a
 9.986854E-5 5.9921126E-4 1.9121496E-4 46799 g
 -9.0842 1.3054385 3.4674027 46803 a
 3.6618466E-4 -1.9973709E-4 -7.510114E-5 47002 g
 -9.103952 1.2731167 3.4386723 47008 a
 6.3250074E-4 0.0011318434 7.238472E-4 47202 g
 -9.094974 1.2910733 3.4386723 47215 a
 3.6618466E-4 0.0019307918 1.9121496E-4 47391 g
 -9.108142 1.3162124 3.4410665 47392 a
 8.9881686E-4 3.3289514E-4 -8.7404944E-4 47594 g
 -9.094974 1.2791022 3.4374752 47597 a
 6.3250074E-4 -9.986854E-4 -0.0016729978 47802 g
 -9.105149 1.2641385 3.442862 47806 a
 8.9881686E-4 -4.660532E-4 -8.7404944E-4 47996 g
 -9.114726 1.2952632 3.4632127 48005 a
 -1.6644757E-4 0.0016644757 -3.4141724E-4 48197 g
 -9.1255 1.3180081 3.477578 48202 a
 9.986854E-5 -0.0012650015 -3.4141724E-4 48399 g
 -9.091981 1.3024458 3.4614172 48403 a
 6.3250074E-4 -9.986854E-4 -3.4141724E-4 48599 g
 -9.110536 1.3443443 3.4685998 48602 a
 -4.3276369E-4 -4.660532E-4 1.9121496E-4 48798 g
 -9.108142 1.283292 3.4524388 48802 a
 3.6618466E-4 0.002197108 1.9121496E-4 49007 g
 -9.113529 1.2964603 3.4560301 49011 a
 8.9881686E-4 -1.9973709E-4 -8.7404944E-4 49201 g
 -9.120711 1.2844892 3.4434607 49205 a
 9.986854E-5 -4.660532E-4 1.9121496E-4 49400 g
 -9.118916 1.3018472 3.46022 49404 a
 3.6618466E-4 -7.323693E-4 1.9121496E-4 49601 g
 -9.102755 1.30484 3.4392707 49605 a
 8.9881686E-4 0.002197108 4.5753107E-4 49803 g
 -9.083003 1.3084313 3.4392707 49807 a
 -1.6644757E-4 0.0019307918 7.238472E-4 50002 g
 -9.099164 1.2988545 3.4051533 50009 a
 9.986854E-5 -7.323693E-4 1.9121496E-4 50202 g
 -9.087791 1.2892777 3.4584243 50206 a
 -4.3276369E-4 3.3289514E-4 -6.077334E-4 50402 g
 -9.124303 1.2779051 3.4278982 50406 a
 3.6618466E-4 5.9921126E-4 -8.7404944E-4 50603 g
 -9.109339 1.2665327 3.4380736 50606 a
 -9.653959E-4 0.0016644757 -6.077334E-4 50808 g
 -9.108741 1.2910733 3.4446578 50812 a
 0.001165133 -0.0012650015 -8.7404944E-4 51010 g
 -9.106346 1.2755109 3.4129345 51015 a
 9.986854E-5 -4.660532E-4 -0.0011403656 51204 g
 -9.096769 1.3018472 3.4763808 51208 a
 9.986854E-5 -7.323693E-4 -7.510114E-5 51402 g
 -9.098565 1.2856863 3.454833 51406 a
 3.6618466E-4 0.0019307918 -7.510114E-5 51602 g
 -9.053075 1.2731167 3.4680011 51606 a
 6.3250074E-4 -0.002596582 -0.0011403656 51802 g
 -9.12131 1.2910733 3.4811692 51806 a
 0.0014314491 0.0059255334 -8.7404944E-4 52008 g
 -9.123704 1.2856863 3.5087025 52011 a
 -9.653959E-4 -0.0031292143 4.5753107E-4 52202 g
 -9.122507 1.264737 3.4733882 52205 a
 6.3250074E-4 6.657903E-5 7.238472E-4 52398 g
 -9.115324 1.2982559 3.4368765 52400 a
 -9.653959E-4 0.0011318434 1.9121496E-4 52603 g
 -9.109339 1.3096284 3.4733882 52606 a
 3.6618466E-4 -1.9973709E-4 7.238472E-4 52804 g
 -9.102157 1.2898762 3.457826 52808 a
 9.1346425E-5 -7.656588E-4 -6.743124E-4 53008 g
 -9.111733 1.3317747 3.4739866 53012 a
 -4.4128578E-4 5.659217E-4 -1.4168017E-4 53206 g
 -9.097368 1.2719196 3.448249 53210 a
 -4.4128578E-4 0.001098554 -4.0799627E-4 53403 g
 -9.113529 1.2982559 3.4530375 53407 a
 3.5766253E-4 -2.330266E-4 -6.743124E-4 53603 g
 -9.109339 1.2791022 3.4261026 53607 a
 -1.7496968E-4 -7.656588E-4 -4.0799627E-4 53804 g
 -9.098565 1.2970588 3.457826 53808 a
 0.0030208237 0.0024301345 -0.0030711573 54008 g
 -9.09617 1.2797008 3.4596214 54011 a
 -0.0012402341 -2.330266E-4 6.5726816E-4 54205 g
 -9.084799 1.2892777 3.4644098 54209 a
 -1.7496968E-4 2.9960563E-4 9.235843E-4 54403 g
 -9.087791 1.2695254 3.457826 54407 a
 -4.4128578E-4 -0.0010319749 3.9095205E-4 54602 g
 -9.113529 1.2551602 3.4644098 54606 a
 -1.7496968E-4 -2.330266E-4 3.9095205E-4 54803 g
 -9.11712 1.2922704 3.4344823 54806 a
 9.1346425E-5 0.001098554 0.0014562164 55006 g
 -9.106346 1.2904748 3.4913447 55010 a
 -1.7496968E-4 2.9960563E-4 9.235843E-4 55208 g
 -9.076419 1.3066356 3.430891 55211 a
 9.1346425E-5 3.3289514E-5 3.9095205E-4 55407 g
 -9.118916 1.271321 3.4087446 55420 a
 -7.076019E-4 -0.0010319749 -1.4168017E-4 55606 g
 -9.124303 1.299453 3.4566288 55612 a
 -1.7496968E-4 -0.0020972393 -9.4062847E-4 55805 g
 -9.102755 1.3126211 3.4662056 55809 a
 3.5766253E-4 0.001098554 -4.0799627E-4 56005 g
 -9.073426 1.2635399 3.4344823 56009 a
 6.239786E-4 -0.0010319749 -9.4062847E-4 56205 g
 -9.128492 1.3090298 3.484162 56209 a
 -9.73918E-4 -0.0018309233 -9.4062847E-4 56405 g
 -9.081805 1.3000516 3.4141316 56409 a
 -7.076019E-4 -2.330266E-4 -6.743124E-4 56605 g
 -9.102755 1.3072342 3.4626143 56609 a
 3.5766253E-4 3.3289514E-5 1.2463593E-4 56806 g
 -9.095572 1.2982559 3.465607 56810 a
 8.9029473E-4 3.3289514E-5 -6.743124E-4 57005 g
 -9.108142 1.2629414 3.494936 57009 a
 -4.4128578E-4 -2.330266E-4 -4.0799627E-4 57205 g
 -9.1033535 1.287482 3.4368765 57211 a
 -1.7496968E-4 -4.993427E-4 -1.4168017E-4 57406 g
 -9.107543 1.2934675 3.436278 57409 a
 6.239786E-4 -0.0010319749 6.5726816E-4 57605 g
 -9.109339 1.3215994 3.445855 57609 a
 9.1346425E-5 0.0021638183 0.0011899003 57805 g
 -9.126697 1.3000516 3.4344823 57809 a
 8.9029473E-4 -4.993427E-4 1.2463593E-4 58006 g
 -9.099762 1.3030443 3.4650085 58009 a
 -1.7496968E-4 -4.993427E-4 6.5726816E-4 58205 g
 -9.105149 1.2880806 3.4745853 58209 a
 -9.73918E-4 -7.656588E-4 -4.0799627E-4 58405 g
 -9.106945 1.3084313 3.4614172 58409 a
 -1.7496968E-4 0.0016311861 -1.4168017E-4 58606 g
 -9.082404 1.287482 3.4871547 58610 a
 -4.4128578E-4 -4.993427E-4 -1.4168017E-4 58806 g
 -9.088988 1.3335704 3.4680011 58810 a
 -1.7496968E-4 -0.0015646071 -9.4062847E-4 59005 g
 -9.115923 1.2808979 3.484162 59009 a
 -1.7496968E-4 -4.993427E-4 -6.743124E-4 59207 g
 -9.111733 1.3144168 3.4685998 59213 a
 -4.0799627E-4 -8.335694E-5 2.828277E-4 59405 g
 -9.099762 1.2964603 3.4919431 59409 a
 6.5726816E-4 0.0017808558 -2.4980452E-4 59606 g
 -9.094974 1.2940661 3.4386723 59609 a
 6.5726816E-4 -0.0011486213 -5.1612064E-4 59808 g
 -9.100361 1.2635399 3.46022 59812 a
 3.9095205E-4 -8.335694E-5 2.828277E-4 60139 g
