 -0.56746155 1.4219447 0.30319238 5 g
 -7.6704235 7.2394676 2.5797524 7 a
 -0.7424312 1.1979729 0.39320722 118 g
 -11.769896 15.625757 2.834735 121 a
 -0.3682571 0.7188703 0.0970637 317 g
 -2.9125464 7.9188223 1.6118963 321 a
 -0.4902299 0.57798904 0.12156478 514 g
 -7.4112515 4.633379 1.1390414 519 a
 -0.3299076 0.6584165 -0.7346415 714 g
 -7.5285673 7.3047094 4.4538136 719 a
 0.22988886 -0.4657038 -1.2715348 915 g
 -7.1544733 6.869563 1.1941081 921 a
 0.49940076 -1.2497385 -0.50214756 1114 g
 -7.339425 5.583877 2.5139117 1118 a
 0.3097837 -0.6105797 -0.78364366 1314 g
 -11.938088 3.567959 3.696049 1318 a
 -0.1677211 0.25414866 -1.5165455 1529 g
 -9.004593 -0.4973954 5.6006365 1533 a
 -1.2977003 -0.48301432 -0.5660634 1717 g
 -9.614515 0.90740246 3.828927 1721 a
 -0.8369735 -0.055576976 0.02169624 1917 g
 -8.028955 -2.1942859 5.2660465 1924 a
 -0.844164 -0.0923286 0.92450786 2115 g
 -9.607931 0.1376666 5.4462104 2119 a
 -0.14428528 -0.34106785 0.36231455 2315 g
 -7.2861543 0.6266823 6.4906807 2320 a
 0.081817105 -0.33574152 0.09067211 2515 g
 -8.110957 -0.18195933 5.2205567 2520 a
 -0.14162211 -0.045723278 0.19000801 2715 g
 -7.629722 0.5602432 6.1477113 2719 a
 0.009379121 -0.05504434 -0.021713285 2915 g
 -7.6045833 0.5943606 6.2650275 2918 a
 -0.047079895 -0.11283494 0.03607731 3116 g
 -7.349002 0.32920274 6.3763576 3120 a
 -0.031100927 -0.0361359 0.005184642 3316 g
 -7.429208 0.60094464 6.209362 3321 a
 -0.010860903 0.038965244 0.011309912 3516 g
 -7.6907744 0.48123455 6.1489086 3521 a
 0.01417281 0.026714701 -0.03502909 3716 g
 -7.2322845 0.45968673 6.3985043 3720 a
 -0.02204618 -0.053180132 0.028886776 3916 g
 -7.6267295 0.52732295 6.179435 3921 a
 0.015770707 0.027247334 -0.015321698 4118 g
 -7.615956 0.53450555 6.254852 4122 a
 0.0024549018 -0.0055095474 0.0049183257 4319 g
 -7.2227077 0.48003745 6.241684 4322 a
 -0.014589329 -0.012700083 0.005450958 4522 g
 -7.4908586 0.6123171 6.329671 4527 a
 0.0067159594 0.009936786 -0.0014732607 4720 g
 -7.515998 0.43035775 6.241085 4724 a
 -0.009529323 -0.008439025 0.0019888487 4920 g
 -7.4830775 0.46686932 6.279991 4924 a
 -0.009263007 -0.014564295 0.005184642 5119 g
 -7.451953 0.47046062 6.3177 5126 a
 -0.0028714202 -1.8322548E-4 -0.0017395768 5316 g
 -7.489063 0.43993455 6.301539 5327 a
 -0.009263007 -0.0033790187 -0.009995376 5520 g
 -7.482479 0.40043023 6.307524 5524 a
 -0.0060672136 -0.0036453349 -0.008131163 5725 g
 -7.405266 0.41000703 6.3422403 5729 a
 -0.0039366847 -0.004444283 -0.0020058928 5921 g
 -7.482479 0.37708676 6.3182983 5925 a
 -7.408914E-4 0.0032788839 -0.0062669506 6122 g
 -7.419631 0.42796355 6.321291 6126 a
 -0.0015398398 -0.0015148061 0.0019888487 6326 g
 -7.451354 0.41299978 6.3500214 6331 a
 0.0011233214 0.006208361 9.235843E-4 6524 g
 -7.487866 0.38965634 6.2728086 6528 a
 0.0013896375 0.0035452 0.0014562164 6722 g
 -7.493851 0.39983168 6.311714 6726 a
 0.0019222697 8.309063E-5 6.5726816E-4 6926 g
 -7.41604 0.34955344 6.3242836 6931 a
 -2.082592E-4 0.0035452 -0.0014732607 7124 g
 -7.5052238 0.38067806 6.2542534 7129 a
 0.005384379 0.008072574 -0.011326957 7324 g
 -7.417835 0.33518824 6.306926 7329 a
 -0.010594588 -0.005775864 0.007315171 7527 g
 -7.4788876 0.3788824 6.2632318 7531 a
 0.0011233214 -0.0047105993 -0.0012069446 7724 g
 -7.521983 0.36391866 6.2847795 7729 a
 5.805691E-5 0.009936786 -0.005201686 7924 g
 -7.436989 0.43035775 6.2913637 7929 a
 -7.408914E-4 -0.0073737605 0.002787797 8128 g
 -7.466318 0.35673606 6.3685765 8132 a
 -7.408914E-4 0.0019473034 0.0019888487 8323 g
 -7.5806413 0.39384618 6.22672 8328 a
 0.0043191146 0.011801 0.0022551648 8523 g
 -7.413047 0.3274071 6.3751607 8528 a
 -0.0058008973 -0.011102186 0.008380435 8728 g
 -7.53156 0.39504328 6.2482677 8732 a
 0.004851747 0.01446416 3.9095205E-4 8925 g
 -7.498041 0.38606504 6.290765 8930 a
 0.005384379 0.010203103 -0.00839748 9125 g
 -7.5016327 0.41000703 6.2763996 9130 a
 -0.0034040525 -1.8322548E-4 9.235843E-4 9329 g
 -7.4351935 0.3866636 6.291962 9333 a
 -0.0060672136 -0.008971657 0.0035867454 9522 g
 -7.5351515 0.4261679 6.2345014 9527 a
 -0.0015398398 -7.158577E-4 -0.0033374734 9726 g
 -7.4256167 0.39384618 6.338649 9731 a
 -0.0034040525 -0.012433766 0.005450958 9928 g
 -7.513005 0.41479546 6.260239 9932 a
 0.002987534 0.0051430967 1.2463593E-4 10126 g
 -7.466318 0.39624038 6.2991447 10139 a
 5.805691E-5 -0.0020474382 0.0014562164 10322 g
 -7.4746976 0.3716998 6.239888 10330 a
 8.5700525E-4 0.0024799355 3.9095205E-4 10530 g
 -7.451354 0.40940848 6.273407 10533 a
 3.2437302E-4 -7.158577E-4 0.0014562164 10727 g
 -7.479486 0.39145198 6.2763996 10731 a
 3.2437302E-4 0.0032788839 3.9095205E-4 10928 g
 -7.4046674 0.19512744 6.3079734 10931 a
 5.805691E-5 -0.0031127026 -6.743124E-4 11131 g
 -7.4136457 0.15622166 6.329521 11135 a
 3.2437302E-4 -1.8322548E-4 -6.743124E-4 11329 g
 -7.433996 0.16400282 6.349273 11332 a
 -4.745753E-4 0.0016809873 0.0011899003 11529 g
 -7.429208 0.18195933 6.297798 11533 a
 -2.082592E-4 3.4940674E-4 1.2463593E-4 11729 g
 -7.4208283 0.17178397 6.35885 11733 a
 -2.082592E-4 -0.00124849 -1.4168017E-4 11929 g
 -7.4322004 0.16819267 6.337302 11933 a
 5.9068913E-4 0.0019473034 -9.4062847E-4 12130 g
 -7.4268136 0.2208651 6.3265285 12133 a
 -0.0015398398 6.1572285E-4 0.0035867454 12332 g
 -7.4046674 0.19752164 6.3181486 12336 a
 3.2437302E-4 0.0027462516 0.0022551648 12530 g
 -7.442376 0.1340753 6.320543 12534 a
 -7.408914E-4 0.0030125678 -9.4062847E-4 12730 g
 -7.41604 0.16879122 6.282834 12734 a
 -0.0010072076 -0.0025800704 -4.0799627E-4 12931 g
 -7.430405 0.17776948 6.3480763 12934 a
 -7.408914E-4 -0.00124849 3.9095205E-4 13129 g
 -7.3831196 0.17776948 6.334908 13133 a
 -0.0010072076 -1.8322548E-4 1.2463593E-4 13331 g
 -7.4495587 0.18375498 6.3277254 13334 a
 -0.0010072076 -0.0017811222 1.2463593E-4 13531 g
 -7.382521 0.18555063 6.316353 13535 a
 5.805691E-5 -9.821738E-4 6.5726816E-4 13738 g
 -7.4363904 0.17597382 6.289418 13743 a
 -0.0010072076 0.0022136194 -0.002272209 13929 g
 -7.3926964 0.16938977 6.357054 13933 a
 -4.745753E-4 -0.0031127026 -0.0014732607 14129 g
 -7.4884644 0.18974048 6.2900167 14133 a
 0.005650695 0.0054094126 -0.0014732607 14330 g
 -7.375937 0.108936176 6.364237 14333 a
 -0.0063335295 -0.012700083 0.010244648 14529 g
 -7.3591776 0.17597382 6.3379006 14533 a
 0.0032538502 0.009936786 -0.0033374734 14730 g
 -7.5124063 0.19931729 6.2499137 14734 a
 0.0035201663 0.003811516 -0.0036037895 14930 g
 -7.417237 0.23762453 6.3037834 14934 a
 3.2437302E-4 0.0016809873 0.0065162224 15132 g
 -7.4327993 0.18136078 6.346879 15144 a
 5.805691E-5 0.004077832 0.0062499065 15331 g
 -7.429806 0.20231004 6.3049808 15334 a
 0.002721218 0.0094041545 0.0067825387 15531 g
 -7.457938 0.2136825 6.260688 15534 a
 0.0021885857 0.004077832 6.5726816E-4 15731 g
 -7.465719 0.18375498 6.337302 15735 a
 -0.0018061559 -0.004177967 -0.00972906 15931 g
 -7.453748 0.18555063 6.3091702 15935 a
 -0.0010072076 -0.004444283 -0.002538525 16135 g
 -7.442376 0.1412579 6.316353 16139 a
 -4.745753E-4 -9.821738E-4 -0.0014732607 16330 g
 -7.4645224 0.17896658 6.2930098 16334 a
 -0.0015398398 8.309063E-5 -0.0030711573 16532 g
 -7.40347 0.15023616 6.3420906 16536 a
 -0.002338788 -0.006841128 6.5726816E-4 16732 g
 -7.433398 0.15981296 6.3379006 16736 a
 -0.0010072076 0.0011483551 -6.743124E-4 16932 g
 -7.4585366 0.15442601 6.331317 16936 a
 5.805691E-5 8.8203896E-4 -6.743124E-4 17133 g
 -7.413047 0.14784196 6.3277254 17136 a
 3.2437302E-4 -9.821738E-4 -4.0799627E-4 17333 g
 -7.417985 0.16534956 6.3334117 17336 a
 -2.082592E-4 8.309063E-5 3.9095205E-4 17533 g
 -7.464672 0.16534956 6.315455 17536 a
 -0.0010072076 0.0014146712 3.9095205E-4 17733 g
 -7.4826283 0.16594811 6.2897177 17737 a
 8.5700525E-4 -0.0023137543 -0.0012069446 17933 g
 -7.4634748 0.14380173 6.3016887 17936 a
 -0.0026051041 -0.0025800704 0.0022551648 18133 g
 -7.462278 0.17911622 6.2789435 18136 a
 0.0011233214 0.005675729 0.00598359 18333 g
 -7.426365 0.17133506 6.3405943 18337 a
 -4.745753E-4 0.0035452 0.0019888487 18533 g
 -7.4574895 0.19647418 6.3250318 18536 a
 5.805691E-5 0.0014146712 -0.0030711573 18733 g
 -7.396437 0.17492636 6.3411927 18736 a
 0.002987534 0.0022136194 0.0033204292 18933 g
 -7.4209776 0.15577275 6.3112655 18937 a
 5.805691E-5 0.0024799355 6.5726816E-4 19133 g
 -7.4227734 0.16115971 6.344186 19136 a
 -0.0010072076 0.0011483551 6.5726816E-4 19333 g
 -7.4532995 0.18809447 6.317849 19336 a
 5.805691E-5 -4.4954158E-4 3.9095205E-4 19532 g
 -7.478439 0.18210897 6.2909145 19536 a
 -0.0018061559 -1.8322548E-4 -1.4168017E-4 19733 g
 -7.36232 0.1719336 6.3334117 19736 a
 -0.0036703686 -0.006308496 -0.0020058928 19933 g
 -7.3587284 0.16654666 6.3884783 19936 a
 -0.0028714202 -0.0017811222 0.0030541131 20133 g
 -7.508366 0.16175826 6.2867246 20137 a
 0.0011233214 0.008871522 -9.4062847E-4 20333 g
 -7.4521027 0.18151042 6.3082724 20336 a
 -0.002338788 -0.005775864 0.0017225326 20533 g
 -7.406014 0.16295536 6.3244333 20536 a
 -0.002338788 6.1572285E-4 6.5726816E-4 20735 g
 -7.440131 0.16175826 6.3346086 20744 a
 5.805691E-5 -4.4954158E-4 -6.743124E-4 20933 g
 -7.4293575 0.14260463 6.345981 20937 a
 5.9068913E-4 -0.0028463865 -9.4062847E-4 21133 g
 -7.441927 0.17971477 6.303484 21137 a
 0.0013896375 0.0067409934 0.0049183257 21334 g
 -7.416189 0.15936404 6.3777046 21337 a
 8.5700525E-4 0.0022136194 -0.0014732607 21533 g
 -7.4694605 0.16235681 6.311864 21537 a
 -0.0012735237 8.8203896E-4 0.0017225326 21734 g
 -7.43654 0.16654666 6.315455 21737 a
 -0.0031377363 -0.0052432315 9.235843E-4 21935 g
 -7.404817 0.1575684 6.3513684 21939 a
 0.0011899003 -0.0014564828 -0.003911651 22134 g
 -7.4173865 0.16594811 6.357952 22138 a
 0.0011899003 -9.238506E-4 -0.0017811222 22334 g
 -7.4131966 0.20305823 6.34239 22338 a
 1.2463593E-4 -0.004119644 0.0035452 22534 g
 -7.416788 0.15218145 6.3190465 22538 a
 0.0017225326 0.0033372073 6.1572285E-4 22734 g
 -7.4000287 0.15218145 6.344186 22738 a
 -9.4062847E-4 9.4036217E-4 0.003811516 22934 g
 -7.4317517 0.17133506 6.30109 22938 a
 9.235843E-4 0.00520142 8.8203896E-4 23139 g
 -7.4131966 0.13422494 6.3088713 23143 a
 1.2463593E-4 -0.0017227989 -0.0015148061 23336 g
 -7.416189 0.15457565 6.354361 23341 a
 -4.0799627E-4 -0.0022554311 -1.8322548E-4 23539 g
 -7.4449196 0.17492636 6.3256307 23543 a
 0.0033204292 0.007598265 0.003811516 23742 g
 -7.4112515 0.1707365 6.363938 23745 a
 -4.0799627E-4 -0.0057175406 3.4940674E-4 23939 g
 -7.4166384 0.16475101 6.2986956 23943 a
 0.0011899003 0.002804575 -9.821738E-4 24139 g
 -7.4256167 0.1683423 6.310068 24143 a
 0.0017225326 0.0014729943 6.1572285E-4 24342 g
 -7.439383 0.1683423 6.3310175 24345 a
 -1.4168017E-4 -6.5753446E-4 -1.8322548E-4 24539 g
 -7.4046674 0.19826983 6.3352075 24543 a
 -0.0017395768 -0.001989115 0.0022136194 24738 g
 -7.41604 0.1575684 6.3382 24743 a
 -9.4062847E-4 -9.238506E-4 0.0014146712 24942 g
 -7.4124484 0.16475101 6.347777 24945 a
 0.0014562164 0.0014729943 0.0014146712 25140 g
 -7.41604 0.16115971 6.3328133 25154 a
 0.0014562164 0.0022719428 0.0011483551 25340 g
 -7.4669166 0.1719336 6.3387985 25344 a
 0.0017225326 0.0041361554 0.0027462516 25545 g
 -7.4256167 0.19407998 6.3453827 25549 a
 0.0019888487 0.0017393104 8.8203896E-4 25743 g
 -7.427412 0.18330607 6.3004913 25747 a
 9.235843E-4 -0.0011901667 -0.0025800704 25944 g
 -7.4226236 0.18989012 6.32982 25948 a
 -6.743124E-4 -0.0022554311 -1.8322548E-4 26145 g
 -7.433398 0.14200608 6.3405943 26149 a
 -6.743124E-4 -1.2490226E-4 -4.4954158E-4 26343 g
 -7.4483614 0.15218145 6.302287 26347 a
 0.0014562164 0.00520142 0.0019473034 26538 g
 -7.442376 0.16654666 6.315455 26543 a
 -6.743124E-4 -0.0014564828 3.4940674E-4 26746 g
 -7.4202294 0.1575684 6.3232365 26750 a
 -4.0799627E-4 -1.2490226E-4 -9.821738E-4 26943 g
 -7.4106526 0.18031332 6.323835 26947 a
 3.9095205E-4 4.0772997E-4 -7.158577E-4 27143 g
 -7.4441714 0.1707365 6.3070755 27147 a
 0.0094457 0.008929845 -0.010036921 27346 g
 -7.4190326 0.18450317 6.2897177 27350 a
 -1.4168017E-4 -0.0017227989 0.003811516 27544 g
 -7.479486 0.22101474 6.271761 27548 a
 6.5726816E-4 0.0033372073 0.0030125678 27744 g
 -7.41185 0.1563713 6.307674 27748 a
 3.9095205E-4 6.7404605E-4 0.0016809873 27947 g
 -7.4471645 0.16475101 6.305878 27951 a
 6.5726816E-4 0.0014729943 0.0030125678 28144 g
 -7.451953 0.1707365 6.3016887 28148 a
 6.5726816E-4 9.4036217E-4 0.0014146712 28346 g
 -7.429806 0.1587655 6.3483753 28350 a
 -1.4168017E-4 -9.1559475E-4 -0.001989115 28545 g
 -7.4286094 0.19407998 6.328025 28549 a
 -1.4168017E-4 -0.0011819109 -0.0027880634 28745 g
 -7.3897038 0.15816694 6.3232365 28749 a
 -6.743124E-4 -0.001980859 -0.0025217473 28945 g
 -7.447763 0.16594811 6.2986956 28949 a
 3.9095205E-4 1.4966965E-4 -0.0022554311 29146 g
 -7.445967 0.12823942 6.316054 29150 a
 -4.0799627E-4 -1.1664646E-4 -3.9121837E-4 29346 g
 -7.436989 0.18989012 6.2969003 29349 a
 -0.0012069446 -0.0035787558 0.0020056267 29542 g
 -7.433398 0.21921909 6.327426 29546 a
 1.2463593E-4 -1.1664646E-4 -0.001989115 29747 g
 -7.4136457 0.1455974 6.3214407 29751 a
 -1.4168017E-4 6.823019E-4 9.4036217E-4 29946 g
 -7.433996 0.18151042 6.311864 29950 a
 -1.4168017E-4 0.0014812502 -9.238506E-4 30147 g
 -7.4362407 0.16175826 6.331167 30159 a
 -6.743124E-4 -9.1559475E-4 0.002804575 30347 g
 -7.4847236 0.16355391 6.3156047 30353 a
 0.0014562164 0.0044107274 0.0022719428 30547 g
 -7.450606 0.20126258 6.346131 30551 a
 1.2463593E-4 -0.0017145431 0.0022719428 30750 g
 -7.4446206 0.19288288 6.3108163 30753 a
 0.0011899003 0.0044107274 -9.238506E-4 30947 g
 -7.4434233 0.19647418 6.3335614 30951 a
 -0.0012069446 -0.0022471752 -1.2490226E-4 31148 g
 -7.427263 0.17672202 6.3138094 31151 a
 -6.743124E-4 -0.0035787558 -0.0035870117 31346 g
 -7.435044 0.17732057 6.3335614 31349 a
 -0.0017395768 -0.0027798074 -9.238506E-4 31545 g
 -7.451803 0.14080898 6.3239846 31549 a
 -0.0020058928 -0.0033124397 -0.0025217473 31744 g
 -7.403919 0.16654666 6.3616934 31748 a
 -0.0020058928 -0.0049103363 -6.5753446E-4 31946 g
 -7.4482117 0.1755249 6.355109 31950 a
 3.9095205E-4 6.823019E-4 -6.5753446E-4 32147 g
 -7.429058 0.1731307 6.335357 32151 a
 -4.0799627E-4 4.1598576E-4 1.4141385E-4 32347 g
 -7.418883 0.15816694 6.33416 32353 a
 -6.743124E-4 -6.492787E-4 -6.5753446E-4 32547 g
 -7.4338465 0.16594811 6.335357 32551 a
 -1.4168017E-4 -6.492787E-4 1.4141385E-4 32747 g
 -7.3901525 0.16534956 6.3251815 32751 a
 -1.4168017E-4 -0.001448227 1.4141385E-4 32947 g
 -7.4380364 0.1587655 6.324583 32951 a
 9.235843E-4 0.004144411 0.0012066783 33147 g
 -7.433248 0.14739305 6.344934 33151 a
 -0.0014732607 -0.001448227 -1.2490226E-4 33349 g
 -7.417087 0.16295536 6.3138094 33352 a
 -4.0799627E-4 1.4966965E-4 9.4036217E-4 33548 g
 -7.4362407 0.1707365 6.32997 33551 a
 1.2463593E-4 0.0014812502 0.0012066783 33748 g
 -7.453 0.18151042 6.3132105 33752 a
 -0.0014732607 1.4966965E-4 1.4141385E-4 33946 g
 -7.4344454 0.15337855 6.306028 33950 a
 -4.0799627E-4 -0.001448227 -0.0025217473 34148 g
 -7.3979335 0.14739305 6.3467293 34152 a
 0.0014562164 1.4966965E-4 -6.5753446E-4 34349 g
 -7.4380364 0.15577275 6.3455324 34352 a
 -0.0020058928 -0.0046440205 9.4036217E-4 34549 g
 -7.432051 0.17791912 6.353912 34553 a
 -9.4062847E-4 -9.1559475E-4 4.0772997E-4 34750 g
 -7.417686 0.16235681 6.314408 34754 a
 -5.326322E-4 -0.0016146746 -8.5727155E-4 34949 g
 -7.432051 0.16534956 6.3138094 34953 a
 5.326322E-4 -5.494101E-4 2.0799288E-4 35150 g
 -7.427861 0.17013796 6.316802 35162 a
 -2.663161E-4 -2.8309404E-4 -8.5727155E-4 35349 g
 -7.451803 0.20485388 6.3251815 35353 a
 0.0029294773 0.0058421763 -0.0027214843 35549 g
 -7.41589 0.15337855 6.3293715 35553 a
 -5.326322E-4 -1.6777914E-5 7.406251E-4 35750 g
 -7.429657 0.15577275 6.318598 35753 a
 5.326322E-4 0.0013148027 0.0023385216 35949 g
 -7.4422264 0.16774376 6.289867 35953 a
 0.0013315806 0.0013148027 -5.9095543E-4 36151 g
 -7.4524016 0.15696985 6.336554 36154 a
 0.009054747 0.010902182 -0.0061835935 36352 g
 -7.423073 0.19288288 6.3120136 36356 a
 -0.0010652645 -0.0016146746 0.005001683 36549 g
 -7.4479127 0.17791912 6.270863 36553 a
 7.9894834E-4 0.0042442796 0.00313747 36749 g
 -7.4509053 0.14440028 6.298995 36753 a
 -0.0010652645 -8.1572623E-4 -5.9095543E-4 36950 g
 -7.456891 0.17013796 6.307375 36953 a
 -5.326322E-4 -1.6777914E-5 -5.832323E-5 37149 g
 -7.4592853 0.13661914 6.293608 37153 a
 -0.0013315806 -0.002946255 -0.0013899037 37354 g
 -7.4574895 0.1683423 6.2960024 37359 a
 0.0 -0.0013483585 -8.5727155E-4 37550 g
 -7.4329486 0.1563713 6.3019876 37553 a
 -2.663161E-4 -1.6777914E-5 -5.9095543E-4 37749 g
 -7.4491096 0.1695394 6.328324 37753 a
 2.663161E-4 -1.6777914E-5 -5.9095543E-4 37949 g
 -7.4628763 0.15816694 6.324733 37953 a
 0.0 -8.1572623E-4 2.0799288E-4 38150 g
 -7.441927 0.18031332 6.322937 38153 a
 -0.0015978967 -0.0013483585 2.0799288E-4 38356 g
 -7.4550953 0.18510172 6.307375 38361 a
 -5.326322E-4 0.0010484866 -3.2463935E-4 38552 g
 -7.4311533 0.17253216 6.3480763 38555 a
 -0.002130529 -0.002946255 4.74309E-4 38756 g
 -7.4473143 0.13242929 6.344485 38761 a
 -0.0010652645 -0.0013483585 0.0012732573 38960 g
 -7.4209776 0.17612346 6.3600473 38963 a
 -0.002130529 -0.002946255 0.00313747 39154 g
 -7.4054155 0.1719336 6.3115644 39158 a
 -0.0026631611 -1.6777914E-5 0.0018058895 39359 g
 -7.4054155 0.1599626 6.3648357 39363 a
 -0.0031957934 -0.0037452034 0.0018058895 39554 g
 -7.400627 0.1539771 6.375011 39558 a
 -2.663161E-4 -0.0013483585 0.0015395734 39754 g
 -7.43654 0.16475101 6.365434 39758 a
 2.663161E-4 0.0039779637 0.0023385216 39956 g
 -7.4269633 0.1575684 6.3103676 39960 a
 0.0018642128 0.004510596 0.0023385216 40154 g
 -7.414394 0.15816694 6.3319154 40158 a
 -5.326322E-4 0.0015811187 0.0023385216 40355 g
 -7.4413285 0.18869302 6.319346 40364 a
 5.326322E-4 0.0029126992 7.406251E-4 40558 g
 -7.4467154 0.17133506 6.333711 40562 a
 -5.326322E-4 -0.0013483585 -0.0024551682 40755 g
 -7.4754457 0.1575684 6.357653 40764 a
 -5.326322E-4 -0.0013483585 -5.9095543E-4 40960 g
 -7.4431243 0.14380173 6.365434 40964 a
 -0.0013315806 -0.0013483585 -0.0011235876 41162 g
 -7.446117 0.16295536 6.3091702 41165 a
 6.5726816E-4 2.0799288E-4 -0.001165133 41358 g
 -7.4030213 0.17732057 6.345682 41362 a
 -9.4062847E-4 -0.0024551682 -9.986854E-5 41558 g
 -7.4119997 0.1731307 6.3408937 41562 a
 3.9095205E-4 2.0799288E-4 6.9907977E-4 41761 g
 -7.4066124 0.16894086 6.336704 41764 a
 -1.4168017E-4 -8.5727155E-4 -8.9881686E-4 41959 g
 -7.412598 0.1683423 6.3361053 41962 a
 1.2463593E-4 -5.9095543E-4 -8.9881686E-4 42159 g
 -7.4269633 0.14080898 6.307375 42162 a
 -1.4168017E-4 -8.5727155E-4 1.6644757E-4 42361 g
 -7.448511 0.16594811 6.31755 42366 a
 0.0011899003 0.0010069412 -9.986854E-5 42557 g
 -7.4311533 0.14320318 6.336704 42561 a
 3.9095205E-4 2.0799288E-4 4.3276369E-4 42759 g
 -7.4706573 0.1539771 6.345682 42763 a
 0.0011899003 0.0015395734 0.001498028 42962 g
 -7.4764934 0.17911622 6.2942066 42966 a
 6.5726816E-4 0.0026048378 0.0017643442 43159 g
 -7.4208283 0.15577275 6.315156 43163 a
 0.0014562164 0.0026048378 0.0012317119 43360 g
 -7.4375877 0.17013796 6.310966 43363 a
 9.235843E-4 0.0015395734 9.653959E-4 43562 g
 -7.439982 0.15696985 6.3498716 43566 a
 3.9095205E-4 -5.832323E-5 -0.0014314491 43760 g
 -7.4375877 0.19407998 6.3331122 43764 a
 -9.4062847E-4 -0.005118329 -0.001165133 43960 g
 -7.398083 0.14978725 6.3516674 43964 a
 -0.0012069446 -0.002188852 -6.3250074E-4 44164 g
 -7.441777 0.1551742 6.3301196 44167 a
 -1.4168017E-4 7.406251E-4 -0.0014314491 44361 g
 -7.405266 0.16654666 6.3504705 44364 a
 -6.743124E-4 -0.0040530646 -8.9881686E-4 44561 g
 -7.4322004 0.1707365 6.3504705 44565 a
 9.235843E-4 0.0026048378 -0.0022303974 44763 g
 -7.426215 0.16056114 6.3528647 44767 a
 -4.0799627E-4 -5.832323E-5 0.0012317119 44961 g
 -7.427412 0.12943652 6.332514 44965 a
 -9.4062847E-4 -3.2463935E-4 -9.986854E-5 45162 g
 -7.4148426 0.17253216 6.330718 45172 a
 0.0014562164 -3.2463935E-4 4.3276369E-4 45364 g
 -7.3950906 0.1683423 6.3839893 45370 a
 3.9095205E-4 -0.0013899037 -3.6618466E-4 45561 g
 -7.4615297 0.14440028 6.316353 45564 a
 9.235843E-4 7.406251E-4 -6.3250074E-4 45760 g
 -7.4471645 0.18031332 6.3265285 45764 a
 9.235843E-4 0.0020722055 0.0012317119 45964 g
 -7.4351935 0.17492636 6.339098 45971 a
 9.235843E-4 0.0012732573 0.001498028 46162 g
 -7.4232225 0.16056114 6.300791 46166 a
 9.235843E-4 0.0015395734 0.001498028 46363 g
 -7.4070616 0.18450317 6.3181486 46366 a
 1.2463593E-4 0.0015395734 0.001498028 46563 g
 -7.392098 0.16295536 6.3301196 46567 a
 -4.0799627E-4 0.0028711539 6.9907977E-4 46763 g
 -7.433996 0.1707365 6.342689 46766 a
 6.5726816E-4 0.0010069412 -0.0019640813 46963 g
 -7.3753386 0.1719336 6.369624 46967 a
 -0.0014732607 -0.006982542 -8.9881686E-4 47164 g
 -7.40347 0.18929157 6.3277254 47167 a
 -1.4168017E-4 -5.9095543E-4 -8.9881686E-4 47364 g
 -7.415441 0.16355391 6.3462806 47367 a
 -4.0799627E-4 -5.9095543E-4 -6.3250074E-4 47565 g
 -7.436989 0.16235681 6.3289227 47569 a
 -3.4967304E-4 -7.906925E-4 -5.8269966E-4 47764 g
 -7.4016747 0.15337855 6.349273 47768 a
 -8.335694E-5 -0.001855957 -3.1638352E-4 47964 g
 -7.419631 0.16235681 6.3528647 47968 a
 -8.335694E-5 0.0010735203 -0.0011153319 48164 g
 -7.385514 0.16115971 6.3343096 48168 a
 -0.0019475697 5.40888E-4 0.0028794098 48365 g
 -7.433398 0.1455974 6.3235354 48369 a
 1.8295916E-4 0.0013398363 -0.0021805963 48563 g
 -7.422025 0.16594811 6.333711 48566 a
 7.1559136E-4 5.40888E-4 2.1624868E-4 48763 g
 -7.4004774 0.18390462 6.3480763 48766 a
 4.4927528E-4 0.0013398363 0.0015478292 48964 g
 -7.439383 0.16774376 6.3019876 48968 a
 0.0012482236 0.003204049 0.0020804615 49163 g
 -7.4256167 0.16415246 6.307375 49167 a
 7.1559136E-4 0.0013398363 0.0012815131 49364 g
 -7.4534492 0.1702876 6.3003416 49367 a
 -8.335694E-5 5.40888E-4 4.825648E-4 49563 g
 -7.4378867 0.17627311 6.3087215 49567 a
 -8.8230526E-4 -0.001855957 -0.0019142802 49764 g
 -7.4253173 0.17567454 6.331466 49768 a
 -6.1598915E-4 -0.0010570086 -5.8269966E-4 49964 g
 -7.4325 0.12898761 6.311714 49968 a
 -8.8230526E-4 -0.001855957 -0.0019142802 50165 g
 -7.452252 0.17627311 6.3524156 50168 a
 -8.335694E-5 8.072041E-4 -5.8269966E-4 50364 g
 -7.445668 0.17088614 6.3548098 50371 a
 -6.1598915E-4 -0.0013233247 4.825648E-4 50580 g
 -7.4450693 0.15412673 6.326678 50584 a
 -8.335694E-5 0.0013398363 -5.006743E-5 50765 g
 -7.4396825 0.1822586 6.296152 50766 a
 -3.4967304E-4 -7.906925E-4 -5.006743E-5 50965 g
 -7.4342957 0.15352818 6.338649 50971 a
 -8.335694E-5 -0.0013233247 4.825648E-4 51165 g
 -7.4049664 0.1654992 6.349423 51169 a
 -8.335694E-5 -2.5806032E-4 -5.006743E-5 51366 g
 -7.431303 0.14754269 6.3589997 51370 a
 1.8295916E-4 2.745719E-4 0.0020804615 51566 g
 -7.4372883 0.15891513 6.3272767 51570 a
 9.819075E-4 0.0018724685 0.0018141454 51766 g
 -7.4055653 0.18525136 6.339846 51770 a
 -3.4967304E-4 0.0010735203 0.0026130937 51966 g
 -7.428909 0.16968904 6.3458314 51970 a
 0.0012482236 0.0024051007 -5.006743E-5 52165 g
 -7.439084 0.15711948 6.306926 52169 a
 4.4927528E-4 -2.5806032E-4 -5.8269966E-4 52366 g
 -7.4223247 0.1774702 6.295553 52370 a
 -3.4967304E-4 -2.5806032E-4 -0.0011153319 52567 g
 -7.408558 0.13317747 6.335656 52571 a
 -0.0014149374 -0.0031875374 -0.0021805963 52766 g
 -7.4372883 0.17088614 6.3482256 52770 a
 1.8295916E-4 -0.0010570086 2.1624868E-4 52966 g
 -7.3852143 0.14933833 6.3589997 52970 a
 -0.0011486213 -0.002122273 -5.8269966E-4 53167 g
 -7.448661 0.14873978 6.3141084 53171 a
 -3.4967304E-4 8.072041E-4 -3.1638352E-4 53366 g
 -7.42831 0.17447744 6.3099184 53370 a
 -6.1598915E-4 -7.906925E-4 -5.006743E-5 53566 g
 -7.4342957 0.15173253 6.319495 53570 a
 -3.4967304E-4 -2.5806032E-4 -3.1638352E-4 53767 g
 -7.4265146 0.14634559 6.3368535 53771 a
 -8.335694E-5 5.40888E-4 2.1624868E-4 53968 g
 -7.430704 0.12958616 6.305729 53971 a
 5.805691E-5 0.0010735203 -6.4102287E-4 54166 g
 -7.4301057 0.17926586 6.3512187 54171 a
 8.5700525E-4 8.072041E-4 6.9055764E-4 54367 g
 -7.4223247 0.16849194 6.341043 54371 a
 3.2437302E-4 8.255799E-6 0.001489506 54566 g
 -7.4480624 0.18764555 6.2871737 54570 a
 0.0019222697 0.0037366813 6.9055764E-4 54766 g
 -7.4325 0.17627311 6.3326635 54770 a
 5.9068913E-4 0.002937733 0.0017558221 54967 g
 -7.4516535 0.1774702 6.331466 54971 a
 -4.745753E-4 8.072041E-4 0.001489506 55166 g
 -7.4253173 0.16849194 6.296152 55181 a
 -2.082592E-4 -0.0010570086 -6.4102287E-4 55369 g
 -7.4253173 0.15891513 6.371569 55373 a
 -0.0010072076 -0.001855957 -0.0019726034 55569 g
 -7.427113 0.15592238 6.3464303 55573 a
 -4.745753E-4 -5.243764E-4 -6.4102287E-4 55774 g
 -7.4256167 0.15412673 6.330868 55779 a
 -4.745753E-4 -0.001855957 -6.4102287E-4 55973 g
 -7.4112515 0.16130935 6.3512187 55979 a
 -7.408914E-4 -0.0013233247 -1.0839065E-4 56173 g
 -7.429806 0.15951368 6.3500214 56179 a
 5.805691E-5 8.255799E-6 -1.0839065E-4 56371 g
 -7.429208 0.13557167 6.342839 56375 a
 -2.082592E-4 0.0013398363 -1.0839065E-4 56571 g
 -7.442376 0.18046296 6.327875 56575 a
 -7.408914E-4 8.255799E-6 4.2424156E-4 56773 g
 -7.423821 0.15173253 6.3272767 56779 a
 5.805691E-5 -0.0015896409 1.5792545E-4 56971 g
 -7.397485 0.15472528 6.327875 56975 a
 3.2437302E-4 8.255799E-6 -3.7470675E-4 57171 g
 -7.4405804 0.1858499 6.3242836 57175 a
 5.9068913E-4 0.002937733 4.2424156E-4 57373 g
 -7.4106526 0.15831658 6.338649 57379 a
 -4.745753E-4 -7.906925E-4 0.0028210864 57571 g
 -7.4310036 0.17687166 6.341642 57575 a
 0.0019222697 0.0037366813 0.001489506 57772 g
 -7.441179 0.16609775 6.306926 57777 a
 3.2437302E-4 5.40888E-4 0.0017558221 57976 g
 -7.457938 0.17208324 6.2805896 57980 a
 3.2437302E-4 0.0045356294 0.0028210864 58173 g
 -7.482479 0.16250645 6.305729 58178 a
 -7.408914E-4 -0.002388589 -9.07339E-4 58375 g
 -7.4124484 0.17447744 6.3033347 58380 a
 -4.745753E-4 -0.0026549052 -0.001173655 58578 g
 -7.4166384 0.15652093 6.318897 58582 a
 -0.0015398398 -0.0029212213 -0.0027715517 58775 g
 -7.4124484 0.19542672 6.329072 58780 a
 8.5700525E-4 8.072041E-4 -0.0014399712 58975 g
 -7.4190326 0.15292963 6.364985 58980 a
 -0.0010072076 -0.003986486 4.2424156E-4 59175 g
 -7.4202294 0.15472528 6.326678 59185 a
 5.805691E-5 8.255799E-6 -6.4102287E-4 59376 g
 -7.429208 0.16250645 6.3422403 59381 a
 3.2437302E-4 8.255799E-6 1.5792545E-4 59576 g
 -7.4166384 0.1678934 6.329072 59580 a
 -2.082592E-4 8.072041E-4 1.5792545E-4 59779 g
 -7.418434 0.14634559 6.363788 59783 a
 -2.082592E-4 -0.001855957 -1.0839065E-4 59976 g
 -7.44896 0.16490065 6.303933 59981 a
 3.2437302E-4 0.0018724685 -0.0019726034 60310 g
