 -0.07770625 -0.43488595 -0.04458318 2 g
 -5.6100636 -0.51460373 7.4462667 4 a
 -0.17384636 -0.51771027 0.002022138 115 g
 -6.886173 -0.041748893 7.0961146 119 a
 -0.13682842 0.101208374 0.061144315 317 g
 -6.867019 0.022894554 7.0799537 321 a
 0.02376019 0.11905155 -0.0043694484 514 g
 -6.4240923 0.7627029 7.3385277 518 a
 0.0354781 -0.061510764 0.015604259 714 g
 -6.4995093 0.2575263 7.0518217 718 a
 0.010977018 -0.04073811 -0.019016834 914 g
 -6.7359366 0.071975686 7.5767508 918 a
 0.0999266 0.16033055 -0.05710004 1114 g
 -6.9454293 0.8512883 4.9952025 1118 a
 -0.085429415 0.6370364 0.20681922 1315 g
 -6.9963064 -0.82225865 7.198467 1318 a
 -0.28276965 -0.27562892 0.5817923 1515 g
 -6.2026286 0.20245968 7.1356187 1518 a
 0.13081926 -0.28894472 -0.36362988 1714 g
 -7.7965684 0.5232827 5.5865703 1718 a
 0.47676387 0.4391635 -0.41263205 1915 g
 -7.5421844 0.4352958 6.2629323 1918 a
 0.029885462 -0.065505505 -0.018750519 2115 g
 -7.3482537 0.12883797 6.2749033 2118 a
 -0.28916124 -0.27642787 0.1716655 2314 g
 -7.0040874 -0.062099606 7.131429 2317 a
 -0.12244735 -0.1858804 0.08431382 2514 g
 -6.5473933 0.60588264 6.7980366 2517 a
 -0.09954417 0.10573575 0.056350622 2718 g
 -6.751499 0.08095395 6.8950014 2722 a
 0.03947284 -0.15445508 -0.064290576 2916 g
 -6.838289 0.18091187 6.958448 2920 a
 0.035211783 -0.008780176 -0.034196854 3116 g
 -6.7479076 0.10130466 7.026683 3120 a
 -0.007398794 -0.009312808 -0.016353672 3321 g
 -6.847267 0.119261175 7.0189013 3325 a
 0.009379121 -0.008780176 -0.010761035 3518 g
 -6.778434 0.12943652 7.038055 3523 a
 0.017368603 0.003204049 -0.006233661 3718 g
 -6.7880106 -0.011821371 6.9404917 3723 a
 0.010710701 0.028770395 0.0054842476 3921 g
 -6.8598366 -0.44936174 6.6968813 3924 a
 -0.016187226 0.13476421 0.03131691 4116 g
 -7.6505218 0.19108722 6.4879875 4129 a
 -0.015388277 0.24501908 -0.029669479 4318 g
 -7.1998134 0.48437694 6.3575034 4324 a
 -0.023111444 0.06791886 -0.017152622 4519 g
 -7.6966105 -0.4038719 6.6334352 4522 a
 0.04000547 -0.2157078 -0.15004435 4719 g
 -6.644957 0.319177 7.4797854 4722 a
 0.014971759 -0.29586893 0.05954642 4919 g
 -6.89156 -0.7211036 6.9710174 4922 a
 0.11510661 0.022645125 0.12399492 5122 g
 -6.6114383 2.6445453 6.3521166 5126 a
 0.165973 0.2918907 0.16367601 5319 g
 -7.137564 -0.4858733 6.512528 5323 a
 -0.17650953 -0.16004772 -0.25896764 5518 g
 -6.7880106 0.9709984 6.830358 5522 a
 0.007781224 0.039689355 -0.06056215 5721 g
 -7.1740756 -0.37992987 6.6615667 5725 a
 -0.09102205 0.03809146 0.01081057 5920 g
 -6.903531 0.17013796 6.666355 5924 a
 -0.018051438 0.0063998424 0.045964297 6120 g
 -7.031621 -0.09142858 6.765116 6124 a
 0.0021885857 -0.02688967 -3.7470675E-4 6321 g
 -6.826318 0.08574235 6.890812 6324 a
 0.0072485916 0.043151464 0.018800054 6521 g
 -7.7708306 0.03187281 6.189909 6524 a
 0.096730806 0.29322228 -0.039523173 6721 g
 -7.4960957 0.45983636 6.0875573 6725 a
 -0.035894617 0.20347376 -0.008630506 6921 g
 -6.5952773 -0.16924013 6.8860235 6925 a
 -0.088358894 -0.46364808 0.1005591 7121 g
 -6.7281556 -0.7576152 6.8351464 7125 a
 -0.13176842 -0.19972883 -0.007565242 7320 g
 -6.919093 -0.2817676 6.9602437 7324 a
 -0.055335693 0.10467049 -0.039523173 7522 g
 -7.763648 -0.1949778 6.663961 7526 a
 0.047994956 0.031433556 -0.013690512 7722 g
 -7.12679 -0.636708 5.9020066 7726 a
 0.02855388 0.11958419 -0.14312014 7922 g
 -6.943035 0.18809447 6.8501105 7926 a
 0.05385391 -0.17416248 0.015870575 8122 g
 -7.3865614 -0.17103578 6.892009 8126 a
 0.037075996 -0.018367555 -0.05630109 8322 g
 -7.7175593 -0.14230536 6.9351044 8326 a
 -0.07664098 0.1363621 -0.0994443 8522 g
 -7.5816884 -0.41045594 6.612486 8526 a
 -0.06305886 -0.019965453 -0.11755379 8722 g
 -5.671116 -1.6650176 5.9253497 8725 a
 -0.0207146 0.07910414 -0.08266638 8922 g
 -7.067534 -1.2627918 6.4736223 8926 a
 -0.023910392 -0.012774917 -0.03313159 9122 g
 -7.315334 -0.5211878 6.6896987 9134 a
 0.14413507 -0.11290977 0.23717926 9322 g
 -6.911312 -1.2813468 5.119701 9326 a
 -0.068385184 0.20800114 -0.052306347 9522 g
 -7.063344 0.08693945 7.0242887 9526 a
 0.0144391265 -0.20931621 0.1319844 9722 g
 -6.442647 -1.4190134 6.6980786 9726 a
 -0.109131545 0.06978308 -0.18599704 9922 g
 -9.352799 -0.41943422 7.144597 9926 a
 -0.11179471 0.034363035 -0.10477062 10123 g
 -6.227169 -1.7972972 5.952285 10126 a
 -0.0060672136 0.007465107 -0.026207369 10322 g
 -5.609465 -1.6620249 5.8894367 10326 a
 -0.0026051041 0.031433556 -0.019016834 10522 g
 -7.0376062 -1.5949873 6.724415 10526 a
 -0.0068661617 -2.5806032E-4 -0.007831558 10722 g
 -8.784775 -0.446369 7.115268 10726 a
 -0.027638819 -0.013041234 -0.00969577 10922 g
 -5.670517 -2.0534768 5.960066 10926 a
 -0.014323013 0.021846177 -0.016087357 11127 g
 -6.8107557 -1.5596727 6.4754176 11131 a
 5.805691E-5 0.009063004 -0.0019726034 11324 g
 -7.7061872 -1.1813889 7.0189013 11328 a
 0.024825456 -0.028221251 0.032382175 11526 g
 -8.074296 -0.87552965 6.8854246 11530 a
 0.0040527987 -0.017302291 0.009212673 11727 g
 -7.029227 -1.323844 6.4209495 11732 a
 -0.012192484 0.016786171 -0.009429455 11923 g
 -5.930288 -1.9319712 5.867889 11927 a
 -0.004735633 0.011459849 -0.010494719 12126 g
 -6.533627 -1.4393641 5.7631426 12131 a
 0.02855388 0.07138097 0.032914806 12330 g
 -6.8508587 -1.2023382 7.152378 12335 a
 -0.002338788 -0.100392915 0.033713754 12526 g
 -8.571691 -0.50981534 7.226 12530 a
 -0.010860903 -0.024226509 -0.020348415 12725 g
 -7.1585135 -1.0114006 6.5095353 12728 a
 0.0019222697 0.006133526 0.0012231899 12929 g
 -5.927295 -1.6931496 6.0175266 12933 a
 -0.0036703686 0.031433556 -0.027272634 13129 g
 -6.49113 -1.4627076 6.364686 13133 a
 0.0069822758 -0.008780176 0.00734846 13328 g
 -7.032818 -1.170615 6.624457 13332 a
 0.03654336 -0.032215994 0.020131633 13531 g
 -6.978948 0.119261175 7.37863 13535 a
 0.18647933 -0.19253829 0.2712677 13728 g
 -6.8340993 -0.41943422 6.8740525 13733 a
 0.0354781 -0.06497288 0.049426407 13931 g
 -7.0118685 -0.30750528 7.0272813 13935 a
 0.005384379 0.004002997 0.001489506 14136 g
 -6.861034 -0.3218705 7.0751653 14147 a
 -4.745753E-4 -0.016237026 0.0062831957 14331 g
 -6.687454 -0.38411975 7.0452375 14334 a
 0.0013896375 0.0010735203 0.0017558221 14531 g
 -6.318747 -0.8336311 6.8596873 14534 a
 -0.04255252 0.066587284 -0.06588847 14727 g
 -6.6036572 -1.0018238 6.8914104 14732 a
 -0.030301979 0.051407263 -0.056034774 14932 g
 -6.9681745 -0.93957454 6.7495537 14936 a
 -0.007398794 0.011459849 -0.017418938 15129 g
 -7.277625 -0.630124 6.790255 15140 a
 0.0019222697 -0.001855957 -0.0027715517 15336 g
 -7.4847236 -0.48647186 6.884826 15341 a
 -0.008730374 0.0037366813 -0.0070326095 15532 g
 -7.574506 -0.494253 7.0470333 15536 a
 3.2437302E-4 -0.0063833306 0.0033537187 15727 g
 -7.500884 -0.42661682 7.1122756 15731 a
 0.0013896375 -0.0077149114 0.006549512 15935 g
 -7.490709 -0.08185177 7.1817074 15938 a
 0.0021885857 -0.0029212213 0.0033537187 16133 g
 -7.6846395 0.19467853 7.2690954 16137 a
 5.805691E-5 2.745719E-4 6.9055764E-4 16333 g
 -7.9827175 0.22101474 7.152378 16337 a
 0.0013896375 0.004002997 -0.0030378678 16535 g
 -7.9426146 -0.021398177 7.022493 16539 a
 -0.0036703686 0.007465107 -0.006233661 16732 g
 -7.6421423 -0.21293432 7.054815 16735 a
 -0.0076651103 0.0063998424 -0.005967345 16934 g
 -7.1040454 -0.3386299 6.9392943 16937 a
 -0.0039366847 0.004002997 -0.0043694484 17136 g
 -6.398953 -0.7163152 6.94109 17140 a
 -0.0042030006 0.0069324747 -0.006233661 17334 g
 -6.3079734 -1.010802 6.7854667 17338 a
 -2.082592E-4 0.007731423 -0.0027715517 17535 g
 -6.393566 -1.171812 6.488586 17538 a
 -0.0028714202 0.0069324747 -0.004103132 17735 g
 -6.416311 -1.1155484 6.2856774 17739 a
 -0.015654594 0.017318802 -0.018750519 17935 g
 -6.353463 -1.1125556 6.3174005 17939 a
 5.9068913E-4 -0.0077149114 0.0036200348 18135 g
 -6.1984386 -1.0096049 6.5753756 18139 a
 -0.005268265 0.0010735203 -0.006233661 18335 g
 -6.193052 -1.1113585 6.8471174 18340 a
 0.004851747 -0.0026549052 0.0025547703 18535 g
 -6.722769 -0.9461586 6.7752914 18538 a
 0.0040527987 -0.0034538535 0.00601688 18736 g
 -7.163302 -0.938976 6.827964 18739 a
 0.002987534 -0.0031875374 0.0062831957 18935 g
 -7.2459016 -0.9305963 6.8842278 18939 a
 0.0035201663 -0.010111757 0.011343202 19135 g
 -7.119009 -0.791134 6.908768 19139 a
 0.0011233214 -0.013573865 0.009212673 19335 g
 -6.9975033 -0.69536597 7.105093 19339 a
 0.0043191146 -0.0047854343 0.005750564 19536 g
 -7.6822453 7.48188E-4 7.0895305 19540 a
 0.0032538502 -0.0010570086 0.002022138 19736 g
 -7.8241014 -0.07227496 6.9632363 19740 a
 -0.0018061559 0.018384067 -0.009429455 19936 g
 -7.939622 -0.08544307 7.1434 19941 a
 -0.0012735237 -0.006915963 0.006549512 20141 g
 -7.1291842 -0.37514147 6.9285207 20144 a
 -0.0068661617 0.0024051007 -0.0043694484 20338 g
 -6.500108 -0.6277298 6.9883757 20342 a
 5.9068913E-4 0.002937733 0.0033537187 20535 g
 -6.292411 -1.0155904 6.8231754 20539 a
 -7.408914E-4 0.008796687 -0.0019726034 20737 g
 -6.3289227 -1.1628338 6.37127 20742 a
 -0.0034040525 0.0050682616 -0.00836419 20936 g
 -6.4504285 -1.1149498 6.391022 20940 a
 -7.408914E-4 0.0024051007 -0.0019726034 21137 g
 -6.418705 -1.1065701 6.348525 21142 a
 3.2437302E-4 -0.002122273 -0.0017062873 21336 g
 -6.2056212 -0.95633394 6.6232595 21340 a
 -0.0031377363 -0.0034538535 9.5687376E-4 21536 g
 -6.2397385 -0.9665093 6.706458 21541 a
 -0.0010072076 0.00586721 -0.00836419 21736 g
 -6.7999816 -0.36017773 7.095516 21740 a
 0.0735613 -0.105452925 0.13091913 21936 g
 -6.840683 -0.5576994 6.927922 21941 a
 0.017368603 -0.054586545 0.06141063 22136 g
 -6.706608 -0.3290531 7.0613985 22141 a
 -0.0068661617 -0.027688619 0.012142151 22336 g
 -6.6886516 -0.31648353 7.1110783 22341 a
 -4.745753E-4 -0.0055843825 0.0022884542 22537 g
 -6.5563717 -0.38232407 6.962638 22542 a
 0.0019222697 0.0082640555 -3.7470675E-4 22737 g
 -7.0507746 -0.24405894 6.8620815 22741 a
 -0.0028714202 0.09801258 0.003886351 22930 g
 -7.0256352 -0.18659809 6.842928 22932 a
 -0.007132478 0.06259254 -0.010761035 23142 g
 -6.6240077 -0.43918636 7.162554 23146 a
 -0.016187226 -0.14513402 0.015604259 23337 g
 -6.451027 -0.36197338 7.248745 23342 a
 0.0021885857 -0.096398175 0.026256904 23538 g
 -6.8586397 -0.3410241 7.0236897 23542 a
 -0.005268265 0.06472307 -0.008630506 23738 g
 -6.5420065 -0.32246906 7.2415624 23742 a
 0.004851747 -0.031150728 -6.4102287E-4 23938 g
 -7.5523596 -0.02498948 7.574955 23943 a
 -0.0031377363 0.06179359 -0.011027351 24138 g
 -6.8059673 -0.9024644 6.7136407 24153 a
 -0.023910392 0.20374008 -0.05470319 24339 g
 -7.00708 -0.46252984 6.504747 24343 a
 -0.03802515 -0.01597071 0.024126375 24539 g
 -6.7604775 -0.023193829 6.86268 24543 a
 0.043201268 -0.00505175 0.03424639 24737 g
 -6.823325 -0.43080667 7.05661 24741 a
 -0.02417671 -0.14406876 0.036909547 24940 g
 -6.6647096 -0.43679217 7.0949173 24944 a
 -0.013524065 -0.05778234 0.020930583 25139 g
 -6.8813844 -0.33563715 6.824971 25144 a
 -0.01112722 0.05726622 -0.02274526 25339 g
 -6.5797153 -0.33204585 7.2373724 25343 a
 -0.007398794 -0.08707711 0.00601688 25540 g
 -6.7790327 -0.41644147 7.048829 25544 a
 -0.0036703686 0.011992481 -0.005434713 25739 g
 -6.6204166 -0.43140522 7.1613564 25743 a
 0.0032538502 -0.01330755 -0.0022389195 25939 g
 -6.707805 -0.44936174 7.11048 25944 a
 -0.0012735237 0.005334578 0.0025547703 26140 g
 -6.6605196 -0.4559458 7.059603 26144 a
 -0.0010072076 -0.0055843825 0.0062831957 26339 g
 -6.7981863 -0.44158056 6.962638 26344 a
 0.0064496435 0.010394584 -3.7470675E-4 26540 g
 -6.990919 -0.46252984 6.930316 26544 a
 -0.007931426 -0.016237026 0.0054842476 26740 g
 -6.592883 -0.38531685 7.237971 26743 a
 -0.0081977425 -0.0063833306 0.007881093 26940 g
 -6.8574424 -0.40087914 7.0350623 26944 a
 0.0013896375 0.052472528 -0.015288409 27140 g
 -6.629395 -0.97069913 6.5574193 27144 a
 -0.08676099 -0.00505175 -0.0200821 27340 g
 -6.8664207 -1.0371382 6.9554553 27344 a
 0.038407575 0.020514596 0.00734846 27540 g
 -6.7203746 -0.3942951 6.9758058 27544 a
 0.019232817 0.038890406 0.013207415 27739 g
 -6.865224 -0.5427356 7.1613564 27743 a
 0.028287563 -0.11796978 0.0041526672 27944 g
 -6.6527386 -0.27278936 7.26311 27948 a
 -0.0039366847 -0.03461284 0.008946357 28142 g
 -6.4396544 -0.779163 7.284658 28146 a
 -0.0031377363 -0.003986486 -0.0200821 28341 g
 -6.4528227 -0.24106619 7.2493434 28345 a
 -0.0034040525 2.745719E-4 0.020664265 28546 g
 -6.5821095 -0.36616322 7.2026567 28551 a
 -0.008730374 -0.0047854343 0.0012231899 28744 g
 -6.7072062 -0.20036475 7.2116346 28748 a
 -2.082592E-4 0.0026714168 0.0017558221 28944 g
 -6.509086 -0.5163994 7.2355766 28949 a
 -0.016187226 0.04341778 -0.032066323 29146 g
 -6.783222 -0.6397008 6.881235 29158 a
 0.011775966 0.08656099 0.026256904 29343 g
 -6.8029747 -0.5463269 7.000945 29347 a
 5.9068913E-4 -0.025025459 -9.07339E-4 29544 g
 -6.3756094 -0.42781392 7.370849 29549 a
 0.002721218 -0.12649189 0.011609518 29746 g
 -6.7778354 -0.37992987 7.0637927 29750 a
 -0.005001949 0.055402007 -0.005434713 29944 g
 -6.514473 -0.4523545 7.2756796 29949 a
 8.5700525E-4 -0.027954936 -6.4102287E-4 30144 g
 -6.651541 -0.43379942 7.1817074 30149 a
 -0.0028714202 0.0016061524 0.001489506 30348 g
 -6.530634 -0.4535516 7.23019 30355 a
 0.0011233214 -5.243764E-4 -1.0839065E-4 30545 g
 -6.6114383 -0.42242697 7.18051 30551 a
 -0.0012735237 0.0037366813 1.5792545E-4 30746 g
 -6.5342255 -0.43499652 7.2295914 30750 a
 -4.745753E-4 -0.0061170147 0.0017558221 30951 g
 -6.5593643 -0.42541972 7.226 30955 a
 -7.408914E-4 0.0018724685 4.2424156E-4 31147 g
 -6.580912 -0.43439797 7.211036 31152 a
 5.9068913E-4 0.0034703652 1.5792545E-4 31348 g
 -6.567146 -0.446369 7.242161 31352 a
 -0.0010072076 8.255799E-6 0.0012231899 31551 g
 -6.494721 -0.5008371 7.1763206 31555 a
 -0.0010072076 0.022378808 0.013740047 31748 g
 -6.9065237 -0.4810849 6.9536595 31752 a
 -0.0015398398 0.17178215 -0.010494719 31949 g
 -7.3524437 -0.49724576 6.5436525 31953 a
 0.045331795 0.08895784 -0.04458318 32152 g
 -6.1697083 -0.440982 7.445668 32156 a
 -0.03216619 -0.2884121 0.054220095 32352 g
 -6.8065658 -0.30690673 7.048829 32355 a
 -0.012725117 0.052472528 -0.0035705 32548 g
 -6.6593223 -0.4762965 7.187094 32552 a
 -2.082592E-4 -0.0143728135 -0.009163138 32751 g
 -6.5503864 -0.4535516 7.2517376 32755 a
 0.0021885857 -0.038873896 0.002022138 32950 g
 -6.640767 -0.42721537 7.164349 32954 a
 -4.745753E-4 0.020780912 -0.0030378678 33150 g
 -6.5503864 -0.44158056 7.2439566 33154 a
 0.0011233214 -0.0143728135 0.001489506 33352 g
 -6.61084 -0.4433762 7.1847 33355 a
 3.2437302E-4 0.0069324747 -3.7470675E-4 33551 g
 -6.6096425 -0.42422262 7.1655464 33554 a
 -0.0012735237 -0.0010570086 6.9055764E-4 33750 g
 -6.603059 -0.42661682 7.202058 33754 a
 0.0011233214 -0.0010570086 -6.4102287E-4 33954 g
 -6.6018615 -0.44577044 7.236774 33957 a
 -0.0010072076 -0.0015896409 9.5687376E-4 34152 g
 -6.570737 -0.41285014 7.220613 34165 a
 3.2437302E-4 0.0026714168 0.0012231899 34346 g
 -6.591088 -0.41464582 7.2254014 34351 a
 -0.0010072076 5.40888E-4 0.0012231899 34554 g
 -6.5976715 -0.44457334 7.179313 34557 a
 -0.0010072076 0.0021387846 0.002022138 34751 g
 -6.6036572 -0.43379942 7.194277 34755 a
 -0.0012735237 0.0024051007 0.0036200348 34952 g
 -6.6102414 -0.43499652 7.187094 34956 a
 5.805691E-5 0.0010735203 -9.07339E-4 35155 g
 -6.5857005 -0.42601827 7.2014594 35159 a
 -7.408914E-4 -0.0037201697 -0.0022389195 35352 g
 -6.5886936 -0.42721537 7.219416 35356 a
 3.2437302E-4 -0.002388589 -0.0017062873 35553 g
 -6.5922847 -0.4385878 7.211036 35556 a
 -4.745753E-4 2.745719E-4 4.2424156E-4 35753 g
 -6.5952773 -0.45774144 7.1739264 35756 a
 -7.408914E-4 0.0024051007 -1.0839065E-4 35953 g
 -6.5833063 -0.4523545 7.215226 35957 a
 -2.082592E-4 8.255799E-6 6.9055764E-4 36153 g
 -6.594679 -0.43260232 7.2014594 36157 a
 -2.082592E-4 5.40888E-4 0.0017558221 36354 g
 -6.567146 -0.4014777 7.1978683 36358 a
 -7.408914E-4 -5.243764E-4 0.0028210864 36554 g
 -6.60665 -0.43439797 7.204452 36557 a
 0.0011233214 2.745719E-4 -0.001173655 36753 g
 -6.6736875 -0.4523545 7.2026567 36757 a
 8.5700525E-4 0.00586721 -0.0038368162 36954 g
 -6.6820674 -0.87433255 7.3852143 36958 a
 0.010444385 0.06898413 -0.011826299 37154 g
 -6.384588 -0.97668463 6.2611365 37158 a
 0.010977018 0.39229187 -0.20410652 37354 g
 -6.5204587 -1.0724527 6.695086 37358 a
 -0.08915784 -0.04739601 0.036909547 37551 g
 -6.967576 -1.259799 6.857293 37555 a
 0.01284123 -0.32436475 0.09842857 37755 g
 -6.6359787 -0.37095162 7.1559696 37759 a
 0.041869685 -0.056717075 0.050225355 37955 g
 -6.5461965 -0.52896893 7.2158246 37959 a
 -0.009795639 -0.009312808 0.0025547703 38156 g
 -6.6820674 -0.50143564 7.1817074 38159 a
 -0.0010072076 -0.007182279 0.0028210864 38353 g
 -6.666505 -0.4523545 7.154174 38356 a
 -0.0018061559 0.0026714168 0.0017558221 38553 g
 -6.6060514 -0.4655226 7.194277 38557 a
 -0.002072472 -0.0085138595 9.5687376E-4 38753 g
 -6.634782 -0.5044284 7.1787148 38757 a
 3.2437302E-4 -0.0015896409 -0.0022389195 38954 g
 -6.644957 -0.5439327 7.131429 38958 a
 -0.0026051041 -0.0013233247 0.0062831957 39154 g
 -6.267272 -0.4619313 7.292439 39158 a
 0.007514908 0.047412522 -1.0839065E-4 39355 g
 -6.8961987 -0.47644615 6.925378 39358 a
 0.0059170113 0.1131926 -0.034729484 39555 g
 -6.5729814 -0.47465047 7.15582 39558 a
 -0.011926168 -0.10065924 0.030784277 39752 g
 -6.304232 -0.5895722 7.3359838 39756 a
 0.0067159594 -0.115306616 -0.0014399712 39955 g
 -6.9201407 -0.4441244 6.9834375 39959 a
 -0.0060672136 0.09481679 -0.0022389195 40155 g
 -6.552032 -0.50517654 7.23842 40159 a
 5.9068913E-4 -0.035944417 1.5792545E-4 40355 g
 -6.522703 -0.49559975 7.243807 40359 a
 -0.0015398398 -0.021297032 0.006815828 40556 g
 -6.7489552 -0.5117606 7.042095 40560 a
 -0.0018061559 0.0420862 -0.0022389195 40755 g
 -6.543054 -0.5033809 7.2216606 40759 a
 0.0011233214 -0.033014942 0.005750564 40955 g
 -6.698677 -0.5081693 7.0989575 40959 a
 -7.408914E-4 0.018384067 -0.0022389195 41156 g
 -6.552032 -0.4985925 7.204901 41160 a
 0.0011233214 -0.013840182 -0.0025052356 41356 g
 -6.630442 -0.49799395 7.1642 41360 a
 -2.082592E-4 0.0050682616 -0.003304184 41556 g
 -6.5861497 -0.52732295 7.1444473 41560 a
 -7.408914E-4 -0.0037201697 6.9055764E-4 41756 g
 -6.850709 -0.62009823 7.0935707 41761 a
 -0.0026051041 -0.0015896409 -0.0019726034 41956 g
 -6.6035075 -0.6171055 7.090578 41961 a
 -0.0068661617 0.05726622 -0.016886305 42156 g
 -7.170335 -0.65780693 6.790106 42161 a
 0.0064496435 0.13369894 -0.023810524 42357 g
 -6.529886 -0.4249708 7.1791635 42361 a
 -2.082592E-4 -0.17336354 0.047562193 42554 g
 -6.480206 -0.7278373 7.23842 42558 a
 8.5700525E-4 -0.07722341 -0.0072989254 42756 g
 -6.758532 -0.53570265 7.0869865 42760 a
 -0.0010072076 0.09588205 4.2424156E-4 42957 g
 -6.488586 -0.5201403 7.239617 42961 a
 0.0032538502 -0.06337498 0.004418983 43156 g
 -6.6573772 -0.54168814 7.1372647 43161 a
 -0.0055345814 0.019183015 0.0028210864 43356 g
 -6.572383 -0.5386954 7.187543 43360 a
 0.0024549018 0.018117752 0.0012231899 43557 g
 -6.4610524 -0.48961425 7.27553 43561 a
 0.0021885857 -0.03381389 0.005750564 43756 g
 -6.69329 -0.49799395 7.130681 43760 a
 -0.002072472 0.027705131 -0.0057010287 43956 g
 -6.45806 -0.44113165 7.2683473 43960 a
 0.0040527987 -0.023693878 -6.4102287E-4 44157 g
 -6.464644 -0.5351041 7.251588 44161 a
 -0.0068661617 0.0050682616 0.0028210864 44356 g
 -6.4861917 -0.4818331 7.2791214 44361 a
 0.0040527987 -0.0026549052 -0.0035705 44556 g
 -6.508338 -0.48362875 7.218668 44561 a
 -0.0010072076 -2.5806032E-4 -1.0839065E-4 44757 g
 -6.5412583 -0.50038815 7.23004 44760 a
 -7.408914E-4 0.0010735203 1.5792545E-4 44956 g
 -6.5568204 -0.47405192 7.1965213 44961 a
 8.5700525E-4 -5.243764E-4 4.2424156E-4 45156 g
 -6.52809 -0.51355624 7.236026 45161 a
 -0.0010072076 -0.0013233247 -9.07339E-4 45362 g
 -6.49517 -0.44472298 7.2976766 45366 a
 -0.0034040525 -0.011975969 0.006815828 45561 g
 -6.8118033 -0.8475474 6.924181 45566 a
 0.0024549018 0.16485792 4.2424156E-4 45761 g
 -7.1493855 -0.86729956 5.5864205 45765 a
 -0.07557572 0.33263707 -0.14445172 45964 g
 -6.446687 -0.5398925 6.832004 45968 a
 -0.058797803 -0.19307092 0.0041526672 46161 g
 -6.8058176 -1.4640543 6.815843 46166 a
 0.034146518 -0.18641302 0.06460642 46361 g
 -6.4502788 -0.7978677 7.288698 46366 a
 0.067702346 -0.1315519 0.027055852 46564 g
 -6.4413004 -0.61052144 7.268946 46568 a
 -0.004735633 -0.03328126 0.012674782 46761 g
 -6.5233016 -0.6679823 7.255778 46765 a
 0.0069822758 0.030101975 -0.015821042 46961 g
 -6.5675945 -0.6075287 7.1857476 46966 a
 0.002721218 -0.022628613 6.9055764E-4 47164 g
 -6.472425 -0.51834464 7.259968 47169 a
 -7.408914E-4 -0.013041234 4.2424156E-4 47363 g
 -6.380847 -0.7248446 7.2749314 47367 a
 -0.0010072076 -0.0013233247 -0.0030378678 47563 g
 -6.456863 -0.7098808 7.3174286 47568 a
 0.0011233214 0.006133526 -0.0049020806 47768 g
 -6.2814875 -0.5835867 7.351546 47772 a
 0.0016559536 -0.001855957 0.0036200348 47965 g
 -6.2509613 -0.760159 7.298275 47970 a
 -0.004469317 0.0013398363 -9.07339E-4 48165 g
 -6.4616513 -0.5883751 7.27553 48170 a
 0.0037864824 0.008796687 -0.0022389195 48368 g
 -6.434118 -0.51595044 7.2976766 48371 a
 5.805691E-5 -0.007182279 -0.0027715517 48563 g
 -6.514922 -0.587178 7.264756 48568 a
 -0.0012735237 0.00586721 -0.0035705 48766 g
 -6.5274916 -0.59017074 7.2228575 48770 a
 -0.010061955 -0.0034538535 0.0062831957 48968 g
 -6.366482 -0.49200845 7.4706573 48973 a
 8.5700525E-4 -0.042868637 0.012674782 49166 g
 -6.80881 -0.64823014 7.1097317 49176 a
 -2.082592E-4 0.07537571 -0.011826299 49366 g
 -6.6142817 -0.53929394 7.2096896 49370 a
 0.009911753 -0.017035974 0.00601688 49567 g
 -6.132448 -0.7858967 7.0792055 49571 a
 -0.0042030006 -0.024492826 0.004418983 49766 g
 -6.5861497 -0.6488287 7.284508 49771 a
 0.002721218 0.023976706 0.0012231899 49966 g
 -6.4377093 -0.5895722 7.348553 49971 a
 -0.002072472 -0.01810124 0.011343202 50171 g
 -6.441899 -0.54767364 7.3353853 50180 a
 8.5700525E-4 0.0042693135 0.0012231899 50365 g
 -6.616077 -1.1905168 6.9355536 50371 a
 0.0059170113 0.052738845 0.012674782 50566 g
 -6.53647 -0.11372458 6.778135 50572 a
 -0.002072472 0.20001166 0.04916009 50770 g
 -6.69329 -0.34237084 7.267749 50774 a
 -0.015654594 -0.07109814 -0.05763267 50966 g
 -6.5436525 -1.2006922 6.6691985 50970 a
 0.009379121 -0.035944417 -0.044316866 51168 g
 -5.5374894 0.17537527 7.3431664 51172 a
 0.077556044 -0.08894132 0.1716655 51371 g
 -7.5569983 -0.092176765 6.4441433 51375 a
 0.023227558 0.13396525 -0.16655596 51568 g
 -6.7088523 -1.4191631 6.988226 51575 a
 -0.08622836 0.07617466 -0.13806014 51768 g
 -6.969222 0.6500258 7.102549 51773 a
 0.05119075 -0.15179193 0.049959037 51972 g
 -5.9540806 -0.770933 7.5771995 51975 a
 0.008580172 -0.20505515 0.01081057 52169 g
 -6.588544 -0.44113165 7.282114 52173 a
 -0.011659852 0.068717815 0.0054842476 52369 g
 -6.529886 -1.0995371 7.295881 52373 a
 -4.745753E-4 -0.010644388 -0.0019726034 52575 g
 -6.504148 -0.75596917 7.3473563 52581 a
 0.0016559536 -5.243764E-4 0.0062831957 52770 g
 -6.422745 -0.57520694 7.310246 52774 a
 -0.002338788 -7.906925E-4 -0.010761035 52967 g
 -6.383241 -0.635062 7.329998 52968 a
 -0.0039366847 -0.0063833306 -6.4102287E-4 53171 g
 -6.426935 -0.6422446 7.3174286 53175 a
 -7.408914E-4 0.004002997 -3.7470675E-4 53370 g
 -6.3616934 -0.66618663 7.3413706 53374 a
 -4.745753E-4 -7.906925E-4 1.5792545E-4 53571 g
 -6.468834 -0.60094464 7.355736 53575 a
 5.9068913E-4 0.0016061524 -0.0019726034 53768 g
 -6.3389482 -0.62728083 7.3599257 53772 a
 -0.0012735237 -0.004252802 9.5687376E-4 53971 g
 -6.391022 -0.61770403 7.30845 53975 a
 3.2437302E-4 0.00586721 0.001489506 54170 g
 -6.3760586 -0.65182143 7.35813 54184 a
 -0.0018061559 -0.002122273 0.0049516154 54372 g
 -6.414366 -0.6314707 7.354539 54376 a
 -4.745753E-4 0.0016061524 0.0012231899 54572 g
 -6.3347583 -0.62847793 7.338378 54576 a
 -0.0012735237 8.072041E-4 -0.0017062873 54772 g
 -6.417957 -0.62129533 7.332392 54776 a
 -0.0012735237 2.745719E-4 -0.0014399712 54973 g
 -6.4197526 -0.6428431 7.3282027 54976 a
 -0.0026051041 -0.002122273 -0.001173655 55173 g
 -6.377854 -0.60453594 7.387459 55176 a
 0.0013896375 -7.906925E-4 0.0022884542 55371 g
 -6.380847 -0.9947908 7.227646 55374 a
 0.010977018 0.056200955 -0.014489461 55571 g
 -6.9560537 -0.53570265 6.970269 55575 a
 -0.06305886 0.18456532 -0.0019726034 55771 g
 -6.802825 -0.32680854 6.733842 55775 a
 0.03254862 -0.13181822 -0.011559984 55971 g
 -6.0336876 -0.9696517 7.6532154 55975 a
 0.004851747 -0.16910248 -0.0027715517 56172 g
 -6.3610945 -0.64942724 7.3497505 56175 a
 -0.028970398 0.04288515 0.026256904 56372 g
 -6.244976 -0.6925228 7.4066124 56375 a
 0.0016559536 -0.025291774 -0.0035705 56572 g
 -6.40419 -0.6847417 7.3413706 56575 a
 -0.0010072076 0.007465107 0.002022138 56772 g
 -6.335357 -0.7116765 7.398233 56776 a
 5.805691E-5 0.0034703652 -1.0839065E-4 56972 g
 -6.3838396 -0.7158663 7.3736925 56976 a
 -0.0028714202 0.0018724685 0.0036200348 57172 g
 -6.3652844 -0.6757634 7.35394 57176 a
 -7.408914E-4 0.0026714168 -1.0839065E-4 57371 g
 -6.341941 -0.7308301 7.3629184 57375 a
 -0.002072472 -0.0026549052 -0.0017062873 57573 g
 -6.3748612 -0.7015011 7.367707 57576 a
 0.0019222697 5.40888E-4 4.2424156E-4 57773 g
 -6.3515177 -0.7140707 7.351546 57777 a
 -7.408914E-4 8.255799E-6 0.0030874026 57974 g
 -6.3257804 -0.6931214 7.3653126 57975 a
 -4.745753E-4 -0.002122273 0.0012231899 58173 g
 -6.386234 -0.741604 7.3054576 58177 a
 -0.0031377363 0.008796687 -0.0035705 58372 g
 -6.3850365 -0.6871359 7.363517 58375 a
 0.0016559536 0.005600894 -9.07339E-4 58574 g
 -6.346131 -0.705691 7.389853 58578 a
 -0.0015398398 -0.013041234 4.2424156E-4 58774 g
 -6.390424 -0.7158663 7.367707 58778 a
 5.805691E-5 0.009595635 -3.7470675E-4 58974 g
 -6.3497224 -0.7015011 7.3617215 58978 a
 -0.0018061559 -0.0037201697 0.0012231899 59175 g
 -6.3706713 -0.7158663 7.3587284 59187 a
 -0.0010072076 0.0026714168 -0.0022389195 59374 g
 -6.343138 -0.6907272 7.3706994 59378 a
 -7.408914E-4 8.255799E-6 0.0022884542 59574 g
 -6.36708 -0.7320272 7.331794 59578 a
 0.0013896375 0.004002997 1.5792545E-4 59775 g
 -6.396409 -0.7086837 7.4054155 59778 a
 5.9068913E-4 -0.001855957 0.002022138 59974 g
 -6.672341 -0.86251116 7.231836 59978 a
 -0.0081977425 0.07404413 0.010011622 60303 g
