 -0.42072138 -0.26524258 0.11680438 2 g
 -7.378331 1.0088568 5.931635 3 a
 0.005384379 -0.013041234 -0.074943215 123 g
 -8.180388 0.8382699 5.716755 131 a
 -0.083298884 -0.0521897 -0.13033697 323 g
 -7.3819222 1.166874 6.0118403 328 a
 -0.19515166 -0.09213712 0.15755074 520 g
 -7.675212 1.189619 6.1237693 524 a
 -0.016986175 0.022378808 0.006815828 720 g
 -6.9198413 1.5218145 6.8426285 724 a
 -0.043884102 -0.025291774 0.08830856 922 g
 -7.650073 0.8622119 5.951387 927 a
 -0.09288626 0.10067575 0.06380747 1122 g
 -7.505822 1.2805986 6.0345855 1126 a
 0.028021248 -0.010378072 0.007881093 1323 g
 -7.398083 1.2315176 6.18123 1328 a
 -0.011926168 -0.043933902 0.008680041 1522 g
 -7.755418 1.2871827 5.878962 1526 a
 0.0043191146 0.11265997 -0.005967345 1723 g
 -7.4387846 1.326687 5.9041014 1727 a
 0.009911753 -0.018633872 0.033447437 1929 g
 -7.339425 1.2997522 6.2249246 1933 a
 0.0040527987 -0.023960194 0.017734788 2120 g
 -7.557896 1.2859856 6.079477 2121 a
 0.0064496435 8.255799E-6 -0.038191594 2322 g
 -7.294534 1.2111667 6.3105173 2326 a
 -0.018317755 -0.06630445 -0.016886305 2522 g
 -7.5668745 1.3416507 6.081871 2527 a
 0.011243333 0.021846177 -0.02274526 2722 g
 -7.521983 1.3356652 6.1530986 2727 a
 0.004585431 -0.0055843825 -0.0049020806 2923 g
 -7.217321 1.0699089 6.355408 2927 a
 -0.014323013 -0.017834924 0.023327427 3123 g
 -7.483676 1.202787 6.1524997 3127 a
 0.006183327 0.029569345 -0.0043694484 3322 g
 -7.4070616 1.2225392 6.2075663 3327 a
 -7.408914E-4 -0.0047854343 0.0033537187 3523 g
 -7.3950906 1.2458827 6.2141504 3527 a
 0.0016559536 0.002937733 -0.0030378678 3723 g
 -7.4465656 1.2141595 6.1943984 3727 a
 0.0011233214 -5.243764E-4 -0.0017062873 3923 g
 -7.415441 1.1920131 6.215348 3927 a
 3.2437302E-4 -0.002388589 -9.07339E-4 4123 g
 -7.4028716 1.3380594 6.084265 4127 a
 0.002987534 0.0082640555 0.004418983 4328 g
 -7.380127 1.2794015 6.1728506 4331 a
 -0.0018061559 8.072041E-4 0.006815828 4526 g
 -7.474099 1.2213421 6.139332 4531 a
 0.00804754 0.007465107 -0.013424196 4727 g
 -7.768586 1.3655928 6.1303535 4731 a
 0.009911753 0.037026193 -0.0030378678 4922 g
 -7.8709383 1.5122377 5.789778 4926 a
 0.03121704 0.17684215 0.01081057 5126 g
 -7.5333557 1.166874 5.9956794 5131 a
 -0.04814516 -0.08601185 -0.050974768 5325 g
 -7.0491285 1.3518262 6.6056023 5329 a
 -0.018850386 -0.16936879 -0.017418938 5531 g
 -7.678205 1.2177508 5.8963203 5534 a
 -0.031367242 0.09268626 0.036909547 5729 g
 -7.3657618 1.1040263 6.307524 5732 a
 -0.039356727 -0.058048654 0.0030874026 5928 g
 -7.5483193 1.2333132 6.220136 5932 a
 -0.012192484 0.03942304 -0.012891564 6132 g
 -7.240066 1.2123638 6.241085 6135 a
 0.085545525 0.076440975 -0.18200229 6326 g
 -9.9473095 1.7516578 5.171476 6329 a
 0.011243333 0.2767107 0.08617803 6529 g
 -5.282806 -0.012868834 6.75943 6532 a
 -0.20793483 -0.37816063 0.3996321 6732 g
 -7.7985134 1.3129203 6.1064115 6736 a
 -0.02817145 -0.1842825 -0.17427912 6931 g
 -7.3645644 1.3009493 7.5920134 6934 a
 0.19074039 -0.38162273 -0.30930138 7130 g
 -6.743269 1.5134348 6.8767457 7134 a
 0.07622446 -0.006915963 -0.050442133 7326 g
 -6.6606693 0.71436995 7.3244615 7330 a
 -0.22045168 -0.08627816 0.14130546 7530 g
 -6.873753 1.4290391 6.9360023 7534 a
 -0.070515715 0.105469435 0.06860116 7731 g
 -6.477513 0.9909002 7.2328835 7734 a
 -0.01725249 -0.05778234 1.5792545E-4 7929 g
 -6.673837 0.8717887 7.0581064 7933 a
 0.007781224 0.020514596 -0.0070326095 8131 g
 -6.6708446 0.827496 7.069479 8135 a
 0.0032538502 -0.00984544 6.9055764E-4 8329 g
 -6.6606693 0.83408004 7.0886326 8332 a
 0.0037864824 8.072041E-4 -0.0030378678 8533 g
 -6.651691 0.84365684 7.1071877 8537 a
 -0.0015398398 -0.0010570086 0.0028210864 8732 g
 -6.6247563 0.83168584 7.092224 8735 a
 -0.0010072076 -0.001855957 0.0025547703 8937 g
 -6.655881 0.8610148 7.0706763 8941 a
 0.0024549018 0.0016061524 -0.0014399712 9127 g
 -6.6241574 0.8406641 7.0904284 9131 a
 -2.082592E-4 -2.5806032E-4 4.2424156E-4 9331 g
 -6.63972 0.86281043 7.0664864 9334 a
 0.0019222697 0.0021387846 -1.0839065E-4 9533 g
 -6.642114 0.8286931 7.074866 9536 a
 -2.082592E-4 2.745719E-4 -6.4102287E-4 9733 g
 -6.6349316 0.85203654 7.0862384 9737 a
 5.805691E-5 2.745719E-4 -3.7470675E-4 9934 g
 -6.6666546 0.85921913 7.0569096 9937 a
 5.9068913E-4 0.0016061524 -6.4102287E-4 10133 g
 -6.6295447 0.84844524 7.083844 10141 a
 8.5700525E-4 -0.001855957 6.9055764E-4 10332 g
 -6.6361284 0.84605104 7.086837 10336 a
 3.2437302E-4 2.745719E-4 -3.7470675E-4 10533 g
 -6.6732388 0.8502409 7.065289 10536 a
 3.2437302E-4 0.0016061524 4.2424156E-4 10733 g
 -6.6145806 0.82929164 7.076063 10736 a
 -2.082592E-4 0.0024051007 0.001489506 10936 g
 -6.621165 0.8298902 7.0688806 10941 a
 -2.082592E-4 0.0010735203 0.0012231899 11133 g
 -6.6044054 0.7460931 7.047333 11137 a
 0.010977018 -0.0026549052 -0.0120926155 11334 g
 -6.5858502 0.9172785 7.1221514 11338 a
 0.010444385 0.0018724685 6.9055764E-4 11535 g
 -6.5666966 0.7957728 7.086837 11539 a
 -0.0042030006 -0.0114433365 0.0025547703 11734 g
 -6.818088 0.82151043 6.9820905 11738 a
 0.017368603 0.041553568 -0.015554725 11934 g
 -6.5002575 0.90530753 7.04015 11939 a
 -0.016719857 -0.0015896409 0.06434011 12137 g
 -6.7510505 0.91009593 7.0012445 12142 a
 -0.010594588 0.039689355 0.058214836 12335 g
 -6.55293 0.9944915 7.0491285 12339 a
 -0.015654594 0.005334578 0.057948522 12533 g
 -6.8240733 1.0717045 7.0006456 12537 a
 -0.0042030006 0.010128268 -0.0014399712 12738 g
 -6.6205664 0.98551327 7.064092 12742 a
 -0.006599846 -0.01597071 -0.0049020806 12938 g
 -6.7426705 1.0262147 7.0491285 12943 a
 0.005384379 -0.0055843825 -0.018484201 13136 g
 -6.566098 0.9944915 7.0395517 13141 a
 -0.0018061559 -0.00984544 -0.0017062873 13338 g
 -6.643311 0.9657611 7.089231 13342 a
 -0.0015398398 8.255799E-6 -0.012625247 13536 g
 -6.503849 0.9274539 7.0622964 13540 a
 0.013906495 -0.0053180666 -0.040055808 13736 g
 -6.5307837 0.85921913 7.1472907 13741 a
 0.047462326 -0.026357038 -0.07734006 13939 g
 -6.8653736 0.8418612 7.282563 13943 a
 0.15372245 0.11292628 -0.13672855 14136 g
 -6.6893997 2.0317795 5.217564 14141 a
 0.17635933 0.54595625 0.22732556 14336 g
 -6.859388 1.3979145 6.9886746 14341 a
 -0.21885379 -0.33075634 0.34423834 14540 g
 -6.8330517 0.976535 6.853402 14544 a
 0.10099186 -0.23088782 -0.4680258 14735 g
 -7.607576 1.3009493 6.6486983 14740 a
 0.22136675 0.13662842 -0.27095187 14938 g
 -6.377555 1.1818378 6.981492 14942 a
 -0.18955901 -0.1382098 0.14263704 15146 g
 -6.806117 0.59226567 7.101801 15150 a
 -0.15573686 -0.15338983 0.08671066 15332 g
 -6.751649 0.7682395 7.382521 15336 a
 -0.16053055 0.02983566 0.120799124 15538 g
 -6.773795 0.9400234 6.9342065 15543 a
 0.030950725 0.015987223 -0.022478944 15741 g
 -6.5307837 0.83527714 7.191583 15745 a
 0.04639706 -0.03035178 -0.045115814 15939 g
 -6.618172 0.9154829 7.1143703 15943 a
 0.022961242 -0.01597071 -0.026740002 16139 g
 -6.576872 0.8963293 7.1047935 16143 a
 -0.007398794 -0.002388589 0.005750564 16341 g
 -6.5858502 0.9436147 7.143699 16345 a
 -0.0018061559 0.0021387846 0.0046852995 16539 g
 -6.5643024 0.9370307 7.1448965 16543 a
 3.2437302E-4 0.0042693135 0.0022884542 16740 g
 -6.578069 0.9274539 7.1287355 16743 a
 -7.408914E-4 0.0026714168 0.0033537187 16942 g
 -6.523601 0.9118916 7.176021 16946 a
 0.0035201663 0.0066661583 0.0036200348 17140 g
 -6.669049 0.8939351 7.1167645 17144 a
 0.010444385 0.012791429 -0.004103132 17339 g
 -6.5577183 0.9501988 7.1490865 17343 a
 -0.0081977425 -0.014106498 1.5792545E-4 17542 g
 -6.6229606 0.9328408 7.0928226 17546 a
 -4.745753E-4 5.40888E-4 -1.0839065E-4 17741 g
 -6.611588 0.952593 7.1365166 17744 a
 5.805691E-5 2.745719E-4 6.9055764E-4 17940 g
 -6.6241574 0.9202713 7.0365586 17944 a
 8.5700525E-4 0.0042693135 -0.0017062873 18141 g
 -6.569091 0.9262568 7.1592617 18145 a
 -0.0028714202 -0.003986486 0.0046852995 18341 g
 -6.5816603 0.9448118 7.138911 18345 a
 -0.002338788 2.745719E-4 -9.07339E-4 18542 g
 -6.55712 0.9214684 7.1059904 18545 a
 -0.0034040525 2.745719E-4 6.9055764E-4 18744 g
 -6.602011 0.9280524 7.0784574 18748 a
 -0.0010072076 8.072041E-4 -1.0839065E-4 18942 g
 -6.581062 0.9226655 7.156269 18946 a
 -2.082592E-4 -0.0010570086 9.5687376E-4 19142 g
 -6.579266 0.9244611 7.1245456 19146 a
 -2.082592E-4 8.072041E-4 1.5792545E-4 19344 g
 -6.599617 0.9394249 7.092224 19348 a
 0.0011233214 0.0026714168 -3.7470675E-4 19543 g
 -6.597821 0.9454104 7.116166 19547 a
 -0.0010072076 -0.0010570086 6.9055764E-4 19743 g
 -6.658275 0.9154829 7.0491285 19747 a
 -0.0015398398 5.40888E-4 0.002022138 19944 g
 -7.001843 0.9615713 6.8881183 19947 a
 0.010444385 0.013590377 -0.0070326095 20143 g
 -6.432023 0.952593 7.203554 20154 a
 -0.016187226 -0.02342756 0.023061112 20343 g
 -6.962937 0.66588736 7.2729864 20346 a
 0.0069822758 0.02637355 -1.0839065E-4 20544 g
 -7.457938 1.4912884 6.469133 20548 a
 0.01763492 0.29215702 0.12852229 20743 g
 -9.4535055 0.5054758 5.555745 20748 a
 -0.023377761 0.21785483 0.05235588 20944 g
 -4.787206 1.9246389 7.8236527 20948 a
 -0.2883623 -0.29000998 0.23478241 21146 g
 -8.124125 0.48153383 6.39611 21151 a
 0.2456015 -0.043667585 -0.5425943 21344 g
 -7.1634517 0.78200614 6.851607 21348 a
 0.03627705 0.06951676 -0.0762748 21544 g
 -6.9545574 0.84605104 6.8970966 21548 a
 -0.089424156 -0.100392915 0.11920123 21745 g
 -6.7881603 0.6581062 7.055712 21749 a
 -0.014855645 -0.019699136 0.018533736 21945 g
 -6.5870476 0.7730279 7.0766616 21949 a
 0.0021885857 -0.037009683 0.028387433 22145 g
 -6.8109055 0.7921815 6.955156 22150 a
 -0.01112722 0.0034703652 -0.008097874 22345 g
 -6.5720835 0.7814076 7.1287355 22349 a
 -0.002072472 -0.016503343 0.0033537187 22544 g
 -6.8085113 0.7945757 6.9796963 22547 a
 5.9068913E-4 0.013057745 -0.001173655 22745 g
 -6.7091517 0.8029554 7.023989 22751 a
 -0.0039366847 -0.010644388 0.0070821443 22946 g
 -6.70975 0.78080904 7.0251865 22951 a
 0.002721218 0.003204049 -1.0839065E-4 23147 g
 -6.7229185 0.810138 7.018004 23151 a
 8.5700525E-4 0.0018724685 0.0012231899 23346 g
 -6.71813 0.78440034 7.035362 23350 a
 -0.0010072076 -2.5806032E-4 1.5792545E-4 23546 g
 -6.7372837 0.79278004 7.0395517 23551 a
 -7.408914E-4 -7.906925E-4 9.5687376E-4 23746 g
 -6.731298 0.79996264 7.0275807 23751 a
 5.805691E-5 -2.5806032E-4 1.5792545E-4 23945 g
 -6.703166 0.7897873 7.0371575 23949 a
 -4.745753E-4 0.0016061524 -1.0839065E-4 24145 g
 -6.7731967 0.7754221 7.020398 24152 a
 5.9068913E-4 -0.002388589 4.2424156E-4 24345 g
 -6.905476 0.78918874 6.669049 24348 a
 0.010178069 0.1049368 0.02652322 24545 g
 -7.1425023 0.65990186 6.5577183 24550 a
 -0.07317887 0.17577688 0.024659008 24746 g
 -7.375937 0.8783727 6.655881 24750 a
 0.020830713 -0.09586554 -0.097047456 24945 g
 -6.758233 0.5324106 7.077859 24950 a
 -0.035361987 -0.21837096 0.014805311 25146 g
 -6.781576 0.59226567 6.993463 25160 a
 -7.408914E-4 0.0050682616 0.008680041 25346 g
 -6.5828576 0.6940192 7.1407065 25350 a
 -0.004735633 -0.0013233247 0.0049516154 25546 g
 -6.679823 0.64673376 7.074866 25551 a
 -0.0031377363 -7.906925E-4 0.003886351 25746 g
 -6.7241154 0.7065888 7.0048356 25751 a
 0.0059170113 0.0048019458 0.004418983 25947 g
 -6.6175733 0.65511346 7.0994067 25951 a
 -0.005001949 -0.010111757 0.0025547703 26147 g
 -6.6385226 0.68025255 7.1275387 26151 a
 8.5700525E-4 0.0048019458 -0.0017062873 26347 g
 -6.645705 0.6569091 7.100005 26351 a
 -0.0012735237 -0.002388589 -9.07339E-4 26546 g
 -6.683414 0.6581062 7.098808 26550 a
 -2.082592E-4 -2.5806032E-4 -3.7470675E-4 26748 g
 -6.68102 0.66947865 7.1071877 26752 a
 -0.0010072076 5.40888E-4 0.0012231899 26948 g
 -6.6774287 0.6449381 7.1209545 26952 a
 -4.745753E-4 8.072041E-4 4.2424156E-4 27149 g
 -6.6504936 0.66109896 7.101801 27153 a
 -7.408914E-4 -0.0015896409 6.9055764E-4 27348 g
 -6.7067575 0.70838445 7.061698 27352 a
 -4.745753E-4 0.002937733 0.0070821443 27549 g
 -6.695385 0.6712743 7.1209545 27552 a
 -2.082592E-4 -0.00505175 0.0046852995 27749 g
 -6.715137 0.59047 7.125743 27753 a
 0.013640178 0.0141230095 -0.0064999773 27949 g
 -6.872556 1.0310031 7.033566 27953 a
 -0.020448284 0.14408527 0.04862746 28149 g
 -6.739678 1.3434464 6.782175 28153 a
 -0.037492514 0.15340634 0.048893772 28349 g
 -7.029376 0.30974984 6.9503675 28352 a
 0.021097029 -0.18801092 -0.12634222 28549 g
 -6.38773 0.77602065 7.1754227 28553 a
 -0.021247232 -0.11290977 0.028920066 28749 g
 -6.789956 0.5246295 6.941988 28753 a
 -0.0068661617 0.020514596 0.007881093 28949 g
 -6.667852 0.51804537 7.0952168 28953 a
 0.0013896375 -0.009312808 0.005750564 29149 g
 -6.4745197 0.58987147 7.197569 29153 a
 0.009645437 -0.023693878 0.0049516154 29348 g
 -6.728904 0.61501056 7.041347 29352 a
 -0.010328271 0.012258797 -0.0027715517 29550 g
 -6.642114 0.5940613 7.1191587 29553 a
 -4.745753E-4 -0.010910705 6.9055764E-4 29749 g
 -6.6726403 0.6096236 7.0844426 29753 a
 8.5700525E-4 0.0018724685 -0.001173655 29949 g
 -6.6522894 0.5964555 7.091625 29953 a
 -0.0010072076 -0.001855957 0.0025547703 30149 g
 -6.669049 0.60902506 7.071873 30162 a
 0.0013896375 0.0024051007 4.2424156E-4 30348 g
 -6.6983776 0.59944826 7.0982094 30352 a
 -4.745753E-4 -0.002388589 -6.4102287E-4 30552 g
 -6.64391 0.61261636 7.0862384 30555 a
 -2.082592E-4 -7.906925E-4 -3.7470675E-4 30753 g
 -6.6480994 0.61141926 7.1059904 30759 a
 -4.745753E-4 8.255799E-6 6.9055764E-4 30951 g
 -6.6726403 0.61381346 7.0730705 30955 a
 3.2437302E-4 0.0016061524 -3.7470675E-4 31151 g
 -6.851008 0.6048352 6.75943 31155 a
 0.007514908 0.115323134 0.036909547 31355 g
 -7.351396 0.28760347 6.567295 31360 a
 -0.008730374 0.17710847 0.04223587 31552 g
 -6.9437833 1.1626842 6.4260373 31556 a
 0.008846489 -0.011709653 -0.017418938 31752 g
 -6.8318543 0.0020949265 6.8749504 31757 a
 -0.016187226 -0.18481512 -0.079204276 31955 g
 -6.5726824 0.667683 7.1742253 31960 a
 -0.013257748 -0.07828868 0.015071628 32153 g
 -6.5655 0.66947865 7.2298903 32157 a
 -0.01592091 -0.024759142 0.0036200348 32353 g
 -6.903681 0.471957 6.9168487 32357 a
 0.022162294 0.042618833 -0.024875788 32555 g
 -6.542156 0.55575407 7.1808095 32560 a
 -0.005268265 -0.03780863 0.011343202 32753 g
 -6.7959414 0.6036381 7.005434 32757 a
 -0.01592091 0.007465107 0.012142151 32953 g
 -6.559514 0.51325697 7.128137 32957 a
 -7.408914E-4 -0.011975969 0.004418983 33156 g
 -6.7109475 0.5695207 7.1371155 33161 a
 5.9068913E-4 0.007997739 -0.001173655 33354 g
 -6.679224 0.5419874 7.0964136 33359 a
 -0.0010072076 -0.00505175 -0.0014399712 33553 g
 -6.6427126 0.561141 7.1101804 33558 a
 -4.745753E-4 -0.002388589 -6.4102287E-4 33761 g
 -6.6546836 0.5395932 7.107786 33764 a
 -4.745753E-4 5.40888E-4 4.2424156E-4 33957 g
 -6.627749 0.55455697 7.111976 33962 a
 3.2437302E-4 0.0024051007 4.2424156E-4 34152 g
 -6.631939 0.5377976 7.143699 34155 a
 -7.408914E-4 -0.001855957 4.2424156E-4 34360 g
 -6.642114 0.5210382 7.1083846 34364 a
 5.805691E-5 8.255799E-6 -1.0839065E-4 34555 g
 -6.6504936 0.5563526 7.1371155 34560 a
 -4.745753E-4 -5.243764E-4 6.9055764E-4 34758 g
 -6.6720414 0.5527613 7.1329255 34762 a
 3.2437302E-4 0.0018724685 -1.0839065E-4 34961 g
 -6.615778 0.54976857 7.1287355 34965 a
 -0.006599846 -0.011975969 0.011343202 35159 g
 -6.649895 0.57849896 7.061698 35175 a
 0.013373862 0.022645125 0.0025547703 35358 g
 -6.843227 0.5186439 6.971317 35373 a
 0.008313856 0.044483047 -0.02274526 35549 g
 -6.4685345 0.59825116 7.264008 35550 a
 -0.01379038 -0.06896762 0.021196898 35759 g
 -6.8827314 0.59944826 6.963536 35762 a
 -0.0034040525 0.034895666 -0.0027715517 35956 g
 -6.4787097 0.5114613 7.227496 35961 a
 -7.408914E-4 -0.025824407 0.0033537187 36159 g
 -6.7211227 0.5755062 7.07726 36163 a
 -7.408914E-4 0.013590377 -0.004103132 36358 g
 -6.667253 0.5455787 7.098808 36361 a
 -0.0012735237 -0.007448595 6.9055764E-4 36559 g
 -6.6630635 0.537199 7.093421 36563 a
 5.9068913E-4 8.255799E-6 -0.0017062873 36760 g
 -6.642114 0.54976857 7.1227503 36763 a
 -0.0010072076 8.255799E-6 0.001489506 36959 g
 -6.67683 0.5443816 7.097611 36963 a
 -2.082592E-4 5.40888E-4 -1.0839065E-4 37159 g
 -6.6229606 0.54857147 7.132327 37163 a
 3.2437302E-4 8.255799E-6 0.001489506 37359 g
 -6.7265096 0.5407903 7.0545154 37363 a
 -2.082592E-4 -0.0010570086 0.001489506 37558 g
 -6.494272 0.519841 7.213131 37562 a
 -0.024975657 -0.029552832 0.03531165 37763 g
 -6.6564794 0.6748656 7.1927805 37767 a
 0.044532847 0.05992938 -0.02540842 37960 g
 -7.1885905 0.6407482 6.693589 37964 a
 0.041869685 0.12704104 -0.04405055 38160 g
 -6.871359 0.45459905 6.9102645 38163 a
 -0.029769348 -0.07828868 0.023327427 38361 g
 -6.3380504 0.45459905 7.3885064 38365 a
 -0.024975657 -0.11104556 0.020664265 38562 g
 -6.9132576 0.5767033 6.9503675 38566 a
 -0.007132478 0.090289414 -0.010494719 38762 g
 -6.513426 0.5695207 7.225102 38766 a
 -0.0039366847 -0.056983393 0.011875834 38962 g
 -6.7666125 0.56892216 7.0347633 38966 a
 0.002721218 0.030368293 -0.0035705 39159 g
 -6.673837 0.5515642 7.097611 39168 a
 -0.0026051041 -0.008780176 0.00601688 39361 g
 -6.667852 0.5431845 7.0928226 39365 a
 0.0011233214 0.0010735203 -0.001173655 39563 g
 -6.670246 0.56054246 7.095815 39567 a
 -0.0012735237 -7.906925E-4 -0.0014399712 39763 g
 -6.6762314 0.55695117 7.0940194 39767 a
 -4.745753E-4 2.745719E-4 -0.0014399712 39963 g
 -6.655881 0.5377976 7.08564 39967 a
 -7.408914E-4 -7.906925E-4 -9.07339E-4 40163 g
 -6.6753335 0.5590461 7.078906 40179 a
 3.2437302E-4 -7.906925E-4 6.9055764E-4 40363 g
 -6.675932 0.557849 7.089082 40367 a
 -2.082592E-4 -7.906925E-4 9.5687376E-4 40564 g
 -6.6938887 0.55246204 7.111228 40569 a
 3.2437302E-4 0.0016061524 1.5792545E-4 40763 g
 -6.668151 0.5482722 7.073519 40767 a
 -0.0010072076 8.255799E-6 1.5792545E-4 40970 g
 -6.684312 0.5530606 7.099257 40975 a
 -4.745753E-4 2.745719E-4 4.2424156E-4 41163 g
 -6.676531 0.5398925 7.1603093 41166 a
 3.2437302E-4 -0.002388589 9.5687376E-4 41362 g
 -6.663961 0.56802434 7.103447 41366 a
 5.805691E-5 0.0021387846 -3.7470675E-4 41563 g
 -6.662764 0.56084174 7.1172132 41567 a
 8.5700525E-4 5.40888E-4 -3.7470675E-4 41763 g
 -6.6956844 0.5602432 7.113622 41767 a
 0.0011233214 -2.5806032E-4 4.2424156E-4 41963 g
 -6.6615667 0.58538234 7.104644 41967 a
 -0.0012735237 -2.5806032E-4 0.0012231899 42164 g
 -6.682516 0.56323594 7.0813003 42168 a
 5.805691E-5 0.0013398363 0.0017558221 42363 g
 -6.69329 0.56323594 7.090877 42367 a
 5.805691E-5 0.0026714168 0.0017558221 42563 g
 -6.6567783 0.5650316 7.091476 42567 a
 3.2437302E-4 -0.0013233247 -0.001173655 42764 g
 -6.6693482 0.55605334 7.077709 42768 a
 3.2437302E-4 -0.0013233247 -9.07339E-4 42963 g
 -6.685509 0.557849 7.0783076 42968 a
 8.5700525E-4 5.40888E-4 -9.07339E-4 43164 g
 -6.6489973 0.56682724 7.0986586 43168 a
 -2.082592E-4 0.0021387846 4.2424156E-4 43364 g
 -6.6777277 0.5626374 7.095067 43371 a
 -0.0010072076 2.745719E-4 1.5792545E-4 43564 g
 -6.6753335 0.5434838 7.075315 43569 a
 -0.0012735237 5.40888E-4 0.001489506 43764 g
 -6.6896987 0.56203884 7.1064396 43769 a
 3.2437302E-4 0.0010735203 4.2424156E-4 43965 g
 -6.6729393 0.54408234 7.0920744 43969 a
 5.805691E-5 -2.5806032E-4 9.5687376E-4 44163 g
 -6.65199 0.5410896 7.112425 44167 a
 -2.082592E-4 -5.243764E-4 -0.0014399712 44365 g
 -6.6777277 0.54408234 7.114819 44369 a
 5.805691E-5 -2.5806032E-4 1.5792545E-4 44565 g
 -6.65618 0.5626374 7.0944686 44570 a
 -4.745753E-4 -5.243764E-4 0.001489506 44765 g
 -6.6555815 0.56084174 7.133374 44770 a
 -2.082592E-4 8.072041E-4 0.0012231899 44965 g
 -6.7058597 0.5518635 7.0585556 44970 a
 8.5700525E-4 0.002937733 0.0028210864 45166 g
 -6.434716 0.44592008 7.269245 45180 a
 -0.010594588 -0.037009683 0.021995846 45370 g
 -7.2457523 0.43873745 6.6844616 45388 a
 0.020564398 0.10893154 -0.047778975 45569 g
 -6.7100496 0.54887074 7.041796 45573 a
 -0.015388277 -0.031150728 0.011609518 45766 g
 -6.582558 0.53689975 7.1226006 45770 a
 -0.010328271 -0.03647705 0.015870575 45965 g
 -6.746561 0.545878 7.0507746 45970 a
 0.0032538502 0.017851435 -0.007565242 46166 g
 -6.6914945 0.52852005 7.0639424 46171 a
 -0.0028714202 -0.009312808 0.0041526672 46366 g
 -6.681319 0.52133745 7.125593 46370 a
 8.5700525E-4 8.072041E-4 -3.7470675E-4 46566 g
 -6.700323 0.54183775 7.082797 46570 a
 -2.082592E-4 0.0026714168 0.001489506 46765 g
 -6.6949363 0.54782325 7.095965 46770 a
 -0.0010072076 -0.0015896409 6.9055764E-4 46966 g
 -6.703914 0.53465515 7.0768113 46970 a
 -4.745753E-4 8.255799E-6 4.2424156E-4 47167 g
 -6.7027173 0.5484218 7.0738187 47171 a
 -7.408914E-4 -7.906925E-4 6.9055764E-4 47374 g
 -6.6967316 0.5484218 7.0672345 47378 a
 5.9068913E-4 0.0010735203 4.2424156E-4 47566 g
 -6.7188783 0.53824645 7.0738187 47570 a
 -2.082592E-4 -2.5806032E-4 -1.0839065E-4 47765 g
 -6.693739 0.5364508 7.0792055 47770 a
 0.0011233214 2.745719E-4 4.2424156E-4 47965 g
 -6.70571 0.53226095 7.0588546 47970 a
 -4.745753E-4 2.745719E-4 0.001489506 48172 g
 -6.679972 0.54782325 7.0833955 48177 a
 -4.745753E-4 8.072041E-4 0.0017558221 48368 g
 -6.6955347 0.54662615 7.095965 48372 a
 3.2437302E-4 0.0037366813 0.001489506 48571 g
 -6.7272577 0.54423195 7.1019506 48575 a
 -7.408914E-4 -7.906925E-4 4.2424156E-4 48772 g
 -6.6835637 0.52268416 7.0965633 48777 a
 5.805691E-5 -0.0015896409 -0.0017062873 48972 g
 -6.697929 0.5316624 7.0851912 48976 a
 5.9068913E-4 -0.001855957 -9.07339E-4 49169 g
 -6.6877537 0.56039286 7.0696287 49173 a
 5.9068913E-4 0.0013398363 -1.0839065E-4 49372 g
 -6.7158856 0.568174 7.0989575 49377 a
 3.2437302E-4 -5.243764E-4 1.5792545E-4 49570 g
 -6.805668 0.461632 7.037307 49575 a
 0.0037864824 0.011459849 -0.0035705 49771 g
 -6.5105824 1.4612112 6.9140058 49775 a
 -0.013524065 0.07990309 0.044100083 49972 g
 -6.54051 0.6645406 7.1258926 49977 a
 -0.03429672 -0.010910705 6.9055764E-4 50171 g
 -6.59019 0.23657705 7.1707835 50186 a
 -0.016187226 -0.08627816 -0.017418938 50372 g
 -6.608745 0.5053262 7.1564183 50377 a
 0.016569655 -0.019965453 -1.0839065E-4 50572 g
 -6.6171246 0.52148706 7.150433 50577 a
 -0.0042030006 0.0016061524 6.9055764E-4 50773 g
 -6.654235 0.53465515 7.11452 50777 a
 5.805691E-5 -0.0010570086 9.5687376E-4 50974 g
 -6.662016 0.50831896 7.1151185 50979 a
 3.2437302E-4 2.745719E-4 0.0012231899 51174 g
 -6.6709943 0.51310736 7.1169143 51178 a
 5.805691E-5 0.0024051007 0.001489506 51374 g
 -6.6865563 0.51789576 7.107936 51379 a
 5.805691E-5 0.004002997 0.006549512 51574 g
 -6.6865563 0.5412392 7.103746 51579 a
 -0.0015398398 0.0013398363 0.006549512 51778 g
 -6.672191 0.4921581 7.1151185 51782 a
 -0.0031377363 -0.010378072 0.0036200348 51973 g
 -6.533926 0.48078564 7.2174706 51978 a
 -0.0012735237 -0.011709653 -0.0025052356 52175 g
 -6.663213 0.52627546 7.1815577 52179 a
 0.00804754 0.005600894 -0.011293667 52374 g
 -6.6368766 0.52268416 7.1211042 52378 a
 -0.007398794 -0.0029212213 0.008680041 52573 g
 -6.6350813 0.51430446 7.1228995 52577 a
 8.5700525E-4 0.0021387846 -0.0022389195 52775 g
 -6.605752 0.52627546 7.136068 52780 a
 -0.0012735237 -0.0029212213 9.5687376E-4 52979 g
 -6.618621 0.5089175 7.1398087 52983 a
 0.0019222697 0.0024051007 -0.0025052356 53178 g
 -6.6258035 0.51789576 7.174525 53182 a
 -0.0018061559 5.40888E-4 9.5687376E-4 53376 g
 -6.64376 0.5005378 7.1176624 53380 a
 3.2437302E-4 0.0021387846 1.5792545E-4 53580 g
 -6.657527 0.50113636 7.0799537 53583 a
 -2.082592E-4 -0.0015896409 0.002022138 53775 g
 -6.6623154 0.53345805 7.0997057 53780 a
 -2.082592E-4 -2.5806032E-4 0.0028210864 53975 g
 -6.690447 0.5328595 7.0949173 53977 a
 -2.082592E-4 0.005334578 0.0025547703 54180 g
 -6.650943 0.5292682 7.132626 54183 a
 3.2437302E-4 -0.0029212213 -0.0035705 54378 g
 -6.659921 0.49395373 7.128436 54382 a
 8.5700525E-4 -0.0013233247 -0.0019726034 54576 g
 -6.63957 0.29343936 7.1021 54580 a
 3.2437302E-4 -0.002122273 4.2424156E-4 54781 g
 -6.64376 0.502932 7.1134725 54784 a
 -7.408914E-4 0.0034703652 4.2424156E-4 54978 g
 -6.644957 0.4849755 7.0853405 54982 a
 0.0013896375 8.072041E-4 -0.0022389195 55180 g
 -6.5976715 0.49814358 7.1254435 55193 a
 -0.002072472 -0.0026549052 0.0017558221 55381 g
 -6.6880527 0.4652233 7.117064 55385 a
 0.0013896375 0.0024051007 -3.7470675E-4 55579 g
 -6.6180224 0.56637836 7.136816 55583 a
 -2.082592E-4 -5.243764E-4 0.002022138 55779 g
 -6.630592 0.473603 7.1116767 55783 a
 -4.745753E-4 -2.5806032E-4 -3.7470675E-4 55980 g
 -6.6162267 0.47839144 7.1428013 55983 a
 0.0013896375 8.255799E-6 -3.7470675E-4 56181 g
 -6.6581254 0.5125088 7.164948 56185 a
 5.9068913E-4 8.072041E-4 9.5687376E-4 56380 g
 -6.6473513 0.5304653 7.158364 56383 a
 -0.0012735237 0.0021387846 0.003886351 56576 g
 -6.650943 0.50831896 7.1439986 56579 a
 -2.082592E-4 5.40888E-4 0.0017558221 56780 g
 -6.681469 0.55680156 7.149984 56784 a
 3.2437302E-4 5.40888E-4 -0.0017062873 56979 g
 -6.6377745 0.5220856 7.1398087 56983 a
 -4.745753E-4 -0.0026549052 -0.001173655 57182 g
 -6.6461544 0.5137059 7.1434 57186 a
 5.805691E-5 2.745719E-4 -3.7470675E-4 57381 g
 -6.642563 0.514903 7.140407 57384 a
 5.805691E-5 8.255799E-6 -3.7470675E-4 57581 g
 -6.630592 0.54782325 7.156568 57585 a
 -7.408914E-4 -5.243764E-4 9.5687376E-4 57782 g
 -6.6323876 0.5220856 7.152977 57785 a
 -4.745753E-4 -5.243764E-4 -1.0839065E-4 57981 g
 -6.6323876 0.5053262 7.1200566 57985 a
 -7.408914E-4 -7.906925E-4 0.0012231899 58183 g
 -6.6503444 0.5089175 7.128436 58187 a
 3.2437302E-4 0.003204049 -6.4102287E-4 58388 g
 -6.628796 0.5208885 7.1242466 58393 a
 -4.745753E-4 -0.0015896409 6.9055764E-4 58576 g
 -6.642563 0.4801871 7.130232 58580 a
 -7.408914E-4 8.255799E-6 1.5792545E-4 58780 g
 -6.6192193 0.49993923 7.130232 58784 a
 -4.745753E-4 -2.5806032E-4 1.5792545E-4 58981 g
 -6.6204166 0.52028996 7.164349 58984 a
 3.2437302E-4 0.0016061524 0.0012231899 59180 g
 -6.666505 0.52747256 7.1517797 59186 a
 8.5700525E-4 8.072041E-4 6.9055764E-4 59381 g
 -6.638373 0.5316624 7.1481886 59384 a
 -0.0012735237 0.0016061524 0.0022884542 59581 g
 -6.638373 0.51669866 7.144597 59585 a
 -7.408914E-4 5.40888E-4 0.0030874026 59781 g
 -6.641366 0.54064065 7.1098814 59785 a
 -2.082592E-4 0.0034703652 0.0028210864 59981 g
 -6.640767 0.52747256 7.1068883 59985 a
 -0.0010072076 -0.002122273 -9.07339E-4 60311 g
