 1.0601877 0.9264304 -0.1400575 7 g
 -2.09343 8.592042 -3.220351 10 a
 -0.85435885 0.08833359 -0.52168846 113 g
 -0.3612252 18.117373 3.4630632 116 a
 2.0064087 -0.72259897 0.31401145 319 g
 -2.0742764 9.026589 -0.3652654 322 a
 -1.4796691 1.4710468 0.27086824 517 g
 -5.4674587 8.612991 -1.482759 521 a
 0.24552667 1.3789015 -1.0878766 718 g
 -0.3672107 9.547328 -3.559729 722 a
 -0.16033907 -0.44642916 -0.22953972 919 g
 -1.884536 9.224111 -3.8236897 923 a
 -0.2351739 -0.556684 -0.18772809 1120 g
 -2.365172 9.001451 -0.7914333 1124 a
 -0.15155064 -0.09808768 0.13238387 1319 g
 0.5348048 13.11828 -1.1068693 1323 a
 1.1659151 0.509113 0.7148172 1516 g
 -1.2770073 8.204181 -3.1120133 1528 a
 -1.2801983 1.4707805 -0.34059355 1720 g
 -0.8915409 9.273192 -2.922273 1724 a
 -0.014131531 0.4292182 -0.42687994 1919 g
 -0.03441665 16.684443 -1.2547113 1923 a
 -0.8916431 0.2489222 0.4852527 2121 g
 -2.0670938 8.867973 -0.61186814 2125 a
 0.2029161 -0.040563405 0.3837863 2320 g
 -5.6368484 8.768614 -1.1242273 2323 a
 -0.4335794 -0.28317738 -0.74273086 2523 g
 1.3458406 9.537153 -2.7684453 2528 a
 -0.15501276 -0.6781242 0.13211755 2720 g
 -2.1275475 9.406669 -3.0647278 2724 a
 -0.4202636 -0.78518325 0.06527221 2919 g
 -1.3578117 5.0773535 -0.004938041 2923 a
 0.6926714 -0.17638461 -0.014356302 3120 g
 -1.3153145 10.932972 -2.2806268 3124 a
 2.0769825 0.32881704 -0.37548095 3320 g
 -1.6846201 9.194782 -3.284396 3325 a
 -1.4684838 1.5304353 -0.61356753 3522 g
 -1.0160394 9.679009 -2.6696846 3525 a
 0.6676377 0.39805922 -0.064690046 3719 g
 0.4516063 18.726099 -1.3277345 3723 a
 -1.0538297 0.5634415 0.851171 3922 g
 -1.2776059 9.137919 0.23986909 3927 a
 -0.35608143 1.0505337 0.50922114 4121 g
 -2.4399908 8.929625 -1.6862662 4126 a
 0.082008585 -0.4703976 -0.65484655 4322 g
 -0.2911948 10.111761 -2.5302222 4327 a
 -0.41680148 -0.21526676 -0.17814071 4522 g
 -2.3729532 9.037962 -3.2820017 4526 a
 -0.5853796 -0.85708857 -0.061494254 4720 g
 -0.81073654 5.0073233 -0.33294368 4724 a
 0.5097123 0.5637078 0.13025334 4922 g
 -2.7254994 10.161441 -1.4941314 4927 a
 1.5613946 0.88674927 -0.2324692 5126 g
 -1.5786767 8.4765215 -1.9065328 5129 a
 -1.1153486 -0.07385292 -0.5975886 5322 g
 1.9994577 11.88766 -3.293374 5326 a
 0.48015118 1.0784969 0.056483783 5527 g
 -3.9243958 9.115175 -0.9566332 5530 a
 -0.9742011 0.22974744 -0.41090098 5725 g
 -3.0780456 9.438991 -2.9881134 5729 a
 0.8657769 0.6180363 -0.15363963 5922 g
 -1.4900913 9.535357 -2.4589949 5927 a
 0.013299027 -1.0536299 -0.01861736 6123 g
 -1.9503765 9.41026 -2.6307788 6127 a
 -0.20135176 -0.8062222 -0.014888935 6326 g
 -1.105822 10.178799 -0.34611177 6329 a
 -0.12065797 -0.38331223 0.38538417 6520 g
 0.09008184 13.757532 0.7163152 6536 a
 1.864196 0.12641679 0.064473264 6730 g
 -1.1405379 8.459164 -3.1407437 6734 a
 -1.5803366 0.34186652 0.05808168 6926 g
 0.05117606 10.160244 -3.2311249 6930 a
 -0.15900749 0.4025866 -0.5054432 7124 g
 -2.3699603 4.8654666 -2.8504467 7129 a
 0.20584558 -1.4975789 -0.6154317 7323 g
 -3.4892497 11.459098 -3.3711855 7328 a
 0.4165016 -0.8935739 0.032515332 7527 g
 -0.935235 9.050531 -2.9575872 7532 a
 0.1666971 -1.2749386 -0.0308679 7726 g
 -1.3344681 9.445575 -3.401113 7730 a
 -0.2002865 -0.83471805 -0.34112617 7924 g
 -1.877952 10.052505 -0.28625673 7928 a
 0.13500549 0.25957486 0.5385159 8127 g
 0.3540426 12.5364895 0.030974984 8131 a
 1.5225124 0.020422984 0.6173455 8324 g
 -0.09307459 8.384345 -3.2592566 8329 a
 -2.3513217 1.199937 -0.046314236 8524 g
 -0.21697453 9.112182 -3.257461 8530 a
 -0.2911003 -0.12711614 -0.38719887 8729 g
 -2.3801358 5.432294 -3.185635 8733 a
 0.7440704 -0.94896764 -0.3086356 8920 g
 0.30496144 12.651411 -1.619827 8924 a
 0.33660677 -2.8478014 0.25968298 9122 g
 -2.133533 9.257629 -2.18845 9127 a
 0.62848926 -1.1436447 -0.0026383938 9338 g
 -2.6057892 9.356989 -2.4404397 9341 a
 -0.19788964 -0.7340506 -0.24791552 9524 g
 -2.0233998 8.769213 -0.97877955 9528 a
 0.1848066 -0.2666658 0.5358528 9723 g
 -1.7295115 12.607717 -2.461389 9728 a
 1.5771072 0.08034411 0.46261585 9930 g
 0.036810853 8.423849 -3.3753755 9933 a
 -1.9499834 0.8758303 0.26367772 10125 g
 1.0316017 9.530569 -3.4118872 10129 a
 -0.40668148 0.40018976 -0.25670397 10324 g
 -3.0690672 9.285163 -1.1733085 10329 a
 1.0817592 -0.51753557 0.76515096 10530 g
 -0.68743515 8.417864 -0.09651626 10535 a
 -0.71667343 -1.1146163 1.5270814 10727 g
 -0.95798 9.547927 -0.29224226 10730 a
 0.17521922 0.5740942 0.1462323 10929 g
 -1.0998363 8.870368 -3.0737062 10933 a
 -0.13876747 -0.17425409 -0.2505787 11131 g
 -1.7175405 9.540744 -1.3343185 11134 a
 -0.7829861 0.15065156 0.19203869 11327 g
 -1.202787 9.964518 -1.173907 11330 a
 0.7254283 2.4100773 -0.70145184 11527 g
 -0.9322423 7.004686 -3.0814872 11541 a
 -0.2482234 2.4867764 -0.94752795 11729 g
 -2.8631659 8.258649 -3.4567783 11733 a
 -0.5552859 0.5218962 -0.74060035 11929 g
 0.39893386 12.408998 -5.1087775 11933 a
 -0.5957659 1.3783689 0.08471329 12127 g
 -4.0153756 10.099791 -1.873014 12131 a
 -0.5787217 -0.50954604 -0.22394708 12326 g
 -5.0831895 8.423849 -1.642572 12330 a
 0.06017066 -0.06559712 -0.33739775 12527 g
 -0.54378307 10.032154 -2.344073 12531 a
 -0.38138145 -1.3353924 0.29110828 12727 g
 -3.206734 8.980501 -2.368015 12730 a
 -0.42798677 -1.037651 -0.13446486 12929 g
 -0.69701195 6.228965 -0.8321347 12932 a
 1.7195864 -0.6797221 -0.009296296 13131 g
 0.5892729 9.454553 -4.819079 13135 a
 1.519583 -0.28663948 0.31560937 13328 g
 -1.7744027 8.94758 -2.935441 13331 a
 -1.1113539 -0.5580156 -0.47268632 13530 g
 1.0327988 18.50284 2.6346693 13533 a
 0.0178264 -0.21606572 1.3196211 13728 g
 -3.746028 8.603415 -1.9867384 13731 a
 -1.6639599 1.097139 0.20934923 13928 g
 -4.819827 9.1690445 -1.5114895 13932 a
 0.45192164 -0.16999303 -0.5304769 14133 g
 0.7401076 9.075072 -3.33228 14137 a
 0.19998662 -0.11832771 0.30229354 14328 g
 -2.8984804 9.4156475 -2.658312 14332 a
 -0.26233813 -1.1689447 -0.17973861 14528 g
 -1.4523826 11.211298 -3.0940568 14532 a
 1.8130633 0.885684 -0.19305441 14730 g
 -0.19782092 8.006061 -3.8470333 14735 a
 -1.6812704 0.7139101 0.20322396 14929 g
 -0.16968904 9.27379 -3.826084 14932 a
 -1.1305287 0.11389994 -0.25617132 15131 g
 -1.3715783 6.2104096 -0.20425533 15136 a
 3.756372 -0.19369517 0.30255985 15331 g
 -1.6337434 10.276961 -1.0236709 15335 a
 -1.5310681 0.36823183 1.0056344 15529 g
 -1.6804303 8.948778 -2.0190601 15533 a
 0.7006609 -0.7138105 -0.098512195 15731 g
 -1.5696985 9.460538 -1.7108067 15735 a
 -0.28950238 -0.5859788 -0.14351961 15931 g
 -4.6025534 12.413786 4.5799584 15936 a
 0.19359504 0.5988616 -1.0053185 16128 g
 -1.4912884 10.511593 5.33473 16132 a
 2.005876 -0.0035454663 0.019465843 16331 g
 -0.33129767 8.766818 -3.8781579 16335 a
 -1.5180186 1.2830276 -0.08226691 16531 g
 -0.32710782 9.874735 -2.5870845 16547 a
 0.22315612 0.51763517 -0.426081 16730 g
 -1.184232 4.0897455 -0.34491467 16733 a
 0.9041264 -0.15321513 0.1989629 16930 g
 -6.1761427 11.384878 -3.2927756 16933 a
 0.5049186 -2.156711 -0.91397214 17131 g
 -0.44143093 9.510218 -3.1419408 17135 a
 -0.10254848 -1.0144814 0.09003961 17330 g
 -2.2083519 9.386318 -2.3195326 17334 a
 -0.2881708 -0.72872424 -0.33633247 17530 g
 -0.64673376 10.160842 0.15128362 17534 a
 -0.92706317 -0.37026274 0.9121574 17731 g
 -2.1897967 13.771897 2.000206 17734 a
 1.5912219 -0.4403039 -0.29292294 17930 g
 -0.37379473 9.003246 -2.2931962 17933 a
 -1.4277375 0.4784867 0.4357179 18131 g
 -1.0597335 9.209147 -3.0509613 18134 a
 -0.279915 -0.3516206 -0.6093065 18332 g
 -1.1860276 5.097106 -1.4905401 18337 a
 3.1156154 -1.6935874 0.14143862 18530 g
 -2.6428995 10.109367 -2.574515 18533 a
 -0.6596818 -1.0155467 1.6772836 18730 g
 -3.5413237 9.825654 -2.2411225 18734 a
 0.082008585 -1.3628229 0.13691124 18931 g
 -2.3747487 8.907477 -4.5072346 18935 a
 0.51983225 -2.336741 0.28445038 19131 g
 -2.3980923 6.591088 -0.954239 19135 a
 0.39066896 -1.9290109 0.077522755 19330 g
 1.2584523 11.983428 0.057909753 19333 a
 1.7696538 -1.6909243 1.1699514 19533 g
 -2.2927475 10.129718 -3.2185552 19538 a
 -0.69004184 -1.4696156 0.557957 19731 g
 0.15532383 9.848998 -2.948609 19735 a
 -0.007739945 -1.7428559 0.27885774 19931 g
 1.3069348 9.568876 -1.9592052 19935 a
 -0.05674211 -0.54416716 -0.2340671 20132 g
 -1.2273277 7.879168 -1.0051157 20136 a
 0.116895996 -0.2738563 -0.12967117 20331 g
 -3.3120787 9.327062 -2.3446717 20335 a
 0.44047007 -0.51220924 -0.3419251 20533 g
 -0.32770637 10.09201 -1.8760067 20538 a
 0.775762 -1.123671 -0.09265324 20731 g
 0.5030816 9.260623 -3.2239423 20736 a
 -0.36327195 -0.2983574 0.3875147 20931 g
 -4.669591 10.073454 -1.0027215 20935 a
 -0.004544152 1.1301622 -0.45217997 21132 g
 -3.4186208 10.522367 0.39489365 21137 a
 2.1795142 0.23933482 -0.58693594 21331 g
 -1.6726491 8.841039 -2.640954 21335 a
 -1.1446434 0.9642473 -0.4375326 21528 g
 -0.74908584 10.326641 -1.8736125 21529 a
 0.343531 0.3051149 0.086577505 21734 g
 -0.9388263 14.495544 -0.9219173 21738 a
 -0.32865086 0.74879754 0.6165466 21931 g
 -2.4459763 8.517223 -0.4849755 21934 a
 -0.051948417 -0.15481302 0.42266843 22133 g
 -2.5309706 9.222914 -1.9705776 22136 a
 0.03220747 0.0702241 -0.8521868 22332 g
 -0.48572367 9.948956 -3.5746927 22336 a
 -0.30281818 -0.121257186 -0.2804061 22533 g
 -4.974852 13.027301 -1.0715549 22537 a
 -0.23597285 1.0185758 0.13504703 22735 g
 -0.57011926 9.799318 -2.4224832 22739 a
 0.17122447 2.432448 -0.2260776 22932 g
 -1.2339118 8.635138 -2.2884078 22937 a
 -0.87459886 3.143512 -0.6849403 23135 g
 -1.716942 9.982474 -3.583671 23138 a
 -1.0082896 2.876397 -0.64366126 23333 g
 -1.5182232 8.776395 -3.0808887 23337 a
 -0.4319815 1.7259114 -0.6471234 23533 g
 -0.6311714 6.9454293 0.24286184 23537 a
 -0.6437028 2.5821176 0.24823138 23739 g
 -4.0111856 10.422409 -2.6146178 23742 a
 -0.76354504 3.0329907 -0.79439616 23933 g
 -4.16202 8.905084 -4.8585835 23938 a
 -0.14222957 1.3679825 -0.64126444 24134 g
 -3.895067 9.16665 -2.2076037 24138 a
 -0.79124194 0.7844839 -0.3155598 24337 g
 -1.1566987 9.3917055 -0.56996965 24340 a
 0.2061119 0.3266865 0.033047963 24533 g
 -4.0872016 12.367099 -1.5809213 24538 a
 1.553405 1.8111324 -0.19678284 24734 g
 -2.2370822 8.787767 -3.9062898 24738 a
 0.033272736 0.51923305 -0.08626165 24937 g
 1.5074493 9.929203 -3.5830724 24941 a
 -1.8655611 0.080610424 0.331322 25135 g
 -0.8951322 5.910536 -1.9005473 25139 a
 0.61064607 -0.26187208 0.3757968 25334 g
 -0.48033673 11.369914 -1.7251719 25338 a
 -0.8602178 -0.7724001 0.15848285 25537 g
 -0.58268887 10.085425 -0.32336688 25541 a
 -0.079112664 0.8111155 0.53904855 25732 g
 -1.5720927 9.064897 -2.7480946 25737 a
 -0.40801305 -0.73538214 -0.08359849 25935 g
 -1.3099276 10.188974 -3.233519 25939 a
 -0.21972756 -0.36014274 -0.13553013 26138 g
 -2.86556 9.496451 -3.308338 26141 a
 0.7794905 0.8734335 -0.6756192 26330 g
 -0.9298481 7.7403045 -2.7881975 26331 a
 -0.48204893 1.2587929 -0.10330588 26531 g
 -2.2209213 9.210943 -2.3518543 26532 a
 -0.45035732 0.03160826 -0.41835785 26737 g
 -0.3552397 13.065608 -1.635988 26747 a
 0.07641594 -0.48238182 -0.057233196 26935 g
 -2.495656 11.1035595 -0.98296946 26939 a
 -1.0804613 1.8441557 0.119068064 27137 g
 -4.8431706 8.460361 -3.377171 27140 a
 1.0881509 0.52402675 -0.71769714 27338 g
 -0.45220485 9.962124 -2.3087587 27342 a
 0.34779206 -0.14815511 -0.15896595 27536 g
 -2.8745384 8.903288 -2.040608 27539 a
 -0.6911071 -0.8943728 -0.29372188 27736 g
 -1.1393408 8.487295 -2.1196167 27739 a
 0.15524551 0.89287454 0.71721405 27939 g
 -2.6183589 10.242246 -1.8556559 27943 a
 2.341967 0.721367 -0.10570273 28136 g
 -1.5679028 8.499267 -3.6112044 28140 a
 -0.90922 1.4846289 -0.6601729 28336 g
 0.51325697 8.491486 -1.9825486 28340 a
 -0.5153384 1.0534632 -0.34565353 28539 g
 -2.8272529 10.10398 -3.4597712 28543 a
 -1.6176208 1.8673252 -7.741809E-4 28737 g
 -2.330456 11.749993 -2.1495442 28740 a
 0.0657633 3.546182 -0.17947228 28933 g
 -5.113117 6.5767226 -5.1554646 28937 a
 0.2708267 3.9560425 -0.96084374 29134 g
 -3.446154 10.624121 -5.1464863 29137 a
 -0.8221346 3.546182 -0.14032382 29337 g
 1.2608465 10.99582 -0.95962596 29340 a
 -0.79523665 3.6907916 0.07619117 29537 g
 0.18405426 11.75598 -3.3346741 29541 a
 1.2759037 0.2838096 -0.3978515 29739 g
 -0.28700492 17.86299 -6.9834375 29743 a
 -0.8639462 3.9078393 -0.3930578 29937 g
 -2.8440123 11.157429 -2.4769514 29940 a
 -3.216849 0.9844873 -0.03512896 30138 g
 -3.7035308 12.077401 1.0335469 30141 a
 -1.0674118 0.22601902 0.7427804 30339 g
 -1.2075754 8.220941 -0.5077204 30343 a
 0.76297885 2.2979584 -0.6607055 30538 g
 -0.28101942 11.7960825 -1.256507 30541 a
 -0.82479775 1.0886168 -0.78773826 30738 g
 -4.1512465 7.631967 -2.5356092 30741 a
 0.15391393 -0.1891678 0.44104424 30938 g
 -2.7913399 10.273969 0.10998364 30942 a
 -0.21360229 1.417251 -0.0457816 31139 g
 -2.0850503 9.024195 1.3807062 31143 a
 -0.31373715 1.8955547 0.192305 31334 g
 1.7690158 13.145813 -5.249437 31339 a
 2.0468888 1.6833007 0.28045562 31539 g
 -0.1906383 7.9563813 -1.7682676 31543 a
 -1.6948525 -0.29542792 -0.41303152 31735 g
 -4.3924623 10.794707 -1.7634792 31744 a
 -0.12305482 -5.057426 0.12972072 31934 g
 -0.887351 8.547151 -3.5980363 31944 a
 0.83701473 -2.8206372 0.14649862 32140 g
 3.1863832 9.922619 0.3494038 32146 a
 0.38907105 -2.011569 0.64104766 32338 g
 -2.9158385 8.987683 -3.0042741 32341 a
 0.3216931 -0.3100753 0.33025673 32538 g
 -1.6445173 10.635493 -3.4974797 32541 a
 0.0772149 -2.10185 0.33371884 32739 g
 -0.31094694 9.940576 -1.9406501 32743 a
 -0.24955498 -1.1561615 -0.09105534 32940 g
 -1.9384055 10.743232 -1.1529578 32944 a
 -0.27245817 -0.005143363 0.31374514 33139 g
 -0.72993225 7.8624086 -2.2088008 33142 a
 0.8543253 -0.5348461 0.42932633 33340 g
 0.02184709 9.147496 -2.008885 33344 a
 1.2436794 -0.46906602 0.29696724 33538 g
 0.5342063 9.314492 -3.1581018 33541 a
 -1.2873888 0.4260224 -0.00902998 33738 g
 0.6311714 9.131934 -2.5421932 33741 a
 -0.14036536 0.5858121 -0.3597683 33940 g
 -1.6295536 7.9384246 -2.2028153 33944 a
 -0.9787285 0.058772504 0.0402385 34139 g
 -3.5748425 8.062923 -4.7586255 34143 a
 0.5733618 -1.1873206 -0.038058437 34338 g
 -0.70958155 9.034969 -2.8564322 34341 a
 0.22581927 -0.6416389 -0.42714626 34539 g
 -2.0670938 9.604789 -2.1800704 34543 a
 -0.35608143 -0.1628025 -0.40237886 34738 g
 -3.8328176 9.8136835 -1.4013562 34741 a
 -0.22558652 0.4654372 -0.05829846 34938 g
 -0.72155255 9.4318075 -2.7864017 34941 a
 0.14299497 2.635647 0.014139521 35141 g
 -1.7708114 10.443358 -1.3031939 35146 a
 1.3155848 1.6787734 -0.3661599 35340 g
 -1.266832 8.982297 -2.946215 35344 a
 -0.92573154 2.2532172 -0.5677612 35538 g
 -0.252289 9.974693 -1.8610429 35541 a
 -0.023452595 1.7717177 -0.2822703 35740 g
 -1.3476362 8.932018 -0.13482349 35744 a
 -0.8935073 1.9578726 0.15715127 35938 g
 -5.348946 7.6086235 -6.3992524 35941 a
 1.2996058 -0.13510562 0.118269116 36138 g
 -2.2634184 8.711153 -3.928436 36142 a
 -0.029577866 0.86411244 -0.29771665 36340 g
 -3.592799 9.778967 -1.2894273 36344 a
 -0.48870683 -0.062667646 -0.3618988 36538 g
 -1.9282302 7.9348335 -0.51789576 36542 a
 -0.5936354 0.06116935 0.2903093 36738 g
 1.5535376 8.980501 -0.9338883 36749 a
 1.6836337 0.82123554 0.022661636 36939 g
 -1.5816694 10.346992 -1.7371429 36943 a
 -0.08443899 2.3333783 -0.68334234 37139 g
 -2.446575 7.933636 -2.4984992 37143 a
 0.7347494 0.39539605 -0.14804699 37339 g
 -1.148319 9.697564 -3.0048728 37343 a
 -0.29749188 -0.028845496 -0.56909275 37543 g
 -1.1764508 2.3216274 -0.8201637 37548 a
 0.0063748085 -1.344447 -0.53979796 37739 g
 -4.063858 9.991452 -0.6088754 37743 a
 1.1078582 -2.5378096 -0.46522948 37939 g
 -3.022979 10.404452 0.4475661 37943 a
 -0.22745073 -3.0081239 0.2913746 38143 g
 -2.884714 9.173234 -3.1533132 38148 a
 0.19812241 -2.1066437 -0.25457343 38339 g
 -2.1341314 9.663447 -1.7084125 38343 a
 -0.24955498 -1.500242 0.04636377 38538 g
 -2.4286184 9.149292 -0.50831896 38542 a
 1.0553939 -0.44323337 0.09163751 38738 g
 -0.81672204 11.208305 -3.6758478 38742 a
 3.6008432 -1.530602 0.48711693 38938 g
 -1.249474 9.418041 -2.6271875 38941 a
 -1.2133529 -0.36973011 -0.2527092 39140 g
 -2.1371243 10.655844 -3.1946132 39144 a
 -0.3440972 0.03586932 -0.6993213 39339 g
 -3.7747583 8.146122 -1.2187983 39343 a
 2.190966 -1.5604295 -1.1406071 39539 g
 -7.310994 7.3763857 -3.2993596 39542 a
 0.52409333 -3.335959 -0.35444197 39738 g
 -2.9361892 9.19179 -1.915511 39742 a
 -0.078047395 -1.943392 0.17552708 39938 g
 -1.8767549 9.20795 -1.726369 39942 a
 0.21010663 -0.9633487 0.32253358 40139 g
 -3.6993408 11.029938 0.15427637 40144 a
 1.4535365 -0.81501067 -0.039656334 40339 g
 -1.2410944 10.449943 -1.1589433 40342 a
 -0.1688612 -0.49569762 -0.22714287 40539 g
 -0.15532383 10.568455 0.015412673 40543 a
 0.32435623 -0.6759936 0.18831025 40739 g
 -0.24570495 9.3935 -1.0206782 40742 a
 0.42662162 0.23028007 0.0072153024 40939 g
 0.07392098 8.739883 0.72289926 40942 a
 -0.02797997 -1.078131 -0.108365886 41140 g
 0.252289 9.604191 1.129315 41145 a
 -0.41680148 -0.3185974 -0.18506493 41339 g
 -0.6808511 9.78196 -1.8873792 41342 a
 -0.02451786 -1.1425794 0.5137485 41539 g
 -2.1634605 10.279355 -2.543989 41543 a
 0.106775984 -1.5713484 -0.08493007 41739 g
 -2.5507226 9.582044 -2.1160254 41744 a
 -0.11479902 -0.80995065 -0.22314814 41939 g
 -2.390311 10.206332 -0.63281745 41942 a
 -0.071123175 0.24599272 -0.27188396 42140 g
 -0.9142858 7.969549 -2.5182512 42145 a
 0.8183726 2.8313894 1.0924535 42340 g
 -0.64433956 8.654291 -1.7485155 42345 a
 0.3749563 0.87982506 -0.098245874 42540 g
 -2.0192099 9.300725 -1.4151229 42545 a
 -0.7201355 0.10910625 -0.2622966 42739 g
 0.117016606 9.052327 -2.6672904 42744 a
 -0.3377056 0.23986745 -0.19731547 42940 g
 -1.7684172 6.9346557 -1.8778024 42945 a
 1.0607203 -1.6046379 -0.07960375 43140 g
 -3.2073324 10.05849 -3.4166756 43145 a
 0.46177536 0.23960114 -0.107300624 43339 g
 -1.9222447 8.544756 -2.8678048 43344 a
 -0.011202054 -2.2547154 0.3611494 43541 g
 -2.410662 10.089615 -1.5485996 43546 a
 -0.30015504 -1.6781411 -0.16269438 43740 g
 -1.723526 6.9759555 -0.8345289 43745 a
 1.3984091 -0.26773104 1.7124374 43939 g
 -1.3781624 10.692954 -2.781015 43944 a
 2.6120117 -0.04988447 0.6668803 44141 g
 -0.8358757 9.194183 -3.631555 44145 a
 -1.1446434 0.1365368 -0.15017752 44340 g
 1.7750013 11.26397 -3.5321958 44345 a
 -0.32891718 0.18660423 -0.13393223 44541 g
 -3.1929672 7.051373 -1.7766473 44546 a
 0.42662162 -1.1431121 -0.6268833 44741 g
 -4.1392756 7.615207 -6.037728 44746 a
 0.69560087 -1.0307267 -0.29824927 44941 g
 -2.5585039 9.3761425 -4.353407 44946 a
 -0.15021907 -2.8454046 -0.1978481 45141 g
 -5.1089272 8.493879 -2.5757122 45146 a
 -0.15794224 -1.237388 -0.20983233 45341 g
 -1.801936 8.579473 -1.0769418 45347 a
 1.1707088 2.8633475 2.5132499 45541 g
 -0.45100775 10.063278 -2.259079 45547 a
 2.8519623 0.334676 0.29110828 45741 g
 -1.7085621 8.315512 -2.6954222 45746 a
 -1.0426444 -0.058140267 -0.45164734 45942 g
 1.3248913 19.822044 10.197952 45947 a
 1.1225057 -3.3540685 1.021347 46144 g
 -1.3626001 8.279 -0.68489134 46148 a
 -2.1396003 1.0816927 0.12705755 46341 g
 -1.9342157 10.121338 2.3228245 46347 a
 0.5054512 -0.5431019 -0.79226565 46543 g
 -2.945766 9.457545 -2.9330468 46548 a
 -0.19842228 -0.779058 -0.25830185 46742 g
 -3.0265703 9.273192 -1.1565491 46746 a
 -0.23384231 -0.41606912 -0.03379738 46941 g
 -3.446154 9.139117 -3.0054712 46947 a
 -0.56167746 0.9211041 -0.15044384 47144 g
 -1.427842 8.878149 -2.6229975 47150 a
 -0.7968346 1.6265755 -0.46336526 47342 g
 -1.683423 8.853009 -2.686444 47347 a
 -0.73052186 -0.13776879 -0.5075737 47543 g
 -2.1065981 17.675642 -0.5765537 47547 a
 0.5706986 0.34186652 0.37473154 47743 g
 -1.8701708 7.7175593 -0.5017349 47747 a
 -1.2405173 1.5381585 0.33185464 47942 g
 -4.558261 11.292701 0.7408558 47947 a
 -0.7835188 -0.25468156 -1.0793544 48143 g
 -2.6644473 9.845407 -3.3358712 48153 a
 -0.16832855 -0.8490991 -0.59199595 48344 g
 -2.7135284 5.9979243 -1.6832734 48348 a
 -0.15021907 1.6374943 1.3217516 48543 g
 -5.1723733 10.685172 -1.2702737 48548 a
 2.1544805 0.81404495 0.16700497 48743 g
 -0.3863643 8.242488 -3.4669538 48747 a
 -0.7859156 1.1051285 -0.18506493 48944 g
 -0.022445641 9.104401 -1.3911809 48948 a
 -0.41760042 -0.19049938 -0.29984716 49147 g
 -2.353201 11.324425 0.8833108 49150 a
 0.14006549 0.86357975 0.14197125 49343 g
 -0.9639655 8.889522 -2.3422775 49348 a
 0.8428737 -0.16653092 0.16886918 49545 g
 -3.8052843 9.675418 -3.0623336 49549 a
 0.12568443 -1.7788086 -1.3137126 49744 g
 -4.439748 9.085846 -1.7682676 49748 a
 -0.316134 -0.567603 -0.11395852 49944 g
 -2.4399908 8.147918 -1.7461212 49948 a
 0.061768558 1.4902216 1.3960538 50146 g
 -2.9732993 10.807876 -0.817171 50149 a
 3.100968 0.20071898 -0.12407854 50344 g
 -0.8125322 8.768016 -3.6321535 50348 a
 -1.0769991 1.4755741 -0.21542497 50545 g
 -0.005686229 10.282348 -2.384176 50548 a
 -0.2450276 -0.15241617 -0.1927881 50745 g
 -2.719514 13.780277 -1.1373955 50749 a
 -0.29589397 0.34692654 0.61601394 50945 g
 -0.3426701 8.80333 -0.4700117 50948 a
 -0.059138954 -0.70768523 0.69750667 51146 g
 -1.807323 10.403853 -0.45265377 51149 a
 0.24472773 -1.9372667 -0.5909307 51346 g
 -3.9662943 9.259425 -1.6892589 51349 a
 -0.3656688 -0.8509633 -0.28599873 51546 g
 -2.5082254 8.145523 -0.9021651 51550 a
 -0.019457854 0.9264304 0.57526755 51750 g
 -0.13437457 12.684331 -0.105494514 51761 a
 2.5158715 0.15224946 0.16860287 51948 g
 -0.89692783 8.669254 -3.032406 51952 a
 -1.7430557 1.7607987 -0.18506493 52149 g
 -0.5342063 10.376919 -2.3404818 52153 a
 -0.05328 0.17781581 -0.302244 52346 g
 -1.8707694 7.3165307 -1.4031519 52349 a
 0.33554152 0.875564 0.040504817 52547 g
 -3.3294368 11.791892 -4.486285 52551 a
 1.3978765 -2.1292806 -0.11422484 52746 g
 -1.8157027 9.236681 -2.4685717 52750 a
 0.3168994 -2.3380725 -1.0095795 52946 g
 -3.2755673 8.70816 -2.3620296 52950 a
 -0.29030132 -0.5542872 -0.19092388 53148 g
 -1.8438346 7.238719 -1.5785271 53151 a
 0.39226684 1.7424229 1.5353371 53346 g
 -2.7907414 10.709115 -1.0242695 53350 a
 3.1654165 -0.5817177 0.0032205607 53547 g
 -0.84605104 9.292346 -2.8199208 53551 a
 -1.3326626 1.0694422 -0.06176057 53747 g
 0.61261636 9.772982 -2.3895628 53751 a
 -0.2548813 -0.026182335 -0.13100275 53947 g
 -1.634342 4.986374 -1.0889128 53950 a
 0.15098445 0.5895405 -0.20557126 54148 g
 -4.3170447 10.187179 -4.771195 54151 a
 0.7464673 -1.1460415 -0.09664798 54348 g
 -3.258808 9.741858 -3.6531029 54351 a
 0.40877846 -1.4477777 -1.0932028 54547 g
 -3.9531262 9.236681 -2.1842601 54551 a
 -0.33530876 -0.3444301 -0.19651651 54747 g
 -1.2213421 6.93705 -1.2744635 54751 a
 0.49266803 2.1725235 1.9385397 54948 g
 -3.9794624 10.36854 -0.7022493 54952 a
 2.530785 0.47369298 -0.013557354 55148 g
 -1.1836334 9.025393 -2.4476223 55152 a
 -0.6881776 0.15091787 -0.2740145 55347 g
 0.8646061 9.479094 -2.0771196 55351 a
 -0.3744572 0.6473311 -0.14059013 55548 g
 -1.1746552 4.2794857 -0.5232827 55552 a
 -0.04236104 0.011900868 0.070598535 55748 g
 -4.5708303 10.14947 -4.50484 55751 a
 0.46177536 -1.3745408 -0.30943456 55948 g
 -0.90171623 9.595212 -2.9120975 55951 a
 0.27721828 -1.6528411 -0.8111741 56149 g
 -3.3874962 8.802133 -2.7337294 56153 a
 -0.35315195 -0.46640286 -0.18905967 56348 g
 -1.5541362 9.052327 -1.043423 56352 a
 0.6649746 1.8678578 1.9092449 56545 g
 -3.1031847 10.057293 -0.97758245 56546 a
 2.257811 0.24412851 0.013340573 56747 g
 -0.5126584 8.983494 -2.7468975 56755 a
 -1.0538297 0.9511978 -0.19385336 56948 g
 -0.082300685 9.250447 -2.4536078 56952 a
 -0.4961637 0.79673445 -0.27694398 57149 g
 -2.7398646 9.151687 -2.2937949 57153 a
 -1.0335896 -0.2043478 -0.20317443 57349 g
 -5.207688 8.178443 -3.8350623 57352 a
 0.82396525 1.8931578 -1.0106449 57549 g
 -0.94900167 9.804705 -0.817171 57552 a
 -0.13317484 -1.1833258 -0.30597243 57749 g
 -4.384681 8.22513 -2.4625862 57752 a
 -0.09642321 -1.4256735 -0.32088614 57949 g
 -5.010765 10.229077 2.1007624 57953 a
 0.8476674 -0.30448267 0.10388805 58150 g
 -2.4788966 9.95554 -2.3871686 58154 a
 0.40691423 0.9458715 0.03677639 58349 g
 -1.6552912 9.774777 -2.4955063 58353 a
 -0.19149806 -0.37106168 -0.04524897 58549 g
 0.44202948 9.453356 -2.989909 58553 a
 -0.49536473 0.71098065 -0.3270114 58749 g
 -3.0995934 9.106196 -0.9386767 58753 a
 -1.2112224 0.24013378 -0.25776923 58949 g
 -5.6039286 7.939622 -3.2784102 58953 a
 0.30118674 1.4478773 -0.98214906 59150 g
 -2.5453358 8.734497 -1.0685622 59154 a
 0.024217987 -1.4224777 -0.6489876 59349 g
 -4.334403 8.410681 -1.7766473 59352 a
 0.002113751 -1.0517657 -0.118219584 59549 g
 -4.4912233 17.801937 -1.102081 59553 a
 1.1997373 3.9184918 2.673572 59750 g
 -3.6718075 9.807697 -1.9598037 59753 a
 1.5840315 1.0745021 0.050891142 59949 g
 -3.1995513 7.9330378 -3.1114147 59953 a
 -0.24076654 -0.29116687 -0.2673566 60290 g
