 -0.97792953 -2.0528479 -0.9347448 7 g
 4.1769843 11.401637 -2.4673746 8 a
 -0.25301707 0.09792097 -0.8425994 157 g
 1.0052655 7.178864 -4.223521 161 a
 -0.3227919 0.08407253 -1.0346133 369 g
 -1.5625159 3.0009823 -6.652439 376 a
 1.2016015 1.695285 0.004285825 570 g
 1.6738462 8.657883 -1.3420997 575 a
 0.19625819 0.61617213 -0.33100614 768 g
 1.8677766 10.43857 -3.4148798 773 a
 0.5459312 -0.25441524 -0.20663653 970 g
 -2.269404 8.368782 -0.4269161 975 a
 -1.4032364 -0.65681887 -0.093452185 1170 g
 -1.2135609 9.114576 -1.2146084 1174 a
 1.6993463 0.22814955 -0.49159476 1369 g
 -2.0994155 10.090214 -2.876783 1373 a
 -0.2729908 -0.34043536 -0.48307264 1569 g
 -2.4178445 8.52261 -2.4943092 1573 a
 -0.3539509 -0.49489868 -0.42341784 1770 g
 -1.7331028 9.194183 -1.3295301 1775 a
 0.7491304 3.4226112 1.109764 1969 g
 -1.1339538 10.220697 -2.2746413 1973 a
 2.667938 0.52402675 0.040504817 2169 g
 -2.0120273 7.8701897 -2.7187657 2173 a
 -1.1630192 0.3101749 -0.44871786 2370 g
 1.202787 11.937939 -1.055394 2374 a
 0.3251552 0.31816438 -0.054303717 2570 g
 -1.3272855 8.314314 -2.466776 2574 a
 -1.3667511 0.99886835 0.33158833 2769 g
 -2.5046341 10.482862 -0.24136546 2773 a
 -0.450091 -1.7516444 -0.70251715 2970 g
 -2.616563 9.842414 -1.8837879 2974 a
 -0.3954962 -0.42778704 -0.4543105 3169 g
 -3.4311903 7.3368816 -0.5424363 3174 a
 1.0007992 2.806622 1.9459965 3370 g
 -4.7312417 8.932018 -1.3786112 3374 a
 1.8815066 -0.22165836 -0.31769034 3570 g
 -0.39175126 7.942016 -2.6876411 3574 a
 -1.0815265 0.31922966 -0.22128391 3773 g
 1.3500305 11.342381 -4.0397663 3776 a
 -0.74570185 1.5943512 0.06926695 3973 g
 -2.3909097 10.813861 -2.057966 3977 a
 -1.073537 1.8936905 0.119334385 4171 g
 -5.8295817 11.712884 -1.440262 4175 a
 -1.0607538 -2.3188977 -0.9507237 4372 g
 -2.86975 9.307309 -1.9023429 4375 a
 -0.23677179 -0.30368373 -0.29505348 4571 g
 -3.4371758 6.705411 -0.74773914 4575 a
 0.8274274 1.2750381 1.0074986 4776 g
 0.3462614 7.6600986 -1.6736966 4780 a
 1.9584719 -0.3678659 0.35502413 4974 g
 2.6387095 7.567922 -2.91928 4977 a
 -1.2351909 0.90911984 0.025058482 5170 g
 0.822109 7.7762175 -2.0292356 5174 a
 -0.92386734 0.75811857 -0.15656911 5374 g
 -2.4268227 9.902268 -2.3728034 5378 a
 -1.2895193 -0.6405736 0.119068064 5574 g
 -3.9764698 11.419594 -1.2894273 5578 a
 0.18746977 -1.5058346 -1.4082549 5778 g
 -4.6570215 8.958355 -2.396147 5783 a
 -0.274855 -0.77346534 -0.18772809 5974 g
 -1.7265188 5.782446 0.114772044 5978 a
 0.9129148 3.099836 2.1720989 6176 g
 -2.9756935 8.9781065 -1.4648025 6179 a
 2.2077436 0.44892558 0.15741758 6368 g
 0.011073183 8.44001 -2.7427077 6371 a
 -1.0884507 0.031874575 -0.048977397 6571 g
 -1.0423756 11.93315 -2.3021746 6575 a
 -0.362473 0.3692971 -0.5006495 6771 g
 -1.1381437 10.509797 -1.2559084 6775 a
 0.9635149 -1.6709507 0.75716144 6969 g
 -3.0116065 9.314492 -2.722357 6972 a
 0.19545925 -1.0136825 -0.35550722 7171 g
 -2.4657285 10.002825 -0.96621 7175 a
 -0.27538764 -0.22325626 -0.2873303 7369 g
 -3.1169512 6.8185368 -1.4815619 7373 a
 1.2269015 1.2713097 1.2224157 7569 g
 0.45938745 10.791715 -1.2403461 7573 a
 2.5366442 -1.6163558 0.5995023 7770 g
 0.0104746325 7.679851 -3.0252235 7774 a
 -1.9332054 0.19059898 -0.08919113 7972 g
 1.1758523 13.369671 -5.691766 7975 a
 -0.37046248 3.1208751 0.62666655 8169 g
 -3.0020297 10.098593 1.1197382 8173 a
 -1.7068367 -0.7977001 0.83465946 8370 g
 -2.6650457 10.285341 -0.59989715 8374 a
 -0.6386428 -2.5340812 -0.29079244 8570 g
 -3.0355484 10.5499 -0.9566332 8574 a
 -0.3773867 -1.0285962 -0.3552409 8762 g
 -3.165434 5.6381955 0.22550388 8763 a
 1.6612631 2.1003518 1.8844775 8969 g
 -4.890456 9.516802 -1.3127707 8973 a
 3.3196135 -0.6075504 0.10948069 9172 g
 -0.57490766 6.0996776 -1.8460791 9175 a
 -1.1707424 -0.74230635 -0.6218234 9370 g
 -3.7382467 19.822044 11.812841 9374 a
 1.827977 -2.4685674 1.1188188 9571 g
 -1.8647839 9.078065 -1.3570634 9574 a
 -1.4620922 2.7062209 0.32359883 9770 g
 -3.4952352 10.196755 0.43798926 9774 a
 -0.48338053 -2.2083764 -1.1597819 9970 g
 -3.4365773 9.403676 -3.1467292 9974 a
 -0.106809534 -0.9319234 -0.58507174 10173 g
 -6.8537016 9.161861 -1.4899416 10180 a
 1.7262442 0.17914738 -0.059363723 10373 g
 -3.515586 8.574085 -3.0455742 10376 a
 0.25165194 1.3157846 0.079653285 10571 g
 -2.4657285 9.534759 -3.0126538 10574 a
 -1.3563647 -0.81394535 -0.30064613 10771 g
 -1.6307507 8.241291 -2.4260745 10775 a
 3.159025 0.844405 0.6618203 10969 g
 -7.892785 13.202676 -4.468927 10973 a
 0.5163702 -2.9146469 -1.040206 11173 g
 -3.065476 8.944588 -3.565116 11176 a
 0.08334016 -2.4584475 -1.2806894 11372 g
 -4.9353476 6.2343516 -2.3536499 11375 a
 -0.2218581 -0.49756184 -0.15390594 11571 g
 -2.016217 7.2836103 -3.7159507 11575 a
 0.59892815 -0.16466671 0.6916477 11771 g
 -1.68881 8.132355 -2.7265468 11775 a
 -1.2759372 0.8673082 -0.38613358 11972 g
 -2.0281882 9.927407 -3.4178727 11975 a
 -1.3702132 0.25318328 -0.5318085 12173 g
 -1.1991957 0.7468413 1.4052467 12177 a
 -0.04848631 -2.8342195 -1.069767 12372 g
 -3.80708 6.192453 -4.8921022 12375 a
 0.6492619 -1.3236744 -0.15310699 12572 g
 -2.0018518 8.443003 -4.173842 12576 a
 -0.004544152 -2.3481925 -0.5182264 12771 g
 -4.3769 7.363218 -2.133982 12775 a
 -0.12571798 -1.2847923 -0.17201544 12972 g
 -4.3409867 7.2488947 -2.2620716 12976 a
 0.87989163 0.039597742 0.6034971 13187 g
 -1.0735002 9.633519 -2.5619454 13210 a
 -0.7741977 0.5245594 -0.06841847 13374 g
 -1.3889363 9.646089 -3.4489973 13378 a
 -1.2839267 0.10910625 -0.3549746 13563 g
 -0.28341362 19.822044 1.0485107 13564 a
 1.4681839 1.159457 1.872227 13763 g
 -4.90542 8.009053 -0.8315362 13764 a
 -1.6165556 1.2699782 -0.09931114 13997 g
 -3.1331122 10.400861 0.87912095 14010 a
 0.37761948 -2.9697742 -0.1680207 14171 g
 -2.3508067 9.854983 -2.449418 14174 a
 -0.06419896 -0.85469174 -0.55311376 14375 g
 -1.9605519 10.621128 -1.0320506 14379 a
 0.870038 4.3975945 3.5103374 14572 g
 -3.0391397 9.741259 -2.0896893 14576 a
 3.7523773 -0.05254763 0.31853884 14772 g
 -2.5842414 7.9264536 -3.9996636 14776 a
 -0.9659453 -0.407547 -0.32248405 14975 g
 1.4452 11.674577 -3.2514756 14979 a
 -0.35821193 0.9996673 0.41121683 15173 g
 -4.16202 11.207707 -3.1413422 15204 a
 -0.44742784 -0.5004913 0.56860965 15373 g
 -4.608539 10.996419 -1.9723732 15376 a
 -0.004810468 -0.47918603 -0.34378934 15575 g
 -1.2865841 9.306711 -1.7173908 15580 a
 -0.055144213 -1.5116936 0.66128767 15773 g
 -3.3366194 6.85026 -3.9422028 15776 a
 0.3318131 -2.1979902 -0.41835785 15973 g
 3.488651 14.5554 0.14948797 15977 a
 2.2199943 -4.463275 2.220302 16176 g
 -2.0066402 8.387338 -3.3849523 16180 a
 -1.9979202 -0.2802479 1.1294714 16373 g
 -2.864363 10.048315 -5.151873 16378 a
 -0.33024874 -1.5151557 -0.23140393 16573 g
 -1.5062522 3.8311718 -0.49634793 16578 a
 1.524643 -1.298907 -0.48094213 16776 g
 -5.4129906 7.8247 -2.1279964 16780 a
 0.4804175 -2.1095731 -0.43540207 16974 g
 0.5856816 9.493459 -3.1575031 16978 a
 0.0492517 -1.2704111 0.34144202 17174 g
 -1.9701288 9.401282 -1.1649288 17178 a
 -0.26473498 -1.0110193 0.28391773 17375 g
 -1.2440871 9.186402 -1.8185458 17379 a
 2.8855183 -0.96068555 -0.10383851 17573 g
 -2.8188732 8.019828 -2.7127802 17576 a
 1.3350259 -1.1218067 0.45143056 17773 g
 -1.479916 8.036587 -2.3225253 17776 a
 -1.2578278 -0.36893117 -0.73394245 17973 g
 -3.295918 10.113557 3.5678093 17977 a
 1.1651162 -0.9732024 0.65462977 18181 g
 -2.1030068 8.990676 -1.7509097 18185 a
 -1.2935141 0.06223461 1.0301355 18374 g
 -2.8613703 10.569653 -2.4889224 18379 a
 0.86710846 0.33574125 -0.043118443 18574 g
 -1.5798738 8.43582 -3.9679403 18578 a
 0.05617592 -0.15428038 -0.2985156 18771 g
 -0.77003515 8.381352 -4.5509286 18773 a
 3.8455877 -1.0839899 0.13265018 18973 g
 -2.9224224 8.499865 -3.2347162 18977 a
 0.5736281 1.4169847 0.24716611 19174 g
 -1.4290391 8.527997 -2.1160254 19177 a
 -0.7427724 -0.2853079 -0.6439276 19375 g
 -0.863409 16.785599 9.287558 19379 a
 0.09612334 -3.5700507 0.9616922 19575 g
 -3.105579 6.8867717 -1.8586487 19580 a
 -1.4509069 -0.19049938 0.7659499 19779 g
 -3.0834324 10.643274 -1.0709563 19783 a
 -0.1688612 -0.26187208 -0.4676263 19975 g
 -2.1957822 8.657883 -4.105607 19980 a
 -0.888181 -0.71168 -0.50118214 20175 g
 -4.0087914 5.3371243 -3.0342019 20189 a
 -1.6525083 3.9381993 -1.1770924 20381 g
 -0.8681974 7.9719434 -3.5495536 20385 a
 -0.336374 3.1552298 -1.3203704 20574 g
 -4.1793785 8.856601 -2.9533975 20578 a
 -1.6421219 2.7759957 -0.84366465 20776 g
 -3.0570962 7.8504376 -2.4135048 20780 a
 0.096922286 1.1583917 -0.54459167 20979 g
 -1.3811551 11.038318 -2.2686558 20983 a
 0.98854864 0.6603806 -0.5070411 21175 g
 -3.7987003 9.255236 -2.502689 21180 a
 -0.24582654 0.42522347 -0.81197304 21376 g
 -3.7011366 9.858575 -1.6605285 21381 a
 -0.36167404 -0.036036033 -0.6444602 21579 g
 -4.0075946 6.9783497 -1.465401 21583 a
 0.36456996 3.5701504 1.5401309 21776 g
 -2.1712418 9.510817 -1.7209821 21780 a
 3.177667 1.4473447 -0.18533124 21975 g
 -1.2841899 7.2584715 -3.0294132 21980 a
 -1.8860674 1.4430836 -0.6812118 22179 g
 -0.26844987 7.553557 -2.360234 22183 a
 0.21996033 -0.26773104 -0.2340671 22375 g
 -4.443938 8.705767 -4.728698 22380 a
 -1.7300062 2.7440379 -1.1738967 22575 g
 -4.2913074 9.537751 -2.9857192 22580 a
 0.40451738 1.6646587 -0.52222115 22773 g
 -3.9806595 9.324069 -2.6882396 22777 a
 -0.27725184 -0.84830016 -0.38373673 22976 g
 -4.1177278 8.243686 -2.3147442 22980 a
 -0.23490758 1.4641227 0.71721405 23176 g
 -5.110723 12.045079 -0.9871593 23179 a
 2.1837752 -0.11832771 -0.00423629 23379 g
 -1.2913725 8.560319 -3.553145 23383 a
 -2.0562434 1.1426791 -0.426081 23575 g
 -1.1112089 11.249605 -5.677999 23580 a
 -0.6841829 1.2532003 0.16061337 23775 g
 -1.671452 4.1202717 -0.62324065 23780 a
 -0.58191746 -0.4224607 -0.40344414 23979 g
 -3.255815 7.321319 -3.3017538 23983 a
 0.55285543 0.58234996 -0.38932937 24175 g
 -2.6458921 8.64232 -2.052579 24180 a
 -0.24156548 -0.8155433 -0.6290139 24375 g
 -5.9127803 8.426243 -2.4338558 24380 a
 -0.12358745 -0.50129026 -0.25510606 24579 g
 -5.18614 9.587431 -1.8029835 24583 a
 1.255131 -0.8512296 0.53265697 24775 g
 -1.7109563 7.5080667 -2.9815292 24780 a
 -1.6290724 0.6326837 -0.06309215 24976 g
 -0.7257424 9.486276 -3.16708 24980 a
 -1.4415859 -0.004610731 -0.30757034 25179 g
 -1.522413 5.9428577 -0.71362174 25191 a
 2.3371735 0.5051183 0.49084535 25375 g
 -5.56622 9.337835 -6.1448684 25380 a
 0.28946882 -1.7609655 -0.7488561 25575 g
 -1.6965911 10.086023 -2.5828948 25580 a
 0.24685825 -1.1332583 -0.95391953 25779 g
 -4.4600983 9.121758 -2.505083 25783 a
 -0.43917203 -0.19156463 -0.32461455 25979 g
 -5.2256446 7.996484 -4.3779473 25983 a
 1.5110608 -1.0709404 0.2138766 26176 g
 -1.5068507 9.2965355 -2.8241105 26180 a
 -1.140116 0.87503135 -0.2503124 26381 g
 -1.6439188 9.86875 -3.5986347 26385 a
 -1.130795 0.082740955 -0.44365788 26578 g
 -3.291728 17.86239 -2.123208 26583 a
 2.7449033 2.4417691 0.8437142 26778 g
 -3.2695818 9.648483 -1.3899838 26783 a
 -2.1060445 1.0683769 0.22106713 26979 g
 -3.1001918 9.778967 0.7456442 26984 a
 -0.5552859 -2.915712 -0.64579177 27178 g
 -3.048118 9.107992 -2.654122 27183 a
 -0.42905203 -0.86321384 -0.25430712 27378 g
 -0.62578446 15.164724 -2.1148283 27383 a
 -0.45435205 1.8627979 1.2815379 27581 g
 -4.1608233 8.274212 -2.347066 27585 a
 1.7017431 1.4478773 -0.06708689 27778 g
 -2.0808606 8.86558 -2.8253076 27783 a
 -1.2066951 0.0134987645 -0.5682938 27981 g
 -2.1305401 19.822044 2.6502316 27985 a
 1.6972158 -3.2565968 0.6956424 28180 g
 -2.5698762 7.049577 -1.2624925 28185 a
 -1.645584 2.297692 0.47273585 28378 g
 -3.8423944 10.407445 0.4858733 28382 a
 -0.56194377 -1.6887938 -1.0127754 28578 g
 -3.1217396 9.318084 -2.0370166 28583 a
 -0.39762673 -0.84510434 -0.37042093 28781 g
 -4.3709145 14.693067 -1.1780969 28785 a
 0.9331549 1.8838367 2.8312314 28981 g
 -3.3886933 8.694394 -1.9197009 28985 a
 1.6426209 1.1035306 0.28578195 29178 g
 -1.2404958 8.183231 -2.8019643 29183 a
 -0.86101675 -0.25627944 -0.6508518 29381 g
 -4.05069 19.822044 1.567454 29385 a
 3.3129556 -1.3196796 0.88898796 29580 g
 -1.9689317 7.885752 -0.11866262 29585 a
 -1.5302691 1.7309713 0.6402487 29780 g
 -3.134908 9.556307 1.7027264 29784 a
 -0.27858344 -2.5497937 -1.3560568 29983 g
 -3.416825 8.459164 -3.120393 29987 a
 -0.24609286 -0.79823273 -0.4609684 30183 g
 -8.821136 8.658481 1.4453497 30193 a
 2.8967035 0.21829586 0.1393081 30377 g
 -3.2234933 7.9928927 -3.5106478 30381 a
 -1.2831278 0.32402334 0.1113449 30578 g
 -1.9761143 8.657883 -2.670283 30584 a
 -0.8192051 -0.5510914 -0.5025137 30782 g
 -2.1670518 6.94124 -2.9264627 30786 a
 3.4554348 0.9661115 0.6261339 30983 g
 -7.4516535 12.790275 -3.6106057 30987 a
 0.055909604 -6.2867413 -0.7701614 31184 g
 -3.1851861 10.35178 -3.9493854 31187 a
 0.80612206 -2.9101195 -1.3233 31387 g
 -4.9898157 8.469937 -1.3887867 31390 a
 -0.27432236 -1.0770657 -0.41036835 31582 g
 -7.5821376 7.8282914 0.547524 31586 a
 0.22155823 -0.23896891 -1.3182399 31783 g
 -3.4401686 9.2965355 -1.9023429 31787 a
 -0.347293 1.1352222 -0.3235493 31983 g
 -2.6189573 9.825055 -3.269432 31987 a
 -1.4530375 0.0063082296 -0.38027462 32183 g
 -1.539771 2.9016228 -1.7060183 32187 a
 1.1749699 0.60045946 0.010677411 32388 g
 -3.617938 5.2359695 -5.744438 32391 a
 0.17442027 -0.09755505 -0.60025173 32583 g
 -1.8109143 8.6512985 -3.0904655 32586 a
 -0.008538893 -0.66800416 -0.63487285 32783 g
 -4.363732 7.0507746 -3.8655882 32786 a
 0.42555636 1.0750347 0.19496816 32989 g
 -8.556578 13.7066555 -2.1465514 32992 a
 2.2066784 0.9216367 -0.6015833 33180 g
 -1.0890625 9.700557 -4.5365634 33184 a
 -2.7473338 3.1672142 -0.781613 33385 g
 -1.4320319 10.194361 -1.0907085 33389 a
 0.22182454 0.8630471 -0.0921206 33583 g
 -1.0944494 7.54398 -0.39220017 33587 a
 -2.0479877 2.046556 0.09776278 33783 g
 -6.4814034 10.060884 -1.9993081 33787 a
 -0.8602178 2.8098178 -1.3619158 33986 g
 -2.8517935 9.20376 -3.6956 33990 a
 -0.8239988 -0.10794138 -0.7171645 34188 g
 -2.8452094 12.260557 -3.9386115 34192 a
 -0.4716626 3.7901275 0.7590257 34383 g
 -4.572027 9.737667 -1.0290579 34388 a
 2.4072144 1.6723818 -0.4372663 34583 g
 -2.2161329 8.978705 -3.9966707 34587 a
 -2.457848 2.372527 -0.5408633 34786 g
 -0.22415714 9.590424 -3.152116 34791 a
 -0.918541 -0.061602376 0.2812546 34986 g
 -2.4830863 12.382662 0.45055884 34990 a
 0.6079829 1.148538 1.2762115 35184 g
 -2.6877906 4.1322427 -5.717503 35188 a
 -0.2945624 2.1187277 -0.24498606 35387 g
 -1.421258 8.849419 -1.9262849 35399 a
 -0.44636258 -0.5404387 -0.82848465 35583 g
 -2.8314428 8.598626 -3.850026 35592 a
 -0.35954353 -0.20834255 -0.25457343 35784 g
 -2.8236616 6.327127 -0.49874213 35791 a
 0.38534263 0.45505086 -0.19678284 35988 g
 -1.4362217 8.912865 -3.4950855 35991 a
 1.5992115 -0.20008676 0.18990815 36185 g
 -1.8390462 10.254216 -2.373402 36189 a
 -1.1286645 -0.090364516 -0.45644104 36383 g
 -2.864363 8.753052 0.5199907 36387 a
 1.8966866 -0.20221728 0.2567535 36584 g
 -1.9629462 11.113734 -2.8019643 36587 a
 -0.67219865 0.7437375 0.24956296 36783 g
 -2.033575 9.444976 -2.3368905 36787 a
 -0.19735701 -1.1609553 -0.4226189 36984 g
 -2.1760302 7.950994 -2.4727614 36988 a
 -0.32891718 -0.3050153 -0.11156168 37188 g
 -6.248567 8.864382 -0.40836102 37192 a
 0.16936027 0.23933482 -0.5368685 37385 g
 -1.4039 10.544513 -2.7385178 37390 a
 -0.6434365 0.28807068 0.039173234 37585 g
 -1.5631144 11.298088 -2.8510454 37589 a
 -0.90176314 -0.39662805 -0.6228886 37789 g
 -1.491887 3.7437832 -2.864812 37792 a
 1.2269015 -1.4491093 -0.07827217 37989 g
 -4.4666824 11.269957 -7.1869445 37992 a
 0.32595414 -2.498661 -0.5613696 38186 g
 -2.3370402 10.023774 -3.594445 38191 a
 -0.10867375 -1.6152905 -0.44365788 38389 g
 -3.7292683 8.3250885 -3.3663971 38393 a
 -0.21253704 -0.04509078 -0.27694398 38585 g
 -6.5011554 10.609157 -1.8406922 38589 a
 0.35045522 0.32748544 0.045831136 38784 g
 -1.1501147 8.569896 -3.979313 38785 a
 -1.6980482 1.112319 -0.14298698 38992 g
 -2.8715456 12.191126 -3.7458782 38995 a
 -1.202434 -0.500225 -0.49931794 39183 g
 -1.309329 3.4762313 -1.6683097 39187 a
 0.60558605 -0.76893795 -0.6095728 39386 g
 -2.4998457 7.1441483 -6.569839 39391 a
 0.209574 -1.1929132 -0.45803893 39585 g
 -1.3572131 9.319281 -3.192219 39589 a
 -0.15448011 -1.4006398 -0.08785955 39786 g
 -5.8086324 8.680029 -2.9611785 39791 a
 0.05830645 -0.5252587 -0.28626505 39990 g
 -3.0451252 11.783512 -1.7431284 39993 a
 1.534763 -0.71301156 0.28285247 40188 g
 -1.1716624 8.83625 -3.5489552 40192 a
 -1.3374562 1.174637 -0.19651651 40388 g
 -2.285565 10.755203 -5.7264814 40391 a
 -0.6956344 -0.63870937 -0.5158295 40585 g
 -2.318485 3.276914 1.4411598 40589 a
 0.7185041 -1.5772073 -0.7437961 40791 g
 -4.870704 13.794044 -8.476821 40794 a
 0.16403395 -4.105346 -0.026340527 40990 g
 -0.35464114 9.127146 -2.855235 40994 a
 -0.09562426 -2.6909413 0.78991836 41188 g
 -3.4114382 9.062502 -3.6608841 41192 a
 -0.18377489 -0.6919726 -0.35390934 41389 g
 -3.817854 8.470536 -3.3568203 41392 a
 3.1134849 0.11469889 -0.25111133 41585 g
 -1.8959085 7.4661684 -3.931429 41589 a
 -0.74836504 0.54852784 -0.17680913 41788 g
 -0.8538322 10.31886 -3.838055 41792 a
 -0.9158779 -0.20461413 -0.16375963 41993 g
 0.40731356 13.642611 0.8581717 41996 a
 -0.083107404 -0.08770136 1.1166883 42189 g
 -4.2134957 12.888436 -2.2530935 42192 a
 -0.30201924 -2.256846 -0.11768695 42389 g
 0.36302084 9.181614 -2.3332992 42392 a
 -0.11160323 -1.3609587 0.42826107 42585 g
 -0.9681553 9.505429 -3.6351464 42589 a
 -0.47592366 -0.6371115 -0.2756124 42789 g
 -2.58065 6.8466687 2.6687868 42793 a
 1.9009476 -0.13510562 0.041037448 42987 g
 -0.9310452 9.0020485 -3.0120554 42991 a
 1.6149241 0.79034287 0.15741758 43191 g
 -1.1806407 8.09345 -3.0982466 43194 a
 -1.2439793 -0.417667 -0.4324726 43388 g
 -0.5976526 19.822044 8.046762 43391 a
 2.1190605 -4.599096 0.53878224 43583 g
 -3.1911716 8.488492 -0.794426 43584 a
 -1.4250742 1.8319051 0.4423758 43790 g
 -0.49410337 9.654469 0.48766896 43794 a
 -0.8098841 -1.5271399 1.1068345 43990 g
 -0.21577743 9.391107 -2.3380876 43993 a
 -0.7161408 -0.45521757 -0.07134795 44192 g
 -2.9541457 6.855048 -2.1489456 44195 a
 2.5584822 0.7570533 0.06793538 44393 g
 -2.8889036 8.104223 -3.594445 44396 a
 0.38374475 0.025749305 0.21094713 44585 g
 -3.1313167 7.863007 -2.7397149 44589 a
 -0.7808556 -0.74230635 -0.91051 44790 g
 -1.884536 6.7096004 -4.3911157 44794 a
 4.859986 0.03347247 -0.20370705 44992 g
 -4.7108912 11.442339 -1.7592894 44996 a
 -0.62905544 -4.2134705 -0.570158 45191 g
 1.0040684 9.41026 -2.2303486 45194 a
 0.02341904 -3.0936112 1.0703492 45391 g
 -1.9210476 8.969129 -4.3498154 45394 a
 -0.5470301 -0.8610833 0.12545966 45593 g
 -2.0706851 7.097461 -0.21502924 45601 a
 2.5409052 0.28114647 -0.06628794 45791 g
 -1.8887259 8.3616 -3.5393784 45794 a
 1.5334314 0.41190767 0.048494298 45991 g
 -2.6423008 8.648904 -2.6134207 45994 a
 -0.38031617 -0.060270797 -0.7073108 46193 g
 0.15412673 14.3596735 7.193828 46196 a
 0.19119819 -1.6006432 1.2775432 46391 g
 -4.7833157 10.3847 -1.0242695 46395 a
 -1.1225392 1.338155 0.7523678 46588 g
 -0.66828156 9.543736 -1.7604865 46591 a
 0.14725603 -1.0581572 0.68552244 46794 g
 -0.29777884 9.655665 -3.0330045 46799 a
 -1.0841897 -0.50368714 0.2668735 46992 g
 -3.6305077 8.815301 -0.5232827 46995 a
 2.890312 0.32961598 -0.057233196 47192 g
 -1.9108722 10.2200985 -3.197606 47195 a
 1.7904264 -0.25840998 -0.20317443 47388 g
 -2.2155344 8.781782 -2.3745992 47392 a
 -0.3494235 -0.41287333 -0.47135475 47586 g
 1.582268 17.031603 -0.24555531 47590 a
 -1.0034958 0.86144924 1.3790096 47787 g
 -3.8154597 7.6463323 0.38651395 47791 a
 -1.4479774 -1.510362 0.95343643 47988 g
 -1.8528129 9.343821 -2.254889 47991 a
 0.35817838 -1.267748 0.60030127 48188 g
 -0.6784569 9.107992 -3.0467713 48191 a
 0.03780011 -1.6328675 0.32066935 48388 g
 -6.923732 10.982652 -1.9316719 48392 a
 2.4492924 -0.576924 -2.0921545 48590 g
 4.5289316 7.3045597 -2.4877253 48594 a
 0.8276937 -1.6078337 1.496455 48787 g
 -0.38337156 9.786748 -3.2969654 48791 a
 -1.233593 -1.0613531 0.29856512 48988 g
 1.2237363 8.414272 -1.8831893 48992 a
 -1.186455 0.10298098 0.04769535 49189 g
 -1.4021044 9.115773 -1.2732664 49192 a
 0.105710715 0.5226952 -0.051107924 49389 g
 -3.759196 9.219322 -2.4021325 49393 a
 -0.08550425 -0.78038955 -0.32061982 49590 g
 -0.3923498 9.434202 -2.30816 49593 a
 -0.18537278 -0.8424412 -0.08812586 49789 g
 -2.567482 9.264812 -2.9761424 49793 a
 0.10997178 -0.35668063 -0.64792234 49989 g
 -4.410419 8.608203 -0.8004116 49992 a
 2.0929615 1.0665127 -0.9118416 50188 g
 -2.081459 7.821109 -3.1826422 50192 a
 -0.5622101 1.338155 -0.080402695 50390 g
 -2.128146 7.965958 -2.7618613 50394 a
 -0.59789646 -0.92020553 -0.6079749 50588 g
 -3.44376 10.752809 5.3760304 50607 a
 3.0112195 -2.7330194 0.99418277 50791 g
 -3.3414078 10.8803 -2.5876832 50795 a
 -0.82293355 -0.09648979 0.81362045 50990 g
 -1.0639234 9.3935 -2.0076878 50993 a
 0.036734845 -1.7838687 -0.06575531 51189 g
 -1.9952679 8.878149 -2.7325323 51193 a
 -0.3496898 -0.7417737 -0.27667767 51390 g
 0.23014264 11.017966 -2.674473 51394 a
 0.20664452 -0.11273507 1.3558401 51590 g
 -0.75985974 13.67553 0.4523545 51593 a
 3.5025728 -1.6073011 0.8466437 51791 g
 -2.940379 8.030003 -3.4382234 51794 a
 -2.2847426 -0.48158288 0.27725983 51990 g
 0.76225394 10.281151 -3.281403 51993 a
 -0.661546 -0.080510825 -0.04924371 52191 g
 -1.9000983 6.9346557 -0.043843817 52194 a
 1.931574 -0.034438133 -0.020215256 52391 g
 -5.0047793 10.356568 -1.0769418 52394 a
 -0.7880461 -0.6770589 -0.10277325 52589 g
 -1.2841899 9.258228 -2.3386862 52593 a
 -0.20268333 -2.3676336 1.0506418 52792 g
 -2.4471734 13.68391 0.13332711 52796 a
 0.98881495 -2.7564552 -0.61862755 52990 g
 3.5305498 9.406669 -0.5161001 52994 a
 1.4524713 -1.9183583 1.8493239 53191 g
 -1.0549451 10.119542 -2.959383 53194 a
 -0.7587514 -1.9567078 0.21680608 53392 g
 -0.5294179 8.837447 -2.8007672 53395 a
 -0.48391315 -0.83232117 -0.2785419 53590 g
 -0.57969606 5.5675664 -0.19348143 53594 a
 1.6958842 -0.38810593 0.31081566 53792 g
 -6.3395467 8.474726 -4.4186487 53796 a
 0.32435623 -0.71514213 -1.127025 53992 g
 -0.448015 10.245238 -4.497059 53995 a
 0.48121643 -1.62834 0.18697867 54191 g
 -1.4188638 9.632322 -2.7642555 54195 a
 -0.20694439 -1.5007746 0.284983 54391 g
 -3.8926728 7.6978073 -2.7738323 54395 a
 1.4351608 -0.8174075 0.09217014 54591 g
 0.9825205 9.772383 -3.3981204 54595 a
 1.0633835 -2.2070448 0.74224776 54793 g
 -0.2427122 11.65243 -2.323124 54796 a
 -0.765143 -0.36999643 0.32200095 54991 g
 3.368941 -0.34012628 -13.38254 54995 a
 -1.2383866 -8.726463 0.92067957 55192 g
 0.8185177 13.240384 -1.6060604 55195 a
 2.3334448 1.6215154 -0.17521124 55391 g
 -0.8747814 9.319879 -2.4141035 55395 a
 0.09026438 0.068626195 -0.47481686 55591 g
 -0.19722237 9.172037 -3.5926492 55604 a
 -0.4468952 -0.7684053 -0.17201544 55799 g
 -2.1993735 12.334778 -1.3594576 55803 a
 -0.014664164 -0.68291783 -0.48014316 55995 g
 -0.50846857 11.17359 -2.8241105 56000 a
 -0.07671582 0.8262955 -0.5208895 56191 g
 0.57251346 8.867375 -1.9681834 56195 a
 -0.764344 0.22308955 0.30682093 56393 g
 1.0603321 10.667814 -3.138948 56397 a
 -0.8357167 -0.24269733 -0.6708255 56592 g
 -2.5830443 5.832724 -2.1202152 56595 a
 3.2764702 -2.1013174 0.3116146 56792 g
 -2.122759 12.722039 -4.462343 56797 a
 -0.07698213 -2.448061 0.033047963 56993 g
 -1.9042882 10.090812 -3.2700305 56996 a
 -0.3424993 -2.6853487 -0.33446828 57192 g
 -4.0285435 9.258228 -2.9079075 57196 a
 -0.35288563 -1.0746689 -0.3832041 57392 g
 -2.2352865 8.287379 -1.4582185 57396 a
 0.9384812 2.0907643 -0.024742631 57593 g
 -0.969951 9.279777 -3.7560534 57596 a
 2.5978968 0.61856896 0.042102713 57792 g
 -1.2315176 8.025214 -2.5535657 57798 a
 -1.6431872 0.36503604 -0.7571119 57992 g
 -1.5451579 19.822044 3.6611834 57996 a
 0.50811434 -0.5068829 1.1145576 58193 g
 -2.334646 8.231714 -1.0374376 58197 a
 -1.6125607 2.4755912 -0.003703658 58393 g
 -1.9407997 9.486276 -0.71122754 58397 a
 -0.4783205 -1.2562964 -0.58507174 58593 g
 -1.2883798 9.059509 -4.127155 58596 a
 -0.27565396 -1.0799952 -0.25617132 58793 g
 -3.1456819 8.408287 -2.7199628 58799 a
 0.5661713 2.093694 -0.84659415 58992 g
 -3.568857 9.740062 -3.1898248 58996 a
 2.3222597 1.4388226 -0.19039124 59193 g
 -1.0818799 8.4765215 -3.1138089 59196 a
 -1.9089706 1.5227121 -0.7621719 59408 g
 -2.2257097 14.382419 -1.3672388 59411 a
 0.23167823 2.4391057 -0.18586388 59593 g
 -3.11755 10.667814 -3.1485248 59597 a
 0.6987967 -1.6840001 -0.21489233 59793 g
 -1.6265608 10.392482 0.37813422 59798 a
 -0.12225587 1.5477458 -0.13126907 59994 g
 -2.5507226 9.630527 -3.433435 59998 a
 -0.4170678 0.6060521 -0.28360188 60341 g
