 0.39865842 -0.9393803 1.062626 5 g
 2.2376807 8.495076 -2.502689 7 a
 -0.099885315 0.57542574 0.053554304 87 g
 3.7226844 8.738088 -1.958008 88 a
 -0.21546651 0.19193056 0.011742676 300 g
 7.7916303 14.046033 -1.9424458 303 a
 -0.14356115 -0.0056759953 0.15581968 503 g
 0.31812954 13.461249 0.36676177 508 a
 -2.0037792 0.42815295 0.6301287 701 g
 -0.41329905 10.390686 -1.1511621 706 a
 0.10118334 1.592487 -0.8404689 904 g
 1.3913305 8.377162 -0.6950667 909 a
 -0.7297229 0.16716316 -0.32621247 1099 g
 2.3394344 9.972299 0.5331588 1104 a
 -0.7030913 0.5093793 -0.18399966 1302 g
 1.0561422 14.989348 2.581997 1306 a
 2.7773938 0.58501315 -0.011426825 1503 g
 2.0766706 6.6018615 -3.1587002 1507 a
 -0.08230846 1.0409464 -0.069750056 1702 g
 6.525696 12.644827 -7.1803603 1706 a
 -0.35501614 0.40711397 -0.2524429 1904 g
 1.2345103 9.1690445 -2.9198787 1908 a
 -2.0573087 2.6303208 0.15901548 2102 g
 -2.048539 13.15539 2.5406969 2106 a
 -1.9566412 -1.5359284 -1.7059962 2303 g
 3.309086 8.041974 -2.8965352 2306 a
 -0.78644824 0.9485346 0.47992638 2503 g
 1.3745711 9.838223 -0.58553195 2507 a
 4.0594397 -0.7122126 0.192305 2702 g
 2.9158385 8.668057 -3.5405755 2706 a
 1.6596652 0.70831746 -0.6218234 2901 g
 10.249278 13.847913 -8.062025 2905 a
 -1.3078952 5.1621885 0.6080244 3102 g
 -0.1714847 9.037962 -2.8827684 3106 a
 -2.1084414 1.3344266 0.0948333 3302 g
 0.32650927 10.300903 -5.047725 3306 a
 -0.72093445 -1.5849305 -1.2149093 3498 g
 3.227683 7.7762175 -3.3304842 3502 a
 -1.1688782 0.66970164 0.4455716 3695 g
 5.292682 11.166407 9.188796 3699 a
 3.6876624 -1.9228857 -1.2428725 3895 g
 1.7857752 8.159888 -3.2826002 3899 a
 1.8812402 0.84600294 -0.4114336 4095 g
 8.941445 11.065252 -7.512556 4099 a
 -1.3041668 5.335294 0.5965729 4314 g
 0.066738375 11.059266 -3.0371945 4318 a
 -1.5118933 1.6060691 0.25462297 4496 g
 1.4900913 7.9282494 -9.226805 4499 a
 0.3453952 -0.98998034 -1.3459369 4696 g
 -0.20500351 9.153482 -3.2460885 4700 a
 -0.055144213 1.637228 -0.34405565 4899 g
 3.3874962 12.735208 -3.784784 4903 a
 1.8143948 1.0987369 0.55902225 5094 g
 2.6536734 9.787946 -4.1876082 5096 a
 1.0058591 0.60232365 -0.77894986 5308 g
 3.829825 7.2584715 -5.0848355 5312 a
 -1.4623585 2.81328 0.0130742565 5489 g
 -0.8765771 9.315689 -2.4290674 5490 a
 -1.702043 1.4944826 0.5928444 5690 g
 2.650082 8.36998 -8.462456 5692 a
 0.12009179 -0.96947396 -0.65937394 5896 g
 1.5714941 9.247455 -1.1044751 5901 a
 0.06975804 0.46810037 -0.19358703 6099 g
 5.9379196 9.865757 1.2370541 6104 a
 5.322843 -2.96791 -0.8524531 6296 g
 1.5421652 4.40997 -5.16145 6301 a
 0.20744348 0.38021603 -0.24285552 6498 g
 5.464466 8.67105 -0.8279449 6504 a
 -2.9324234 -1.3676165 -0.22394708 6699 g
 -0.26066872 10.71091 -1.392378 6703 a
 -1.5345302 0.70778483 0.19629973 6896 g
 1.8546085 7.8947306 -4.3671737 6900 a
 -2.3433323 -1.7042401 -0.9957312 7097 g
 -0.84126264 8.895507 -0.44906247 7103 a
 0.27189198 0.7392101 -0.29105875 7295 g
 5.664382 10.416424 -1.5282489 7299 a
 4.5396075 -1.6347317 -0.60504544 7497 g
 1.1148002 6.2439284 -5.573851 7504 a
 -0.19496016 0.2489222 -0.29984716 7697 g
 5.930737 19.598186 -0.8141782 7701 a
 -3.57824 0.97862834 0.8045657 7897 g
 -2.5908256 13.91495 -2.895338 7901 a
 -0.9004315 -0.59822935 -0.48467055 8101 g
 1.6115971 7.7786117 -3.8111203 8105 a
 -2.8370821 -3.174305 -0.5166285 8301 g
 -1.5810709 5.431097 -0.3616741 8305 a
 1.0282297 1.7932893 0.1691355 8501 g
 0.37918168 8.109012 -2.5164557 8505 a
 2.0282466 0.95625776 -0.035395276 8702 g
 2.0210054 5.4209213 -3.8129158 8705 a
 -0.7251955 0.14079787 -0.9651048 8903 g
 1.0046669 10.546907 -1.2044331 8907 a
 2.365403 -2.9085217 0.6306613 9104 g
 -3.3444004 12.497583 -4.8047137 9107 a
 -0.30255187 1.128298 -0.85804576 9301 g
 1.7929578 8.979902 -3.8320694 9305 a
 -2.497263 -2.8057234 -0.71609926 9506 g
 -1.5840636 6.3780036 -2.4410384 9510 a
 1.3129216 0.90938616 0.10921437 9701 g
 2.8511949 8.906879 -1.8999487 9705 a
 1.6748452 -0.0032791502 -0.2822703 9901 g
 2.3196821 6.3474774 -3.783587 9905 a
 -0.33717296 0.72243226 -1.0838817 10102 g
 3.5922003 18.059912 -0.67890584 10109 a
 2.2431638 -5.0273323 0.9366585 10307 g
 -1.2991537 12.168381 -2.9498062 10310 a
 -1.4133563 0.32269177 -0.17068386 10516 g
 3.5604773 8.080879 -5.841403 10518 a
 -1.4951154 -2.8097184 -0.37388304 10704 g
 -1.9318215 6.983138 -2.5068789 10708 a
 0.8940064 -0.34283218 -0.41729257 10901 g
 4.8671126 10.0207815 -1.548001 10905 a
 2.8490329 -2.7929404 -0.25856817 11102 g
 1.7995418 4.1232643 -4.1684546 11106 a
 -1.1086907 0.61191106 -0.44019577 11306 g
 4.760571 19.822044 9.232491 11310 a
 0.6588493 -7.719788 0.009345831 11502 g
 1.1991957 12.101941 -2.7241526 11508 a
 0.07881279 5.5086656 0.6208076 11698 g
 3.4281976 8.565705 -6.8230257 11702 a
 -0.54383427 -2.3220935 -0.80345094 11904 g
 -3.1127615 7.9599724 -2.017863 11908 a
 0.45991114 -1.1425794 -0.65511286 12103 g
 10.840646 14.6541605 0.054917 12106 a
 5.024835 -1.2797322 1.6429288 12305 g
 3.4599206 8.124574 -3.17127 12309 a
 -2.1422637 1.994358 0.03624376 12505 g
 2.7201123 7.029227 -5.4307976 12509 a
 -2.467702 2.0998192 0.4953727 12703 g
 -7.9071503 16.419884 3.337966 12706 a
 -1.9108348 -2.5322168 -0.08413112 12902 g
 2.8170776 7.7403045 -7.329998 12906 a
 -1.0796623 -2.9380827 1.4067065 13107 g
 2.2382793 7.598448 -4.230704 13111 a
 0.17894764 -1.9135646 0.030917436 13302 g
 5.632659 11.687744 -5.234473 13305 a
 -0.65382284 1.4761069 1.4381317 13506 g
 4.797681 7.9078984 -3.382558 13512 a
 -1.6471819 -2.2115724 1.2120293 13705 g
 8.6774845 12.215666 -2.983325 13708 a
 -1.2415825 1.6513429 -0.08626165 13903 g
 1.6205753 11.550676 1.6823756 13906 a
 1.2537994 -1.8198214 -0.28946084 14104 g
 -0.07751228 8.814702 -7.1354694 14108 a
 1.1643173 0.50405306 -1.1930714 14299 g
 2.4615386 8.581866 -1.1068693 14304 a
 -0.6847155 -0.4011554 -0.93181527 14505 g
 -1.3362638 3.8563108 -1.1146505 14509 a
 1.6346315 1.9365674 1.9814166 14704 g
 0.21398178 8.917653 -2.8121395 14707 a
 -0.18776964 1.8244483 0.12279649 14904 g
 2.2658126 6.497115 -2.8522425 14907 a
 -1.9049759 0.15970631 -1.0101123 15103 g
 -0.15053543 3.3128269 -0.5041291 15117 a
 1.7808391 -0.6506936 -0.34219143 15304 g
 -0.47794253 8.51423 -4.5066357 15308 a
 0.7893442 1.0396147 -1.8002721 15508 g
 2.1036055 8.0784855 -2.242918 15515 a
 -1.0847223 -1.1993048 -0.359502 15704 g
 -0.90889883 5.7854385 -7.9967833 15708 a
 1.5829662 4.336608 3.0059347 15904 g
 0.001496376 8.397512 -1.6982372 15907 a
 0.6442019 2.6633441 -0.14085646 16106 g
 2.3148937 7.4943004 -2.5511715 16110 a
 -1.9401296 0.40658134 -0.98800796 16305 g
 0.2486977 3.7138557 0.06868366 16308 a
 1.5307682 -0.7034242 -0.21409339 16503 g
 -1.391929 12.394632 -0.30780455 16507 a
 1.1288972 0.5413373 -2.0649903 16707 g
 0.62339026 9.288754 -4.0637083 16710 a
 -0.9046926 -1.7186213 -0.1895923 16906 g
 3.9806595 19.822044 -12.211177 16909 a
 -0.7084176 4.1413984 5.661372 17103 g
 -3.0714614 13.45706 -2.4649804 17106 a
 0.69293773 2.738179 -0.45830524 17306 g
 1.1555016 10.206332 -4.2869678 17310 a
 -1.8341358 1.5373595 -0.2524429 17505 g
 0.004489128 5.2174144 0.22789808 17509 a
 1.0729709 -0.47758815 -0.4343368 17706 g
 -1.2680291 11.624298 -1.6108488 17709 a
 0.35152048 -0.7702695 -1.7699121 17907 g
 1.3649943 8.483106 -2.0902877 17912 a
 -0.27831712 -1.4062324 -0.2708187 18103 g
 1.6493057 10.345795 0.36197338 18107 a
 4.7619815 -5.0694103 0.2879125 18305 g
 -0.20560206 10.256611 -3.168277 18309 a
 1.9131981 0.87103665 -0.3152935 18506 g
 2.3801358 15.079131 -7.5532575 18511 a
 -2.0860708 2.434312 0.012541625 18705 g
 0.28760347 5.6938605 0.71092826 18709 a
 -0.4431668 0.31816438 0.41361368 18908 g
 -2.3861213 10.868928 -0.8249521 18912 a
 -0.32652032 -3.8419595 -2.3837707 19111 g
 3.8076785 8.927829 -4.185214 19114 a
 -0.43278044 -1.3838619 -0.18107018 19306 g
 1.3542204 11.840375 5.857265 19309 a
 1.8050737 -3.5362287 0.5265317 19506 g
 2.2903533 11.337592 -2.2249615 19509 a
 0.98881495 1.9179252 -0.21196285 19708 g
 5.258565 13.117083 -7.1372647 19713 a
 -2.442402 2.610347 0.16327654 19908 g
 1.0764929 7.3644147 -0.40297407 19912 a
 -0.07991161 -0.35668063 0.47380114 20112 g
 -0.43065703 10.735451 -2.7816133 20133 a
 -0.08097687 -1.9519141 -1.7065289 20306 g
 2.3178866 10.056096 -3.193416 20310 a
 -0.8269283 -0.89996547 -0.1680207 20506 g
 5.7715225 19.822044 0.7031471 20511 a
 -2.3244238 -1.087452 2.3577213 20706 g
 1.4667478 10.421212 -2.1902456 20711 a
 0.7059872 2.205813 -0.12354591 20912 g
 3.011008 10.983251 -3.9954736 20916 a
 -1.7270768 0.7658418 -0.19198914 21106 g
 -0.8670003 7.97733 1.6961423 21113 a
 1.8543422 0.6689027 -0.41329783 21307 g
 0.13257892 13.517513 -3.6159928 21311 a
 0.57602495 0.98395467 -1.4998676 21509 g
 1.3937247 9.42283 -2.9815292 21514 a
 -0.6799218 -1.3732092 -0.11395852 21707 g
 1.3901334 19.822044 10.516381 21712 a
 -1.9273465 -4.4512906 0.2913746 21909 g
 2.9080572 9.93878 -2.2734442 21914 a
 -0.09642321 0.36849815 0.2271924 22110 g
 3.4000657 11.919982 -3.269432 22114 a
 -0.9678095 1.49395 -0.5152969 22306 g
 -1.4392145 6.7963905 -0.45265377 22309 a
 0.6937367 -1.9500499 0.34543675 22506 g
 0.81911623 9.86875 -8.551041 22510 a
 1.5725799 0.14532524 -0.6873371 22707 g
 1.3105261 11.126903 -2.3883657 22710 a
 -0.7014934 -1.2182132 -0.47694737 22910 g
 0.5150526 2.5724201 -2.7109845 22914 a
 2.306547 2.8404443 2.6591911 23108 g
 1.9701288 7.863606 -2.6176107 23112 a
 1.9403623 2.3520205 0.547837 23311 g
 2.3136966 4.710442 -3.578284 23315 a
 -2.1297467 0.46836668 -1.3248979 23508 g
 0.4007295 3.1206923 -1.7832314 23512 a
 2.6567526 -1.6946528 -0.5451243 23723 g
 -0.48751932 8.272416 -3.00188 23726 a
 0.14752235 1.108058 -0.7800151 23914 g
 2.9038675 6.083517 -3.2065842 23918 a
 -1.6770093 -1.3606924 -0.69772345 24108 g
 -0.12060791 2.8938417 -1.8508675 24112 a
 2.4221282 2.4817164 1.1039051 24308 g
 0.43245268 8.851214 -2.4566007 24313 a
 2.3720608 2.065997 0.13557966 24512 g
 1.5900491 5.6286187 -3.280206 24515 a
 -1.4887239 0.08114306 -0.91317314 24709 g
 3.3252468 11.801469 -1.7940053 24713 a
 3.035188 -2.6496623 -0.11449116 24905 g
 -0.69102645 13.712042 -4.2941504 24909 a
 -0.9078884 0.28780437 -1.9052007 25114 g
 2.2089503 8.021624 -3.780594 25118 a
 -2.440005 -2.2712271 -0.55071694 25309 g
 -0.75148004 5.698649 -2.7307367 25313 a
 1.2522016 0.42042977 -0.12541012 25509 g
 6.1707554 9.094226 -0.57356095 25513 a
 2.1494205 -1.1364542 -0.56909275 25713 g
 1.3829508 5.0055275 -4.481497 25716 a
 -0.5398395 0.41297293 -0.49612215 25910 g
 6.441899 19.822044 9.843611 25914 a
 -1.4644891 -4.356216 0.09509962 26112 g
 1.8959085 12.176761 -2.0705357 26116 a
 -1.0032295 0.15198314 0.40455893 26313 g
 3.2031426 7.0244384 -4.8370357 26317 a
 -2.7297568 -3.1644514 -0.688935 26510 g
 -1.8869302 8.31611 -2.8205192 26514 a
 0.7733652 0.004710333 -0.19491862 26710 g
 7.4833765 10.382306 2.1121347 26714 a
 3.9166942 -0.7465674 -1.1427376 26913 g
 2.0036476 4.5530233 -4.1325417 26917 a
 -0.58458066 0.19805583 -0.8652363 27113 g
 2.7021558 17.880346 2.932149 27117 a
 1.276969 -5.365554 0.7406499 27311 g
 0.1062427 15.879992 -5.6049757 27315 a
 -0.108940065 2.0351043 -0.3120977 27514 g
 2.442385 9.1451025 -3.4669538 27517 a
 -2.237072 -2.145526 -0.5342053 27711 g
 -1.8330606 5.845294 -3.0240264 27715 a
 0.7286241 -0.48264813 -0.13712803 27911 g
 2.4274213 9.855581 -2.2578819 27915 a
 1.3914849 2.2433636 -0.033531062 28115 g
 1.3440449 6.2181907 -3.027019 28119 a
 -0.15820855 -0.22618574 -0.82528883 28312 g
 4.444536 18.236485 2.1187189 28315 a
 1.0042613 -4.85902 0.970747 28512 g
 0.052971713 12.506561 -3.5118449 28515 a
 -0.95156425 0.8422745 -1.1147745 28714 g
 2.1275475 8.706964 -4.3462243 28718 a
 -1.4381237 -1.6075674 -0.8708289 28912 g
 -2.2029648 8.234707 -3.5309987 28915 a
 0.6220977 -0.91807497 0.07326169 29114 g
 3.850774 9.677813 0.72050506 29118 a
 1.6516757 0.3234907 -0.55391276 29315 g
 1.652897 6.044611 -3.1652844 29319 a
 -0.4815163 0.21536638 -0.6942613 29512 g
 3.8477814 14.95164 6.2014313 29516 a
 -0.8008293 -6.647866 -0.70944136 29712 g
 2.8930936 9.123554 -1.548001 29716 a
 -0.74383765 1.5458816 0.5558265 29915 g
 3.676596 9.321674 -3.7758057 29919 a
 -0.51187634 -1.4400545 -0.37894306 30115 g
 0.48751932 8.21675 -2.2141876 30119 a
 -0.14782222 -0.23577312 0.095365934 30312 g
 9.978135 12.034904 4.2890625 30320 a
 2.3440976 -1.3678828 -1.1805545 30518 g
 1.3620015 5.4316955 -4.241478 30521 a
 -0.07991161 -0.31939638 -0.31476086 30713 g
 7.2026567 19.822044 8.590844 30716 a
 -0.42798677 -5.134658 0.7148172 30913 g
 1.0746973 14.681095 -1.067365 30916 a
 0.33953625 1.6380271 -0.30810297 31117 g
 3.498228 7.489512 -6.2693667 31122 a
 -1.5779397 -2.4853454 -1.5011991 31313 g
 0.2463035 9.788544 -0.4556465 31317 a
 -0.6498281 0.027879834 -0.18905967 31513 g
 6.7357874 14.50153 -0.3096002 31517 a
 5.9638658 -3.3061316 -1.3877485 31715 g
 1.0202292 5.8644476 -3.5034652 31719 a
 0.82609576 -0.24775733 0.044499557 31913 g
 6.5394626 7.245303 -2.846257 31917 a
 -3.212588 -0.15827513 -0.018351045 32115 g
 2.3699603 7.8247 -0.0043394906 32119 a
 -1.1885855 0.13493891 0.30282617 32315 g
 2.8901007 9.018209 -6.3124623 32319 a
 -0.16300224 -0.6198009 -0.90971106 32514 g
 3.0116065 8.752453 -0.64000005 32518 a
 -0.9502326 0.4041845 -0.20823443 32714 g
 1.3536218 7.8534303 6.655731 32718 a
 2.2740564 -3.8081374 0.4833885 32916 g
 5.6009355 9.771186 -5.0148053 32919 a
 0.5773565 3.3352597 -0.50144845 33112 g
 4.9993925 8.623765 -6.8637276 33116 a
 -2.4663703 4.4740276 0.29936406 33316 g
 1.5242087 11.84636 -2.4637833 33319 a
 -0.4769889 -1.3471103 -0.28306925 33516 g
 3.707122 9.673024 -3.8105216 33521 a
 0.2939962 -0.8895792 0.3409094 33715 g
 3.6065655 8.474127 -2.7055976 33718 a
 -1.0106864 0.06756093 -0.41090098 33915 g
 4.025551 7.707384 3.2775126 33918 a
 3.4748757 -2.8837543 0.7632867 34116 g
 4.476259 10.236858 -2.9557917 34120 a
 0.42342582 2.1088738 -1.4953402 34316 g
 2.958934 13.294852 -3.2413 34321 a
 -1.7353325 2.1573434 -0.18506493 34515 g
 -0.64912796 5.0803466 1.0323498 34519 a
 0.23034665 -0.4650713 -1.0106449 34717 g
 1.3889363 9.816676 -2.907309 34722 a
 1.0921456 1.6534734 -1.184283 34915 g
 2.073678 9.610176 -3.9721303 34919 a
 -0.63145226 -0.22006047 -0.47268632 35116 g
 2.1909938 11.713482 1.7081133 35120 a
 -3.303668 -0.8538928 -0.3304735 35317 g
 -1.5918448 6.618621 -2.8306947 35331 a
 2.1294467 2.1682625 -0.9842796 35515 g
 0.82510173 8.086865 -2.3219268 35519 a
 -0.35714668 1.3248392 -1.1171713 35716 g
 7.7874403 19.198355 -1.1212345 35720 a
 2.454885 -3.1623209 0.74677515 35916 g
 6.0390744 10.957513 -2.685247 35920 a
 -1.9374665 5.210658 0.4154779 36115 g
 6.524499 7.619397 -4.825663 36119 a
 -1.3859258 -0.36040905 0.32093567 36317 g
 0.1619079 9.871144 -3.155109 36321 a
 0.38933736 0.5610447 -0.37414935 36518 g
 7.9257054 15.253908 -0.3592799 36522 a
 4.0264163 1.0374842 -0.81490254 36715 g
 2.4806921 8.759636 -4.261829 36719 a
 -0.8072209 2.6223314 -0.6471234 36913 g
 5.9049993 1.8661306 -1.6856676 36917 a
 -2.1414647 0.94081146 -0.31076613 37118 g
 1.6684593 7.6858363 -1.148768 37123 a
 -1.412291 0.39140132 0.38005784 37318 g
 6.9596453 7.965958 -8.216452 37322 a
 -1.2743393 -0.7862485 -0.6993213 37516 g
 0.3103484 7.758261 -2.5020905 37521 a
 -0.66900283 -0.06612975 -0.36109987 37719 g
 5.697901 12.881852 2.6005518 37723 a
 3.6770098 -4.4893737 -0.056434248 37916 g
 2.821866 9.603592 -2.970157 37921 a
 1.1073256 0.47928563 0.10708384 38116 g
 8.7971945 14.679898 -8.182334 38121 a
 -0.8192051 4.0146317 1.2330683 38324 g
 1.5319898 10.150667 -1.137994 38327 a
 -0.8634136 0.39486343 0.56834334 38518 g
 0.8466496 12.010364 -1.7634792 38522 a
 -0.23251075 -0.49276817 -0.8111741 38717 g
 3.5359366 10.735451 -5.0010386 38722 a
 -0.7201355 -1.0293951 -0.5768159 38919 g
 7.927501 19.822044 -1.0464158 38924 a
 -2.1968584 -1.5050356 1.1523745 39117 g
 3.3821092 8.547151 -2.5996542 39122 a
 0.26550037 0.45238772 -0.08892481 39318 g
 4.9179897 10.564864 -3.470545 39322 a
 -0.95129794 1.1962086 -0.48094213 39523 g
 1.1201872 5.83452 -2.2662616 39527 a
 1.6306367 0.46304035 -0.38240516 39716 g
 2.1353285 9.953744 -3.5082536 39720 a
 0.97922754 1.1717075 -0.6220897 39916 g
 3.3551743 9.350405 -0.69566524 39920 a
 -1.4104269 -1.2709438 -0.23939341 40117 g
 -0.19363107 2.216881 -2.8253076 40121 a
 2.5765915 2.594102 2.3444054 40317 g
 -0.0074818805 7.8642044 -3.1227872 40329 a
 2.0186594 2.933921 0.29243985 40517 g
 2.3023243 6.183475 -2.7175686 40521 a
 -1.6911241 -0.4674681 -0.58240855 40721 g
 4.594174 12.760346 -2.746299 40725 a
 3.0453079 -3.1165144 0.19629973 40918 g
 1.73011 12.2497835 -0.580145 40922 a
 -0.49722895 1.4966131 -1.0825502 41117 g
 4.255993 7.8103347 -5.9712887 41122 a
 -1.6674219 -2.2200944 -1.0948007 41321 g
 0.6497265 7.2488947 -3.375974 41325 a
 0.7422062 0.44919193 -0.3054398 41521 g
 6.304831 11.763162 1.0646715 41525 a
 1.8420917 -2.1409986 -0.97043115 41718 g
 2.0850503 6.780828 -3.8200984 41723 a
 -0.9233347 1.4593289 -0.1680207 41921 g
 9.849446 4.762516 6.955006 41925 a
 -2.2043152 -3.1543314 -0.5057095 42117 g
 3.2216976 6.542605 -1.9298762 42121 a
 -0.68391657 2.069193 1.0176187 42319 g
 5.7541647 9.188796 -1.357662 42323 a
 -0.8261293 -0.21366887 -0.7869393 42524 g
 1.8761563 7.0400004 -3.0737062 42528 a
 -0.4849784 -0.106343485 -0.34299037 42721 g
 3.446154 10.453533 -1.3618518 42725 a
 4.681554 -4.533582 -0.13047013 42919 g
 3.498228 9.650877 -2.5781064 42923 a
 0.62875557 1.2031329 -0.04951003 43117 g
 8.384793 12.861502 -10.446052 43122 a
 -0.35714668 5.7030764 1.7268184 43319 g
 -0.66229606 10.436175 -2.14296 43324 a
 -0.33078137 1.2758371 -0.3067714 43522 g
 1.7432781 12.319814 -2.1692963 43526 a
 0.05404539 0.1613042 -1.4090538 43723 g
 1.345242 8.44839 -4.3264723 43726 a
 -0.19975385 -1.4733441 -0.38240516 43919 g
 7.7640967 19.822044 -0.2653075 43924 a
 -2.4820828 -2.4246252 1.3076369 44118 g
 3.3354223 10.35178 -2.666093 44123 a
 -0.2269181 0.5969974 0.42107055 44315 g
 6.7752914 11.493814 -5.947945 44323 a
 -1.3132215 2.8652117 0.1377102 44516 g
 0.6395511 6.36304 -1.4983213 44520 a
 -0.013865216 1.5474795 0.53904855 44716 g
 4.4349594 11.284322 -5.5487123 44721 a
 1.8799086 1.7453524 -1.0149059 44917 g
 2.1419127 10.659435 -3.8362594 44921 a
 -0.8634136 -0.89277494 -0.15710174 45116 g
 4.1871595 14.250737 -11.270854 45120 a
 0.0061084926 2.1134012 2.4796941 45321 g
 0.78679454 8.866776 -2.1890485 45343 a
 -0.16380118 1.8116652 0.13344914 45523 g
 4.3176436 7.612813 -3.0521584 45527 a
 -1.5049691 0.31390333 -0.26016608 45717 g
 0.1110311 3.4612675 -1.7347487 45722 a
 0.85086316 -0.9961056 -0.25457343 45917 g
 0.4127005 7.9444103 -3.6387377 45921 a
 0.96298224 1.9637316 -1.1722988 46117 g
 3.4497454 8.447192 -2.2279544 46122 a
 -1.8764801 -1.0903815 -0.7597751 46317 g
 -0.3696049 4.0472484 -4.9926586 46322 a
 1.5251756 2.6260598 1.7806143 46517 g
 2.604592 6.978948 -2.6547208 46521 a
 1.2687131 1.7235144 0.09137119 46718 g
 2.1592708 7.0543656 -3.115006 46722 a
 -0.9425095 0.953062 -0.95391953 46917 g
 8.290223 19.822044 5.4783826 46922 a
 2.4865768 -4.844373 0.5928444 47117 g
 2.3759458 11.668591 -4.077475 47122 a
 -0.9949738 0.5266899 -2.5478215 47318 g
 3.568857 7.6750627 -3.7817912 47322 a
 0.13633707 -1.6424547 -1.2607157 47517 g
 1.6014217 5.5956984 -2.9522004 47522 a
 0.7978663 0.18234317 0.37499785 47718 g
 6.826767 9.206753 -2.5164557 47722 a
 1.8141285 -1.5748105 -0.8098425 47918 g
 1.7791911 7.627777 -2.1752818 47922 a
 -0.17418751 1.7765114 -0.6580423 48118 g
 7.066187 10.127323 1.5052047 48122 a
 -0.9427758 1.0939432 0.40775472 48318 g
 2.3627777 7.5098624 -2.9288568 48322 a
 -0.020523118 2.261473 0.059945893 48518 g
 3.266589 6.8801875 -4.2965446 48522 a
 1.5257082 1.5315006 -0.66603184 48722 g
 1.7552491 8.669853 -0.65915364 48726 a
 -0.6735302 0.6955343 -0.18932599 48918 g
 3.2821512 11.0317335 -0.4388871 48922 a
 2.5808525 -0.4389723 -0.40877044 49119 g
 3.4401686 8.185027 -2.8570309 49123 a
 0.36243945 1.3938152 -0.6460581 49318 g
 5.079598 10.885687 1.9738697 49323 a
 -2.0756845 0.40524974 -0.052439507 49519 g
 -1.0405799 12.001984 1.8134582 49523 a
 -1.4961807 -1.1332583 -2.3092022 49720 g
 8.913912 8.640524 -4.333056 49724 a
 0.565905 1.464389 0.32466412 49919 g
 3.2875383 9.163059 -4.6903906 49923 a
 -0.5113437 -0.12099087 -0.6812118 50119 g
 8.425495 14.154969 1.4986206 50123 a
 3.1177459 0.51949936 -0.07773954 50320 g
 3.1732152 8.141932 -3.0126538 50324 a
 0.77256626 1.7062039 -0.16828701 50519 g
 5.9995704 11.195736 -8.636035 50523 a
 -0.7427724 4.7206364 0.7789994 50720 g
 2.1263504 10.999412 -0.48078564 50724 a
 -0.6418386 1.0745021 0.10229015 50921 g
 0.947206 12.407202 0.4750994 50924 a
 -1.4386563 -2.7306223 -0.74486136 51120 g
 2.508824 7.2985744 -4.097826 51124 a
 -0.21093914 -0.31273848 -0.1962502 51320 g
 0.026036944 11.638064 4.541651 51324 a
 3.3568978 -7.0950103 0.55316335 51521 g
 3.540725 9.980679 -3.368193 51524 a
 -0.20081912 2.0143316 0.40535787 51721 g
 7.894581 12.452093 -5.352986 51724 a
 -0.7185376 2.1677299 0.5563591 51921 g
 2.29993 7.0364094 -0.47899 51924 a
 0.10730861 2.6676052 0.54544014 52121 g
 0.37379473 13.8024235 0.41584292 52125 a
 0.19918767 1.6936871 -1.2782925 52321 g
 2.407669 8.988881 -3.256264 52324 a
 -1.0903149 -1.7492476 -0.40397677 52521 g
 10.801142 19.822044 -10.760291 52524 a
 -3.7209854 0.354916 2.60939 52722 g
 0.2415151 10.597186 0.010025719 52726 a
 -0.29509503 0.1927295 -0.0039699744 52921 g
 6.568193 8.630349 -3.7698202 52925 a
 -1.1699435 1.4934174 0.15235758 53121 g
 1.2596494 3.5037646 -0.55799866 53125 a
 0.8766959 0.89979875 0.8732753 53322 g
 2.8200703 10.059688 -3.1796496 53326 a
 1.1182445 1.2691792 -0.7547151 53522 g
 2.728492 8.891317 -0.94047236 53523 a
 -1.5041702 -1.1393837 -0.3054398 53722 g
 0.2451064 3.4660559 -4.1283517 53726 a
 1.7542074 2.3773205 2.4642477 53922 g
 0.40372226 7.223157 -2.9360394 53926 a
 1.4428838 2.7323198 0.17073339 54123 g
 4.6067433 7.4128976 -2.2967875 54126 a
 -0.7094829 1.0294948 -0.8561815 54322 g
 4.4750624 7.7468886 -4.201375 54326 a
 1.6873621 -0.31779847 0.48472008 54523 g
 -5.357924 16.003891 -4.005649 54526 a
 -0.095890574 0.5187004 -2.3044086 54723 g
 3.647267 7.022044 -4.2259154 54726 a
 -2.0823424 -1.266949 -0.93581 54923 g
 1.5289971 3.7288196 -2.722357 54926 a
 1.4937502 1.6806376 1.4740844 55124 g
 0.38456866 6.8418803 -2.5403976 55127 a
 1.9163939 3.864696 0.17712498 55323 g
 3.6029742 6.3139586 -2.7403135 55326 a
 -0.64956176 0.70831746 -0.79386353 55533 g
 7.612065 19.235466 5.1348143 55541 a
 2.082575 -6.161839 0.96968174 55724 g
 1.0286089 14.166941 -3.1090205 55727 a
 -2.2583773 -0.13190983 -4.2285423 55923 g
 6.1174846 5.724985 -8.378658 55927 a
 -1.1851234 -1.6014421 -1.1403408 56123 g
 1.9677346 7.625383 -2.9402294 56127 a
 0.5983955 0.016161926 -0.033531062 56324 g
 8.835502 8.870966 0.9497499 56327 a
 1.9550098 0.69979537 -0.7632372 56524 g
 2.5058312 7.6068277 -3.071312 56527 a
 0.04738749 0.5791542 -0.5997191 56723 g
 6.7854667 10.8647375 3.9407063 56727 a
 -1.6972493 -1.4736104 -0.014888935 56924 g
 -0.2510919 13.133842 -2.7887962 56929 a
 -1.8929917 0.5405383 -3.6240048 57124 g
 9.070732 6.4324718 -3.1557074 57127 a
 -1.2399845 -1.8110329 -0.827952 57324 g
 2.265214 7.647529 -1.3031939 57327 a
 -0.4202636 0.34399706 -0.37841043 57526 g
 9.580099 12.364705 0.1925836 57530 a
 5.389422 -3.6608646 -0.84845835 57724 g
 3.351583 7.6187987 -3.2107742 57728 a
 0.15364762 1.3291004 -0.08599534 57924 g
 10.83885 8.547151 -6.824223 57928 a
 -0.90123045 2.9483023 0.7877878 58124 g
 3.7867293 9.699959 -2.9988873 58128 a
 -0.033572607 1.4087288 1.0572997 58324 g
 3.8130655 9.46832 -7.686136 58328 a
 -0.5944343 -3.8408942 -1.6708425 58526 g
 2.4872763 8.80752 -5.920412 58530 a
 -0.6932376 -1.0930446 -0.47162107 58725 g
 2.8691514 15.270069 3.1458313 58729 a
 -0.7582187 -4.439573 0.09882804 58924 g
 4.3044753 10.288334 -2.165705 58928 a
 0.75259256 1.2364223 -0.011160509 59124 g
 7.679103 14.327352 -10.760889 59128 a
 0.22475402 5.764329 1.660772 59325 g
 -2.2310967 8.723722 5.2275896 59328 a
 -2.27915 2.9280622 -0.036194224 59525 g
 1.9449896 12.555044 -4.649091 59528 a
 1.6311693 3.434862 -1.914788 59725 g
 1.4930841 7.685238 -2.0603602 59728 a
 -0.80295986 -0.64989465 -0.19145651 59925 g
 7.8939824 19.822044 -3.4819174 59929 a
 0.36936367 -0.6104799 3.8347104 60267 g
