 0.63383234 1.1707588 -0.04440821 2 g
 7.1766195 -4.5842977 2.3888147 4 a
 -0.65034395 -1.1619039 0.67304736 168 g
 -2.2655134 3.4524388 6.7731967 169 a
 -0.7518104 0.57261294 -3.2577784 236 g
 2.460641 4.8003745 1.75076 434 a
 -0.57950383 2.357197 -1.5336479 638 g
 9.989208 -3.9402575 0.14065935 641 a
 -3.520699 -0.6226138 -0.71685636 838 g
 10.989386 4.9338512 2.3038206 841 a
 1.5611451 -3.2365065 -2.5158217 1040 g
 4.413711 9.210494 -0.23882163 1043 a
 -1.0865697 -2.316917 -3.548862 1235 g
 10.468647 6.8330517 -0.39444473 1236 a
 -0.6929545 0.8304069 1.0565425 1435 g
 7.9224133 5.0362034 -1.1540052 1437 a
 0.57817227 -0.3634882 2.9199564 1634 g
 10.939108 0.9935937 0.8062474 1635 a
 -0.98750013 -2.4719129 -0.65560365 1836 g
 9.335591 1.5011644 -2.1960814 1841 a
 -0.29134983 -0.08012786 0.004860269 2034 g
 9.2069025 2.5079262 -3.0550013 2035 a
 -0.0034621095 -0.0460394 -0.06704508 2234 g
 9.218874 2.2918496 -2.445677 2235 a
 -0.070041135 -0.014880412 -0.09021458 2435 g
 9.22067 2.6342204 -2.7503393 2436 a
 -0.18295917 0.09031445 -0.07663246 2639 g
 8.799889 2.5181017 -1.8830396 2643 a
 -0.17816548 0.04930177 -0.15919045 2839 g
 9.145252 2.942474 -1.9003977 2843 a
 -0.026365295 -0.067877315 0.0011318434 3046 g
 8.661025 2.8030117 -2.1272483 3049 a
 0.014647386 0.014414359 -0.005259743 3244 g
 8.845977 2.8927941 -1.8632874 3247 a
 -0.0013315806 -0.047637295 0.04241084 3446 g
 9.068638 2.7665 -2.2008698 3450 a
 0.05725796 -0.079861544 0.07703193 3641 g
 8.924985 2.5462334 -2.4582467 3644 a
 0.0892159 -0.043376237 0.074368775 3840 g
 9.003395 2.4468741 -2.420538 3844 a
 0.03169162 -0.018875154 0.048802428 4041 g
 8.92319 2.3229742 -2.4139538 4045 a
 0.067111656 -0.033788856 0.07090666 4335 g
 9.001001 2.195483 -2.6928782 4336 a
 0.023702133 -0.027130954 0.0072571137 4449 g
 9.053075 2.154183 -2.6491842 4452 a
 -0.02130529 -0.0018309233 0.022170816 4639 g
 9.020754 2.3002293 -2.682703 4642 a
 0.015180018 0.012816463 -0.027896613 4847 g
 8.98484 2.2331917 -2.6300306 4850 a
 0.0 -0.016744625 0.00752343 5046 g
 9.063251 2.1960814 -2.6623523 5050 a
 -0.002130529 -0.004227768 0.005392901 5247 g
 9.091382 2.2164323 -2.6856956 5251 a
 -0.0037284256 -0.013548832 -0.013249226 5448 g
 9.057265 2.2176294 -2.6551697 5451 a
 0.002396845 -0.011950935 -0.0129829105 5640 g
 9.048885 2.208651 -2.654571 5645 a
 0.002396845 0.0050932956 0.007789746 5846 g
 9.044696 2.203264 -2.6431987 5849 a
 2.663161E-4 0.001098554 -0.008988169 6047 g
 9.036316 2.247557 -2.6611552 6051 a
 0.0053263223 0.005625928 -0.0017976337 6246 g
 9.011775 2.236783 -2.6767175 6260 a
 0.0015978967 -7.656588E-4 0.0016644757 6446 g
 9.025542 2.2331917 -2.6689363 6449 a
 -0.0031957934 0.0016311861 -0.009254484 6647 g
 9.033323 2.2397757 -2.6725276 6651 a
 5.326322E-4 0.0024301345 -0.0039281626 6846 g
 9.002797 2.3181858 -2.7257986 6852 a
 0.0037284256 0.001098554 0.0056592175 7047 g
 9.021352 2.2301989 -2.6671407 7051 a
 0.009054747 -0.016744625 -0.011118697 7247 g
 9.011775 2.2505496 -2.6390088 7251 a
 0.00479369 -0.0084888255 0.012583436 7447 g
 9.011177 2.1751323 -2.6940753 7450 a
 0.013049489 -0.0114183035 0.008322379 7642 g
 9.006987 2.219425 -2.8060043 7647 a
 0.008788432 -0.0010319749 0.0037950044 7848 g
 9.0016 2.1817162 -2.755726 7852 a
 0.007723167 -0.0076898774 -0.0047271107 8049 g
 9.029732 2.1942859 -2.7688942 8052 a
 0.0018642128 3.3289514E-5 0.0035286883 8247 g
 9.036316 2.1936872 -2.8000188 8251 a
 0.0061252704 -0.0018309233 6.657903E-5 8449 g
 8.987833 2.183512 -2.7844565 8452 a
 0.0061252704 0.0018975022 0.0035286883 8646 g
 8.959103 2.184709 -2.779668 8649 a
 0.014647386 -0.006624613 0.004860269 8848 g
 8.993818 2.1499932 -2.8179753 8853 a
 0.00958738 -0.0034288198 0.0013981595 9049 g
 9.045893 2.130241 -2.8712463 9052 a
 2.663161E-4 0.0024301345 0.0013981595 9247 g
 9.035717 2.1703439 -2.8018146 9251 a
 -0.002396845 -0.0055593485 -0.007656588 9447 g
 9.033323 2.1691468 -2.8203697 9452 a
 0.00479369 0.0016311861 -0.0017976337 9652 g
 8.987833 2.178125 -2.802413 9656 a
 0.0039947415 -7.656588E-4 0.004593953 9852 g
 8.97287 2.2026656 -2.8652608 9855 a
 0.005592638 0.005625928 -0.0031292143 10049 g
 8.980651 2.1930888 -2.8520927 10052 a
 0.0053263223 -0.0026298715 -0.01165133 10248 g
 9.008782 2.1242554 -2.7503393 10252 a
 -0.012516857 0.0018975022 -7.323693E-4 10448 g
 9.041702 2.156577 -2.8006175 10452 a
 -0.006924219 0.0045606634 -0.0065913238 10645 g
 8.968081 2.1278467 -2.758719 10648 a
 -0.007190535 0.013881727 -7.323693E-4 10849 g
 8.967483 2.160767 -2.8137856 10854 a
 0.004261058 -2.330266E-4 -9.986854E-4 11048 g
 8.949526 2.1386206 -2.7569232 11052 a
 0.013582122 0.02320279 -0.015113439 11248 g
 8.958505 2.243367 -2.7491422 11251 a
 -0.013582122 0.022936475 -0.007656588 11448 g
 9.0081835 2.2343888 -2.7042508 11458 a
 -0.013049489 -0.0023635554 -0.002596582 11647 g
 9.037513 2.2290018 -2.693477 11650 a
 -0.005592638 -0.0020972393 0.002996056 11848 g
 9.001001 2.2122424 -2.7072437 11851 a
 0.0066579026 -0.0015646071 -0.002596582 12050 g
 9.058462 2.2182279 -2.7042508 12055 a
 0.0037284256 -0.015679361 0.0051265853 12247 g
 9.084799 2.1787236 -2.741361 12251 a
 5.326322E-4 -0.0031625037 0.0032623722 12447 g
 9.025542 2.184709 -2.7569232 12451 a
 -0.00479369 -4.993427E-4 -0.005259743 12650 g
 9.022549 2.2254105 -2.6635494 12654 a
 0.0034621095 -0.006624613 -0.002596582 12850 g
 9.026739 2.1362264 -2.7353754 12854 a
 0.0 -0.004227768 0.013382385 13048 g
 8.978256 2.2182279 -2.7730842 13052 a
 0.0013315806 -0.006624613 0.0019307918 13250 g
 9.057863 2.2182279 -2.8107927 13254 a
 -0.002130529 0.0026964506 -0.0260324 13448 g
 9.01417 2.2254105 -2.7419596 13451 a
 -0.0018642128 0.004294347 -0.0031292143 13648 g
 9.020155 2.2439656 -2.7335799 13652 a
 -0.0013315806 0.0066911923 -0.0041944785 13853 g
 9.028535 2.2014685 -2.7144263 13856 a
 -5.326322E-4 0.011484882 -0.0068576396 14049 g
 8.99322 2.2930467 -2.7234044 14052 a
 -2.663161E-4 -0.006624613 0.0032623722 14248 g
 8.998009 2.2469583 -2.747945 14251 a
 0.0031957934 -0.0010319749 0.005392901 14449 g
 9.056666 2.2541409 -2.7605145 14453 a
 0.007723167 -0.0031625037 -0.0017976337 14648 g
 9.030929 2.1757307 -2.7090392 14652 a
 -0.0053263223 -0.009287775 0.002197108 14852 g
 9.006389 2.2619221 -2.7635074 14860 a
 2.663161E-4 0.0074901404 -4.660532E-4 15052 g
 9.044696 2.1918917 -2.771887 15056 a
 -7.9894834E-4 0.0032290828 0.002197108 15249 g
 9.059061 2.2397757 -2.7234044 15252 a
 0.0098536955 -0.0023635554 -0.00818922 15446 g
 9.043498 2.2188265 -2.8083985 15452 a
 0.0053263223 -0.015679361 0.0016644757 15646 g
 9.018958 2.2140381 -2.789245 15650 a
 2.663161E-4 0.0021638183 -0.007390272 15845 g
 9.015965 2.260725 -2.7641058 15849 a
 -0.0058589545 0.009886986 -1.9973709E-4 16049 g
 9.003395 2.2176294 -2.7617116 16053 a
 -5.326322E-4 8.322378E-4 0.0011318434 16248 g
 9.00579 2.2577322 -2.7802668 16252 a
 0.0034621095 -0.0039614523 -0.0031292143 16453 g
 9.029732 2.219425 -2.710835 16464 a
 5.326322E-4 -0.0050267167 -0.004460795 16649 g
 9.0429 2.207454 -2.7874494 16653 a
 0.0029294773 -0.0015646071 0.004061321 16848 g
 8.998607 2.1990743 -2.746748 16852 a
 0.010120012 -0.0114183035 -0.011385013 17054 g
 8.941146 2.207454 -2.743755 17057 a
 -7.9894834E-4 -0.010086723 0.016045546 17250 g
 9.025542 2.1960814 -2.7994204 17254 a
 -5.326322E-4 0.006424876 0.002996056 17452 g
 8.986037 2.2301989 -2.8000188 17456 a
 -5.326322E-4 0.0077564567 0.0043276367 17649 g
 8.981848 2.1984756 -2.8449101 17652 a
 -0.008522116 0.003495399 -0.005792375 17846 g
 9.032724 2.2643163 -2.794632 17851 a
 -0.0039947415 -0.0020972393 0.0043276367 18057 g
 8.99741 2.2379801 -2.8089972 18061 a
 0.0098536955 -0.0028961876 0.0019307918 18250 g
 9.021951 2.202067 -2.847903 18255 a
 -0.007456851 0.006957508 -0.0015313176 18450 g
 9.11712 2.1655555 -2.8443117 18455 a
 -0.029827405 0.029594377 -0.033755567 18653 g
 9.033323 2.3181858 -2.7341783 18657 a
 -0.018109495 0.013349094 -0.027097665 18850 g
 8.950723 2.3828292 -2.6850972 18855 a
 -0.042077944 0.042643867 -0.056126118 19055 g
 9.013571 2.5049336 -2.5605986 19058 a
 -0.030892668 0.0266649 -0.048136637 19254 g
 8.990826 2.5905263 -2.508525 19258 a
 2.663161E-4 0.0053596115 0.00752343 19451 g
 9.029133 2.5486276 -2.594716 19456 a
 0.009054747 -0.008755142 0.011784487 19651 g
 9.014768 2.517503 -2.585738 19655 a
 -0.0015978967 -0.0026298715 0.002197108 19850 g
 8.977658 2.5899277 -2.5971103 19854 a
 -0.0058589545 0.009354353 -0.0063250074 20055 g
 8.978855 2.586935 -2.5558102 20059 a
 -0.002396845 0.011751198 -0.012183961 20251 g
 8.979453 2.593519 -2.4839842 20256 a
 0.008788432 0.0026964506 0.005392901 20455 g
 9.009979 2.520496 -2.5031378 20458 a
 0.010386328 -0.013282516 0.021105552 20650 g
 9.014768 2.5288756 -2.5701754 20653 a
 0.0098536955 0.0053596115 0.004860269 20851 g
 8.978256 2.4959552 -2.5881321 20855 a
 -0.0045273737 0.004028031 -0.0060586915 21058 g
 8.975264 2.5450363 -2.5504234 21062 a
 -0.0013315806 -4.993427E-4 -0.0031292143 21252 g
 8.990826 2.4768016 -2.5276785 21256 a
 7.9894834E-4 0.003761715 0.010719223 21452 g
 8.998607 2.5528176 -2.6001031 21465 a
 7.9894834E-4 2.9960563E-4 -0.0060586915 21648 g
 8.978256 2.5276785 -2.5701754 21652 a
 -0.0010652645 -4.993427E-4 -0.0036618465 21852 g
 9.046491 2.4785974 -2.5438392 21856 a
 -0.00479369 -0.009021458 0.0032623722 22056 g
 8.972271 2.5222914 -2.5899277 22060 a
 -0.0039947415 0.0021638183 0.00272974 22256 g
 8.97646 2.5276785 -2.5959132 22259 a
 5.326322E-4 0.004294347 -0.0041944785 22452 g
 8.983045 2.529474 -2.5480292 22457 a
 0.013049489 0.011484882 0.019507654 22649 g
 8.995614 2.4797945 -2.6288335 22652 a
 0.005592638 8.322378E-4 -0.008988169 22856 g
 8.995016 2.460641 -2.5761611 22859 a
 -0.007989483 -0.0010319749 0.0035286883 23057 g
 9.7301855 3.3948283 -1.927482 23060 a
 0.0034621095 -0.0060919807 0.004061321 23253 g
 9.763704 3.4289458 -1.9933226 23257 a
 0.0034621095 -0.006358297 0.00272974 23456 g
 9.758317 3.403208 -1.9825486 23461 a
 -0.0018642128 -0.0055593485 0.002197108 23653 g
 9.730783 3.372682 -2.0040965 23658 a
 -2.663161E-4 0.0029627667 0.0019307918 23854 g
 9.721806 3.370288 -1.9765631 23857 a
 -5.326322E-4 -2.330266E-4 -0.004993427 24060 g
 9.739163 3.3601124 -1.9801544 24065 a
 -0.002396845 -0.0015646071 -0.002596582 24254 g
 9.627833 3.314024 -2.0669444 24258 a
 0.04527374 -0.027663585 0.029627668 24455 g
 9.813982 3.3349733 -2.0663457 24456 a
 -0.007456851 -0.027663585 -0.019907128 24647 g
 9.708637 3.3403602 -1.9550153 24647 a
 -0.011185276 -0.0026298715 0.009387643 24852 g
 9.743354 3.342156 -1.987337 24862 a
 2.663161E-4 8.322378E-4 -0.0047271107 25058 g
 9.764901 3.3373675 -2.02325 25062 a
 0.0015978967 0.001098554 0.0011318434 25259 g
 9.7242 3.325995 -2.0388124 25262 a
 0.007456851 -7.656588E-4 0.0016644757 25455 g
 9.734974 3.318214 -2.0028994 25459 a
 0.0 -0.0068909293 0.0019307918 25654 g
 9.705645 3.3188124 -2.0304327 25659 a
 -0.00479369 0.0024301345 -0.0036618465 25857 g
 9.764302 3.3613095 -2.028637 25861 a
 0.002130529 0.005625928 3.3289514E-4 26056 g
 9.782259 3.2817023 -2.044798 26059 a
 -0.007723167 -0.012483568 -0.0031292143 26257 g
 9.7541275 3.359514 -2.029834 26261 a
 0.007190535 0.004294347 3.3289514E-4 26458 g
 9.749937 3.3613095 -2.0172646 26471 a
 5.326322E-4 0.0050932956 -7.323693E-4 26657 g
 9.742156 3.337966 -2.0184617 26662 a
 -0.002130529 0.004294347 -0.0039281626 26855 g
 9.740959 3.3744776 -2.069937 26859 a
 5.326322E-4 0.011751198 -0.00818922 27058 g
 9.708039 3.4247558 -2.0424037 27062 a
 0.010652645 0.010419617 -0.0047271107 27254 g
 9.757719 3.3319805 -1.9903297 27257 a
 -0.007723167 -0.0026298715 -0.010319749 27457 g
 9.727193 3.3643024 -1.9508255 27461 a
 -0.010120012 0.0045606634 -0.01644502 27657 g
 9.708637 3.4241574 -2.0028994 27662 a
 -0.0015978967 -0.0018309233 -0.004993427 27856 g
 9.705047 3.4169748 -1.9723732 27859 a
 0.010386328 -4.993427E-4 0.0072571137 28057 g
 9.700258 3.4056022 -2.0358195 28060 a
 0.0045273737 -0.0060919807 -0.0015313176 28258 g
 9.631425 3.3720834 -2.0082862 28261 a
 -0.008522116 0.0026964506 -0.0100534335 28458 g
 9.668534 3.4367268 -1.9849428 28461 a
 0.0026631611 -0.001298291 -0.0020639498 28653 g
 9.734974 3.396624 -1.998111 28657 a
 0.008255799 -0.006358297 0.0024634239 28858 g
 9.739163 3.3678937 -2.0070891 28862 a
 -0.0053263223 0.013349094 0.0056592175 29057 g
 9.755923 3.3876457 -1.9747674 29061 a
 -0.007723167 0.003761715 -0.010319749 29256 g
 9.711032 3.3870473 -1.9933226 29260 a
 -0.0015978967 0.0021638183 -7.323693E-4 29452 g
 9.711032 3.3571198 -1.9442414 29475 a
 0.004261058 0.0026964506 0.0067244815 29655 g
 9.700856 3.4097922 -1.951424 29661 a
 -0.0029294773 0.011218566 -0.0065913238 29862 g
 9.69906 3.4109893 -1.9268835 29866 a
 2.663161E-4 0.00136487 -7.323693E-4 30061 g
 9.690681 3.3720834 -1.9651906 30065 a
 0.0018642128 -0.0028961876 0.0019307918 30257 g
 9.697265 3.4157777 -1.9771616 30261 a
 0.007456851 0.0066911923 -4.660532E-4 30455 g
 9.712828 3.3936312 -2.0160675 30459 a
 -0.0015978967 -0.0034288198 -1.9973709E-4 30666 g
 9.737368 3.3996167 -1.968782 30670 a
 0.0031957934 8.322378E-4 -0.0041944785 30857 g
 9.71163 3.408595 -1.9693805 30861 a
 0.0026631611 -0.0026298715 0.0043276367 31058 g
 9.691878 3.3601124 -2.0023007 31063 a
 0.0045273737 -0.0010319749 0.0019307918 31258 g
 9.702053 3.4253545 -1.9604023 31262 a
 0.0026631611 -0.0023635554 -7.323693E-4 31458 g
 9.702652 3.3930328 -1.9933226 31461 a
 -7.9894834E-4 -7.656588E-4 -7.323693E-4 31659 g
 9.709236 3.4301429 -2.0160675 31662 a
 0.002130529 0.0026964506 -1.9973709E-4 31860 g
 9.744551 3.3774705 -1.9939212 31864 a
 7.9894834E-4 0.0050932956 -0.010586065 32058 g
 9.715221 3.4038067 -1.9963154 32064 a
 -0.0066579026 0.0032290828 0.0043276367 32257 g
 9.679309 3.42715 -2.035221 32261 a
 -0.005060006 0.0066911923 -0.012183961 32460 g
 9.710433 3.4582746 -1.9801544 32464 a
 0.0031957934 0.0053596115 -0.0047271107 32660 g
 9.703251 3.366098 -1.9615993 32663 a
 -0.0010652645 -0.0028961876 0.0064581656 32855 g
 9.702053 3.4421139 -2.0154688 32860 a
 0.0029294773 8.322378E-4 -0.0015313176 33061 g
 9.704448 3.3996167 -1.98195 33065 a
 0.0034621095 0.0016311861 -0.0017976337 33258 g
 9.724798 3.443311 -2.005892 33261 a
 0.0058589545 0.003761715 6.657903E-5 33458 g
 9.713426 3.3666966 -1.9250878 33461 a
 -0.0037284256 -0.014614096 3.3289514E-4 33657 g
 9.712828 3.4229603 -1.9879355 33660 a
 -2.663161E-4 0.0072238245 -0.0012650015 33860 g
 9.715221 3.378069 -1.9496284 33865 a
 -0.0013315806 -2.330266E-4 -7.323693E-4 34059 g
 9.729587 3.4008138 -1.9747674 34063 a
 0.0010652645 0.0026964506 0.002996056 34261 g
 9.692476 3.4451065 -1.9957168 34265 a
 0.0037284256 5.659217E-4 0.0032623722 34458 g
 9.715221 3.4265516 -2.0106804 34462 a
 0.0029294773 -0.0010319749 -0.0041944785 34658 g
 9.720609 3.396624 -1.9849428 34662 a
 -0.00479369 0.004294347 -1.9973709E-4 34871 g
 9.745748 3.407398 -1.9376574 34874 a
 -0.004261058 -0.006624613 -0.002596582 35059 g
 9.782259 3.3918357 -2.0034978 35068 a
 -5.326322E-4 0.0021638183 0.0051265853 35259 g
 9.703849 3.4367268 -1.9789573 35262 a
 0.005592638 0.011218566 -0.0033955304 35461 g
 9.703849 3.4097922 -1.9891326 35466 a
 0.0029294773 -0.011950935 -0.0020639498 35659 g
 9.770886 3.406201 -1.9879355 35663 a
 0.0029294773 -0.0031625037 -0.002596582 35862 g
 9.88506 3.4305918 -1.9806033 35866 a
 -0.0039947415 -0.0055593485 6.657903E-5 36059 g
 9.886856 3.4174237 -2.0045455 36063 a
 7.9894834E-4 0.0058922437 0.00272974 36258 g
 9.876082 3.4629135 -1.9985598 36262 a
 0.002130529 -0.0018309233 -0.002330266 36458 g
 9.891046 3.44376 -2.0272903 36462 a
 0.0029294773 0.0016311861 -0.0063250074 36662 g
 9.844358 3.4683003 -2.0308816 36675 a
 0.0053263223 0.0024301345 -0.0039281626 36858 g
 9.90601 3.3988686 -1.9991584 36861 a
 -0.0045273737 -0.011684619 0.0064581656 37064 g
 9.913791 3.4545338 -2.0045455 37067 a
 -7.9894834E-4 0.0048269792 -1.9973709E-4 37262 g
 9.89344 3.4383729 -1.9949685 37267 a
 -0.0045273737 0.008821721 -0.0060586915 37460 g
 9.882068 3.4521396 -1.9835961 37464 a
 -0.0010652645 0.0045606634 -0.0039281626 37660 g
 9.873089 3.5084033 -2.0398598 37664 a
 0.0018642128 -0.0026298715 -0.0015313176 37865 g
 9.885659 3.4724903 -1.9895816 37869 a
 0.0010652645 -0.0026298715 -0.002330266 38064 g
 9.886856 3.427599 -1.9614497 38068 a
 -0.002130529 -0.0028961876 0.009387643 38260 g
 9.871294 3.4305918 -1.9979613 38265 a
 0.0026631611 0.0026964506 -1.9973709E-4 38464 g
 9.877877 3.4706945 -1.9895816 38467 a
 0.00479369 -0.0020972393 -0.0031292143 38660 g
 9.925761 3.4365773 -2.0207062 38665 a
 0.0039947415 0.00136487 0.0032623722 38861 g
 9.912594 3.4377744 -2.0572178 38865 a
 -0.00958738 -0.0018309233 5.9921126E-4 39067 g
 9.865907 3.4473512 -2.018312 39071 a
 0.0026631611 -0.010353039 -0.007656588 39261 g
 9.844957 3.4305918 -1.9925743 39265 a
 0.009054747 -0.009287775 0.0011318434 39461 g
 9.865308 3.3880947 -2.0272903 39465 a
 0.018375812 -0.006358297 0.021638183 39662 g
 9.856929 3.3366194 -2.0518308 39665 a
 0.0098536955 -0.010086723 0.0011318434 39861 g
 9.869498 3.3952773 -2.0506337 39865 a
 0.008788432 -0.0023635554 -0.0017976337 40060 g
 9.888053 3.3653498 -2.083554 40065 a
 0.007190535 -0.011950935 0.0064581656 40267 g
 9.849147 3.316867 -2.042254 40271 a
 0.005060006 0.004028031 0.009387643 40461 g
 9.858724 3.355773 -2.1080947 40466 a
 0.0026631611 -0.0034288198 0.002197108 40661 g
 9.870695 3.3659482 -2.111686 40665 a
 0.005060006 5.659217E-4 -0.0063250074 40865 g
 9.843162 3.339612 -2.1392193 40868 a
 0.0058589545 -0.0034288198 0.004061321 41063 g
 9.870096 3.2929251 -2.1338322 41067 a
 0.0015978967 -0.0010319749 0.0024634239 41265 g
 9.872491 3.3324294 -2.1254525 41268 a
 0.0029294773 -0.0026298715 0.0037950044 41465 g
 9.906608 3.2857425 -2.1164744 41469 a
 0.0031957934 0.00136487 0.004593953 41662 g
 9.890448 3.3114803 -2.1392193 41674 a
 -5.326322E-4 -0.0023635554 3.3289514E-4 41863 g
 9.908403 3.2618005 -2.0961237 41867 a
 0.0015978967 0.0048269792 0.0072571137 42066 g
 9.900622 3.283947 -2.1529858 42070 a
 0.0058589545 0.0024301345 0.00272974 42266 g
 9.892242 3.268235 -2.1478982 42269 a
 0.0010652645 0.0045606634 -0.004460795 42462 g
 9.900024 3.3059437 -2.1030068 42467 a
 -0.0053263223 0.00615856 -0.005792375 42663 g
 9.905411 3.2311249 -2.0784664 42666 a
 -0.007723167 -0.0010319749 0.0051265853 42863 g
 9.868899 3.3310828 -2.1915925 42868 a
 -0.0015978967 0.004294347 -0.0017976337 43064 g
 9.897031 3.3035495 -2.080262 43068 a
 -7.9894834E-4 -0.0034288198 -0.0031292143 43264 g
 9.920973 3.2993596 -2.1544824 43268 a
 -0.0010652645 -0.0055593485 0.00885501 43467 g
 9.929952 3.2658408 -2.092233 43470 a
 -0.01091896 -0.0060919807 -0.0020639498 43664 g
 9.871294 3.3250973 -2.1377227 43667 a
 -0.004261058 0.004294347 5.9921126E-4 43871 g
 9.90601 3.3047466 -2.0778677 43875 a
 7.9894834E-4 0.008821721 -0.0031292143 44065 g
 9.920973 3.3137248 -2.1784244 44069 a
 -0.005060006 0.008022773 -0.005792375 44264 g
 9.932345 3.356222 -2.1167736 44268 a
 -0.011984224 -0.012217252 -0.007390272 44468 g
 9.940725 3.3376667 -2.0970213 44472 a
 -0.0015978967 0.004028031 -0.008988169 44664 g
 9.898229 3.368193 -2.0700867 44667 a
 -0.0013315806 0.0072238245 -9.986854E-4 44867 g
 9.944916 3.3370683 -2.1024084 44870 a
 5.326322E-4 0.006424876 -0.011917646 45072 g
 9.931149 3.4118872 -2.0251954 45076 a
 -0.0058589545 -0.00955409 -0.0047271107 45267 g
 9.962872 3.377171 -2.0641012 45271 a
 -0.0013315806 0.0026964506 0.0016644757 45467 g
 9.934141 3.3622074 -2.0593128 45472 a
 7.9894834E-4 3.3289514E-5 0.0061918497 45667 g
 9.906608 3.3717842 -2.081459 45670 a
 0.008255799 -2.330266E-4 5.9921126E-4 45859 g
 9.909002 3.418471 -2.1299417 45867 a
 0.004261058 -0.0074235615 -4.660532E-4 46061 g
 9.94312 3.3568203 -2.0892403 46065 a
 0.007190535 -0.0068909293 0.0024634239 46267 g
 9.932944 3.3382654 -2.1000142 46270 a
 -0.004261058 -2.330266E-4 0.0011318434 46465 g
 9.901221 3.3526306 -2.1113865 46469 a
 2.663161E-4 0.0018975022 -0.002596582 46667 g
 9.911396 3.3987188 -2.109591 46677 a
 0.0045273737 0.0077564567 0.002197108 46867 g
 9.962274 3.3795652 -2.1119852 46871 a
 0.007723167 -4.993427E-4 -0.007656588 47066 g
 9.923966 3.3376667 -2.081459 47070 a
 5.326322E-4 0.001098554 -0.0060586915 47262 g
 9.910199 3.3723826 -2.0916345 47267 a
 -0.0031957934 3.3289514E-5 -0.0031292143 47467 g
 9.929952 3.3250973 -2.1155765 47471 a
 0.002396845 0.0053596115 0.0024634239 47667 g
 9.907805 3.3741784 -2.061707 47671 a
 0.008788432 0.003761715 -0.0036618465 47866 g
 9.913791 3.382558 -2.0886416 47888 a
 0.0010652645 2.9960563E-4 8.6552737E-4 48069 g
 9.870096 3.3610103 -2.0862474 48072 a
 0.0010652645 -0.0010319749 -4.660532E-4 48261 g
 9.887454 3.3388638 -2.1036055 48265 a
 -0.0029294773 -0.0052930326 0.004061321 48466 g
 9.881469 3.3304842 -2.0718822 48470 a
 0.004261058 -0.0018309233 0.004061321 48665 g
 9.9372835 3.3295863 -2.1157262 48668 a
 0.0098536955 -0.00955409 5.9921126E-4 48868 g
 9.860071 3.3134255 -2.174384 48871 a
 0.010120012 -0.031924643 0.0037950044 49067 g
 9.890596 3.3349733 -2.1947348 49071 a
 0.040480047 0.010153302 0.011518172 49268 g
 9.867253 3.1979053 -2.2025158 49272 a
 0.0039947415 -0.0068909293 0.009387643 49467 g
 9.894188 3.295469 -2.222268 49470 a
 0.0018642128 0.0045606634 0.0016644757 49664 g
 9.982774 3.2805052 -2.2845173 49668 a
 0.0098536955 0.0021638183 -0.015646072 49871 g
 9.887006 3.26614 -2.2833202 49875 a
 0.007989483 -0.0015646071 0.00752343 50068 g
 9.950452 3.1853356 -2.2563856 50071 a
 0.013315805 -0.012483568 -0.002596582 50267 g
 9.878626 3.290082 -2.3766942 50270 a
 0.013848438 2.9960563E-4 0.014980281 50468 g
 9.89359 3.1727662 -2.3108535 50471 a
 0.013848438 -0.0026298715 -0.0015313176 50667 g
 9.879823 3.2882864 -2.3766942 50670 a
 0.023702133 -0.010086723 -0.004993427 50869 g
 9.873239 2.9872155 -2.3252187 50872 a
 0.006924219 -0.018076206 0.008588694 51069 g
 9.869648 3.1188967 -2.4359505 51072 a
 0.018375812 -0.013548832 0.025100293 51268 g
 9.91394 3.0386908 -2.4928129 51271 a
 0.0058589545 -0.020739367 0.009387643 51467 g
 9.852289 3.081188 -2.4856303 51470 a
 0.007190535 -0.011950935 -0.0055260593 51670 g
 9.851691 3.0356982 -2.4892216 51673 a
 0.00479369 0.0016311861 0.00752343 51868 g
 9.851092 3.0566473 -2.5383027 51871 a
 0.0015978967 -7.656588E-4 0.0032623722 52068 g
 9.824757 3.0458734 -2.53112 52072 a
 0.004261058 0.0021638183 0.005392901 52270 g
 9.837924 3.0392895 -2.510171 52274 a
 0.006924219 -0.0018309233 0.0019307918 52467 g
 9.844508 2.9872155 -2.5167549 52471 a
 -5.326322E-4 0.0021638183 0.0051265853 52667 g
 9.820566 3.0722096 -2.5634418 52671 a
 0.0053263223 0.0024301345 -4.660532E-4 52868 g
 9.852888 3.0297127 -2.5748143 52871 a
 0.0015978967 -0.0031625037 0.0035286883 53071 g
 9.879225 2.992004 -2.5329158 53075 a
 0.0015978967 0.0018975022 0.0035286883 53268 g
 9.882217 3.0919619 -2.5915737 53271 a
 5.326322E-4 0.0074901404 -0.0017976337 53471 g
 9.855283 3.0512605 -2.5622447 53475 a
 0.011451593 0.0016311861 -0.005792375 53666 g
 9.877429 3.0309098 -2.5688288 53669 a
 -0.007989483 0.0045606634 0.0032623722 53868 g
 9.884013 3.0261214 -2.5287259 53871 a
 -0.005592638 0.0018975022 0.004593953 54077 g
 9.866654 3.070414 -2.5628433 54080 a
 0.0037284256 0.004294347 -0.0039281626 54261 g
 9.797223 3.042282 -2.4305637 54262 a
 0.007989483 -0.009820406 -0.0028628982 54462 g
 9.855881 3.021333 -2.4622867 54463 a
 0.0018642128 0.005625928 0.0051265853 54671 g
 9.891794 3.0267198 -2.5065796 54675 a
 -0.0127831735 0.0050932956 -0.013781859 54869 g
 9.895984 3.0141504 -2.428768 54872 a
 -0.014114753 0.019474365 -0.0100534335 55075 g
 9.851092 3.0566473 -2.3838768 55078 a
 -0.014114753 0.018142784 -0.007123956 55271 g
 9.875633 3.090166 -2.4317608 55280 a
 -0.013848438 -0.003695136 -0.013781859 55469 g
 9.909751 3.1326632 -2.4515128 55472 a
 -0.0037284256 0.0032290828 -0.004460795 55669 g
 9.901371 3.1242836 -2.3910594 55673 a
 -0.0053263223 0.00136487 -0.0063250074 55868 g
 9.898378 3.1033344 -2.3246202 55872 a
 -0.007190535 0.02267016 -0.0065913238 56075 g
 9.906159 3.1631894 -2.3647232 56079 a
 0.00479369 -0.003695136 -0.0015313176 56266 g
 9.888203 3.1536126 -2.431162 56270 a
 0.0127831735 -0.012483568 0.009920275 56467 g
 9.932495 3.087772 -2.4467244 56470 a
 0.0018642128 -0.0039614523 -0.0065913238 56670 g
 9.858873 3.0763996 -2.2617724 56673 a
 0.0013315806 -7.656588E-4 -0.012183961 56869 g
 9.8020115 3.1548097 -2.446126 56874 a
 0.004261058 -0.003695136 0.014980281 57076 g
 9.793632 3.1009402 -2.5796027 57082 a
 -0.0013315806 0.005625928 -0.052397694 57272 g
 9.688886 3.214066 -2.1911435 57276 a
 0.08548747 -0.024467792 0.033356093 57470 g
 9.5631895 2.9507039 -2.2815247 57474 a
 0.2247708 -0.10329736 0.19181417 57672 g
 9.728989 2.6220999 -2.908207 57676 a
 0.18588865 0.022936475 0.22829948 57870 g
 9.772084 1.8769045 -2.7250504 57874 a
 0.07190535 -0.017543573 0.13535516 58071 g
 10.067169 1.7488147 -3.0668228 58080 a
 0.076965354 -0.015146729 0.09673933 58275 g
 10.001328 0.9784803 -2.8004677 58279 a
 -0.07350325 -0.07639943 -0.020706078 58470 g
 9.960628 1.6716017 -2.869301 58476 a
 0.0015978967 -0.010885671 -0.01644502 58670 g
 9.964817 1.6991351 -3.005172 58674 a
 0.034354776 -0.019141471 0.04800348 58871 g
 9.908553 1.3136685 -3.1919198 58875 a
 0.0013315806 -0.01780989 0.018176075 59072 g
 9.971401 1.5788264 -3.1877298 59078 a
 -0.002130529 -0.02047305 -0.049734533 59273 g
 9.703849 1.6656162 -2.994398 59277 a
 0.03009372 -0.015413045 -0.008721853 59475 g
 10.113257 1.4112322 -3.0805893 59478 a
 0.08016115 0.040247023 0.0219045 59672 g
 10.100688 1.2915221 -3.4355297 59675 a
 -0.05379585 -0.006624613 -0.103796706 59871 g
 9.933693 1.7787422 -3.1230865 59875 a
 -0.20293288 0.074335486 -0.2425474 60229 g
