 0.22370553 0.4133559 0.37983334 3 g
 9.610476 2.7531824 4.257639 5 a
 0.03914847 -0.16614796 -0.19887155 167 g
 9.434502 5.386804 4.1636662 171 a
 -0.03009372 -0.030593064 -0.06438192 366 g
 9.321376 5.21502 3.987094 370 a
 -0.23755397 -0.03698465 -0.2342916 571 g
 8.868273 5.5436244 3.7973535 574 a
 -0.13848437 -0.15762584 -0.2212421 767 g
 8.198495 5.625027 4.449175 771 a
 -0.36245623 0.16195348 -0.3418833 967 g
 8.03928 5.6298156 4.33964 971 a
 -0.06684534 -0.2164817 -0.16398415 1166 g
 7.4957967 5.895572 5.187786 1170 a
 -0.17310546 0.08365655 -0.12430304 1371 g
 7.880066 6.5318313 4.9621325 1375 a
 -0.04181163 -0.05695836 -0.025233451 1572 g
 8.446894 6.431275 4.903475 1590 a
 0.15073492 -0.12034159 0.17290573 1770 g
 8.701277 6.1421747 4.279785 1773 a
 0.16245283 -0.27054387 0.24188161 1966 g
 9.245958 5.6753054 3.7494695 1977 a
 0.034088463 -0.279066 0.22137526 2172 g
 9.413552 5.208436 3.115006 2175 a
 0.0743022 -0.25376597 0.1476057 2369 g
 9.983372 5.0989013 2.6337714 2373 a
 0.04287689 -0.006358297 0.09247827 2574 g
 9.749339 4.936694 2.6475382 2583 a
 0.021038972 -0.14564162 0.095141426 2770 g
 9.745149 4.9354973 2.491915 2774 a
 0.04660532 -0.07826365 0.07090666 2970 g
 9.776274 4.720618 2.1507413 2974 a
 0.12942962 0.063416526 0.07596667 3172 g
 9.766697 4.6128783 2.3135471 3175 a
 -0.02130529 -0.06334995 0.0796951 3372 g
 9.937882 4.2890625 2.1040545 3376 a
 0.048203215 -0.14111425 0.11085408 3573 g
 10.486155 4.0149264 1.8400936 3591 a
 0.072970614 -0.08891629 0.02589924 3771 g
 10.034847 4.0873513 1.6335938 3774 a
 0.009321064 0.02320279 0.0096539585 3971 g
 9.872042 4.172944 1.7604865 3974 a
 0.051665325 -0.035919383 0.0032623722 4171 g
 9.906159 4.2399817 1.6772879 4174 a
 -0.00479369 -0.015413045 0.025100293 4374 g
 10.131813 4.032883 1.5659575 4377 a
 -0.0029294773 0.0077564567 0.040013995 4575 g
 10.138396 4.0137296 1.4935329 4582 a
 -0.04234426 0.033322804 -0.06438192 4772 g
 10.063578 4.2812815 1.8077719 4776 a
 -0.047936898 0.1291966 -0.09234511 4974 g
 10.005519 4.258537 2.095076 4978 a
 -0.048203215 0.07140601 -0.088616684 5173 g
 9.884013 4.5051394 2.2435167 5176 a
 -0.02530003 0.08392286 -0.088616684 5372 g
 9.848699 4.7260046 2.4769514 5376 a
 -0.03195793 0.09564077 -0.0673114 5575 g
 9.838523 4.786458 2.6301801 5588 a
 -0.041278996 0.06261758 -0.059321914 5773 g
 9.667337 4.9175406 2.7259483 5776 a
 0.0031957934 0.06448179 -0.061985075 5973 g
 9.481189 4.8654666 2.811541 5976 a
 -0.01438107 0.06501442 -0.040679786 6175 g
 9.498547 5.0174985 2.9923031 6182 a
 -0.016245283 0.041578602 -0.037750307 6371 g
 9.503335 5.094113 3.020435 6375 a
 -0.013848438 0.051165983 -0.046006106 6575 g
 9.473407 5.0576015 3.36939 6581 a
 0.067111656 0.019474365 -0.054261908 6773 g
 9.383625 5.179107 3.140145 6777 a
 -0.04527374 0.110021845 -0.05346296 6973 g
 9.338734 5.319168 3.3849523 6977 a
 -0.0015978967 0.0431765 -0.06651245 7173 g
 9.50932 5.6375966 3.3735797 7177 a
 -0.07350325 0.0879176 -0.030027142 7374 g
 9.076569 5.6633344 3.5926492 7377 a
 -0.015446334 0.044774394 -0.023635555 7577 g
 8.931719 5.4634185 3.5639188 7590 a
 -0.035153728 0.031192275 -0.0033955304 7765 g
 9.017312 5.5113025 3.6201825 7766 a
 -0.02876214 -0.02047305 0.0013981595 7965 g
 8.977807 5.668123 3.4352305 7966 a
 0.05539375 -0.155229 0.033089776 8174 g
 9.24117 5.406556 3.3221045 8177 a
 0.105727494 -0.15389742 0.11538146 8373 g
 9.490766 5.168333 2.8007672 8377 a
 0.058589544 -0.16215321 0.09940249 8576 g
 9.662549 5.050419 2.5338135 8594 a
 0.058589544 -0.13978267 0.15666045 8774 g
 9.704448 4.7152305 2.2052095 8778 a
 0.03169162 -0.15229952 0.15133412 8974 g
 9.998935 4.5799584 1.7293618 8977 a
 0.033555828 -0.075067855 0.115914084 9174 g
 10.024074 4.5236945 1.6724995 9181 a
 0.029294772 -0.058289938 0.08395615 9370 g
 10.193463 4.2896614 1.4336779 9374 a
 0.06844324 -0.09637314 0.07916246 9577 g
 9.692776 3.8353615 1.0390835 9590 a
 0.043409526 -0.05402888 0.058656123 9789 g
 9.689184 3.6342485 0.9139865 9793 a
 0.07829694 -0.06468152 0.047737163 9975 g
 9.65806 3.8359601 0.7206547 9981 a
 0.0061252704 -0.043376237 0.026431873 10173 g
 9.8065 3.7605426 0.7110779 10177 a
 0.0029294773 -0.035120435 0.03495399 10374 g
 9.950152 3.5199254 0.6159084 10378 a
 -0.011451593 -0.016211992 0.013116068 10573 g
 9.924415 3.6186862 0.6183026 10576 a
 0.009321064 -4.993427E-4 0.015512913 10782 g
 10.004621 3.5702035 0.599149 10792 a
 0.039947417 -0.066013105 0.06904245 10975 g
 10.117746 3.3098342 0.4297592 10989 a
 0.013848438 -0.07213838 0.0682435 11175 g
 10.060286 3.2739213 0.29927522 11189 a
 0.045540053 -0.05003414 0.052264538 11375 g
 10.024971 3.212869 0.11312603 11382 a
 0.038615834 -0.030326746 0.067444555 11576 g
 9.93459 3.027917 0.15203181 11580 a
 0.04527374 -0.07453522 0.08555405 11778 g
 9.432406 2.8710968 -0.17537527 11782 a
 -0.023968449 0.08205865 0.10046775 11976 g
 10.580426 2.754978 -0.005985504 11984 a
 0.08362326 -0.14963636 -0.04041347 12175 g
 9.649082 2.0594623 0.43394905 12180 a
 -0.3241067 0.22293986 -0.027896613 12376 g
 10.825832 2.6663926 -1.1492168 12380 a
 -0.6945524 -0.0044940845 0.60620207 12574 g
 9.523985 1.199944 -0.054468088 12578 a
 -0.19973709 -0.16375111 0.2320279 12789 g
 10.417022 -0.13063364 -1.1180922 12793 a
 0.29161614 0.03145859 0.58036935 12979 g
 8.147319 -1.2211925 -2.8191724 12983 a
 -0.75633776 -0.93952996 1.4323146 13176 g
 9.061904 -4.9387894 -4.531027 13180 a
 0.25379926 -1.2596419 1.513541 13399 g
 9.766397 -5.349993 -6.8348475 13425 a
 0.78323567 1.7401427 0.9649298 13575 g
 -0.41674075 -4.043358 -11.401787 13580 a
 1.210673 -0.04710466 0.29594377 13776 g
 1.794903 -2.104653 -9.648633 13789 a
 -0.42903525 -0.072937325 -0.20819262 13984 g
 2.0911856 -0.7764695 -9.558251 13988 a
 -0.072970614 0.07087337 0.29381326 14177 g
 1.2699744 -1.2499229 -8.7951 14181 a
 0.26977822 0.116946064 0.21658157 14377 g
 1.5854105 -2.059163 -8.81605 14383 a
 0.28442562 0.14517556 0.09753828 14580 g
 1.7254713 -2.3859715 -9.263765 14584 a
 0.46578687 0.08259128 -0.125102 14777 g
 -8.2733135 -2.5344121 -12.014703 14781 a
 2.1901836 -0.24364595 0.22004369 14980 g
 10.4349785 -8.011148 -15.40609 14983 a
 -0.18935075 5.306381 -1.2425643 15180 g
 -0.888997 -1.517475 -10.566211 15184 a
 -0.15499598 -0.12327107 -0.07210509 15377 g
 1.0455179 -0.8189666 -9.561244 15382 a
 0.26711506 0.09643972 0.06451508 15577 g
 0.90306294 -1.7682676 -9.251794 15582 a
 0.20053603 0.021871211 -0.16025572 15780 g
 2.32881 -2.922273 -8.62152 15784 a
 0.76938725 0.45942858 -0.5988783 15975 g
 1.0940006 -3.5842695 -7.2909427 15976 a
 -0.2495382 -0.42367563 0.3294996 16181 g
 1.747019 -1.8819922 -9.339182 16184 a
 -0.5334312 -0.1320595 0.0104529075 16381 g
 1.1233295 -1.4151229 -9.244612 16384 a
 -0.26365295 -0.1072921 0.0043276367 16578 g
 1.1867758 -0.88959557 -9.000402 16582 a
 -0.185356 -0.024467792 0.036818203 16777 g
 1.0718541 -0.6561609 -9.14585 16782 a
 -0.08282431 -0.018076206 0.011784487 16981 g
 1.0538976 -0.54782325 -9.21229 16985 a
 -0.023702133 -0.007157245 0.018708706 17179 g
 1.0383353 -0.5137059 -9.19134 17183 a
 0.00479369 0.001098554 0.006990798 17379 g
 1.040131 -0.53585225 -9.163807 17382 a
 -0.00958738 -0.005825665 -0.007123956 17582 g
 1.0646715 -0.53345805 -9.193136 17587 a
 -0.01917476 0.010685934 6.657903E-5 17779 g
 1.0694599 -0.60588264 -9.164406 17786 a
 0.03222425 0.01920805 -0.010852382 17980 g
 1.1077672 -0.62204355 -9.138668 17983 a
 -0.0026631611 0.024800688 -0.02043976 18183 g
 1.2137107 -0.6878841 -9.316438 18188 a
 0.13315806 0.06687863 -0.046006106 18380 g
 1.4076409 -1.3253403 -8.89805 18383 a
 0.38642466 0.08578707 0.042943474 18580 g
 1.4441526 -1.5198692 -8.799889 18584 a
 -0.3392867 -0.09823735 0.020306604 18785 g
 1.283741 -1.2241852 -8.983045 18796 a
 -0.030626353 -0.013815148 0.009121327 18979 g
 1.3298295 -1.2026374 -8.99741 18983 a
 0.009054747 0.012816463 0.037084516 19180 g
 1.3220483 -1.2134113 -9.014768 19183 a
 -0.026098978 -0.014614096 0.0043276367 19383 g
 1.3070844 -1.1002853 -9.030331 19388 a
 -0.06098639 -0.017010942 0.019773971 19580 g
 1.2681787 -1.0170869 -9.045893 19584 a
 -0.035153728 -0.0031625037 0.014181333 19781 g
 1.2723686 -0.94286656 -9.066243 19784 a
 -0.021038972 -0.007157245 0.009387643 19977 g
 1.2382512 -0.9105448 -9.025542 19982 a
 -0.010652645 -7.656588E-4 0.008588694 20182 g
 1.2280759 -0.93089557 -9.083003 20186 a
 -0.01091896 -0.0047604004 0.0056592175 20381 g
 1.2184991 -0.9093477 -9.072827 20384 a
 -0.005060006 -0.0039614523 0.0037950044 20583 g
 1.2346599 -0.9081506 -9.050681 20587 a
 -0.002396845 0.00136487 0.006990798 20780 g
 1.2208933 -0.8973767 -9.063849 20784 a
 -0.007723167 -0.0026298715 0.006990798 20981 g
 1.2460324 -0.89677817 -9.0476885 20984 a
 -0.002130529 -0.001298291 0.0059255334 21184 g
 1.2322657 -0.90755206 -9.0794115 21189 a
 -0.002396845 0.001098554 0.0064581656 21381 g
 1.2334628 -0.8877999 -9.064447 21384 a
 -7.9894834E-4 0.0018975022 0.00885501 21581 g
 1.2190976 -0.8794202 -9.084799 21584 a
 -0.0063915867 0.0024301345 0.010719223 21786 g
 1.2089223 -0.8572738 -9.133281 21790 a
 -0.033289514 -0.013282516 -0.0036618465 21972 g
 1.2041339 -0.870442 -9.065046 21973 a
 0.013315805 0.006424876 0.0035286883 22177 g
 1.2041339 -0.8788217 -9.078813 22182 a
 0.010652645 0.003495399 0.00752343 22382 g
 1.2131121 -0.8740333 -9.050082 22386 a
 -0.0061252704 -2.330266E-4 0.0043276367 22581 g
 1.1915642 -0.90515786 -9.070433 22584 a
 0.036751624 -0.0047604004 -0.0012650015 22781 g
 1.205331 -0.91114336 -9.087193 22784 a
 0.021571605 0.0077564567 0.0059255334 22983 g
 1.2316672 -0.9231144 -9.120112 22988 a
 -0.0015978967 0.0029627667 0.0067244815 23182 g
 1.2137107 -0.9398738 -9.027936 23186 a
 7.9894834E-4 0.001098554 0.0043276367 23381 g
 1.1957542 -0.91353756 -9.0842 23384 a
 -0.0034621095 -0.001298291 0.004061321 23583 g
 1.194557 -0.9165303 -9.0554695 23588 a
 -0.0013315806 0.0016311861 0.005392901 23781 g
 1.2184991 -0.9470564 -9.084799 23784 a
 -2.663161E-4 0.0018975022 0.004860269 23980 g
 1.2035353 -0.9219173 -9.0842 23983 a
 -0.004261058 5.659217E-4 0.0037950044 24184 g
 1.2125136 -0.93089557 -9.06744 24188 a
 -0.0015978967 0.00136487 0.0035286883 24381 g
 1.1915642 -0.9177274 -9.053075 24384 a
 -0.002130529 -2.330266E-4 0.0035286883 24581 g
 1.199944 -0.92251587 -9.074623 24584 a
 -0.0045273737 3.3289514E-5 0.0064581656 24783 g
 1.205331 -0.91353756 -9.052477 24788 a
 -0.002396845 0.0016311861 0.0043276367 24981 g
 1.2196962 -0.92969847 -9.081805 24984 a
 -0.0029294773 8.322378E-4 0.0056592175 25182 g
 1.1903671 -0.9290999 -9.080608 25186 a
 -0.007190535 -0.0018309233 0.004593953 25383 g
 1.2208933 -0.91712886 -9.06744 25388 a
 0.0037284256 5.659217E-4 0.002996056 25587 g
 1.183783 -0.9350854 -9.096769 25591 a
 -0.0010652645 5.659217E-4 0.004860269 25781 g
 1.199944 -0.91234046 -9.087193 25784 a
 -0.002130529 2.9960563E-4 0.0051265853 25983 g
 1.2059295 -0.90515786 -9.087193 25988 a
 -0.007456851 -7.656588E-4 0.0043276367 26182 g
 1.205331 -0.92012167 -9.054273 26186 a
 -0.011451593 5.659217E-4 0.002996056 26381 g
 1.2101194 -0.9093477 -9.111135 26384 a
 -7.9894834E-4 8.322378E-4 -0.0020639498 26583 g
 1.2083237 -0.91353756 -9.077017 26588 a
 -0.005060006 -2.330266E-4 0.0043276367 26779 g
 1.2005426 -0.90994626 -9.062054 26783 a
 -0.01571265 0.0021638183 8.6552737E-4 26983 g
 1.2268788 -0.8877999 -9.063251 26987 a
 -0.009054747 0.008821721 -7.323693E-4 27191 g
 1.2508208 -0.90515786 -9.080608 27199 a
 0.039414782 0.020006998 0.027230822 27383 g
 1.1885715 -0.9811738 -9.143456 27387 a
 0.1025317 -0.044707816 -0.052397694 27583 g
 1.1736077 -1.4719851 -9.11293 27587 a
 0.43516052 -0.00955409 0.009387643 27787 g
 1.2137107 -2.628983 -8.478467 27792 a
 0.62104917 0.05942178 0.07303719 27982 g
 1.2310686 -3.276016 -8.962694 27986 a
 0.54834485 0.21521671 0.036285568 28184 g
 3.7665281 -4.377349 -7.60578 28189 a
 0.6263755 0.51375705 -1.0952916 28385 g
 4.172944 -3.9733274 -6.75524 28390 a
 -0.040746365 1.3100423 -0.56372464 28583 g
 3.182343 -3.8655882 -5.861006 28587 a
 -0.1587244 0.627474 -0.12456936 28785 g
 6.831106 -4.3929114 -6.5164185 28790 a
 0.17124125 0.54358447 -0.2923485 28985 g
 7.5703163 -3.7165492 -5.614403 28997 a
 0.10652644 0.092178665 -0.48862347 29184 g
 8.526201 -2.200421 -4.75668 29189 a
 -0.058323227 0.022403842 -0.0039281626 29383 g
 7.7462897 -2.9264627 -4.8338933 29387 a
 -0.12676647 -0.06042047 0.2053963 29585 g
 7.0244384 -3.2766147 -5.2965727 29590 a
 -0.40373522 -0.51555467 0.4767724 29783 g
 5.910536 -3.3831565 -7.3765354 29787 a
 0.033822145 -0.41861564 -0.39541283 29985 g
 6.3768067 -2.7923875 -6.0609217 29989 a
 -0.088949576 -0.08758471 -0.23642212 30186 g
 5.0456305 -1.9951183 -7.9032598 30191 a
 -0.015446334 0.052231245 0.3510712 30383 g
 4.532673 -2.1585224 -8.392874 30387 a
 -0.040746365 -0.3736082 0.115914084 30584 g
 4.1561847 -2.9240685 -7.6105685 30589 a
 0.021038972 0.3771369 0.23708792 30783 g
 5.2647 -2.722357 -7.760206 30788 a
 -0.16431704 0.9459881 0.22403842 30985 g
 6.9041295 -2.5828948 -6.4248405 30990 a
 0.30333406 0.8503806 -0.46998134 31185 g
 6.8161426 -2.4380455 -5.120599 31190 a
 0.2790993 0.112685 -0.45213816 31387 g
 8.271218 -1.7311574 -5.4761376 31391 a
 0.049534798 0.12333765 -0.1948768 31584 g
 7.6990047 -2.0483892 -4.8680105 31589 a
 -0.052197956 0.11721238 0.010985539 31787 g
 7.967155 -2.063353 -4.8548427 31791 a
 -0.01917476 -0.032989908 0.06611297 31984 g
 7.939023 -2.1597195 -5.170877 31989 a
 -0.02876214 -0.103563674 0.044008736 32188 g
 7.906103 -2.218976 -5.348048 32192 a
 -2.663161E-4 -0.12966265 0.030160299 32386 g
 7.761254 -2.296189 -5.312135 32391 a
 -0.0031957934 0.06368284 0.007789746 32590 g
 7.939023 -2.235137 -5.3205147 32594 a
 -0.01784318 0.044774394 -0.013781859 32787 g
 7.8683944 -2.1267993 -5.258864 32791 a
 -0.019707391 -0.026332006 -0.0036618465 32988 g
 7.894132 -2.1788733 -5.2983685 32992 a
 -0.0045273737 -0.009820406 0.014181333 33191 g
 7.879168 -2.2465093 -5.33907 33195 a
 -0.0045273737 0.0024301345 0.022170816 33387 g
 7.965359 -2.187253 -5.3767786 33392 a
 -0.002130529 0.04583966 -0.02257029 33587 g
 7.9719434 -2.098069 -5.221155 33592 a
 0.007456851 0.040779654 -0.055593487 33790 g
 8.025813 -1.9909283 -5.1678843 33794 a
 -0.008522116 0.04237755 -0.030293457 33984 g
 8.081478 -2.040608 -5.1182046 33989 a
 0.037284255 0.015213308 -0.046272423 34189 g
 8.117392 -1.9179052 -5.0517654 34193 a
 0.033289514 0.076199695 -0.05692507 34391 g
 8.372374 -1.8149545 -4.8069587 34394 a
 0.033289514 0.20296617 -0.13202621 34587 g
 8.649503 -1.6126444 -4.577115 34592 a
 0.05379585 0.22933146 -0.15466309 34788 g
 8.825477 -1.3917794 -4.063559 34792 a
 0.041545313 0.19710721 -0.13628727 34991 g
 9.068488 -1.2642882 -3.8385038 34995 a
 0.039414782 0.13931662 -0.07902931 35187 g
 9.243264 -1.1098621 -3.6092591 35192 a
 0.034354776 0.09723867 -0.103530385 35388 g
 9.26182 -0.8309376 -3.3022027 35392 a
 0.03275688 0.084988125 -0.08755142 35591 g
 9.396494 -0.8099884 -3.2615013 35595 a
 -0.0029294773 0.023735423 -0.0260324 35789 g
 9.457545 -0.8937854 -3.1992521 35792 a
 0.010120012 0.04291018 -7.323693E-4 35989 g
 9.849596 -0.6645406 -3.454833 35993 a
 -0.010386328 -0.042044654 -0.016178703 36192 g
 9.455152 -0.91832596 -3.3249476 36196 a
 0.0010652645 -0.030060431 -0.030027142 36389 g
 9.577255 -0.70404494 -3.316568 36393 a
 0.013848438 0.088183925 -0.039348204 36589 g
 9.671826 -0.7591116 -3.0304608 36593 a
 -0.005592638 0.06581337 -0.041212417 36792 g
 9.607183 -0.6250363 -3.0340521 36795 a
 0.024501082 0.045573343 -0.07663246 36987 g
 9.622147 -0.34371758 -2.7790697 36991 a
 0.007723167 0.16355138 -0.09181248 37193 g
 9.720309 -0.4197335 -2.7042508 37196 a
 -0.036751624 0.1507682 -0.08462194 37396 g
 9.866954 -0.07496844 -2.319383 37400 a
 -0.0231695 0.07113969 -0.082757734 37592 g
 10.06687 0.014814123 -2.2008698 37596 a
 0.03195793 0.05409546 -0.07317035 37790 g
 9.983671 0.114173494 -2.304419 37793 a
 -0.019441076 0.08072707 -0.06358297 37993 g
 9.977087 0.7612065 -2.1817162 37997 a
 -0.14034858 0.31961262 -0.11524829 38193 g
 10.205733 0.6642413 -0.8391677 38197 a
 -0.051399007 0.41202432 -0.13788517 38390 g
 10.2608 1.0850223 -0.5530606 38393 a
 -0.010652645 0.20003669 -0.15386413 38593 g
 10.144083 1.4698902 0.013766659 38596 a
 -0.012250541 0.16861139 -0.121639885 38790 g
 10.555885 1.6739959 -0.20111294 38794 a
 0.007456851 0.014946992 0.09247827 38987 g
 10.787524 1.1311107 -0.57281274 39005 a
 -0.12410331 -0.015146729 0.12097409 39193 g
 11.593772 1.7123032 -0.22924481 39196 a
 -0.05965481 0.15369768 -0.20073576 39391 g
 10.709713 1.8685248 -0.35254622 39394 a
 -0.06364955 0.2631536 -0.18235995 39591 g
 9.477897 1.7135003 1.1067197 39594 a
 0.038615834 0.4237422 -0.1682452 39794 g
 9.428815 2.4317608 1.8806454 39798 a
 -0.05006743 0.25782728 -0.008455536 39988 g
 10.059688 2.517952 2.03148 39991 a
 -0.047670584 0.016012255 0.03894873 40194 g
 10.346992 2.262371 1.7052702 40198 a
 0.048203215 -0.06974153 0.031225564 40394 g
 10.139295 2.333 1.8010383 40397 a
 -0.059921123 0.035719648 -0.015646072 40591 g
 10.078242 2.3389854 1.7681179 40595 a
 -0.00958738 -0.013815148 0.00752343 40791 g
 10.1961565 2.0881927 1.6406267 40795 a
 -0.0231695 -0.021005683 0.014713965 40989 g
 10.200945 2.1803696 1.5813702 40992 a
 -0.002396845 -0.011684619 0.009387643 41195 g
 10.122535 2.221071 1.5424645 41198 a
 0.014913702 -0.03352254 0.0037950044 41391 g
 9.87713 2.2067058 1.6783354 41395 a
 0.04314321 -0.09823735 0.004860269 41592 g
 10.4349785 1.9116204 1.1150994 41596 a
 -0.055127434 -0.09557419 0.09274458 41792 g
 10.5780325 2.0869956 0.88765025 41795 a
 0.022903185 -0.07213838 0.02403503 41991 g
 10.284742 2.131887 0.6793547 41994 a
 0.007989483 -0.016744625 0.0032623722 42197 g
 10.222493 2.1588218 0.7990648 42201 a
 -0.011984224 0.004028031 0.0061918497 42392 g
 10.292523 2.0696378 0.80684596 42395 a
 0.009054747 -0.018076206 0.0104529075 42592 g
 10.264392 2.1187189 0.75237787 42596 a
 -0.002396845 -0.0055593485 0.024301345 42793 g
 10.263793 2.0409074 0.7697359 42796 a
 -0.0034621095 -0.0052930326 0.0072571137 42993 g
 10.300903 1.840393 0.7637503 42996 a
 0.0034621095 -0.007157245 -0.0012650015 43195 g
 10.113557 1.9714755 0.8283938 43199 a
 0.02530003 -0.044175185 0.0043276367 43394 g
 10.266786 1.9846436 0.6422446 43398 a
 -0.006924219 -0.010885671 0.022969764 43585 g
 10.329035 1.9870378 0.60094464 43586 a
 0.01091896 0.0045606634 -0.0033955304 43793 g
 10.284143 1.9397523 0.6512229 43796 a
 -0.005592638 2.9960563E-4 0.0072571137 43993 g
 10.206931 1.9583074 0.6356605 44007 a
 0.005060006 -0.0074235615 -7.323693E-4 44194 g
 10.191967 1.9595045 0.6410475 44200 a
 0.002130529 0.003495399 -0.0036618465 44393 g
 10.2835455 1.9846436 0.6398504 44397 a
 -0.0063915867 0.013881727 -7.323693E-4 44594 g
 10.177602 1.9421465 0.6099229 44597 a
 0.0015978967 -0.03272359 0.0072571137 44790 g
 10.343999 1.9325697 0.5398925 44794 a
 0.012250541 -0.02526674 0.016844494 44994 g
 10.2200985 1.8631378 0.5770026 44998 a
 0.0127831735 -0.021272 0.011784487 45195 g
 10.181193 1.828422 0.56443304 45199 a
 0.01438107 -0.0143477805 0.016844494 45394 g
 10.278158 1.8254292 0.4758476 45397 a
 0.00479369 -0.0044940845 0.00752343 45594 g
 10.321853 1.7093104 0.46627077 45597 a
 -0.0031957934 -0.015146729 0.016844494 45794 g
 10.379313 1.8493712 0.4405331 45798 a
 -0.013315805 0.0045606634 0.014181333 46000 g
 10.278757 1.7996914 0.46627077 46006 a
 0.009321064 -0.017543573 0.0072571137 46194 g
 10.3152685 1.7176901 0.31364042 46198 a
 0.0127831735 -0.00955409 0.009387643 46394 g
 10.354175 1.7087119 0.36631286 46398 a
 -0.0015978967 0.00615856 -0.0065913238 46594 g
 10.294918 1.6883612 0.39863458 46597 a
 0.0029294773 -0.009287775 0.0024634239 46794 g
 10.264392 1.723077 0.3561375 46797 a
 0.0031957934 -0.005825665 0.004593953 46994 g
 10.255413 1.7176901 0.37349546 46999 a
 -0.005592638 -0.0068909293 0.011784487 47197 g
 10.245836 1.6739959 0.35793316 47202 a
 0.007723167 -0.009287775 0.0016644757 47394 g
 10.264392 1.7152959 0.27593175 47397 a
 -2.663161E-4 -0.019674102 0.012849752 47597 g
 10.3021 1.6051626 0.31004912 47607 a
 0.009054747 -0.013548832 0.007789746 47794 g
 10.246435 1.6195278 0.30825347 47797 a
 0.019973708 0.0050932956 -0.0015313176 47993 g
 10.489447 1.6937481 0.22325931 47997 a
 -0.007456851 0.008555405 0.011518172 48193 g
 10.364349 1.5453075 0.2184709 48197 a
 0.007989483 -0.010619354 -0.011385013 48395 g
 10.300304 1.5955858 0.19692309 48399 a
 0.0031957934 -0.0034288198 0.012849752 48595 g
 10.286538 1.5824177 0.2184709 48599 a
 0.0 -0.011950935 0.0011318434 48797 g
 10.322451 1.5656583 0.20051439 48802 a
 -0.0013315806 -0.0084888255 0.0051265853 48995 g
 10.31467 1.5411177 0.16460137 48999 a
 -2.663161E-4 -0.009021458 0.0061918497 49193 g
 10.312276 1.5824177 0.19512744 49202 a
 -0.0037284256 0.0066911923 -4.660532E-4 49394 g
 10.26499 1.532738 0.19153613 49398 a
 -7.9894834E-4 -0.0143477805 0.012050804 49594 g
 10.26499 1.5231612 0.13227965 49597 a
 0.011451593 -0.019674102 0.012050804 49794 g
 10.308684 1.5423148 0.13108255 49797 a
 0.005060006 -0.015146729 0.014447649 49994 g
 10.496031 1.5369278 0.0712275 49998 a
 0.0015978967 0.0032290828 0.0067244815 50200 g
 10.144682 1.6159365 0.20231004 50204 a
 0.040480047 -0.027929902 0.009387643 50394 g
 10.070461 1.3495816 -0.0047884034 50398 a
 0.038083203 -0.10835736 0.05279717 50595 g
 10.167426 1.3046902 -0.23942018 50598 a
 0.03195793 -0.09610683 0.050932955 50794 g
 10.20334 1.254412 -0.39384618 50798 a
 0.0777643 -0.14510898 0.04853611 50995 g
 10.282947 0.99164844 -0.7009025 50998 a
 0.07856325 -0.17067534 0.09247827 51198 g
 10.336218 0.7959224 -1.1653777 51202 a
 0.072171666 -0.20236695 0.05625928 51396 g
 10.159645 0.6911761 -1.5496471 51401 a
 0.05326322 -0.17546903 0.13508885 51592 g
 10.141688 0.2901473 -1.8130093 51595 a
 0.046871636 -0.1171458 0.08954879 51791 g
 9.990255 0.23867199 -2.2337902 51795 a
 0.10466223 -0.23379225 0.050134007 51992 g
 9.8460045 0.23567922 -2.4875755 51996 a
 -0.0018642128 -0.11102053 0.057324544 52197 g
 9.771186 0.027383681 -2.5127146 52202 a
 0.03169162 -0.13072792 0.0996688 52402 g
 9.623942 -0.14739305 -2.9388826 52405 a
 0.006924219 -0.20609538 0.16172045 52593 g
 9.403077 -0.67351884 -3.2225955 52596 a
 -0.0034621095 -0.14510898 0.14148043 52793 g
 9.435998 -0.8052 -3.5883098 52796 a
 -0.03542004 -0.06947521 0.14201306 52993 g
 9.209147 -0.97279406 -3.526659 52997 a
 0.015180018 -0.095840506 0.0698414 53194 g
 9.165453 -1.0960954 -3.6014779 53197 a
 -0.007989483 -0.040713076 0.04800348 53393 g
 9.368361 -0.98775786 -3.8851907 53396 a
 -0.022370553 -0.24630912 0.14227939 53594 g
 8.935011 -1.404349 -4.1760864 53597 a
 -0.05752428 -0.11341737 0.14334464 53793 g
 8.664466 -1.5061026 -4.38498 53796 a
 5.326322E-4 -0.08864997 0.13961622 53993 g
 7.8103347 -1.879598 -4.5537715 53997 a
 0.19973709 -0.5142231 0.20086892 54194 g
 7.8414593 -2.1034558 -5.1690817 54199 a
 -0.092145376 -0.045240447 0.1278983 54393 g
 8.219744 -2.198027 -5.4899044 54397 a
 0.03275688 0.036784913 -0.021771342 54594 g
 8.12218 -2.1495442 -5.08289 54597 a
 -0.012250541 0.1720735 -0.14827149 54794 g
 8.393323 -1.8131589 -4.7261543 54798 a
 -0.0026631611 0.14490925 -0.10938934 54994 g
 8.454973 -1.6617256 -4.485537 54997 a
 0.01438107 0.049568087 0.019773971 55194 g
 8.432827 -1.8077719 -4.64535 55198 a
 0.0031957934 -0.07560048 0.11245198 55394 g
 8.334066 -2.040608 -4.7866077 55398 a
 0.0058589545 -0.07453522 0.12097409 55594 g
 8.229321 -2.2752397 -4.933253 55599 a
 -0.028229507 -0.07666575 0.103130914 55793 g
 8.092851 -2.3255181 -4.9961004 55797 a
 0.017310547 -0.0020972393 0.053063486 55995 g
 8.055142 -2.484134 -5.0020857 55999 a
 -0.015180018 -0.028196217 0.04241084 56195 g
 8.034193 -2.3925557 -5.0122614 56198 a
 0.013049489 0.014946992 0.0035286883 56394 g
 7.98571 -2.4823382 -4.9559975 56398 a
 -0.0039947415 -0.012217252 0.0056592175 56596 g
 7.963564 -2.4685717 -5.031415 56600 a
 5.326322E-4 -0.0034288198 0.014447649 56794 g
 7.9228625 -2.4889224 -5.0421886 56799 a
 -0.0061252704 -0.044974133 0.00885501 56995 g
 7.909694 -2.520047 -5.053561 56999 a
 -0.0034621095 -0.01647831 0.018708706 57196 g
 7.942016 -2.5152586 -5.0996494 57200 a
 -0.0039947415 -0.010353039 0.008588694 57395 g
 7.8743796 -2.5122657 -5.0284224 57399 a
 -0.0010652645 2.9960563E-4 0.018975023 57595 g
 7.9186726 -2.545186 -5.1050367 57600 a
 -0.0031957934 0.003495399 0.011518172 57795 g
 7.8468466 -2.561347 -5.1277814 57800 a
 -5.326322E-4 -0.006358297 -9.986854E-4 57995 g
 7.9078984 -2.5350106 -5.0960584 57999 a
 0.0045273737 0.018409101 -0.0065913238 58196 g
 7.9025116 -2.5254338 -5.0930657 58200 a
 -0.002130529 -0.0074235615 -0.0065913238 58396 g
 7.917475 -2.5260324 -5.0541596 58400 a
 -0.0018642128 0.01574594 -0.024434503 58596 g
 7.9940896 -2.4470239 -5.0451818 58600 a
 0.010652645 0.03012701 -0.035353463 58795 g
 8.016236 -2.4272716 -4.9799395 58800 a
 -5.326322E-4 0.0018975022 0.0011318434 58996 g
 7.997681 -2.4685717 -5.035006 59001 a
 -0.0013315806 -0.025533056 0.019773971 59195 g
 7.945607 -2.5008934 -5.077503 59200 a
 0.0034621095 -0.013548832 0.016578177 59396 g
 7.9222636 -2.5302222 -5.052963 59400 a
 -0.0029294773 -0.012217252 0.014181333 59597 g
 7.9803233 -2.4170961 -5.0882773 59601 a
 -0.021571605 0.020006998 0.015246597 59796 g
 8.1102085 -2.3644238 -5.015254 59800 a
 0.011185276 0.06554705 -0.024168186 59996 g
 8.058733 -2.3279123 -4.8524485 60001 a
 0.01571265 -0.042843603 -0.02736398 60344 g
