 -0.29321402 -0.9419268 0.49781138 7 g
 10.693552 -1.7443255 -4.691438 8 a
 -0.18429075 -0.34271553 -0.11338408 72 g
 12.80464 2.8244097 -2.3750482 73 a
 -0.5107943 0.54837817 -1.1179284 282 g
 8.279598 7.2638583 1.287482 288 a
 -0.87564737 0.23918515 -1.5243268 479 g
 3.1320648 3.3882444 1.146224 482 a
 -0.39068574 0.4927181 1.3364408 682 g
 2.4054246 1.1610382 -1.5640123 685 a
 0.67058396 2.1148496 0.6469484 880 g
 7.7067857 1.3956699 3.7822402 884 a
 0.531567 1.3028517 0.2586595 1080 g
 10.464906 4.014328 2.3756466 1083 a
 0.26418558 0.05196493 0.5026051 1280 g
 9.0894375 2.53531 2.8281507 1284 a
 -0.16564862 -0.5890579 0.31565118 1483 g
 13.548039 0.7636007 -0.06284779 1487 a
 0.09773801 -0.90544146 0.4152534 1681 g
 10.718093 -0.07915829 -1.1779473 1685 a
 0.072171666 -0.2955776 0.16065519 1881 g
 9.956138 0.24944589 -0.7272388 1885 a
 0.16245283 -0.28758812 0.15026887 2082 g
 10.231471 -0.35030162 -1.2348095 2086 a
 0.04926848 -0.13339108 0.26265427 2281 g
 9.689184 -1.6084546 -1.1575965 2285 a
 0.15579492 -0.28199548 0.297808 2486 g
 9.127146 -2.2614732 -2.1134815 2491 a
 -0.051665325 -0.08731839 0.1508015 2682 g
 9.361179 -1.968782 -2.5773582 2686 a
 -0.046339 -0.051632036 -0.12456936 2881 g
 9.696367 -1.5922937 -2.5629928 2885 a
 0.06578008 0.12546818 -0.21138841 3081 g
 9.899875 -1.1463737 -1.9123687 3085 a
 -0.12969594 0.32520527 -0.38209704 3283 g
 10.312874 0.10699089 -0.99299514 3287 a
 -0.16911073 0.3361242 -0.47024766 3481 g
 10.230274 1.2179005 -0.5315128 3485 a
 -0.14993596 0.37474006 -0.377836 3682 g
 10.072855 1.2328643 0.22266077 3686 a
 -0.020772656 0.6863299 -0.32457274 3882 g
 9.96392 2.2007203 1.7130513 3886 a
 -0.19121496 0.64744776 -0.47157925 4079 g
 9.243264 2.8327894 3.074155 4089 a
 -0.0892159 0.5244097 -0.29447904 4315 g
 9.251046 3.3188124 3.9516299 4319 a
 -0.013049489 0.45143908 -0.11578093 4485 g
 9.213337 3.194314 4.4843397 4490 a
 0.034354776 0.42400852 -0.14454307 4683 g
 8.465748 3.9287353 4.950012 4687 a
 -0.023702133 0.27407256 -0.09820406 4885 g
 8.296956 3.9047933 5.027225 4890 a
 -0.06684534 0.16701348 -0.14427675 5085 g
 8.120982 3.983802 5.695806 5090 a
 -0.0063915867 0.1457082 -0.037750307 5283 g
 8.278401 3.816208 5.771223 5287 a
 0.0031957934 0.11881027 -0.18848522 5482 g
 8.979304 4.594922 5.5168395 5486 a
 -0.028495824 -0.38532612 -0.2707769 5685 g
 5.3473 2.8998272 3.5847185 5689 a
 0.603206 -1.6428708 0.3095259 5887 g
 13.899987 6.026056 2.3888147 5890 a
 -0.020506341 0.53186655 0.34654385 6084 g
 9.704148 2.9393315 3.2716765 6088 a
 0.47404268 0.72334784 0.30393326 6287 g
 11.909806 -0.0025438394 -1.234211 6290 a
 0.35073832 -0.53126734 0.86479497 6484 g
 11.721862 -0.26830024 1.8734628 6489 a
 0.3539341 -0.061219417 -0.31898013 6684 g
 10.868928 0.5487211 2.873042 6689 a
 0.13981596 -1.0188922 0.038682416 6890 g
 9.788544 0.97069913 1.590947 6894 a
 0.02663161 -0.5981127 -0.033755567 7084 g
 9.664045 1.1005846 0.31543607 7088 a
 -0.10439591 -0.2756039 0.29913956 7284 g
 10.312874 0.83063835 -0.41000703 7288 a
 -0.06072007 -0.0758668 0.07570035 7481 g
 10.354175 1.1430817 -0.10235212 7485 a
 -0.051931642 -0.04044676 -0.09101353 7681 g
 9.775974 1.1622353 -0.31423897 7682 a
 -0.011717909 -0.23565647 0.10579407 7879 g
 10.182989 0.97309333 -0.75357497 7881 a
 -0.06524745 -0.061752047 0.042943474 8078 g
 10.247632 0.66364276 -1.0570401 8079 a
 -0.0026631611 -0.1320595 0.13695306 8285 g
 10.323648 0.42182842 -1.3030443 8289 a
 0.03568636 -0.0609531 0.10153302 8485 g
 10.226683 0.1794155 -1.3676877 8490 a
 -0.016777914 0.013082779 0.010985539 8689 g
 10.191368 0.48527476 -1.0301052 8692 a
 0.051132694 -0.0026298715 0.018176075 8884 g
 9.918429 0.08424597 -1.2276269 8888 a
 0.014913702 -0.08518787 0.17263941 9088 g
 9.985467 -0.2940379 -1.5699978 9092 a
 0.09560748 -0.19357853 0.251469 9288 g
 9.771785 -0.858471 -2.1470003 9292 a
 0.033289514 -0.2148838 0.30047116 9483 g
 9.871742 -1.3774141 -2.3259668 9485 a
 0.028495824 -0.20103537 0.22217421 9686 g
 9.605388 -1.932869 -2.8461072 9690 a
 0.002396845 -0.12673318 0.20672788 9889 g
 9.49286 -2.1285949 -3.0879216 9893 a
 0.04580637 -0.017543573 0.060520336 10089 g
 9.405472 -2.145953 -2.9586349 10098 a
 0.040480047 0.021072261 -0.08329036 10286 g
 9.470116 -1.9741689 -2.8927941 10289 a
 -7.9894834E-4 0.07646601 -0.16132098 10489 g
 9.713725 -1.4791677 -2.4785974 10493 a
 -0.048735846 0.17660087 -0.2129863 10687 g
 9.892692 -1.0308535 -2.3732524 10691 a
 -0.006924219 0.15849137 -0.23455791 10887 g
 9.841216 -0.75013334 -2.2260091 10891 a
 -0.13422331 0.2367883 -0.30672958 11091 g
 10.019585 0.044143096 -1.4460979 11095 a
 -0.10359696 0.22586934 -0.41006023 11287 g
 9.906459 1.2735656 -1.5699978 11290 a
 -0.23329291 0.2069609 -0.41192445 11487 g
 10.620529 1.9547161 -0.87448215 11491 a
 -0.12756541 0.49511492 -0.27610323 11690 g
 10.700735 2.3072622 0.7236475 11694 a
 -0.24767397 1.096723 -0.48862347 11888 g
 9.74485 3.0129533 3.091513 11891 a
 0.08548747 0.9494502 -0.485694 12085 g
 8.09345 4.469825 4.2957964 12090 a
 -0.30333406 0.22906514 -0.39221704 12292 g
 8.485499 3.9993644 4.8536453 12295 a
 -0.33422673 0.22107565 -0.07663246 12488 g
 9.130138 4.328567 4.8536453 12491 a
 0.06657903 0.40643167 -0.1701094 12683 g
 8.330475 4.450073 5.6365495 12697 a
 -0.07084008 0.2615557 -0.2657169 12897 g
 7.4182844 4.6535797 5.8364654 12901 a
 -0.0127831735 -0.024467792 -0.11897672 13088 g
 7.260267 5.66932 5.4474072 13092 a
 -0.25166872 -0.1238037 -0.049468216 13290 g
 7.6349597 5.082741 5.6790466 13293 a
 -0.2380866 -0.48546097 0.026964506 13490 g
 7.627777 4.5356655 4.8985367 13494 a
 -0.25592977 -0.7400592 -0.10486197 13689 g
 8.592042 5.0749593 4.4358573 13692 a
 -0.094009586 -0.7014433 0.30739537 13889 g
 12.062437 4.114286 2.7742813 13892 a
 0.26391926 0.13771872 0.95454353 14091 g
 10.382306 1.4651018 1.9722236 14095 a
 -0.59335226 3.4301848 -1.96002 14291 g
 1.0622773 3.889231 8.948928 14295 a
 1.1965582 0.5172192 -1.157077 14488 g
 6.3959603 6.965182 7.555502 14492 a
 -0.013049489 0.27886626 -0.3663844 14691 g
 7.433248 4.7661076 6.4248405 14694 a
 -0.4878911 -0.10702579 -0.019374497 14889 g
 8.308928 5.162946 4.8518496 14893 a
 0.36192358 -0.9533784 0.5180514 15089 g
 8.422053 3.953276 4.5699325 15097 a
 0.23169501 -0.24098279 0.0996688 15292 g
 8.786571 4.5380597 4.4753613 15296 a
 -0.05352954 -0.06361626 -0.002596582 15494 g
 8.666861 4.974403 3.9606082 15498 a
 -0.008788432 -0.37760296 0.03442136 15690 g
 9.653871 4.5733743 3.5895069 15693 a
 0.0695085 -0.09557419 0.122039355 15892 g
 9.083451 4.08376 3.41473 15895 a
 0.22343922 -0.15869111 0.038682416 16090 g
 9.221717 4.6835074 3.1741128 16093 a
 -0.0063915867 -0.15389742 0.04906874 16287 g
 9.392902 4.262128 2.8640637 16291 a
 0.039947417 -0.18585536 0.116180405 16494 g
 9.562292 4.24058 2.4349031 16498 a
 0.06870955 -0.06707837 0.100201435 16690 g
 9.503634 4.0059485 2.2756886 16694 a
 0.059388492 -0.12486897 0.12656672 16890 g
 9.854983 3.7485716 2.2301989 16894 a
 0.059921123 -0.21781328 0.1390836 17092 g
 9.99265 3.568408 1.7794905 17096 a
 0.030626353 -0.22047645 0.08874984 17290 g
 10.049512 3.2811038 1.353921 17293 a
 0.078030616 -0.15096794 0.11138671 17491 g
 10.14528 3.0746038 1.0097545 17496 a
 0.06072007 -0.120607905 0.09673933 17692 g
 9.951948 3.0231285 0.7140707 17697 a
 0.07563377 -0.0923784 0.074102454 17891 g
 10.213515 2.9088054 0.5770026 17894 a
 0.12596752 -0.11634685 0.057857174 18091 g
 10.133309 2.9004257 0.20590134 18094 a
 0.05539375 -0.067877315 0.08076036 18293 g
 10.175207 2.647239 0.14844051 18296 a
 0.035153728 -0.0361857 0.06265087 18490 g
 10.409241 2.4802432 0.038307227 18493 a
 -0.1272991 0.091912344 -0.06811035 18693 g
 10.341006 2.951901 0.36870706 18698 a
 -0.16511598 0.16621454 -0.2196442 18892 g
 9.982474 3.2864907 1.1192893 18896 a
 -0.14807175 0.28152943 -0.22337264 19092 g
 9.699959 3.853318 1.8590976 19095 a
 -0.09241169 0.45756435 -0.23003054 19291 g
 9.302521 4.258537 2.5605986 19295 a
 -0.10199907 0.3193463 -0.23402528 19494 g
 9.534759 4.582951 2.9987376 19499 a
 -0.16724652 0.53666025 -0.16744626 19691 g
 8.263437 5.2575173 4.3807907 19695 a
 -0.007989483 0.30603048 -0.23802002 19891 g
 8.484901 6.3756094 4.425083 19895 a
 0.078829564 -0.20795959 -0.07423562 20094 g
 9.405472 3.0219314 3.032855 20106 a
 0.9872338 -1.885751 1.1801132 20291 g
 6.8227267 3.461866 3.8708255 20295 a
 0.23702134 0.48606017 -0.107525125 20491 g
 8.096442 2.4413376 1.13964 20495 a
 0.33156356 -0.13605425 1.2315123 20694 g
 10.153061 -0.80340433 -0.8619126 20699 a
 -1.1297129 0.81336266 1.7638781 20891 g
 10.713903 -0.7567174 -0.59136784 20895 a
 -0.16777915 -0.18771957 0.38116494 21091 g
 9.285762 -1.6168343 -2.130241 21095 a
 -0.43862262 -0.3504387 0.23762055 21294 g
 6.1762924 -3.5914521 -4.4005427 21298 a
 0.16085494 -0.9866679 0.9020792 21491 g
 5.380819 -5.053711 -6.9024835 21495 a
 0.29880667 -2.1379523 1.3968946 21691 g
 -2.104653 -2.9504046 -5.5527525 21695 a
 0.44235104 -1.0692259 4.357797 21894 g
 -0.15218145 -6.2807393 -9.936536 21899 a
 -1.6935041 1.0964566 1.3255218 22091 g
 0.99763393 -0.3772364 -9.646837 22095 a
 -0.44528052 0.030659642 -0.61565626 22291 g
 0.45415014 -0.71960723 -9.333796 22295 a
 -0.018908443 0.08339023 0.18462364 22494 g
 1.0904093 -0.16415246 -9.614515 22499 a
 0.21305288 0.24690832 0.13934991 22691 g
 3.6486137 -8.038682 -6.4302273 22695 a
 0.10120012 -3.126784 -2.4987774 22891 g
 2.5915737 -1.7527053 -8.660426 22895 a
 -1.0383666 -0.22154172 0.05625928 23094 g
 1.3603555 -0.6274305 -9.203311 23099 a
 -0.018642128 -0.13658687 0.41978076 23291 g
 -2.217779 1.6404771 -10.867282 23295 a
 1.9294602 1.0117682 1.137769 23491 g
 -1.2792519 -5.029769 -3.0759506 23495 a
 6.098905 -5.2575793 -3.789079 23694 g
 -0.1707365 -7.296479 -8.896853 23699 a
 3.9286952 -8.723417 -0.9767809 23891 g
 0.30331543 -0.5538088 -3.6535518 23895 a
 0.055127434 0.3044326 -1.6771922 24091 g
 0.583437 0.5942109 -9.309255 24095 a
 0.0 0.001098554 0.0032623722 24294 g
 0.5816414 0.5822399 -9.305065 24298 a
 -7.9894834E-4 0.003761715 0.0019307918 24491 g
 0.5565023 0.60438627 -9.241618 24495 a
 -0.0018642128 -7.656588E-4 0.002197108 24691 g
 0.5696704 0.6019921 -9.274539 24695 a
 -0.0015978967 0.0021638183 5.9921126E-4 24898 g
 0.5397428 0.5840356 -9.248801 24902 a
 -0.0013315806 0.001098554 0.002197108 25091 g
 0.5870283 0.5912182 -9.289502 25095 a
 5.326322E-4 8.322378E-4 5.9921126E-4 25291 g
 0.5511153 0.595408 -9.285912 25295 a
 -0.002130529 0.0018975022 0.00272974 25494 g
 0.5738602 0.5972037 -9.288904 25499 a
 -0.002130529 -2.330266E-4 5.9921126E-4 25691 g
 0.5792472 0.5804443 -9.285912 25695 a
 -0.0015978967 0.001098554 0.00272974 25891 g
 0.56069213 0.576853 -9.275736 25895 a
 -0.0018642128 2.9960563E-4 8.6552737E-4 26097 g
 0.5553052 0.5828385 -9.25359 26101 a
 0.0013315806 2.9960563E-4 0.002197108 26291 g
 0.5696704 0.5726631 -9.283517 26295 a
 -0.0015978967 0.0018975022 0.0011318434 26492 g
 0.5600936 0.5822399 -9.290101 26496 a
 0.0013315806 3.3289514E-5 0.0011318434 26692 g
 0.5804443 0.5840356 -9.275736 26696 a
 2.663161E-4 0.0029627667 8.6552737E-4 26892 g
 0.5565023 0.5846341 -9.303867 26896 a
 -0.0010652645 5.659217E-4 0.0035286883 27092 g
 0.5762544 0.5780501 -9.276933 27096 a
 5.326322E-4 0.0018975022 0.0016644757 27296 g
 0.5966051 0.564882 -9.271546 27301 a
 -5.326322E-4 0.0016311861 0.00272974 27492 g
 0.547524 0.6013935 -9.272144 27496 a
 -0.0013315806 0.00136487 0.005392901 27692 g
 0.5822399 0.5774515 -9.304466 27696 a
 -0.002130529 5.659217E-4 8.6552737E-4 27892 g
 0.5726631 0.5774515 -9.272144 27896 a
 0.0 3.3289514E-5 0.0019307918 28093 g
 0.5756559 0.5774515 -9.247005 28096 a
 0.0 2.9960563E-4 0.0013981595 28293 g
 0.5553052 0.6001964 -9.288904 28298 a
 -0.0010652645 8.322378E-4 0.0019307918 28493 g
 0.5810428 0.5918167 -9.263765 28496 a
 -0.002396845 8.322378E-4 0.0024634239 28692 g
 0.5565023 0.5948095 -9.271546 28696 a
 -0.0010652645 0.001098554 0.0013981595 28894 g
 0.5828385 0.6001964 -9.287707 28899 a
 -7.9894834E-4 2.9960563E-4 0.0019307918 29093 g
 0.5822399 0.5870283 -9.264962 29096 a
 -0.0015978967 2.9960563E-4 0.0019307918 29296 g
 0.5678747 0.5900211 -9.305065 29301 a
 -0.002396845 3.3289514E-5 -4.660532E-4 29492 g
 0.56548053 0.5930138 -9.303269 29496 a
 -0.0013315806 0.00136487 0.002996056 29700 g
 0.5882254 0.5822399 -9.281721 29703 a
 -7.9894834E-4 0.0016311861 0.002996056 29892 g
 0.5750573 0.5774515 -9.273342 29896 a
 2.663161E-4 0.0018975022 0.0032623722 30099 g
 0.5846341 0.5906196 -9.268554 30105 a
 -5.326322E-4 3.3289514E-5 0.0013981595 30308 g
 0.5774515 0.5840356 -9.269751 30312 a
 -0.0013315806 3.3289514E-5 0.0024634239 30500 g
 0.5720646 0.6019921 -9.297284 30504 a
 -9.571401E-4 1.2463593E-4 -5.659217E-4 30695 g
 0.5822399 0.5882254 -9.246407 30700 a
 -0.0012234562 -0.0014732607 0.0018309233 30893 g
 0.5636849 0.5912182 -9.27394 30898 a
 -6.90824E-4 0.0014562164 0.0010319749 31093 g
 0.5726631 0.5876269 -9.26556 31097 a
 9.070727E-4 0.0011899003 -5.659217E-4 31293 g
 0.5762544 0.5960066 -9.285912 31297 a
 6.4075657E-4 6.5726816E-4 7.656588E-4 31494 g
 0.5505167 0.5822399 -9.291897 31499 a
 3.7444045E-4 0.0011899003 0.0010319749 31694 g
 0.5792472 0.600795 -9.264363 31699 a
 -1.5819176E-4 3.9095205E-4 -3.3289514E-5 31893 g
 0.571466 0.5918167 -9.24102 31898 a
 -6.90824E-4 9.235843E-4 -0.00136487 32094 g
 0.5828385 0.5780501 -9.261371 32099 a
 -0.0012234562 -6.743124E-4 0.001298291 32293 g
 0.5840356 0.5900211 -9.273342 32298 a
 9.070727E-4 6.5726816E-4 -5.659217E-4 32494 g
 0.5912182 0.5942109 -9.258378 32499 a
 -6.90824E-4 3.9095205E-4 7.656588E-4 32694 g
 0.5493196 0.5972037 -9.272743 32699 a
 -1.5819176E-4 6.5726816E-4 0.0010319749 32894 g
 0.552911 0.583437 -9.303867 32899 a
 9.070727E-4 -6.743124E-4 7.656588E-4 33094 g
 0.5565023 0.5918167 -9.291897 33099 a
 -0.0012234562 -4.0799627E-4 0.0020972393 33295 g
 0.56308633 0.5852327 -9.278131 33299 a
 -6.90824E-4 1.2463593E-4 4.993427E-4 33495 g
 0.576853 0.5624878 -9.274539 33499 a
 3.7444045E-4 -0.0012069446 2.330266E-4 33694 g
 0.5804443 0.5972037 -9.261371 33699 a
 9.070727E-4 0.0011899003 -2.9960563E-4 33895 g
 0.56428343 0.6037877 -9.272144 33900 a
 0.001972337 0.0017225326 -2.9960563E-4 34094 g
 0.5702689 0.5840356 -9.278131 34099 a
 -9.571401E-4 3.9095205E-4 4.993427E-4 34295 g
 0.5624878 0.5726631 -9.267356 34299 a
 3.7444045E-4 0.0017225326 -0.001098554 34496 g
 0.576853 0.5762544 -9.268554 34500 a
 -1.5819176E-4 -0.0012069446 0.001298291 34695 g
 0.5636849 0.5906196 -9.306262 34699 a
 9.070727E-4 3.9095205E-4 -5.659217E-4 34895 g
 0.5864298 0.5738602 -9.260174 34900 a
 0.0014397049 3.9095205E-4 -0.0016311861 35096 g
 0.5864298 0.5930138 -9.291298 35108 a
 -1.5819176E-4 -0.0017395768 -2.9960563E-4 35295 g
 0.5624878 0.588824 -9.276335 35308 a
 0.0025049692 -9.4062847E-4 0.0015646071 35495 g
 0.5726631 0.61037177 -9.257779 35503 a
 1.0812434E-4 -0.0012069446 0.0010319749 35696 g
 0.55949503 0.5918167 -9.281123 35701 a
 -4.245079E-4 9.235843E-4 -2.9960563E-4 35895 g
 0.56069213 0.5936124 -9.282919 35900 a
 -9.571401E-4 9.235843E-4 0.001298291 36095 g
 0.5858312 0.6025906 -9.285313 36100 a
 1.0812434E-4 3.9095205E-4 -8.322378E-4 36297 g
 0.564882 0.6001964 -9.266758 36301 a
 -1.5819176E-4 9.235843E-4 -0.00136487 36497 g
 0.5756559 0.600795 -9.282919 36501 a
 6.4075657E-4 -9.4062847E-4 -0.00136487 36696 g
 0.56308633 0.5786486 -9.293693 36700 a
 0.0011733888 3.9095205E-4 0.001298291 36898 g
 0.5804443 0.5858312 -9.282919 36902 a
 2.57794E-4 -0.002480202 0.0026714168 37097 g
 0.5882254 0.5900211 -9.281123 37101 a
 0.0010567423 0.0015145397 -0.0015896409 37297 g
 0.56308633 0.5960066 -9.288904 37301 a
 -8.522115E-6 -6.1598915E-4 -0.0015896409 37498 g
 0.5774515 0.5924153 -9.27394 37502 a
 5.241101E-4 -0.0022138858 8.255799E-6 37697 g
 0.5882254 0.5972037 -9.279327 37701 a
 -0.0013401026 -0.0019475697 -0.0010570086 37897 g
 0.5588965 0.5930138 -9.281123 37901 a
 -8.522115E-6 4.4927528E-4 -0.0010570086 38102 g
 0.5780501 0.60438627 -9.293094 38103 a
 2.57794E-4 -0.0016812535 8.072041E-4 38292 g
 0.564882 0.5882254 -9.276335 38294 a
 -2.748382E-4 9.819075E-4 -0.001855957 38498 g
 0.5565023 0.5924153 -9.281123 38501 a
 7.904262E-4 0.0015145397 8.255799E-6 38698 g
 0.56667763 0.5960066 -9.285912 38701 a
 -2.748382E-4 -6.1598915E-4 0.002937733 38897 g
 0.55470663 0.6235399 -9.2787285 38901 a
 -8.522115E-6 -0.0032791502 2.745719E-4 39097 g
 0.5780501 0.6019921 -9.28232 39101 a
 -8.522115E-6 1.8295916E-4 0.0010735203 39298 g
 0.56188923 0.6031892 -9.288904 39302 a
 -0.0013401026 -6.1598915E-4 8.072041E-4 39499 g
 0.56069213 0.5828385 -9.295488 39502 a
 2.57794E-4 -0.0011486213 2.745719E-4 39698 g
 0.56188923 0.5978022 -9.266758 39702 a
 5.241101E-4 -3.4967304E-4 0.0016061524 39899 g
 0.5708675 0.5930138 -9.297882 39903 a
 2.57794E-4 4.4927528E-4 0.0013398363 40099 g
 0.5576994 0.56667763 -9.2308445 40111 a
 2.57794E-4 7.1559136E-4 -2.5806032E-4 40299 g
 0.552911 0.5864298 -9.242816 40302 a
 7.904262E-4 -8.335694E-5 5.40888E-4 40500 g
 0.5624878 0.5906196 -9.255983 40503 a
 0.0013230584 -0.0022138858 0.0010735203 40699 g
 0.55949503 0.5936124 -9.288305 40702 a
 0.0010567423 -6.1598915E-4 8.072041E-4 40899 g
 0.5756559 0.583437 -9.258977 40902 a
 7.904262E-4 -0.0011486213 -7.906925E-4 41099 g
 0.576853 0.5798457 -9.292496 41103 a
 -0.0010737865 -8.335694E-5 8.255799E-6 41298 g
 0.5553052 0.5918167 -9.264363 41302 a
 -2.748382E-4 9.819075E-4 -0.0015896409 41499 g
 0.564882 0.5858312 -9.282919 41503 a
 0.0021220068 0.0020471718 0.0018724685 41700 g
 0.5918167 0.61156887 -9.278131 41703 a
 2.57794E-4 4.4927528E-4 -5.243764E-4 41899 g
 0.56069213 0.5936124 -9.250597 41903 a
 -0.0013401026 4.4927528E-4 8.255799E-6 42099 g
 0.5702689 0.5978022 -9.293094 42103 a
 -2.748382E-4 9.819075E-4 2.745719E-4 42300 g
 0.5678747 0.571466 -9.269751 42303 a
 -5.4115435E-4 0.002313488 0.0013398363 42499 g
 0.5966051 0.5942109 -9.279925 42503 a
 2.57794E-4 -0.0014149374 0.0021387846 42699 g
 0.5511153 0.5948095 -9.285313 42703 a
 -8.522115E-6 0.0015145397 8.255799E-6 42901 g
 0.5744588 0.5948095 -9.272144 42904 a
 0.0026546388 -0.0035454663 0.0021387846 43099 g
 0.5708675 0.5918167 -9.288305 43100 a
 -2.748382E-4 7.1559136E-4 8.255799E-6 43300 g
 0.5708675 0.5918167 -9.25359 43304 a
 -7.408914E-4 0.0023217439 7.073356E-4 43501 g
 0.56069213 0.5708675 -9.285313 43504 a
 -4.745753E-4 7.238472E-4 -0.0019558256 43700 g
 0.5493196 0.6001964 -9.266159 43703 a
 5.805691E-5 -6.077334E-4 9.736517E-4 43899 g
 0.564882 0.5732617 -9.247604 43903 a
 -2.082592E-4 0.002854376 0.0012399678 44100 g
 0.583437 0.5828385 -9.291897 44104 a
 -7.408914E-4 7.238472E-4 7.073356E-4 44300 g
 0.5726631 0.5894225 -9.284714 44303 a
 -2.082592E-4 7.238472E-4 1.7470337E-4 44500 g
 0.5696704 0.5786486 -9.260174 44504 a
 3.2437302E-4 -3.4141724E-4 -3.5792886E-4 44701 g
 0.56069213 0.5732617 -9.252991 44716 a
 5.9068913E-4 7.238472E-4 7.073356E-4 44900 g
 0.564882 0.5912182 -9.26197 44907 a
 5.805691E-5 -7.510114E-5 -0.0011568771 45100 g
 0.56308633 0.5792472 -9.243414 45111 a
 5.805691E-5 4.5753107E-4 -0.0011568771 45301 g
 0.5678747 0.583437 -9.293094 45304 a
 5.9068913E-4 0.0015227955 4.4101948E-4 45501 g
 0.55350953 0.5876269 -9.335591 45504 a
 -7.408914E-4 -7.510114E-5 1.7470337E-4 45700 g
 0.56308633 0.5852327 -9.2865095 45704 a
 -0.002338788 1.9121496E-4 -0.0014231933 45903 g
 0.5738602 0.5978022 -9.276335 45907 a
 5.805691E-5 -7.510114E-5 -0.0024884576 46101 g
 0.5708675 0.5780501 -9.291897 46105 a
 0.0013896375 -0.0014066817 -6.24245E-4 46301 g
 0.5672762 0.5942109 -9.276933 46304 a
 -2.082592E-4 -6.077334E-4 0.0017726 46502 g
 0.5870283 0.5720646 -9.288305 46505 a
 -0.0015398398 7.238472E-4 1.7470337E-4 46701 g
 0.5792472 0.5732617 -9.270947 46705 a
 -4.745753E-4 0.0023217439 -0.0019558256 46901 g
 0.5762544 0.5684733 -9.293094 46905 a
 5.9068913E-4 -7.510114E-5 7.073356E-4 47102 g
 0.5870283 0.5894225 -9.277532 47105 a
 0.0011233214 7.238472E-4 0.0012399678 47301 g
 0.5732617 0.5900211 -9.276933 47305 a
 0.0019222697 0.0012564794 -9.161274E-5 47502 g
 0.588824 0.5744588 -9.252393 47505 a
 5.9068913E-4 -7.510114E-5 4.4101948E-4 47703 g
 0.5696704 0.5738602 -9.260772 47707 a
 5.805691E-5 0.0012564794 0.002038916 47901 g
 0.5750573 0.5966051 -9.261371 47905 a
 0.0013896375 -3.4141724E-4 0.0012399678 48102 g
 0.5750573 0.5900211 -9.311649 48105 a
 5.805691E-5 7.238472E-4 1.7470337E-4 48302 g
 0.5738602 0.595408 -9.270947 48306 a
 -0.0018061559 -3.4141724E-4 0.0015062839 48502 g
 0.56548053 0.5930138 -9.285313 48506 a
 -4.745753E-4 4.5753107E-4 -0.0016895094 48702 g
 0.5930138 0.5858312 -9.264363 48706 a
 -0.0026051041 9.901633E-4 7.073356E-4 48903 g
 0.56548053 0.5995979 -9.280524 48907 a
 -0.0010072076 1.9121496E-4 9.736517E-4 49102 g
 0.5726631 0.5870283 -9.272144 49106 a
 -7.408914E-4 -3.4141724E-4 4.4101948E-4 49303 g
 0.5774515 0.5870283 -9.27394 49307 a
 -2.082592E-4 0.0012564794 1.7470337E-4 49503 g
 0.5792472 0.5828385 -9.272743 49507 a
 5.9068913E-4 7.238472E-4 -0.0014231933 49704 g
 0.5505167 0.588824 -9.264962 49708 a
 -5.8269966E-4 4.74309E-4 -9.653959E-4 49903 g
 0.55470663 0.5708675 -9.248202 49907 a
 4.825648E-4 2.0799288E-4 0.0014314491 50103 g
 0.5762544 0.5930138 -9.300277 50107 a
 -0.001381648 -5.832323E-5 -4.3276369E-4 50303 g
 0.56428343 0.5900211 -9.292496 50309 a
 0.001015197 2.0799288E-4 0.0024967135 50503 g
 0.5822399 0.5906196 -9.27394 50511 a
 -0.0016479641 -0.002188852 -1.6644757E-4 50703 g
 0.5678747 0.6097732 -9.26556 50710 a
 -0.0021805963 -3.2463935E-4 9.986854E-5 50903 g
 0.564882 0.56308633 -9.271546 50907 a
 4.825648E-4 0.0010069412 9.986854E-5 51103 g
 0.56428343 0.5924153 -9.280524 51107 a
 -0.0016479641 -0.0016562198 -0.0017643442 51304 g
 0.5744588 0.5810428 -9.300875 51308 a
 -3.1638352E-4 -3.2463935E-4 0.0016977652 51503 g
 0.5762544 0.60558337 -9.2865095 51507 a
 0.001015197 -0.0011235876 0.001165133 51703 g
 0.5828385 0.6037877 -9.299678 51706 a
 -8.490158E-4 -0.001922536 0.0016977652 51904 g
 0.5576994 0.5792472 -9.297882 51908 a
 4.825648E-4 -3.2463935E-4 -0.0017643442 52104 g
 0.5750573 0.5906196 -9.264962 52107 a
 -5.006743E-5 0.0018058895 3.6618466E-4 52303 g
 0.5762544 0.5690718 -9.277532 52308 a
 0.001015197 -5.9095543E-4 0.0016977652 52505 g
 0.5786486 0.5816414 -9.26556 52508 a
 -0.0011153319 2.0799288E-4 3.6618466E-4 52704 g
 0.5828385 0.5810428 -9.264962 52707 a
 -3.1638352E-4 -3.2463935E-4 -0.001498028 52904 g
 0.5882254 0.5930138 -9.270349 52908 a
 0.0012815131 -5.9095543E-4 -4.3276369E-4 53105 g
 0.5780501 0.5936124 -9.22067 53108 a
 0.0020804615 -8.5727155E-4 -9.653959E-4 53304 g
 0.55231243 0.595408 -9.290101 53308 a
 7.488809E-4 -3.2463935E-4 0.0014314491 53505 g
 0.5750573 0.5840356 -9.283517 53508 a
 -5.006743E-5 -3.2463935E-4 -4.3276369E-4 53704 g
 0.56069213 0.5870283 -9.280524 53708 a
 -0.001381648 -5.9095543E-4 -9.653959E-4 53904 g
 0.5804443 0.5984008 -9.306861 53908 a
 0.0018141454 -5.9095543E-4 -1.6644757E-4 54104 g
 0.571466 0.5828385 -9.275736 54108 a
 -0.0019142802 4.74309E-4 0.0014314491 54305 g
 0.5487211 0.5930138 -9.272144 54309 a
 -5.006743E-5 -0.0013899037 -6.9907977E-4 54505 g
 0.55949503 0.5774515 -9.277532 54509 a
 -0.0016479641 -3.2463935E-4 -9.653959E-4 54704 g
 0.5828385 0.5936124 -9.258378 54708 a
 -0.001381648 -8.5727155E-4 -4.3276369E-4 54905 g
 0.5900211 0.5948095 -9.2625675 54909 a
 0.0018141454 -3.2463935E-4 -4.3276369E-4 55104 g
 0.5750573 0.5822399 -9.26556 55116 a
 0.0015478292 -0.0013899037 -0.001498028 55305 g
 0.5565023 0.5786486 -9.263765 55312 a
 -0.001381648 -3.2463935E-4 0.0014314491 55506 g
 0.5756559 0.5816414 -9.277532 55510 a
 4.825648E-4 2.0799288E-4 -0.001498028 55705 g
 0.5702689 0.6001964 -9.255983 55709 a
 7.488809E-4 -5.9095543E-4 -9.653959E-4 55906 g
 0.5660791 0.5960066 -9.2787285 55909 a
 2.1624868E-4 -0.002188852 0.0016977652 56107 g
 0.5720646 0.5840356 -9.251794 56111 a
 5.659217E-4 -0.0011901667 8.6552737E-4 56308 g
 0.5720646 0.5876269 -9.272743 56311 a
 -0.001298291 -6.5753446E-4 -0.0012650015 56506 g
 0.5720646 0.5995979 -9.24102 56510 a
 2.9960563E-4 4.0772997E-4 -0.0020639498 56707 g
 0.5798457 0.5864298 -9.276933 56710 a
 -4.993427E-4 -1.2490226E-4 8.6552737E-4 56907 g
 0.5576994 0.5720646 -9.26556 56910 a
 2.9960563E-4 1.4141385E-4 0.002197108 57106 g
 0.5762544 0.5930138 -9.284116 57110 a
 0.0026964506 -1.2490226E-4 5.9921126E-4 57308 g
 0.5786486 0.5912182 -9.269751 57311 a
 3.3289514E-5 -0.0017227989 -7.323693E-4 57507 g
 0.5756559 0.5894225 -9.27394 57510 a
 0.00136487 1.4141385E-4 6.657903E-5 57708 g
 0.5672762 0.60438627 -9.280524 57712 a
 5.659217E-4 6.7404605E-4 0.002197108 57907 g
 0.56428343 0.5690718 -9.273342 57911 a
 2.9960563E-4 0.0014729943 5.9921126E-4 58107 g
 0.5600936 0.5846341 -9.276335 58110 a
 -2.330266E-4 -0.0014564828 0.0019307918 58307 g
 0.5612907 0.60558337 -9.282919 58310 a
 8.322378E-4 0.0017393104 -7.323693E-4 58508 g
 0.5690718 0.5972037 -9.263166 58512 a
 -7.656588E-4 9.4036217E-4 0.0011318434 58707 g
 0.5720646 0.5846341 -9.292496 58710 a
 0.0016311861 -0.0017227989 -1.9973709E-4 58907 g
 0.56308633 0.5894225 -9.249998 58911 a
 0.001098554 -0.0017227989 -1.9973709E-4 59108 g
 0.55949503 0.5924153 -9.258378 59111 a
 0.0018975022 -6.5753446E-4 -0.0020639498 59308 g
 0.552911 0.5756559 -9.241618 59311 a
 -0.001298291 -9.238506E-4 -7.323693E-4 59508 g
 0.5732617 0.5882254 -9.272144 59512 a
 -2.330266E-4 -1.2490226E-4 0.0013981595 59708 g
 0.5912182 0.588824 -9.284714 59712 a
 -0.0010319749 -6.5753446E-4 -7.323693E-4 59908 g
 0.583437 0.5894225 -9.281721 59911 a
 5.659217E-4 1.4141385E-4 0.0011318434 60303 g
 -0.18985009 0.74342966 -0.15466309 2 g
 9.946561 0.40447044 4.6040497 4 a
 2.456533 -1.8598102 -0.35120437 106 g
 6.1319995 -5.3404164 7.428011 108 a
 -0.18079534 0.44915038 0.18142785 309 g
 10.800693 2.3713071 3.25791 314 a
 -0.6162222 0.6520832 -0.20259997 507 g
 8.16348 2.9716532 3.7535098 511 a
 -0.018608838 0.22224905 -0.6619953 703 g
 11.092187 4.6769233 3.5212722 704 a
 -0.63939166 0.7969592 -0.55919725 913 g
 9.302521 4.9474683 2.268506 917 a
 -0.8188887 2.1935208 -1.5304521 1108 g
 -7.367707 5.1018944 7.4764934 1112 a
 0.6519751 -1.3370317 1.3713282 1307 g
 -1.3714286 4.144812 10.408792 1311 a
 -1.1824102 0.22251536 -0.26545057 1508 g
 3.6318543 7.6666827 6.771401 1511 a
 -0.8836036 1.1964334 -0.6345647 1708 g
 -0.8231565 7.543381 8.4826565 1712 a
 0.027463848 0.5104031 -0.33096436 1910 g
 -0.10788871 7.517644 9.279925 1914 a
 -0.03139201 -0.18894303 0.6109957 2109 g
 3.2242415 5.220407 9.099164 2113 a
 -0.42953458 0.52718097 -0.40047285 2307 g
 0.13631986 5.9620113 8.5862055 2311 a
 -0.45723146 0.29868177 -0.14747255 2508 g
 -0.69566524 5.148581 8.7053175 2512 a
 0.016012255 0.36659238 -0.07716509 2709 g
 0.023792379 5.9015574 9.607333 2713 a
 0.19257984 0.25607118 0.06451508 2909 g
 -1.380407 5.2718825 6.0447607 2913 a
 -0.6268748 0.9247909 -0.29927272 3109 g
 -1.7239748 4.867861 8.234857 3114 a
 0.049568087 -0.31730738 0.050400324 3310 g
 -2.9767408 4.854693 8.94773 3314 a
 0.30070418 -0.008114385 0.29407957 3509 g
 -2.2333412 5.1976624 9.1590185 3512 a
 -0.021538315 -0.06989972 0.11751198 3709 g
 -1.4396634 5.075558 9.006987 3713 a
 0.020805946 -0.10105871 0.025100293 3910 g
 -1.340304 4.9815855 9.2069025 3914 a
 -0.04310992 0.06405728 -0.015113439 4110 g
 -1.987337 4.9540524 9.202114 4114 a
 -0.0361857 0.07870466 -0.05799033 4309 g
 -1.3792099 5.072565 8.994417 4312 a
 0.039980706 -0.0744271 0.041345574 4510 g
 -1.3079823 5.0438347 9.140464 4514 a
 0.008555405 -0.0030543795 -0.011118697 4709 g
 -2.1465514 4.9720087 9.163807 4713 a
 0.009620669 -0.10105871 -0.017510284 4910 g
 -1.0476129 5.144391 9.02614 4914 a
 0.11348395 -0.34180847 0.046938214 5107 g
 0.30331543 5.4969373 9.040505 5109 a
 0.028795429 -0.020631243 0.033356093 5309 g
 -0.56158996 5.6878753 8.72088 5314 a
 -0.004227768 0.34741762 -0.07902931 5509 g
 -1.4175171 5.142596 9.046491 5514 a
 0.018941734 -0.06670393 0.055726644 5710 g
 -2.7457004 5.696853 9.768343 5714 a
 0.19497667 -0.48828232 0.21551631 5910 g
 0.7959224 6.3582516 8.575432 5914 a
 0.3723432 -0.81957954 0.1707752 6148 g
 -0.037259765 6.191256 8.286332 6150 a
 0.47753808 -1.0576662 0.27836692 6312 g
 3.4199674 7.3261075 8.500014 6316 a
 -1.1075754 0.07897098 0.18275943 6511 g
 9.018209 7.0585556 6.413468 6515 a
 0.012017515 -1.729848 0.5705157 6711 g
 7.0040874 5.054609 4.8464627 6715 a
 -0.14963636 -0.67736673 0.016844494 6911 g
 7.757064 3.5827732 6.4631476 6914 a
 0.6791394 -0.8800333 0.1574594 7112 g
 10.746224 3.3978212 2.4259248 7116 a
 0.53825814 -0.7428805 1.1473564 7311 g
 11.1275015 1.7793407 0.7015011 7315 a
 0.24158199 0.2691207 0.46292397 7510 g
 8.990676 2.6699839 1.7723078 7514 a
 0.5443834 -0.19426934 0.026964506 7711 g
 10.41343 2.5436897 1.7256209 7715 a
 -0.1618869 0.16126266 0.15452991 7910 g
 9.719112 1.5806221 2.0841527 7914 a
 0.26768097 -0.040338635 0.30739537 8112 g
 9.977087 1.5848119 1.9189527 8115 a
 0.47886965 -0.17802407 0.3707786 8311 g
 10.002825 -0.7603087 1.4431051 8315 a
 0.61975086 -0.19054092 0.87757814 8511 g
 9.854384 -1.6898575 1.2216414 8515 a
 0.016544888 0.050741475 0.6626611 8711 g
 8.966734 -1.6856676 0.9816227 8715 a
 -0.3885219 -0.51997393 -0.13149358 8911 g
 11.010185 -3.2484827 0.05207389 8915 a
 0.3028347 -0.67150784 0.57158095 9112 g
 11.628488 -2.9372365 -1.2378023 9116 a
 -0.9270131 0.21745536 0.2269679 9311 g
 5.2120275 -2.2273557 -0.96067345 9315 a
 -0.84259087 -1.23956 0.70260847 9511 g
 9.263017 -2.4326587 1.2210429 9514 a
 0.78673106 -0.17456195 1.1156647 9711 g
 4.4387 -4.3869257 -2.3918076 9714 a
 -0.4548346 -0.2683052 0.35213646 9913 g
 8.796746 -3.6842275 -2.4881742 9916 a
 -0.39571244 0.6446264 0.010186591 10112 g
 9.589826 -3.2826002 -2.183512 10120 a
 0.17020929 0.16765425 -0.6342984 10312 g
 9.5114155 -1.546804 -0.36631286 10318 a
 0.45037383 0.72132546 -0.63536364 10512 g
 10.959908 -0.06599019 -0.073023155 10516 a
 0.19604194 1.1421049 -0.69954586 10712 g
 7.77921 -0.46941316 1.8321629 10716 a
 0.2647515 -0.23767887 -0.12936305 10913 g
 8.487295 -0.8063971 2.3702598 10916 a
 -0.07959522 6.7404605E-4 0.354267 11114 g
 9.555109 -1.3983635 1.9428947 11117 a
 -0.058289938 -0.47177073 -0.23881897 11312 g
 8.137143 -1.3289316 -0.029927522 11315 a
 -0.3288671 -0.07629131 0.31352064 11512 g
 10.416424 -1.558775 0.8912416 11516 a
 -0.13445635 -0.070964985 0.28555745 11713 g
 10.023774 -2.5709238 0.7661445 11716 a
 0.043975446 0.037425667 0.14787202 11913 g
 9.711929 -2.8666077 0.39025488 11917 a
 -0.0023635554 -0.039806 0.364387 12114 g
 9.234885 -3.1808467 0.5351041 12117 a
 -0.024734108 -0.3290253 -0.24680845 12314 g
 8.633941 -3.3568203 -0.12270284 12317 a
 0.025865952 -0.27363154 -0.031358723 12514 g
 9.458743 -3.0737062 0.03172317 12517 a
 -0.059088886 -0.061910238 -0.004460795 12713 g
 9.650279 -3.2197523 0.14664486 12717 a
 0.107891314 -0.11943452 0.030959247 12914 g
 9.535955 -3.393332 0.110133275 12918 a
 0.108956575 -0.12848927 0.039481364 13115 g
 9.469517 -3.754258 -0.31423897 13119 a
 0.009088038 -0.11037977 0.043476105 13314 g
 9.358187 -4.181623 -1.4197617 13317 a
 -0.2295312 -0.27869156 0.18781944 13514 g
 9.255835 -5.0315647 -1.4544775 13518 a
 -0.00822251 -0.35459164 0.41924813 13714 g
 8.296358 -4.6508865 -2.5246856 13717 a
 -0.0084888255 -0.3423411 0.20832577 13914 g
 7.4739494 -4.8729486 -3.3075895 13918 a
 0.014414359 -0.06989972 -0.08994827 14117 g
 8.473529 -4.3767505 -3.0304608 14121 a
 -0.122738436 -0.20412304 -0.09847038 14314 g
 7.8223057 -4.495862 -3.4249055 14318 a
 0.06581337 0.04008883 -0.06091981 14515 g
 8.67105 -3.7488708 -3.655946 14519 a
 -0.24710806 0.002538259 0.38356176 14715 g
 7.18066 -5.287744 -3.2094274 14719 a
 -0.45190513 0.3783103 0.4962135 14915 g
 7.281815 -4.6628575 -2.5396495 14919 a
 0.41601905 -0.012109127 -0.18395784 15117 g
 7.1621046 -6.9032316 -1.3497312 15129 a
 -0.22154172 -0.18015459 -0.47530767 15315 g
 7.6786537 -4.7723923 -1.8058267 15319 a
 0.36968005 0.013723535 -0.4396213 15515 g
 6.849063 -4.813692 -7.2370734 15518 a
 -0.2758702 -2.7170818 -0.532033 15715 g
 2.0606594 -2.4063222 -3.6152446 15719 a
 -0.64205486 -1.424916 2.2586935 15934 g
 0.15188217 -4.2486606 -13.763068 15938 a
 -2.0210397 -0.10345555 1.0853047 16120 g
 2.4772506 -1.654543 -9.083601 16127 a
 -0.52673995 -0.56950873 -1.0686599 16319 g
 1.0658686 -3.1598973 -8.942344 16322 a
 -0.40130508 0.5210557 0.44641238 16521 g
 2.8154316 -2.1238065 -8.695142 16534 a
 -0.024467792 0.37404922 0.3409512 16719 g
 3.0249243 -3.7877767 -7.7248917 16723 a
 0.7241468 0.62119055 -0.47157925 16927 g
 4.4464817 -4.26542 -7.103596 16937 a
 0.04930177 0.69575906 -0.26971164 17123 g
 5.923704 -3.6321535 -6.63134 17136 a
 0.15449663 0.31466073 -0.37117806 17319 g
 5.986552 -4.0661025 -5.5527525 17327 a
 0.14171346 0.30320916 -0.009254484 17520 g
 6.658724 -4.0667014 -5.647922 17527 a
 0.13771872 0.3391618 -0.1219062 17722 g
 7.487716 -3.9607577 -4.63697 17736 a
 0.34784213 0.5093378 -0.32617065 17933 g
 8.041974 -3.876362 -3.539827 17937 a
 0.34304842 0.47018933 -0.24734108 18121 g
 8.326285 -3.1395466 -3.1609447 18133 a
 0.0032290828 0.5769821 -0.025766084 18326 g
 8.894908 -3.2227452 -2.0452468 18334 a
 0.13292503 0.09148784 -0.15199992 18520 g
 9.053524 -3.048567 -2.1547816 18527 a
 -0.056425724 -0.15911561 0.09354353 18719 g
 8.689007 -3.5381813 -2.7042508 18722 a
 -0.24710806 -0.26564205 0.26345322 18936 g
 8.503456 -3.8590043 -3.0879216 18939 a
 -0.35789555 -0.35752112 0.29194903 19120 g
 7.5338044 -4.023007 -5.719149 19132 a
 -0.14697321 -0.65100145 0.22643527 19321 g
 7.3524437 -4.2498574 -4.851251 19334 a
 0.069275476 0.07710677 0.024301345 19520 g
 6.5019035 -4.1546884 -3.804985 19526 a
 0.31881368 -0.38441905 -0.09021458 19720 g
 6.418705 -4.7484503 -4.999093 19726 a
 -0.42234406 -0.79081744 -0.022303974 19922 g
 6.1056633 -3.851223 -6.4787097 19935 a
 0.14011556 -0.19347039 -0.18555574 20138 g
 6.300791 -3.5483565 -6.637924 20144 a
 -0.22074276 0.2656586 0.27783427 20321 g
 6.356456 -3.885939 -5.471948 20332 a
 -0.07213838 -0.103988186 0.18009627 20521 g
 5.5699606 -4.255843 -6.471527 20534 a
 0.15662716 -0.704531 0.06904245 20733 g
 4.9773955 -4.201375 -6.789956 20738 a
 0.29670942 0.80228555 -0.5283046 20927 g
 5.58672 -4.2384853 -6.1477113 20938 a
 0.4482433 0.30667126 -0.28515798 21119 g
 5.2814593 -5.384111 -5.979519 21124 a
 -0.039381493 -0.21770516 -0.27450532 21333 g
 6.702418 -5.1806035 -6.869563 21338 a
 0.22959778 -0.8147859 0.4637229 21522 g
 5.3012114 -3.559729 -3.555988 21533 a
 0.38512638 0.16871952 0.3081943 21722 g
 5.8285346 -5.1153617 -5.298967 21735 a
 -0.4513725 0.53144205 -0.1701094 21934 g
 5.9763765 -5.761796 -7.217321 21939 a
 0.282861 -0.21663989 -0.19274628 22126 g
 5.868637 -3.2155626 -4.571728 22137 a
 -0.14777215 -0.064040765 0.10392986 22322 g
 2.9177837 -5.1087775 -7.1227503 22336 a
 -0.12806475 -0.14739771 8.6552737E-4 22534 g
 4.49257 -4.6879964 -7.369353 22538 a
 0.14624083 -2.026524 0.19234681 22722 g
 2.797475 -4.9627314 -7.280169 22736 a
 0.2580936 -0.0166365 -0.44308344 22934 g
 3.1560068 -5.114763 -6.4392056 22939 a
 0.031192275 -0.033680733 -0.07050719 23136 g
 2.9926026 -5.087828 -7.177817 23141 a
 -0.008755142 -0.21823779 -0.03641873 23319 g
 2.5873837 -5.1285295 -7.445967 23323 a
 0.025067003 -0.16097984 -0.023635555 23523 g
 2.7507882 -5.035754 -6.929418 23537 a
 -0.14510898 -0.14340296 -0.038549256 23727 g
 2.6095302 -4.649091 -7.3442135 23737 a
 -0.3072955 0.105868906 -0.059588227 23934 g
 2.656217 -4.582053 -7.5046253 23938 a
 0.15103452 0.0925531 -0.118710406 24133 g
 2.8710968 -4.4270287 -7.7081323 24138 a
 -0.023136212 0.021446703 0.02536661 24327 g
 2.866907 -3.8991072 -7.645883 24337 a
 -0.31581762 -0.20252514 -0.1631852 24527 g
 2.45271 -3.8356607 -8.034941 24537 a
 -0.1336574 -0.025424933 0.060520336 24726 g
 2.3557448 -3.6908116 -8.007407 24734 a
 -0.05802362 -0.006250173 0.040546626 24936 g
 2.5861866 -3.6722565 -8.139688 24940 a
 -0.07160574 0.01132669 0.032823462 25134 g
 2.2354362 -3.4926913 -7.9966335 25148 a
 -0.23086278 -0.16364299 0.062118232 25327 g
 1.9954175 -2.7439048 -8.778939 25336 a
 -0.27826706 0.11705419 0.11191934 25533 g
 2.1342812 -2.306963 -8.578424 25538 a
 -0.29105023 0.07151413 0.124169886 25733 g
 1.9457378 -2.1028574 -8.916007 25737 a
 -0.123537384 -0.020364927 0.042144522 25915 g
 1.8846856 -2.080711 -8.746617 25916 a
 -0.031924643 -0.0025217473 0.07356983 26116 g
 2.0097828 -2.034024 -8.762778 26117 a
 -0.007157245 0.039556198 -0.007922905 26322 g
 1.953519 -1.8789995 -8.911219 26327 a
 -0.105694205 -0.09200396 -0.061985075 26524 g
 1.9080291 -1.6395793 -9.015367 26528 a
 0.08845024 0.0643236 0.033888724 26727 g
 2.0295348 -1.9562124 -9.03871 26731 a
 0.107891314 0.022245651 0.039215047 26926 g
 1.5315409 -2.403928 -8.461109 26929 a
 -0.3997072 -0.07469341 0.55347145 27130 g
 1.467496 -1.4480431 -9.167398 27134 a
 0.069275476 -0.13328296 0.048802428 27327 g
 1.3627497 -1.2846389 -8.98484 27330 a
 -0.010885671 -0.0065164887 0.026964506 27524 g
 1.3052888 -1.2559084 -9.051878 27528 a
 0.006957508 0.020647755 -0.03961452 27726 g
 1.3932757 -1.2487258 -9.006987 27730 a
 0.022403842 0.035028823 -0.015912388 27928 g
 1.4549265 -1.2984055 -8.998607 27931 a
 0.041312285 0.009995109 -0.05452822 28126 g
 1.4740801 -1.3582605 -9.0081835 28130 a
 0.050367035 0.013457219 -0.015646072 28325 g
 1.6829741 -1.7006314 -8.853159 28328 a
 0.4714128 0.07870466 -0.01431449 28529 g
 2.2091 -2.6595092 -9.431359 28533 a
 1.0216218 0.5330399 -0.05346296 28724 g
 4.8355393 -4.7478514 -3.1621418 28728 a
 -0.64897907 0.14421843 0.22297317 28925 g
 2.7196634 -6.292112 -8.418612 28929 a
 -0.96456367 -0.08987343 0.8368318 29127 g
 3.580379 -3.909881 -11.053431 29131 a
 -0.41089246 -1.1290389 -0.51898354 29326 g
 5.485565 -3.5339913 -7.65127 29329 a
 0.25409886 1.9064322 -0.24041687 29525 g
 7.2985744 -4.2408795 -3.7804444 29528 a
 -0.28838706 0.49682096 -1.0982211 29728 g
 9.037363 -0.3544915 -2.919729 29731 a
 0.18405771 0.48670095 -0.21511683 29926 g
 11.113136 1.9241899 -4.2491093 29930 a
 -0.8031761 -0.41451275 -0.20100208 30127 g
 10.091411 -0.9362825 -1.738789 30131 a
 0.4927181 -0.16257773 -0.077697724 30333 g
 8.52261 -2.1453543 -1.9021933 30337 a
 -0.35070503 -0.03447968 0.3193796 30526 g
 18.653675 -0.055216275 -0.6027403 30530 a
 -0.92967623 -0.49360865 -0.6726479 30727 g
 5.3437085 -2.3165398 -3.3303347 30730 a
 0.37340847 4.1352315 -0.11711251 30925 g
 13.582755 0.94795424 -0.6434417 30926 a
 -0.8931909 -1.4230518 0.22883211 31126 g
 13.270312 -3.8177042 3.5152867 31130 a
 -0.34617764 -0.004918592 -0.3485412 31344 g
 11.394455 -1.7269676 5.2582655 31350 a
 0.27726835 0.42704612 -0.27317375 31529 g
 9.375545 -0.88600427 4.9506106 31533 a
 0.510295 0.34289023 -0.21218736 31727 g
 8.549544 0.79831666 5.755062 31731 a
 0.016544888 0.49469042 -0.19354524 31928 g
 8.47293 0.7246949 6.4457893 31931 a
 0.07779759 0.15167528 -0.2657169 32131 g
 8.065916 1.6189293 6.8887167 32134 a
 0.38432744 0.013723535 0.014980281 32328 g
 8.626758 0.9653122 6.6804214 32332 a
 -0.06627942 -0.105852395 0.15053518 32528 g
 8.413075 0.6349124 5.7083755 32532 a
 -0.04177834 -0.4318233 0.16145414 32730 g
 9.429414 0.446369 5.177461 32734 a
 -0.4063651 -0.25046206 0.29221535 32928 g
 11.637466 -0.53345805 6.191406 32932 a
 -0.45856306 1.1596818 0.16917731 33129 g
 0.5140052 -2.9091046 5.145139 33133 a
 0.8575711 0.4627325 0.24880582 33329 g
 5.9219084 -1.6910546 4.1132383 33333 a
 0.40163797 1.1357133 -1.0313756 33528 g
 4.4650364 2.4467244 10.91756 33532 a
 1.0442587 1.9884574 -0.40233704 33729 g
 3.223643 5.3640594 10.309433 33732 a
 1.2288158 -0.30985054 0.056525595 33929 g
 -2.6427498 4.4249334 8.833407 33933 a
 0.43705803 0.17191531 0.02589924 34129 g
 3.0261214 6.8065658 8.649054 34133 a
 0.3108242 0.057399377 0.08368984 34329 g
 -1.185878 5.7836432 7.969699 34333 a
 -0.7254118 0.031566713 0.92045504 34531 g
 4.6697407 4.711041 8.84059 34536 a
 0.6714162 0.71839595 -0.25905898 34728 g
 -0.8716391 5.1348143 9.894637 34732 a
 0.18166088 1.5948423 -0.727509 34929 g
 -5.8982654 5.644181 6.149507 34932 a
 0.49697915 1.6598234 3.0491197 35132 g
 -8.843134 5.3957825 5.843648 35137 a
 -0.14777215 -0.43288857 -0.07796404 35328 g
 -6.5530796 6.425289 8.473679 35339 a
 0.35290214 -0.8083943 0.5521399 35529 g
 -0.97997665 6.464195 6.343437 35532 a
 0.5758087 -0.52982765 0.06771087 35731 g
 -0.17672202 3.283498 4.322731 35737 a
 1.544134 0.3274439 0.013382385 35928 g
 -7.912388 10.051907 9.260772 35931 a
 -0.38772297 0.57618314 -0.8103333 36130 g
 -2.356044 6.8029747 5.0278234 36134 a
 0.84239113 0.7354402 -0.6622616 36332 g
 -6.4932246 6.5605617 4.1216183 36337 a
 0.524676 0.64649063 -0.3038001 36529 g
 -6.3208423 5.9201126 3.912724 36534 a
 0.040779654 0.1255763 -0.43722448 36729 g
 -7.226449 5.547216 3.9366663 36734 a
 -0.009820406 -0.21157989 0.18515627 36926 g
 -7.318027 5.753117 4.4897265 36929 a
 -0.09504156 -0.17589353 0.046938214 37130 g
 -6.5895915 5.044433 5.08289 37135 a
 -0.07054048 -0.16737142 0.010186591 37329 g
 -7.0594535 5.4981346 4.7022123 37334 a
 0.06847653 0.04142041 -0.005792375 37531 g
 -6.996007 5.3461027 4.396353 37535 a
 -0.03272359 -0.025691248 0.015246597 37730 g
 -7.1366663 5.5119014 4.5274353 37734 a
 0.04850282 0.015055116 -0.00818922 37929 g
 -6.381894 5.184494 4.9428296 37933 a
 0.1358545 -0.24886414 0.04853611 38133 g
 -7.037307 5.7441387 4.68665 38137 a
 0.028795429 0.07657414 -0.013515542 38329 g
 -7.090578 5.3850083 4.477157 38334 a
 -0.0010319749 -0.06643761 0.03761715 38530 g
 -6.711097 5.355081 4.8177323 38534 a
 -0.05322993 -0.19426934 0.043742422 38732 g
 -6.632088 5.4664116 5.261258 38737 a
 -0.03698465 -0.0014564828 -0.016178703 38931 g
 -6.5848026 5.609465 5.1840453 38936 a
 0.027197532 0.033697244 0.038682416 39130 g
 -6.572233 5.3760304 5.2582655 39135 a
 -0.014880412 0.012924587 0.023768712 39332 g
 -6.515371 5.4861636 5.2265425 39337 a
 0.016278572 0.016919328 0.016045546 39530 g
 -6.648249 5.488558 5.157709 39533 a
 0.0072238245 0.022511967 0.006990798 39730 g
 -6.5865984 5.549011 5.2020016 39734 a
 0.009886986 0.0017393104 0.0072571137 39932 g
 -6.654235 5.4729953 5.1104236 39937 a
 8.322378E-4 0.01132669 0.004061321 40131 g
 -6.666206 5.5537996 5.089474 40134 a
 -0.013548832 -0.02143019 -0.007922905 40330 g
 -6.564452 5.525069 5.2008047 40342 a
 -0.008755142 -0.012109127 6.657903E-5 40533 g
 -6.6464534 5.5220766 5.1840453 40537 a
 -0.024734108 -0.032615468 -0.0028628982 40728 g
 -6.6231103 5.4783826 5.2169657 40732 a
 -0.021272 -0.021696506 -0.0055260593 40931 g
 -6.547693 5.532252 5.3342814 40936 a
 -0.015945677 -0.030484939 0.0037950044 41134 g
 -6.518364 5.4394765 5.3103395 41139 a
 0.010419617 0.03662672 -0.016711336 41330 g
 -6.5572696 5.480777 5.3157263 41334 a
 -0.017543573 -0.03447968 0.0011318434 41530 g
 -6.54051 5.4460607 5.367202 41533 a
 0.0045606634 0.0067993165 0.002996056 41732 g
 -6.571635 5.4969373 5.2277393 41737 a
 0.014414359 0.03183303 0.013116068 41931 g
 -6.844574 5.4316955 5.3725886 41935 a
 0.028529113 -0.0038533278 0.05892244 42131 g
 -6.3884783 5.51669 5.4342394 42135 a
 0.010419617 -0.08321553 0.030426616 42332 g
 -6.47048 5.540033 5.4300494 42337 a
 -0.005825665 0.015587748 -0.0015313176 42530 g
 -6.4172087 5.5262666 5.3043537 42537 a
 0.019740682 0.011060374 6.657903E-5 42730 g
 -6.3974566 5.651962 5.3223104 42734 a
 -0.010086723 0.03529514 -0.034021884 42935 g
 -6.617723 5.510704 5.2265425 42939 a
 0.030393325 0.021446703 -0.004993427 43131 g
 -6.5333276 5.596895 5.0745106 43135 a
 0.09537446 0.16925214 -0.06358297 43330 g
 -6.9511156 5.5298576 4.7638626 43334 a
 -0.0055593485 -0.02356072 0.036285568 43532 g
 -6.74701 5.6004868 4.9254713 43537 a
 0.019740682 -0.055518653 0.04933506 43730 g
 -7.0085764 5.5951 4.982932 43734 a
 0.0045606634 0.040355146 0.040280312 43931 g
 -6.6877537 5.3999724 5.1481323 43938 a
 -0.0047604004 1.4141385E-4 0.042943474 44133 g
 -6.6769795 5.2676926 5.1768627 44138 a
 -0.30942604 -0.7713764 0.5798367 44330 g
 -4.5018473 5.2850504 6.7923503 44334 a
 -0.1717406 -0.32290003 0.11564777 44530 g
 -4.158878 5.636998 7.0383544 44534 a
 -0.15895742 -0.21983568 0.32843435 44736 g
 -4.3911157 5.092916 7.8266454 44739 a
 -0.06308363 0.19801427 0.05279717 44937 g
 -10.755502 14.193276 8.718486 44941 a
 2.089017 -0.3324874 0.15932362 45133 g
 1.2885294 1.2514193 1.9135658 45138 a
 -1.6567192 -2.5341227 0.42990077 45336 g
 0.25243863 8.532785 9.816227 45347 a
 -1.1752197 -1.3532771 0.6807706 45532 g
 -0.89079267 3.2266357 6.205172 45537 a
 -0.7784087 -1.3652613 0.97025615 45732 g
 1.1311107 1.5064018 9.211093 45737 a
 -0.5395231 -0.17109984 0.66878635 45939 g
 6.4713774 0.6815993 8.338406 45943 a
 -0.2396512 -1.2424896 0.39501336 46136 g
 7.488913 3.366098 6.242881 46140 a
 -0.13765214 -0.62383723 1.2426975 46332 g
 7.1860466 -2.6535237 6.637326 46337 a
 0.2501041 -0.7905511 -0.110720925 46535 g
 4.4333134 0.1213561 2.597709 46539 a
 -0.06734469 -1.2323695 2.7322035 46732 g
 9.219322 -1.5072997 3.5649664 46737 a
 0.22799988 -0.47017282 0.35160384 46934 g
 8.973318 -2.3368905 3.027468 46940 a
 0.018409101 -0.38575062 0.37690386 47137 g
 10.048315 -2.5499744 0.9636662 47141 a
 -0.34830818 -0.21610726 0.014181333 47332 g
 9.072079 -2.9037178 1.311424 47337 a
 0.19577563 -0.20092724 0.15452991 47532 g
 9.957933 -3.197606 1.1552023 47537 a
 0.21761355 0.27551228 0.046938214 47736 g
 9.354595 -2.3757963 2.332551 47740 a
 0.14677346 -0.09866186 0.09487511 47935 g
 9.635914 -2.2489035 1.834557 47941 a
 -0.2710765 -0.27016944 0.027763454 48136 g
 10.51698 -3.4238582 3.032855 48140 a
 -0.3056976 -1.241158 -0.065979816 48332 g
 10.473885 -2.4619875 -1.2737153 48336 a
 -1.1491207 0.07524256 -0.2060621 48534 g
 11.229854 -3.638139 2.4899697 48539 a
 0.78460056 -0.12555979 -0.22204106 48734 g
 11.454908 -2.673276 1.0510546 48739 a
 0.6996457 1.2398429 -0.58875835 48950 g
 6.0817213 3.154211 2.908955 48956 a
 -0.11980896 -2.9999096 0.39101863 49132 g
 7.9611697 -2.8564322 -0.3226187 49137 a
 -0.5890579 0.060328852 0.6655905 49333 g
 5.969194 -2.195034 -0.39803603 49337 a
 -0.5501758 1.3333199 0.20299946 49531 g
 15.660324 0.062099606 -2.9281087 49535 a
 -0.4018377 -0.5237024 0.132692 49730 g
 11.294497 -0.63281745 -5.027225 49738 a
 0.42906854 -0.84061855 0.8887634 49931 g
 8.201188 -5.208137 -3.679888 49934 a
 0.596315 0.41879034 0.9659951 50136 g
 6.2451253 -6.970269 -0.24061728 50139 a
 0.8463859 0.6840412 1.008872 50331 g
 3.4822168 -7.3587284 2.8927941 50334 a
 0.20136827 0.1338321 -0.17756626 50532 g
 5.91712 -5.180005 -0.41060558 50541 a
 -1.0796123 -1.1556705 -1.2857076 50733 g
 7.353042 -4.635324 -3.957017 50742 a
 -1.8862838 0.3008123 -0.05106611 50934 g
 1.9888334 -5.121946 -5.033809 50943 a
 -1.608516 -1.162062 0.48609346 51134 g
 7.748684 -5.339818 -1.6514006 51138 a
 0.07886286 -0.51145184 0.5675862 51333 g
 4.8882117 -7.0564604 -5.1481323 51341 a
 0.726011 0.41186613 0.15666045 51534 g
 2.1737854 -6.4950204 -6.9000893 51554 a
 -0.04097939 -0.2480652 -0.5006077 51731 g
 6.9442325 -6.3244333 -5.1080294 51733 a
 0.365419 0.6187937 -0.29820746 51932 g
 1.4387655 -4.136133 -9.914988 51940 a
 -0.60610217 2.7562468 0.45546713 52135 g
 6.5180645 -6.800281 -2.19668 52139 a
 0.28738835 -0.08454711 -0.33469278 52335 g
 7.129783 -6.3890767 -1.2312182 52344 a
 0.26022413 0.6528822 -0.059055597 52535 g
 7.897723 -5.6851816 -1.2683283 52543 a
 0.17420402 0.2843007 -0.23082949 52732 g
 8.104821 -5.4535427 -0.17477672 52736 a
 0.48606017 0.13969105 -0.42683813 52938 g
 10.405051 -5.5750484 -1.3018472 52942 a
 0.7523763 0.64862114 -0.92804503 53144 g
 14.779856 -2.6349685 4.408324 53147 a
 0.65756774 1.4161441 -0.37224334 53334 g
 8.468142 -0.68967974 4.421492 53339 a
 0.42427486 -0.13434821 0.07010771 53537 g
 6.3019876 -0.46103346 9.090185 53540 a
 -0.6873286 0.74822336 0.63230103 53740 g
 9.573066 -2.5433903 3.532046 53744 a
 0.06155231 -0.7585932 0.34521225 53951 g
 9.700557 -3.979313 0.9684546 53955 a
 -0.1387174 -0.7756374 0.7217832 54138 g
 8.517223 -3.9200563 -0.4997896 54141 a
 -0.7286076 -0.37136954 -0.14108096 54343 g
 6.915502 -4.9292126 -1.4323312 54347 a
 -0.046838347 -0.40386012 0.0615856 54538 g
 7.83308 -5.137508 -1.8842367 54542 a
 -0.064148895 -0.118901886 0.14467622 54737 g
 7.9599724 -5.2709846 -1.9494787 54741 a
 -0.05136572 -0.16337667 0.071439296 54939 g
 7.745093 -5.2308817 -2.2720973 54943 a
 -0.0039614523 -0.32023686 0.07543404 55138 g
 7.3003697 -5.433192 -2.8443117 55142 a
 -0.09424261 -0.2973337 0.19767313 55339 g
 6.7820253 -5.746234 -3.265691 55350 a
 -0.18878484 -0.33302003 0.33349434 55540 g
 5.5316534 -6.0670567 -4.250905 55543 a
 -0.2974418 -0.31837264 0.35666385 55737 g
 4.7176247 -6.3405943 -5.171476 55740 a
 -0.36508608 -0.48934758 0.4003397 55939 g
 3.7755065 -6.142474 -6.129156 55942 a
 -0.45510092 -0.44860122 0.45040712 56141 g
 3.4977791 -5.8366146 -6.806117 56145 a
 -0.1815943 -0.20625357 0.28688902 56341 g
 2.7705402 -5.7971106 -6.697779 56345 a
 0.028795429 -0.015571237 -0.12909673 56539 g
 3.3044472 -5.873725 -6.3009405 56542 a
 0.27220836 0.39402294 -0.26971164 56740 g
 4.56679 -6.170007 -5.7347116 56746 a
 0.4485096 0.6877696 -0.34028542 56937 g
 5.594501 -6.240038 -4.324527 56941 a
 0.48020124 0.44062826 -0.55280566 57140 g
 6.0224648 -6.5572696 -3.056797 57145 a
 0.53373075 0.68510646 -0.33123067 57345 g
 7.305757 -5.819257 -1.2300211 57348 a
 0.48179913 0.37937555 -0.38049912 57539 g
 8.276606 -5.719299 -0.48722005 57543 a
 0.05942178 0.6121358 -0.41378865 57739 g
 9.025393 -4.823269 0.29688102 57743 a
 0.17287244 0.5953579 -0.5517404 57942 g
 8.9302225 -3.8721724 1.7681179 57947 a
 0.20669459 0.71812963 -0.4412192 58142 g
 8.983494 -1.7646763 3.3626564 58146 a
 0.19897142 0.22571115 -0.7767775 58342 g
 9.066692 -1.6647184 4.0827127 58347 a
 -0.1320595 0.57671577 0.048802428 58543 g
 9.398289 -1.5695488 4.583699 58547 a
 0.044241764 0.37218502 -0.086752474 58740 g
 8.942792 -1.2990041 5.161899 58744 a
 -0.16747954 0.27311543 -0.44068658 58940 g
 9.120562 -0.3664625 5.504868 58945 a
 -0.22500382 -0.30159473 -0.41804972 59145 g
 9.392303 -1.3205519 4.8482585 59148 a
 0.050899666 -0.37350008 0.20832577 59343 g
 9.73647 -1.1493665 3.551798 59347 a
 0.07540075 -0.63555515 0.33402696 59541 g
 10.6019745 -1.8311154 2.1057005 59545 a
 -0.08625313 -0.43288857 0.14547518 59740 g
 9.916634 -2.14715 1.5747862 59743 a
 0.015213308 -0.38628325 0.0946088 59939 g
 9.713126 -2.145953 0.9995792 59943 a
 0.006957508 -0.24167362 0.07197193 60284 g
