 -1.483797 -2.5119185 0.35440016 3 g
 10.20334 3.9616556 -2.6324248 6 a
 1.5998772 0.6500526 -1.5534884 156 g
 5.1773114 7.5840826 2.867655 158 a
 -1.8454542 -1.4117668 0.08329036 352 g
 9.811888 3.1787517 0.61112 354 a
 0.26936197 -0.60030156 -2.207827 554 g
 9.985467 7.080702 -0.3866636 555 a
 -0.3551493 -0.3981676 0.5083309 760 g
 12.811822 2.3258173 -0.46686932 761 a
 -2.8223016 -1.7902019 2.309693 956 g
 9.083451 3.078195 -4.8704047 959 a
 0.5758918 -0.83652395 -0.10286459 1156 g
 9.809493 2.7328317 -2.5701754 1157 a
 0.33993572 0.89612865 -0.87358344 1353 g
 8.842834 2.2725463 -2.8724434 1355 a
 -0.02038996 0.38853016 0.12989569 1554 g
 9.151687 2.7346272 -2.0919337 1555 a
 -0.085637406 0.47614816 1.2023506 1753 g
 11.251401 -0.4245219 1.7274165 1754 a
 0.22888191 -0.17632629 0.10885671 1824 g
 8.845228 -5.349395 -5.1020436 1889 a
 0.6374108 -3.2623973 0.06944192 1953 g
 7.318925 6.221782 -6.199187 1954 a
 0.19745661 0.71396846 0.48968875 2018 g
 7.667281 3.5199254 -5.8322754 2019 a
 -0.46833366 -1.3305403 0.38369492 2083 g
 7.5403886 -0.31857845 -6.4062853 2084 a
 -0.1649996 -0.17792419 0.38928756 2149 g
 8.451981 1.9810523 -5.273828 2150 a
 0.2073103 -0.6045626 -0.065314025 2214 g
 7.357232 4.1657615 -8.078635 2215 a
 0.7407415 0.08386454 -0.15213308 2279 g
 3.6839283 -5.0052285 -9.690532 2280 a
 -0.19589227 1.6338242 -0.15239939 2343 g
 6.382792 0.21173722 -3.4380736 2344 a
 0.4320811 -0.64237946 1.2319118 2410 g
 7.1022496 -1.4276924 -3.6882677 2411 a
 -0.03477103 0.08306559 0.2212421 2476 g
 6.9017353 -0.5585972 -4.9996915 2477 a
 0.7758952 -1.3409266 0.4377571 2539 g
 5.9189157 -0.7273884 -4.7058034 2541 a
 0.7292899 -2.1886108 0.18289259 2605 g
 4.876839 -1.2187983 -7.265804 2607 a
 0.56337494 -0.9321314 0.28329375 2669 g
 4.4536643 -2.0962732 -8.362348 2671 a
 -0.045423675 -2.010978 0.11791146 2734 g
 3.5133414 -1.4294881 -8.728063 2735 a
 0.017426927 -1.0200157 0.024434503 2799 g
 3.5660138 -1.6677111 -8.281544 2800 a
 0.0549775 -0.17446208 -0.025100293 2865 g
 3.118298 -1.7425299 -8.365939 2866 a
 0.089332275 -0.32759383 0.031092405 2929 g
 2.8824692 -1.9556139 -8.42759 2931 a
 0.08427227 -0.34250754 0.053729273 2994 g
 2.6729765 -2.0531776 -8.700529 2995 a
 0.0059753344 -0.045032457 0.028162928 3060 g
 2.7699418 -1.9256864 -8.634089 3061 a
 0.0065079667 -0.012275575 0.0063250074 3124 g
 2.814833 -1.915511 -8.628104 3126 a
 0.008904812 -0.0024218787 -0.009121327 3189 g
 2.7771244 -1.8784009 -8.611943 3191 a
 0.006774283 -0.005617672 -0.008322379 3255 g
 2.8555346 -1.9466356 -8.547898 3256 a
 0.019024823 0.01408972 -0.0104529075 3319 g
 2.8369794 -1.9669863 -8.567052 3321 a
 0.006774283 -0.003220827 -0.010186591 3384 g
 2.7412114 -1.8335096 -8.6095495 3385 a
 0.0073069152 0.004236024 -0.013915016 3449 g
 3.1446342 -2.1262007 -8.464102 3450 a
 0.006774283 -2.5033714E-5 -0.012050804 3514 g
 2.8704982 -1.9747674 -8.59279 3515 a
 0.0035784894 0.0031707596 -0.016578177 3579 g
 2.8375778 -1.9161096 -8.583213 3580 a
 0.0025132252 -0.009079781 -0.0104529075 3645 g
 2.7872996 -1.9238907 -8.590396 3646 a
 0.011567973 -0.0053513558 -0.00752343 3714 g
 2.8435633 -1.9610008 -8.552687 3718 a
 0.017160611 0.0029044435 -0.004593953 3777 g
 2.8339865 -1.9765631 -8.58022 3781 a
 0.018758507 0.00929603 0.0036618465 3843 g
 2.8220155 -2.0495863 -8.55987 3848 a
 0.011834289 0.010627611 -0.0013981595 3911 g
 2.8525417 -1.9945197 -8.532935 3916 a
 1.16380135E-4 -2.9134983E-4 -0.012849752 3975 g
 2.869301 -2.0052936 -8.496424 3979 a
 1.16380135E-4 -8.2398206E-4 -0.016045546 4042 g
 2.8507462 -1.9610008 -8.51019 4046 a
 0.0025132252 0.0010402307 -0.013915016 4102 g
 2.9141924 -1.9675848 -8.497022 4110 a
 0.0043774378 0.006632869 -0.014181333 4167 g
 2.8645127 -1.9598037 -8.500613 4175 a
 0.00491007 2.412824E-4 -0.011518172 4232 g
 2.8501475 -1.9723732 -8.497022 4236 a
 0.0073069152 -2.9134983E-4 -0.013915016 4298 g
 2.856133 -1.9903297 -8.482059 4302 a
 0.004643754 0.0013065469 -0.014181333 4362 g
 2.8956373 -1.9867384 -8.444948 4366 a
 -4.1625206E-4 -0.0013566143 -0.017909758 4428 g
 2.9123967 -1.9466356 -8.496424 4430 a
 -0.0022804649 0.0034370758 -0.017643442 4495 g
 2.866907 -1.9202994 -8.485051 4499 a
 -4.1625206E-4 -0.007748201 -0.025100293 4561 g
 2.869301 -1.9705776 -8.527548 4567 a
 0.00491007 -0.00508504 -0.021371868 4626 g
 2.8232126 -1.9526211 -8.519767 4630 a
 0.0065079667 0.004768656 -0.013915016 4693 g
 2.8704982 -1.975366 -8.453926 4696 a
 1.16380135E-4 -0.0037534593 -0.01231712 4758 g
 2.8896518 -1.9651906 -8.496424 4763 a
 -0.010536264 -0.013074523 -0.016311862 4821 g
 2.8878562 -1.920898 -8.501212 4826 a
 -0.012666793 -0.0061503043 -0.012583436 4886 g
 2.8621185 -1.9388545 -8.48984 4889 a
 -0.0065415227 -0.0016229304 -0.010186591 4960 g
 2.9064112 -1.9711761 -8.495825 4967 a
 -0.0020141487 0.0018391791 -0.0096539585 5016 g
 2.8423662 -1.9316719 -8.531139 5019 a
 -0.0017478326 -0.008813465 -0.012050804 5081 g
 2.8633156 -1.9346646 -8.514978 5085 a
 -0.0062752063 -0.013340839 -0.015246597 5146 g
 2.838775 -1.9179052 -8.522161 5150 a
 -0.0020141487 -0.009079781 -0.011518172 5210 g
 2.8291981 -1.9526211 -8.5700445 5215 a
 0.0065079667 -0.0021555626 -0.01231712 5276 g
 2.8285997 -1.9292777 -8.571242 5280 a
 0.0025132252 -0.005617672 -0.014447649 5341 g
 2.8483517 -1.920898 -8.543709 5344 a
 6.4901233E-4 -0.0040197754 -0.016311862 5407 g
 2.8393736 -1.9125183 -8.559271 5412 a
 -0.002813097 -0.0037534593 -0.016311862 5471 g
 2.8405707 -1.9017444 -8.536526 5476 a
 0.0038448055 -0.0021555626 -0.017643442 5536 g
 2.8459575 -1.9083284 -8.589797 5540 a
 0.0051763863 -0.0018892465 -0.01711081 5601 g
 2.8232126 -1.9161096 -8.564658 5605 a
 0.0035784894 -0.0016229304 -0.017377125 5670 g
 2.8435633 -1.9268835 -8.550293 5674 a
 0.0073069152 0.0013065469 -0.015512913 5731 g
 2.86152 -1.9268835 -8.565855 5735 a
 0.0059753344 -2.5033714E-5 -0.016844494 5799 g
 2.8501475 -1.9346646 -8.561666 5805 a
 0.004643754 2.412824E-4 -0.019241339 5859 g
 2.8238113 -1.9621979 -8.526949 5862 a
 0.0051763863 -2.9134983E-4 -0.01711081 5927 g
 2.8250084 -1.9292777 -8.585608 5930 a
 0.0051763863 -0.0010902982 -0.020040287 5995 g
 2.8381765 -1.9436429 -8.556278 5998 a
 0.006241651 -2.9134983E-4 -0.020040287 6057 g
 2.833388 -1.9352632 -8.569447 6060 a
 0.005442702 -8.2398206E-4 -0.01711081 6120 g
 2.8513446 -1.9322704 -8.583812 6125 a
 0.0073069152 -8.2398206E-4 -0.01711081 6187 g
 2.81603 -1.9400516 -8.559271 6193 a
 0.0059753344 -2.5033714E-5 -0.019241339 6252 g
 2.8232126 -1.9310733 -8.568848 6254 a
 0.0078395475 -8.2398206E-4 -0.018176075 6318 g
 2.8256068 -1.915511 -8.569447 6321 a
 0.004643754 -0.0016229304 -0.021371868 6385 g
 2.8363807 -1.9268835 -8.540716 6388 a
 0.006241651 -0.0010902982 -0.017643442 6447 g
 2.826804 -1.9131168 -8.581417 6450 a
 0.007040599 5.075985E-4 -0.01844239 6513 g
 2.839972 -1.9262849 -8.583812 6516 a
 0.007573231 -0.0013566143 -0.020306604 6577 g
 2.8477533 -1.9113212 -8.583213 6580 a
 0.0078395475 -2.9134983E-4 -0.017909758 6643 g
 2.8226142 -1.9268835 -8.552089 6646 a
 0.00491007 0.0018391791 -0.019507654 6706 g
 2.8166287 -1.9197009 -8.553286 6725 a
 0.0059753344 -2.5033714E-5 -0.018975023 6774 g
 2.8357823 -1.908927 -8.5383215 6777 a
 0.008105863 -8.2398206E-4 -0.019773971 6840 g
 2.8226142 -1.9185038 -8.563461 6844 a
 0.0073069152 -8.2398206E-4 -0.019773971 6903 g
 2.8435633 -1.9244893 -8.587403 6906 a
 0.005442702 0.001572863 -0.020839235 6967 g
 2.8250084 -1.9173067 -8.5700445 6970 a
 0.007040599 2.412824E-4 -0.020040287 7035 g
 2.8363807 -1.9167081 -8.582615 7038 a
 0.007573231 -8.2398206E-4 -0.017643442 7097 g
 2.8250084 -1.9077299 -8.552089 7101 a
 0.0057090186 -0.0013566143 -0.020839235 7159 g
 2.8369794 -1.9191023 -8.565855 7163 a
 0.0065079667 -0.0010902982 -0.018975023 7228 g
 2.8262055 -1.9149125 -8.539519 7231 a
 0.008372179 -2.9134983E-4 -0.022437133 7295 g
 2.821417 -1.9268835 -8.589797 7298 a
 0.006774283 0.0010402307 -0.021638183 7367 g
 2.8465562 -1.9143139 -8.595782 7369 a
 0.0057090186 -8.2398206E-4 -0.020839235 7424 g
 2.8513446 -1.9185038 -8.5538845 7427 a
 0.0057090186 -2.5033714E-5 -0.020839235 7487 g
 2.8303952 -1.8975545 -8.578424 7490 a
 0.0065079667 -0.0026881949 -0.018176075 7553 g
 2.8459575 -1.9316719 -8.593389 7556 a
 0.007040599 -8.2398206E-4 -0.019507654 7616 g
 2.8357823 -1.9095255 -8.556877 7620 a
 0.007040599 0.0010402307 -0.02057292 7683 g
 2.8274026 -1.9197009 -8.572439 7687 a
 0.006241651 -8.2398206E-4 -0.018975023 7748 g
 2.8220155 -1.9083284 -8.60117 7751 a
 0.006774283 2.412824E-4 -0.022437133 7814 g
 2.8351836 -1.9197009 -8.565855 7817 a
 0.004643754 0.0013065469 -0.020306604 7880 g
 2.826804 -1.9173067 -8.557475 7885 a
 0.005442702 0.0010402307 -0.020040287 7944 g
 2.8196213 -1.9149125 -8.585608 7947 a
 0.006241651 5.075985E-4 -0.021371868 8009 g
 2.8339865 -1.9047371 -8.586804 8013 a
 0.007040599 -2.5033714E-5 -0.018975023 8070 g
 2.8345852 -1.915511 -8.565256 8074 a
 0.008372179 -5.5766595E-4 -0.020040287 8139 g
 2.8124387 -1.9197009 -8.577228 8142 a
 0.008105863 5.075985E-4 -0.019241339 8205 g
 2.8238113 -1.9173067 -8.5886 8208 a
 0.0065079667 -2.9134983E-4 -0.02057292 8268 g
 2.8196213 -1.9113212 -8.556278 8271 a
 0.007040599 -0.0016229304 -0.02057292 8334 g
 2.8166287 -1.9298762 -8.593389 8337 a
 0.0051763863 0.0010402307 -0.01844239 8397 g
 2.8405707 -1.8987516 -8.56825 8400 a
 0.0059753344 -0.0010902982 -0.020040287 8463 g
 2.8220155 -1.9149125 -8.5383215 8466 a
 0.00970376 -2.9134983E-4 -0.02057292 8527 g
 2.832191 -1.9065328 -8.556278 8530 a
 0.006774283 -5.5766595E-4 -0.019773971 8594 g
 2.8303952 -1.9202994 -8.549694 8599 a
 0.004111122 -2.5033714E-5 -0.021105552 8657 g
 2.8046577 -1.9185038 -8.557475 8660 a
 0.005442702 -2.5033714E-5 -0.021371868 8724 g
 2.838775 -1.920898 -8.561067 8727 a
 0.0051763863 -2.5033714E-5 -0.02057292 8788 g
 2.8166287 -1.9292777 -8.594585 8792 a
 0.006241651 -0.0010902982 -0.022170816 8852 g
 2.8208184 -1.9173067 -8.571242 8856 a
 0.0059753344 -2.5033714E-5 -0.020040287 8921 g
 2.8220155 -1.9424458 -8.5778265 8925 a
 0.008105863 -0.0024218787 -0.021105552 8982 g
 2.8208184 -1.9179052 -8.582016 8986 a
 0.007040599 0.0010402307 -0.020306604 9049 g
 2.8064532 -1.9304748 -8.585009 9053 a
 0.0065079667 -5.5766595E-4 -0.021638183 9117 g
 2.7992706 -1.9191023 -8.564658 9120 a
 0.0027795413 2.412824E-4 -0.021371868 9178 g
 2.81603 -1.9083284 -8.589797 9182 a
 0.0051763863 -0.0013566143 -0.021638183 9244 g
 2.826804 -1.915511 -8.558074 9248 a
 3.8269625E-4 0.001498028 -0.0010652645 9316 g
 2.8100445 -1.9047371 -8.566454 9319 a
 -1.4993596E-4 -8.9881686E-4 -0.0010652645 9374 g
 2.819023 -1.9238907 -8.540716 9378 a
 0.0017142767 -8.9881686E-4 -0.0018642128 9443 g
 2.8274026 -1.9370588 -8.580819 9447 a
 -1.4993596E-4 -0.001165133 7.9894834E-4 9504 g
 2.8244097 -1.9167081 -8.582615 9508 a
 -0.0012152004 9.653959E-4 -5.326322E-4 9569 g
 2.8226142 -1.9268835 -8.57184 9573 a
 -6.825682E-4 1.6644757E-4 -7.9894834E-4 9635 g
 2.8250084 -1.9197009 -8.584411 9638 a
 9.1532845E-4 -3.6618466E-4 0.0 9699 g
 2.8178258 -1.9059342 -8.581417 9704 a
 -4.1625206E-4 -0.0019640813 2.663161E-4 9765 g
 2.845359 -1.9197009 -8.565855 9769 a
 3.8269625E-4 1.6644757E-4 5.326322E-4 9829 g
 2.8274026 -1.9286791 -8.579621 9832 a
 9.1532845E-4 -3.6618466E-4 -0.0026631611 9893 g
 2.8262055 -1.9161096 -8.597578 9896 a
 -6.825682E-4 -9.986854E-5 -0.0010652645 9960 g
 2.828001 -1.9346646 -8.544308 9964 a
 6.4901233E-4 -0.0024967135 0.0013315806 10028 g
 2.8274026 -1.9149125 -8.580819 10032 a
 -4.1625206E-4 -0.0024967135 -0.002396845 10089 g
 2.8327894 -1.908927 -8.558074 10094 a
 3.8269625E-4 -9.986854E-5 7.9894834E-4 10158 g
 2.8291981 -1.9083284 -8.579023 10161 a
 6.4901233E-4 -0.0014314491 2.663161E-4 10219 g
 2.8459575 -1.9059342 -8.585009 10223 a
 0.0011816446 1.6644757E-4 -7.9894834E-4 10284 g
 2.8405707 -1.9137154 -8.5778265 10287 a
 -9.488843E-4 -0.0016977652 -0.0013315806 10349 g
 2.8327894 -1.9298762 -8.583812 10353 a
 -9.488843E-4 -0.0014314491 -2.663161E-4 10415 g
 2.7932851 -1.9484313 -8.582615 10418 a
 -6.825682E-4 -0.0030293458 5.326322E-4 10480 g
 2.81603 -1.9101241 -8.5778265 10484 a
 3.8269625E-4 9.653959E-4 -0.0018642128 10546 g
 2.8483517 -1.934066 -8.525752 10550 a
 1.16380135E-4 -0.0019640813 -0.0013315806 10611 g
 2.819023 -1.90354 -8.588001 10655 a
 6.4901233E-4 1.6644757E-4 5.326322E-4 10669 g
 2.8238113 -1.9143139 -8.572439 10670 a
 0.0011816446 -0.0019640813 5.326322E-4 10739 g
 2.8208184 -1.9250878 -8.59698 10740 a
 -4.1625206E-4 -8.9881686E-4 -0.002396845 10805 g
 2.8435633 -1.9244893 -8.571242 10808 a
 3.8269625E-4 -0.0014314491 -0.002396845 10869 g
 2.8285997 -1.9238907 -8.571242 10873 a
 6.4901233E-4 0.0020306604 -0.0015978967 10935 g
 2.8423662 -1.9137154 -8.561666 10939 a
 3.8269625E-4 0.001498028 7.9894834E-4 11003 g
 2.2373815 -2.3768437 -9.180267 11006 a
 6.4901233E-4 -9.986854E-5 -2.663161E-4 11068 g
 2.2439656 -2.381632 -9.177873 11073 a
 1.16380135E-4 1.6644757E-4 -0.0029294773 11129 g
 2.2613235 -2.3612814 -9.177873 11134 a
 0.0011816446 -6.3250074E-4 -2.663161E-4 11197 g
 2.2463598 -2.3786395 -9.1665 11200 a
 0.0030458574 1.6644757E-4 0.0 11265 g
 2.2463598 -2.3762453 -9.129391 11268 a
 0.0014479606 -0.001165133 -2.663161E-4 11325 g
 2.2517467 -2.3894134 -9.182661 11329 a
 8.237157E-4 -7.5740303E-4 0.0011318434 11395 g
 2.2499511 -2.3666685 -9.181464 11400 a
 5.573996E-4 0.0011068097 -7.323693E-4 11457 g
 2.2583308 -2.35769 -9.152135 11460 a
 0.0013563479 3.0786142E-4 -4.660532E-4 11524 g
 2.2619221 -2.3953989 -9.189245 11528 a
 8.237157E-4 0.001905758 -0.0015313176 11586 g
 2.2511482 -2.3786395 -9.168895 11589 a
 0.001622664 3.0786142E-4 -4.660532E-4 11650 g
 2.2601264 -2.3953989 -9.156923 11654 a
 2.4767398E-5 0.0029710224 -0.0020639498 11716 g
 2.2822728 -2.373851 -9.176077 11730 a
 5.573996E-4 -7.5740303E-4 -0.0015313176 11779 g
 2.2547395 -2.3600843 -9.179668 11783 a
 2.910835E-4 -4.910869E-4 -0.0017976337 11846 g
 2.2505496 -2.3840263 -9.181464 11849 a
 2.4767398E-5 0.0011068097 -0.0012650015 11910 g
 2.2583308 -2.3678656 -9.181464 11915 a
 -5.078648E-4 0.0011068097 -4.660532E-4 11977 g
 2.2756886 -2.3642743 -9.176077 11980 a
 5.573996E-4 8.4049365E-4 3.3289514E-4 12044 g
 2.260725 -2.3756466 -9.201815 12047 a
 8.237157E-4 -4.910869E-4 -0.0031292143 12106 g
 2.2349873 -2.4001873 -9.182063 12109 a
 0.0018889802 0.0027047063 -0.002596582 12170 g
 2.2541409 -2.3774424 -9.175479 12174 a
 0.001622664 -7.5740303E-4 -1.9973709E-4 12237 g
 2.2703018 -2.3828292 -9.203012 12240 a
 -2.4154871E-4 -4.910869E-4 -0.0012650015 12300 g
 2.2451627 -2.3600843 -9.220968 12304 a
 -0.001040497 -4.910869E-4 -7.323693E-4 12367 g
 2.2517467 -2.393603 -9.205406 12371 a
 0.0029542446 -0.0010237191 -0.0036618465 12430 g
 2.2427685 -2.3756466 -9.183859 12436 a
 0.0021552963 8.4049365E-4 -0.0028628982 12496 g
 2.2619221 -2.3768437 -9.207202 12500 a
 8.237157E-4 5.7417754E-4 -0.0012650015 12564 g
 2.2535424 -2.3600843 -9.180267 12567 a
 2.4767398E-5 -0.0012900352 -7.323693E-4 12626 g
 2.2583308 -2.3708582 -9.180267 12630 a
 2.910835E-4 0.0016394419 -0.002596582 12690 g
 2.2391772 -2.380435 -9.1952305 12695 a
 0.0029542446 0.0024383902 -0.0012650015 12756 g
 2.2469583 -2.3714569 -9.17907 12760 a
 0.0018889802 -7.5740303E-4 -0.002330266 12820 g
 2.2643163 -2.3732524 -9.176077 12825 a
 8.237157E-4 5.7417754E-4 -0.0036618465 12886 g
 2.2397757 -2.3888147 -9.192837 12890 a
 8.237157E-4 0.0016394419 -0.0017976337 12950 g
 2.255338 -2.3828292 -9.180267 12955 a
 0.001622664 0.0013731258 -0.0033955304 13016 g
 2.2619221 -2.3750482 -9.184457 13020 a
 0.0018889802 4.1545314E-5 -0.002330266 13082 g
 2.2631192 -2.3732524 -9.170691 13086 a
 -5.078648E-4 0.0024383902 -9.986854E-4 13147 g
 2.2343888 -2.3822308 -9.19164 13151 a
 8.237157E-4 0.0013731258 -0.0028628982 13210 g
 2.2517467 -2.3798366 -9.164106 13216 a
 2.910835E-4 -2.2477079E-4 -0.0020639498 13278 g
 2.2517467 -2.408567 -9.191041 13281 a
 0.003753193 5.7417754E-4 -0.0015313176 13342 g
 2.2816741 -2.3582888 -9.179668 13347 a
 0.0029542446 -0.0010237191 -0.0033955304 13407 g
 2.2397757 -2.3918076 -9.167099 13410 a
 -0.0020058928 2.495382E-4 -5.494101E-4 13478 g
 2.2463598 -2.3660698 -9.168895 13484 a
 -1.4168017E-4 -8.1572623E-4 5.158543E-4 13537 g
 2.2559366 -2.367267 -9.184457 13540 a
 6.5726816E-4 -1.6777914E-5 0.0010484866 13604 g
 2.260725 -2.367267 -9.176077 13607 a
 -9.4062847E-4 0.0037116476 -1.6777914E-5 13666 g
 2.232593 -2.372654 -9.160515 13669 a
 -6.743124E-4 -0.002679939 0.0010484866 13731 g
 2.255338 -2.3822308 -9.172486 13736 a
 3.9095205E-4 2.495382E-4 -0.0016146746 13796 g
 2.259528 -2.3930047 -9.207202 13799 a
 -9.4062847E-4 7.821704E-4 5.158543E-4 13858 g
 2.2361844 -2.3948002 -9.209596 13862 a
 -0.0012069446 -0.0021473067 -2.8309404E-4 13926 g
 2.2756886 -2.3894134 -9.207801 13930 a
 -0.0014732607 7.821704E-4 5.158543E-4 13991 g
 2.2541409 -2.3666685 -9.184457 13995 a
 -4.0799627E-4 0.0010484866 7.821704E-4 14057 g
 2.2493525 -2.369661 -9.207801 14060 a
 -0.0014732607 2.495382E-4 -0.0018809907 14123 g
 2.2780828 -2.4115596 -9.170092 14126 a
 -0.0012069446 7.821704E-4 2.495382E-4 14189 g
 2.2511482 -2.3732524 -9.204807 14193 a
 0.0014562164 -2.8309404E-4 -2.8309404E-4 14251 g
 2.2613235 -2.3648727 -9.195829 14257 a
 0.0014562164 2.495382E-4 0.0010484866 14319 g
 2.2625206 -2.391209 -9.202414 14324 a
 1.2463593E-4 -2.8309404E-4 -1.6777914E-5 14381 g
 2.2331917 -2.372654 -9.182063 14387 a
 -0.0028048411 7.821704E-4 -8.1572623E-4 14446 g
 2.244564 -2.3888147 -9.192238 14451 a
 0.0011899003 0.0026463831 -5.494101E-4 14510 g
 2.256535 -2.3864205 -9.189245 14515 a
 9.235843E-4 -1.6777914E-5 -1.6777914E-5 14576 g
 2.256535 -2.3523033 -9.1712885 14581 a
 -1.4168017E-4 2.495382E-4 7.821704E-4 14645 g
 2.2541409 -2.379238 -9.180267 14648 a
 1.2463593E-4 -1.6777914E-5 0.0013148027 14707 g
 2.2481554 -2.3852234 -9.170092 14713 a
 3.9095205E-4 7.821704E-4 -0.0021473067 14771 g
 2.2469583 -2.3708582 -9.182661 14776 a
 -0.0017395768 2.495382E-4 0.0018474348 14837 g
 2.2373815 -2.3762453 -9.194034 14840 a
 -6.743124E-4 7.821704E-4 2.495382E-4 14902 g
 2.2571337 -2.373851 -9.212589 14906 a
 0.0014562164 5.158543E-4 -0.0024136228 14967 g
 2.2613235 -2.3894134 -9.185654 14970 a
 -4.0799627E-4 5.158543E-4 2.495382E-4 15030 g
 2.2319946 -2.3834279 -9.185654 15034 a
 -6.743124E-4 -1.6777914E-5 -1.6777914E-5 15097 g
 2.2331917 -2.373851 -9.164106 15101 a
 -4.0799627E-4 -2.8309404E-4 -5.494101E-4 15166 g
 2.247557 -2.3834279 -9.197026 15170 a
 3.9095205E-4 -1.6777914E-5 5.158543E-4 15227 g
 2.2469583 -2.3852234 -9.207202 15230 a
 -9.4062847E-4 -8.1572623E-4 5.158543E-4 15293 g
 2.2637177 -2.3720553 -9.202414 15296 a
 -1.4168017E-4 0.0013148027 0.0013148027 15359 g
 2.2224178 -2.384625 -9.192238 15364 a
 9.235843E-4 0.0015811187 -5.494101E-4 15423 g
 2.2439656 -2.3690627 -9.204807 15426 a
 -6.743124E-4 -2.8309404E-4 -0.0010820423 15486 g
 2.2499511 -2.3822308 -9.22456 15489 a
 -0.0011901667 4.5753107E-4 -2.5033714E-5 15557 g
 2.236783 -2.379238 -9.188647 15560 a
 -0.0027880634 -7.510114E-5 -0.0013566143 15617 g
 2.268506 -2.3756466 -9.167698 15635 a
 1.4141385E-4 9.901633E-4 -0.0013566143 15693 g
 2.2523453 -2.373851 -9.153931 15695 a
 0.0012066783 1.9121496E-4 0.0010402307 15747 g
 2.2439656 -2.3762453 -9.168296 15749 a
 -6.5753446E-4 -3.4141724E-4 -2.9134983E-4 15812 g
 2.2541409 -2.379238 -9.192238 15816 a
 -3.9121837E-4 -0.0019393138 -8.2398206E-4 15877 g
 2.2667105 -2.3762453 -9.187449 15881 a
 -6.5753446E-4 -8.7404944E-4 -0.0021555626 15940 g
 2.2517467 -2.3953989 -9.223961 15944 a
 -0.0014564828 -8.7404944E-4 -2.5033714E-5 16008 g
 2.2517467 -2.3810337 -9.178472 16011 a
 -6.5753446E-4 4.5753107E-4 -2.9134983E-4 16074 g
 2.2679076 -2.3744495 -9.178472 16078 a
 0.0012066783 -0.0024719462 2.412824E-4 16139 g
 2.2403743 -2.3834279 -9.241918 16144 a
 -0.0011901667 1.9121496E-4 -5.5766595E-4 16206 g
 2.2493525 -2.3750482 -9.226954 16209 a
 -1.2490226E-4 -8.7404944E-4 7.739146E-4 16267 g
 2.2750902 -2.372654 -9.207202 16271 a
 -0.0011901667 -0.0014066817 0.0013065469 16332 g
 2.2511482 -2.381632 -9.186253 16336 a
 -3.9121837E-4 -0.0011403656 5.075985E-4 16398 g
 2.2469583 -2.393603 -9.204807 16404 a
 4.0772997E-4 0.0015227955 -2.5033714E-5 16463 g
 2.248754 -2.3822308 -9.2107935 16467 a
 -0.0014564828 -6.077334E-4 -8.2398206E-4 16528 g
 2.2613235 -2.3942018 -9.173084 16531 a
 -1.2490226E-4 -0.0019393138 -2.5033714E-5 16593 g
 2.2649148 -2.3834279 -9.161114 16597 a
 0.0012066783 -6.077334E-4 -0.003220827 16658 g
 2.2409728 -2.3882163 -9.149741 16661 a
 -0.0017227989 9.901633E-4 0.001572863 16726 g
 2.27928 -2.3942018 -9.1868515 16738 a
 4.0772997E-4 -7.510114E-5 0.0018391791 16788 g
 2.2601264 -2.379238 -9.198224 16792 a
 -0.0011901667 -6.077334E-4 -2.5033714E-5 16850 g
 2.2637177 -2.3690627 -9.192837 16853 a
 -0.0017227989 -0.0016729978 -0.002954511 16918 g
 2.2511482 -2.3570917 -9.191041 16921 a
 -0.0025217473 0.0015227955 -8.2398206E-4 16982 g
 2.235586 -2.3834279 -9.178472 16987 a
 -9.238506E-4 -3.4141724E-4 2.412824E-4 17048 g
 2.2517467 -2.3702598 -9.189245 17051 a
 -9.238506E-4 9.901633E-4 -2.5033714E-5 17113 g
 2.2499511 -2.4019828 -9.14615 17117 a
 0.0014729943 -3.4141724E-4 -2.5033714E-5 17178 g
 2.2589293 -2.3948002 -9.236531 17181 a
 -1.2490226E-4 -3.4141724E-4 -2.5033714E-5 17245 g
 2.2457612 -2.3744495 -9.189844 17249 a
 -0.0011901667 -7.510114E-5 0.0021054952 17307 g
 2.2643163 -2.3876176 -9.158719 17310 a
 -1.2490226E-4 -0.0011403656 -0.0010902982 17374 g
 2.2505496 -2.3971944 -9.209596 17377 a
 0.0012066783 -3.4141724E-4 0.0013065469 17440 g
 2.2601264 -2.3894134 -9.203012 17445 a
 0.002804575 -3.4141724E-4 -2.5033714E-5 17504 g
 2.2625206 -2.3906105 -9.171887 17508 a
 -9.238506E-4 0.0012564794 2.412824E-4 17567 g
 2.271499 -2.3840263 -9.190442 17570 a
 -5.078648E-4 -5.243764E-4 -3.9121837E-4 17641 g
 2.2541409 -2.3630772 -9.181464 17644 a
 -5.078648E-4 -2.5806032E-4 -1.2490226E-4 17698 g
 2.2619221 -2.3732524 -9.203012 17702 a
 5.573996E-4 -5.243764E-4 -0.0017227989 17765 g
 2.2523453 -2.356493 -9.206005 17768 a
 2.4767398E-5 8.072041E-4 -3.9121837E-4 17828 g
 2.256535 -2.3870192 -9.185056 17832 a
 -5.078648E-4 2.745719E-4 4.0772997E-4 17895 g
 2.2535424 -2.3780408 -9.206005 17899 a
 0.0021552963 0.0010735203 -9.238506E-4 17957 g
 2.2427685 -2.3786395 -9.207801 17961 a
 -2.4154871E-4 -5.243764E-4 6.7404605E-4 18024 g
 2.2469583 -2.372654 -9.194034 18029 a
 -0.0015731292 0.0024051007 4.0772997E-4 18087 g
 2.2409728 -2.3798366 -9.186253 18091 a
 -7.741809E-4 8.255799E-6 4.0772997E-4 18154 g
 2.2505496 -2.3798366 -9.217378 18159 a
 2.4767398E-5 0.0010735203 -1.2490226E-4 18217 g
 2.259528 -2.3708582 -9.186253 18221 a
 2.4767398E-5 -7.906925E-4 9.4036217E-4 18285 g
 2.2343888 -2.3744495 -9.168895 18289 a
 -2.4154871E-4 0.0010735203 -3.9121837E-4 18348 g
 2.248754 -2.385822 -9.185654 18353 a
 0.0010900318 8.072041E-4 0.0014729943 18414 g
 2.2373815 -2.3756466 -9.198822 18418 a
 5.573996E-4 8.072041E-4 -1.2490226E-4 18481 g
 2.2517467 -2.391209 -9.185654 18485 a
 2.4767398E-5 8.072041E-4 -6.5753446E-4 18545 g
 2.2397757 -2.3828292 -9.207801 18548 a
 0.0018889802 5.40888E-4 -0.0011901667 18609 g
 2.256535 -2.3918076 -9.19164 18612 a
 -0.001040497 -5.243764E-4 -3.9121837E-4 18674 g
 2.2451627 -2.3786395 -9.199421 18678 a
 0.0013563479 -2.5806032E-4 -9.238506E-4 18740 g
 2.2511482 -2.369661 -9.181464 18743 a
 -0.0013068131 5.40888E-4 -9.238506E-4 18806 g
 2.2547395 -2.3888147 -9.227552 18810 a
 5.573996E-4 2.745719E-4 -0.001989115 18868 g
 2.248754 -2.3750482 -9.192837 18873 a
 0.0029542446 0.0010735203 6.7404605E-4 18935 g
 2.260725 -2.3864205 -9.238925 18938 a
 0.0010900318 0.0013398363 0.0012066783 18999 g
 2.271499 -2.3774424 -9.205406 19003 a
 8.237157E-4 -2.5806032E-4 4.0772997E-4 19065 g
 2.2535424 -2.3708582 -9.185654 19068 a
 -0.001040497 -7.906925E-4 0.0014729943 19130 g
 2.248754 -2.380435 -9.17907 19135 a
 2.910835E-4 -0.001855957 0.0014729943 19191 g
 2.2625206 -2.3948002 -9.180865 19195 a
 -0.001040497 -0.0015896409 -0.0022554311 19259 g
 2.2643163 -2.3750482 -9.178472 19263 a
 -2.4154871E-4 8.072041E-4 4.0772997E-4 19327 g
 2.2619221 -2.3756466 -9.210195 19330 a
 -7.741809E-4 -2.5806032E-4 0.0014729943 19389 g
 2.2828712 -2.3690627 -9.171887 19393 a
 -0.001040497 -2.5806032E-4 -9.238506E-4 19455 g
 2.2535424 -2.3900118 -9.187449 19458 a
 -0.0013068131 -0.0015896409 4.0772997E-4 19521 g
 2.2493525 -2.393603 -9.219771 19525 a
 0.0018889802 -0.0013233247 -0.0011901667 19584 g
 2.267309 -2.3774424 -9.190442 19588 a
 5.573996E-4 -7.906925E-4 -0.0022554311 19650 g
 2.2505496 -2.3918076 -9.180267 19653 a
 0.0011816446 -5.832323E-5 5.40888E-4 19720 g
 2.2463598 -2.3906105 -9.177275 19724 a
 0.0011816446 -3.2463935E-4 -7.906925E-4 19778 g
 2.235586 -2.3786395 -9.19164 19782 a
 -4.1625206E-4 7.406251E-4 0.0010735203 19847 g
 2.2691047 -2.3870192 -9.207801 19851 a
 0.0017142767 0.0020722055 0.0013398363 19909 g
 2.2343888 -2.367267 -9.209596 19914 a
 -9.488843E-4 -5.9095543E-4 -0.002122273 19975 g
 2.2703018 -2.3852234 -9.182661 19979 a
 3.8269625E-4 4.74309E-4 -5.243764E-4 20040 g
 2.2667105 -2.3768437 -9.171887 20044 a
 -4.1625206E-4 2.0799288E-4 8.255799E-6 20105 g
 2.2661119 -2.3918076 -9.185056 20109 a
 9.1532845E-4 -0.0024551682 5.40888E-4 20167 g
 2.2703018 -2.3666685 -9.1868515 20171 a
 9.1532845E-4 -8.5727155E-4 2.745719E-4 20236 g
 2.2631192 -2.3720553 -9.182661 20240 a
 3.8269625E-4 -5.9095543E-4 5.40888E-4 20298 g
 2.2517467 -2.3810337 -9.158719 20302 a
 6.4901233E-4 7.406251E-4 8.255799E-6 20367 g
 2.2649148 -2.3864205 -9.196428 20371 a
 -6.825682E-4 0.0012732573 -2.5806032E-4 20430 g
 2.2499511 -2.380435 -9.175479 20434 a
 3.8269625E-4 0.0020722055 -0.0015896409 20495 g
 2.2391772 -2.3702598 -9.1952305 20499 a
 -6.825682E-4 -0.0011235876 0.0013398363 20563 g
 2.244564 -2.4025815 -9.149741 20567 a
 -0.0020141487 0.0023385216 2.745719E-4 20626 g
 2.2373815 -2.4013844 -9.214384 20629 a
 9.1532845E-4 0.0012732573 0.0016061524 20690 g
 2.2631192 -2.391209 -9.176077 20694 a
 6.4901233E-4 -3.2463935E-4 0.0010735203 20756 g
 2.2619221 -2.3774424 -9.192238 20759 a
 -4.1625206E-4 2.0799288E-4 -0.0010570086 20820 g
 2.2349873 -2.3690627 -9.1952305 20824 a
 6.4901233E-4 4.74309E-4 5.40888E-4 20889 g
 2.2535424 -2.3942018 -9.196428 20893 a
 -0.0014815165 7.406251E-4 2.745719E-4 20950 g
 2.2619221 -2.373851 -9.159917 20954 a
 1.16380135E-4 4.74309E-4 -2.5806032E-4 21015 g
 2.2637177 -2.4127567 -9.145552 21018 a
 3.8269625E-4 -3.2463935E-4 -0.0015896409 21080 g
 2.2439656 -2.3666685 -9.194633 21083 a
 -6.825682E-4 0.0010069412 -0.0010570086 21147 g
 2.271499 -2.3762453 -9.204209 21150 a
 6.4901233E-4 -0.0016562198 -0.002388589 21210 g
 2.2493525 -2.3864205 -9.184457 21215 a
 -1.4993596E-4 0.0010069412 -5.243764E-4 21276 g
 2.2427685 -2.3756466 -9.222764 21280 a
 -9.488843E-4 -5.9095543E-4 -0.001855957 21375 g
 2.2583308 -2.3762453 -9.186253 21379 a
 0.0014479606 4.74309E-4 -7.906925E-4 21408 g
 2.2625206 -2.3822308 -9.17907 21411 a
 0.0025132252 0.0015395734 -0.0010570086 21470 g
 2.2798786 -2.4019828 -9.156923 21475 a
 -6.825682E-4 0.0015395734 -0.002122273 21536 g
 2.273893 -2.3732524 -9.23294 21540 a
 3.8269625E-4 2.0799288E-4 5.40888E-4 21603 g
 2.2517467 -2.373851 -9.185654 21607 a
 -1.4993596E-4 -0.0013899037 5.40888E-4 21667 g
 2.2415714 -2.4001873 -9.198224 21670 a
 1.16380135E-4 -3.2463935E-4 8.072041E-4 21730 g
 2.2511482 -2.391209 -9.174282 21743 a
 0.0020306604 1.9973709E-4 7.488809E-4 21802 g
 2.2535424 -2.4025815 -9.20361 21805 a
 -0.001165133 -6.657903E-5 -3.1638352E-4 21859 g
 2.2589293 -2.3481133 -9.183859 21863 a
 -8.9881686E-4 4.660532E-4 7.488809E-4 21927 g
 2.2511482 -2.369661 -9.201815 21931 a
 -8.9881686E-4 -0.0019307918 -8.490158E-4 21989 g
 2.243367 -2.373851 -9.168895 21993 a
 1.6644757E-4 -0.0019307918 0.0012815131 22062 g
 2.260725 -2.380435 -9.175479 22065 a
 4.3276369E-4 -0.0011318434 -3.1638352E-4 22120 g
 2.2481554 -2.3882163 -9.169494 22126 a
 1.6644757E-4 -5.9921126E-4 0.0015478292 22186 g
 2.256535 -2.3989902 -9.207202 22190 a
 4.3276369E-4 -6.657903E-5 -3.1638352E-4 22250 g
 2.2337902 -2.360683 -9.220968 22258 a
 1.6644757E-4 -0.0019307918 -3.1638352E-4 22316 g
 2.2511482 -2.3690627 -9.170691 22320 a
 -9.986854E-5 -0.0016644757 -3.1638352E-4 22380 g
 2.2409728 -2.3762453 -9.208399 22385 a
 -6.3250074E-4 -0.0019307918 -5.006743E-5 22446 g
 2.2349873 -2.3882163 -9.192238 22450 a
 -0.0019640813 -0.0016644757 0.001015197 22511 g
 2.2643163 -2.3678656 -9.214384 22515 a
 -9.986854E-5 -5.9921126E-4 -5.8269966E-4 22577 g
 2.2655134 -2.3834279 -9.202414 22580 a
 -9.986854E-5 -3.3289514E-4 7.488809E-4 22644 g
 2.260725 -2.391209 -9.214384 22648 a
 4.3276369E-4 -0.0013981595 4.825648E-4 22707 g
 2.2559366 -2.3876176 -9.201815 22710 a
 0.0012317119 0.0015313176 2.1624868E-4 22771 g
 2.2547395 -2.3756466 -9.213786 22775 a
 -6.3250074E-4 -6.657903E-5 2.1624868E-4 22836 g
 2.268506 -2.3888147 -9.181464 22840 a
 -6.3250074E-4 4.660532E-4 -3.1638352E-4 22900 g
 2.2577322 -2.373851 -9.21618 22903 a
 -3.6618466E-4 9.986854E-4 4.825648E-4 22968 g
 2.243367 -2.35769 -9.209596 22972 a
 -0.001165133 0.002330266 -5.8269966E-4 23031 g
 2.256535 -2.3900118 -9.18326 23037 a
 0.0017643442 0.0017976337 0.001015197 23096 g
 2.2361844 -2.391209 -9.189844 23099 a
 1.6644757E-4 -0.0011318434 -3.1638352E-4 23161 g
 2.2613235 -2.3888147 -9.223363 23176 a
 -0.0022303974 -6.657903E-5 0.0012815131 23222 g
 2.2655134 -2.393603 -9.185654 23224 a
 -0.001165133 7.323693E-4 0.0015478292 23286 g
 2.2415714 -2.3624785 -9.196428 23287 a
 6.9907977E-4 -3.3289514E-4 -5.006743E-5 23350 g
 2.236783 -2.380435 -9.21199 23351 a
 -0.0014314491 -0.0024634239 -5.006743E-5 23418 g
 2.2577322 -2.3822308 -9.203012 23419 a
 -8.9881686E-4 1.9973709E-4 4.825648E-4 23481 g
 2.2547395 -2.3953989 -9.167698 23481 a
 -3.6618466E-4 1.9973709E-4 -5.006743E-5 23545 g
 2.256535 -2.3930047 -9.195829 23546 a
 6.9907977E-4 -3.3289514E-4 0.001015197 23613 g
 2.2697031 -2.3786395 -9.204807 23617 a
 6.9907977E-4 -3.3289514E-4 -5.006743E-5 23681 g
 2.2529438 -2.369661 -9.181464 23685 a
 -3.6618466E-4 0.0015313176 -0.001381648 23746 g
 2.255338 -2.3971944 -9.179668 23750 a
 -0.0014314491 7.323693E-4 2.1624868E-4 23810 g
 2.27928 -2.3744495 -9.201217 23813 a
 -5.832323E-5 0.0012482236 -7.656588E-4 23884 g
 2.2481554 -2.3666685 -9.197026 23888 a
 0.0012732573 -3.4967304E-4 -0.0010319749 23940 g
 2.2499511 -2.3636756 -9.174282 23946 a
 0.0010069412 -3.4967304E-4 -0.0018309233 24006 g
 2.2535424 -2.3888147 -9.188647 24009 a
 -3.2463935E-4 4.4927528E-4 0.0018975022 24070 g
 2.243367 -2.3810337 -9.152734 24075 a
 -5.832323E-5 4.4927528E-4 8.322378E-4 24136 g
 2.2547395 -2.385822 -9.185056 24140 a
 -0.001922536 1.8295916E-4 0.001098554 24202 g
 2.2529438 -2.3624785 -9.18326 24208 a
 -3.2463935E-4 7.1559136E-4 -4.993427E-4 24266 g
 2.2535424 -2.3762453 -9.18326 24270 a
 0.0020722055 1.8295916E-4 0.0018975022 24330 g
 2.2463598 -2.3702598 -9.180267 24335 a
 0.0020722055 7.1559136E-4 -4.993427E-4 24397 g
 2.2493525 -2.3834279 -9.19164 24400 a
 -3.2463935E-4 -8.335694E-5 -0.001298291 24461 g
 2.231396 -2.3750482 -9.192238 24465 a
 2.0799288E-4 -6.1598915E-4 5.659217E-4 24527 g
 2.2442648 -2.4208372 -9.182362 24532 a
 4.74309E-4 4.4927528E-4 0.00136487 24591 g
 2.2298996 -2.3962967 -9.19972 24594 a
 2.0799288E-4 -3.4967304E-4 3.3289514E-5 24656 g
 2.2287025 -2.3855226 -9.182362 24659 a
 7.406251E-4 -0.002480202 8.322378E-4 24721 g
 2.2430677 -2.3777416 -9.197326 24725 a
 7.406251E-4 9.819075E-4 -0.0015646071 24787 g
 2.241272 -2.411859 -9.204509 24790 a
 4.74309E-4 9.819075E-4 -2.330266E-4 24851 g
 2.2430677 -2.3909097 -9.221268 24857 a
 2.0799288E-4 -6.1598915E-4 0.0021638183 24917 g
 2.2478561 -2.3885155 -9.197326 24920 a
 -5.9095543E-4 0.0020471718 0.0016311861 24983 g
 2.2502503 -2.3974938 -9.215881 24986 a
 2.0799288E-4 -8.335694E-5 5.659217E-4 25048 g
 2.257433 -2.3735516 -9.169194 25051 a
 0.0012732573 -6.1598915E-4 0.00136487 25111 g
 2.2514474 -2.4028807 -9.15423 25116 a
 2.0799288E-4 4.4927528E-4 2.9960563E-4 25177 g
 2.2448633 -2.3909097 -9.207501 25180 a
 4.74309E-4 9.819075E-4 -4.993427E-4 25245 g
 2.2298996 -2.3807342 -9.213487 25248 a
 -8.5727155E-4 -8.8230526E-4 -2.330266E-4 25306 g
 2.25444 -2.383727 -9.170391 25310 a
 0.0020722055 4.4927528E-4 -4.993427E-4 25373 g
 2.2598271 -2.3980923 -9.204509 25377 a
 0.0012732573 -8.335694E-5 8.322378E-4 25438 g
 2.2520459 -2.3879168 -9.212888 25442 a
 7.406251E-4 -3.4967304E-4 -0.0010319749 25504 g
 2.245462 -2.4160488 -9.208698 25507 a
 -3.2463935E-4 9.819075E-4 -7.656588E-4 25569 g
 2.2512977 -2.368015 -9.194633 25572 a
 4.74309E-4 9.819075E-4 -0.0023635554 25630 g
 2.242918 -2.39076 -9.212589 25633 a
 0.0020722055 -8.335694E-5 -0.0023635554 25698 g
 2.2393267 -2.3877673 -9.208998 25701 a
 0.0012732573 1.8295916E-4 -0.0015646071 25765 g
 2.2465093 -2.3955483 -9.235333 25769 a
 4.74309E-4 0.0017808558 0.001098554 25829 g
 2.2554877 -2.3871686 -9.179668 25835 a
 -5.9095543E-4 1.8295916E-4 3.3289514E-5 25891 g
 2.2489035 -2.3931541 -9.184457 25897 a
 0.0 -0.0010487528 -4.910869E-4 25965 g
 2.247108 -2.3847744 -9.221567 25969 a
 2.663161E-4 -7.8243675E-4 3.0786142E-4 26021 g
 2.2303486 -2.3835773 -9.207801 26026 a
 2.663161E-4 1.6511598E-5 0.0024383902 26087 g
 2.2674587 -2.366818 -9.195829 26091 a
 5.326322E-4 -7.8243675E-4 -0.0018226674 26151 g
 2.2465093 -2.4123077 -9.188647 26155 a
 2.663161E-4 -5.1612064E-4 -0.0010237191 26216 g
 2.2333412 -2.3937528 -9.196428 26220 a
 -2.663161E-4 2.828277E-4 -0.0023552997 26285 g
 2.248305 -2.3913586 -9.196428 26289 a
 -5.326322E-4 8.1545993E-4 -0.0012900352 26348 g
 2.248305 -2.384176 -9.215582 26351 a
 -7.9894834E-4 0.0026796726 5.7417754E-4 26410 g
 2.232144 -2.4003367 -9.19164 26422 a
 -7.9894834E-4 8.1545993E-4 4.1545314E-5 26478 g
 2.245911 -2.3889644 -9.177873 26481 a
 -2.663161E-4 -5.1612064E-4 4.1545314E-5 26540 g
 2.2447138 -2.3979425 -9.208399 26544 a
 0.0018642128 5.491438E-4 3.0786142E-4 26608 g
 2.2405238 -2.3937528 -9.18326 26612 a
 -2.663161E-4 -0.0013150689 8.4049365E-4 26675 g
 2.256086 -2.4033296 -9.197026 26679 a
 -0.0010652645 -0.0010487528 4.1545314E-5 26737 g
 2.242918 -2.3805847 -9.15453 26749 a
 0.0010652645 1.6511598E-5 0.001905758 26806 g
 2.2596774 -2.3901615 -9.176676 26809 a
 0.0026631611 1.6511598E-5 -0.0012900352 26868 g
 2.2387283 -2.3769934 -9.179668 26872 a
 0.0010652645 5.491438E-4 8.4049365E-4 26933 g
 2.2512977 -2.3811831 -9.191041 26936 a
 0.0015978967 -0.0010487528 -2.2477079E-4 26997 g
 2.2501006 -2.3913586 -9.156923 27000 a
 -5.326322E-4 2.828277E-4 4.1545314E-5 27064 g
 2.2435167 -2.3793876 -9.220968 27068 a
 -0.0013315806 -7.8243675E-4 5.7417754E-4 27127 g
 2.253692 -2.397344 -9.219771 27131 a
 -0.0015978967 -2.4980452E-4 8.4049365E-4 27194 g
 2.2201731 -2.3913586 -9.200618 27198 a
 -5.326322E-4 -0.0010487528 4.1545314E-5 27257 g
 2.248305 -2.391957 -9.181464 27260 a
 0.0 0.001081776 -4.910869E-4 27323 g
 2.2524948 -2.408118 -9.196428 27327 a
 -0.0015978967 -2.4980452E-4 -7.5740303E-4 27389 g
 2.2453122 -2.378789 -9.164705 27392 a
 0.0 1.6511598E-5 5.7417754E-4 27452 g
 2.2285528 -2.396147 -9.193436 27456 a
 -0.0015978967 0.001081776 0.0011068097 27518 g
 2.2423196 -2.3931541 -9.227552 27522 a
 -2.663161E-4 -5.1612064E-4 -0.0015563513 27585 g
 2.2542906 -2.3871686 -9.181464 27589 a
 -2.663161E-4 -0.0010487528 4.1545314E-5 27651 g
 2.2369325 -2.4019828 -9.187449 27657 a
 0.0 -0.0021140173 -0.0010237191 27714 g
 2.2393267 -2.3888147 -9.208399 27718 a
 2.663161E-4 0.0013480921 -4.910869E-4 27778 g
 2.2399254 -2.3971944 -9.175479 27781 a
 0.0026631611 -0.0013150689 -4.910869E-4 27846 g
 2.2489035 -2.381632 -9.199421 27850 a
 7.9894834E-4 -5.1612064E-4 3.0786142E-4 27910 g
 2.2255602 -2.392406 -9.215582 27915 a
 -7.9894834E-4 5.491438E-4 -0.0010237191 27975 g
 2.236334 -2.385822 -9.203012 27978 a
 4.9082056E-4 1.3315806E-4 1.3315806E-4 28046 g
 2.241721 -2.3822308 -9.198224 28049 a
 -8.4075995E-4 0.0014647386 -0.0014647386 28105 g
 2.2453122 -2.405574 -9.225159 28108 a
 4.9082056E-4 -9.321064E-4 -3.9947417E-4 28171 g
 2.2381296 -2.4127567 -9.206603 28177 a
 2.2450447E-4 -6.657903E-4 -3.9947417E-4 28235 g
 2.2572832 -2.3995886 -9.198224 28238 a
 -8.4075995E-4 -9.321064E-4 -6.657903E-4 28300 g
 2.248305 -2.385822 -9.2191725 28306 a
 -8.4075995E-4 1.3315806E-4 -0.0019973707 28402 g
 2.247108 -2.3953989 -9.225159 28403 a
 0.001289769 0.0019973707 6.657903E-4 28429 g
 2.2369325 -2.4001873 -9.201217 28431 a
 2.2450447E-4 -1.3315806E-4 0.0014647386 28497 g
 2.2369325 -2.4139538 -9.204209 28501 a
 -3.0812772E-4 6.657903E-4 0.0011984225 28559 g
 2.245911 -2.3971944 -9.235932 28565 a
 -5.7444384E-4 0.0014647386 9.321064E-4 28626 g
 2.236334 -2.3840263 -9.185654 28630 a
 -0.0016397083 0.002530003 -6.657903E-4 28692 g
 2.244115 -2.385822 -9.222764 28696 a
 -4.181163E-5 0.0014647386 3.9947417E-4 28755 g
 2.2399254 -2.3959973 -9.182661 28758 a
 7.571367E-4 0.0014647386 9.321064E-4 28819 g
 2.2506993 -2.3870192 -9.21618 28824 a
 0.0010234528 -1.3315806E-4 9.321064E-4 28886 g
 2.2530935 -2.4013844 -9.208399 28890 a
 -0.0011070761 0.0017310547 1.3315806E-4 28950 g
 2.2387283 -2.3906105 -9.177275 28954 a
 -0.0011070761 -3.9947417E-4 6.657903E-4 29015 g
 2.2638674 -2.3780408 -9.219771 29019 a
 -5.7444384E-4 -6.657903E-4 1.3315806E-4 29079 g
 2.247108 -2.3930047 -9.203012 29084 a
 -0.0016397083 -0.0011984225 6.657903E-4 29145 g
 2.2501006 -2.3888147 -9.223961 29149 a
 2.2450447E-4 9.321064E-4 9.321064E-4 29212 g
 2.242918 -2.3750482 -9.207801 29215 a
 -0.0021723404 6.657903E-4 3.9947417E-4 29274 g
 2.2369325 -2.405574 -9.193436 29278 a
 -4.181163E-5 0.0017310547 9.321064E-4 29339 g
 2.2506993 -2.4061728 -9.214384 29343 a
 0.001289769 9.321064E-4 1.3315806E-4 29406 g
 2.2566848 -2.396596 -9.186253 29410 a
 -8.4075995E-4 -6.657903E-4 -9.321064E-4 29470 g
 2.2572832 -2.3852234 -9.197625 29475 a
 -8.4075995E-4 -9.321064E-4 -9.321064E-4 29535 g
 2.2620716 -2.3870192 -9.217378 29539 a
 -4.181163E-5 1.3315806E-4 -9.321064E-4 29600 g
 2.2512977 -2.4007857 -9.194034 29604 a
 0.001289769 -9.321064E-4 0.0011984225 29665 g
 2.23394 -2.4025815 -9.194633 29670 a
 -3.0812772E-4 3.9947417E-4 3.9947417E-4 29734 g
 2.2509985 -2.4033296 -9.193136 29737 a
 -4.181163E-5 -1.3315806E-4 -9.321064E-4 29796 g
 2.2474072 -2.3877673 -9.20391 29799 a
 -4.181163E-5 9.321064E-4 6.657903E-4 29859 g
 2.2366333 -2.3518543 -9.239823 29862 a
 -8.4075995E-4 0.0017310547 -6.657903E-4 29927 g
 2.2575827 -2.3740005 -9.197925 29931 a
 -3.0812772E-4 3.9947417E-4 -9.321064E-4 29990 g
 2.2246623 -2.3925557 -9.200917 29994 a
 -3.0812772E-4 -3.9947417E-4 -0.0011984225 30056 g
 2.2480059 -2.3859715 -9.212888 30059 a
 -2.9134983E-4 7.656588E-4 -4.0799627E-4 30127 g
 2.2138884 -2.397344 -9.197326 30131 a
 -5.5766595E-4 -8.322378E-4 6.5726816E-4 30187 g
 2.227655 -2.3871686 -9.184157 30191 a
 -0.0016229304 -8.322378E-4 -1.4168017E-4 30253 g
 2.2246623 -2.3805847 -9.214086 30257 a
 -8.2398206E-4 7.656588E-4 3.9095205E-4 30316 g
 2.2444146 -2.360234 -9.175778 30319 a
 -5.5766595E-4 -8.322378E-4 9.235843E-4 30380 g
 2.2300491 -2.3985412 -9.188946 30384 a
 -0.0010902982 -5.659217E-4 3.9095205E-4 30446 g
 2.2402246 -2.3859715 -9.164406 30449 a
 -0.002954511 -5.659217E-4 -9.4062847E-4 30510 g
 2.270152 -2.3817818 -9.199121 30514 a
 -0.0026881949 -5.659217E-4 -6.743124E-4 30576 g
 2.2563856 -2.3937528 -9.180567 30579 a
 -0.0016229304 -2.9960563E-4 0.0030541131 30640 g
 2.2360346 -2.3763947 -9.215282 30644 a
 -0.0010902982 -0.0026964506 6.5726816E-4 30704 g
 2.245013 -2.373402 -9.184157 30708 a
 5.075985E-4 7.656588E-4 0.0017225326 30770 g
 2.2515972 -2.3811831 -9.191938 30774 a
 -2.5033714E-5 0.0020972393 0.0011899003 30837 g
 2.2593782 -2.3686137 -9.194333 30841 a
 -0.0018892465 -2.9960563E-4 0.0011899003 30900 g
 2.2408233 -2.3674166 -9.186552 30906 a
 -2.5033714E-5 -0.00136487 6.5726816E-4 30968 g
 2.2551885 -2.3662195 -9.165004 30974 a
 -8.2398206E-4 -3.3289514E-5 -0.0014732607 31030 g
 2.2671595 -2.3614311 -9.181764 31035 a
 0.0010402307 0.001298291 -0.0017395768 31096 g
 2.2653637 -2.39495 -9.194333 31100 a
 0.0010402307 -3.3289514E-5 0.0017225326 31160 g
 2.258181 -2.3811831 -9.174581 31165 a
 -0.0026881949 -5.659217E-4 0.0022551648 31226 g
 2.2587798 -2.354847 -9.200318 31230 a
 5.075985E-4 -5.659217E-4 3.9095205E-4 31294 g
 2.2456117 -2.3847744 -9.173384 31297 a
 -0.0018892465 2.330266E-4 0.0017225326 31355 g
 2.2527943 -2.3757963 -9.189545 31359 a
 2.412824E-4 -3.3289514E-5 0.0014562164 31421 g
 2.2539914 -2.3913586 -9.176376 31427 a
 0.0013065469 4.993427E-4 0.002787797 31486 g
 2.2414217 -2.391957 -9.201516 31489 a
 0.0026381274 -0.00136487 0.0014562164 31551 g
 2.2617724 -2.3769934 -9.188348 31555 a
 0.0010402307 -2.9960563E-4 0.002787797 31616 g
 2.2587798 -2.3859715 -9.197326 31619 a
 -0.0010902982 -0.001098554 0.0011899003 31680 g
 2.2539914 -2.3895628 -9.229049 31683 a
 -2.5033714E-5 4.993427E-4 0.002787797 31747 g
 2.2605753 -2.3823802 -9.203311 31759 a
 -5.5766595E-4 -2.9960563E-4 0.0014562164 31815 g
 2.237232 -2.3918076 -9.194333 31819 a
 -8.2398206E-4 0.001298291 -1.4168017E-4 31876 g
 2.2282536 -2.3995886 -9.176975 31880 a
 -0.0026881949 0.0018309233 3.9095205E-4 31941 g
 2.2575827 -2.3870192 -9.149442 31945 a
 7.739146E-4 7.656588E-4 0.002521481 32008 g
 2.2378304 -2.384625 -9.178172 32013 a
 -2.5033714E-5 -5.659217E-4 0.0014562164 32070 g
 2.2521956 -2.3942018 -9.203311 32077 a
 -2.9134983E-4 2.330266E-4 0.0019888487 32137 g
 2.2521956 -2.3828292 -9.190742 32140 a
 4.993427E-4 -4.4128578E-4 -8.8230526E-4 32208 g
 2.233042 -2.392406 -9.196129 32212 a
 0.0020972393 0.001689243 -0.0011486213 32266 g
 2.2258594 -2.3810337 -9.192537 32271 a
 -3.3289514E-5 3.5766253E-4 -3.4967304E-4 32334 g
 2.243816 -2.3732524 -9.196728 32338 a
 -8.322378E-4 8.9029473E-4 1.8295916E-4 32396 g
 2.2545898 -2.3918076 -9.1751795 32400 a
 -5.659217E-4 0.001422927 1.8295916E-4 32461 g
 2.2408233 -2.3918076 -9.174581 32466 a
 -0.0026964506 0.0011566109 -0.0019475697 32526 g
 2.2599769 -2.3744495 -9.178771 32530 a
 -2.9960563E-4 8.9029473E-4 7.1559136E-4 32590 g
 2.2432175 -2.3744495 -9.189545 32593 a
 0.0018309233 9.1346425E-5 0.0017808558 32657 g
 2.2617724 -2.379238 -9.184756 32661 a
 -8.322378E-4 3.5766253E-4 -8.335694E-5 32721 g
 2.238429 -2.4025815 -9.190742 32727 a
 7.656588E-4 3.5766253E-4 0.0017808558 32786 g
 2.255787 -2.368464 -9.178172 32790 a
 -2.9960563E-4 0.001422927 -0.0019475697 32855 g
 2.245013 -2.384625 -9.151836 32859 a
 2.330266E-4 -7.076019E-4 0.0012482236 32916 g
 2.262371 -2.3690627 -9.1829605 32920 a
 0.0015646071 0.001422927 7.1559136E-4 32980 g
 2.2671595 -2.384625 -9.19972 32985 a
 -3.3289514E-5 0.0022218754 -8.8230526E-4 33046 g
 2.2737434 -2.391209 -9.191938 33050 a
 2.330266E-4 9.1346425E-5 7.1559136E-4 33111 g
 2.255787 -2.3906105 -9.176975 33116 a
 4.993427E-4 9.1346425E-5 -0.0022138858 33176 g
 2.2498014 -2.384625 -9.214684 33180 a
 -5.659217E-4 0.0011566109 -8.335694E-5 33242 g
 2.2426188 -2.396596 -9.196728 33246 a
 0.0015646071 6.239786E-4 1.8295916E-4 33307 g
 2.262371 -2.3942018 -9.153631 33310 a
 0.001298291 -1.7496968E-4 -8.8230526E-4 33373 g
 2.249203 -2.3774424 -9.181764 33377 a
 -5.659217E-4 -9.73918E-4 -8.8230526E-4 33437 g
 2.262371 -2.3930047 -9.238626 33440 a
 -8.322378E-4 -7.076019E-4 4.4927528E-4 33500 g
 2.2480059 -2.393603 -9.169792 33503 a
 -3.3289514E-5 6.239786E-4 -8.335694E-5 33568 g
 2.2617724 -2.393603 -9.162011 33574 a
 0.0010319749 8.9029473E-4 -8.8230526E-4 33630 g
 2.2563856 -2.3768437 -9.188946 33636 a
 0.0015646071 9.1346425E-5 7.1559136E-4 33707 g
 2.2324433 -2.380435 -9.194333 33709 a
 -3.3289514E-5 6.239786E-4 4.4927528E-4 33757 g
 2.2480059 -2.3678656 -9.194333 33759 a
 -2.9960563E-4 9.1346425E-5 0.0015145397 33826 g
 2.2474072 -2.3678656 -9.209297 33829 a
 -5.659217E-4 -4.4128578E-4 -3.4967304E-4 33890 g
 2.245013 -2.3852234 -9.186552 33895 a
 -8.322378E-4 9.1346425E-5 -0.0011486213 33957 g
 2.249203 -2.3714569 -9.205107 33961 a
 -2.9960563E-4 -0.0015065502 -3.4967304E-4 34023 g
 2.2348375 -2.367267 -9.184756 34026 a
 2.330266E-4 -4.4128578E-4 -0.0019475697 34089 g
 2.24621 -2.369661 -9.177573 34095 a
 -3.3289514E-5 9.1346425E-5 0.0020471718 34153 g
 2.2515972 -2.393603 -9.191938 34156 a
 4.993427E-4 -9.73918E-4 -8.8230526E-4 34219 g
 2.2426188 -2.3870192 -9.218275 34224 a
 6.239786E-4 0.001556085 -0.0012650015 34290 g
 2.2426188 -2.3654714 -9.181165 34294 a
 0.0022218754 -8.4075995E-4 6.657903E-5 34347 g
 2.2599769 -2.3870192 -9.202713 34351 a
 6.239786E-4 4.9082056E-4 -9.986854E-4 34415 g
 2.2402246 -2.3971944 -9.197326 34419 a
 3.5766253E-4 -4.181163E-5 0.0019307918 34491 g
 2.2426188 -2.391209 -9.178771 34496 a
 -7.076019E-4 7.571367E-4 0.002197108 34545 g
 2.2474072 -2.4013844 -9.211691 34548 a
 -0.0012402341 -0.0019060244 6.657903E-5 34607 g
 2.2521956 -2.3714569 -9.1751795 34611 a
 -0.0012402341 -5.7444384E-4 -4.660532E-4 34673 g
 2.2480059 -2.3882163 -9.176376 34677 a
 0.0011566109 4.9082056E-4 -1.9973709E-4 34737 g
 2.2527943 -2.3774424 -9.197326 34741 a
 -7.076019E-4 0.001556085 3.3289514E-4 34803 g
 2.2551885 -2.381632 -9.209297 34809 a
 9.1346425E-5 0.001289769 5.9921126E-4 34867 g
 2.2396262 -2.3888147 -9.193734 34871 a
 0.001689243 -5.7444384E-4 -7.323693E-4 34936 g
 2.2316952 -2.3879168 -9.204209 34940 a
 -0.0012402341 -0.0011070761 -1.9973709E-4 34997 g
 2.2592285 -2.4004865 -9.176077 35001 a
 -4.4128578E-4 -0.0011070761 0.0013981595 35063 g
 2.2478561 -2.370559 -9.168296 35067 a
 0.001422927 -0.0011070761 -0.0015313176 35130 g
 2.2526445 -2.3807342 -9.198822 35134 a
 -7.076019E-4 0.0023550333 -7.323693E-4 35193 g
 2.2526445 -2.3855226 -9.172486 35198 a
 8.9029473E-4 0.0020887172 3.3289514E-4 35258 g
 2.2430677 -2.355595 -9.149741 35261 a
 0.001422927 -0.0019060244 -4.660532E-4 35320 g
 2.2298996 -2.379537 -9.207801 35324 a
 -1.7496968E-4 2.2450447E-4 -1.9973709E-4 35387 g
 2.2370822 -2.3777416 -9.197026 35391 a
 -4.4128578E-4 -0.0019060244 0.0016644757 35457 g
 2.242469 -2.3831284 -9.165303 35460 a
 -4.4128578E-4 2.2450447E-4 6.657903E-5 35518 g
 2.2688055 -2.3950996 -9.180865 35521 a
 0.0030208237 4.9082056E-4 8.6552737E-4 35584 g
 2.2508488 -2.3687632 -9.1952305 35587 a
 -0.0012402341 2.2450447E-4 3.3289514E-4 35648 g
 2.2298996 -2.395698 -9.201815 35651 a
 0.0011566109 -3.0812772E-4 0.0011318434 35714 g
 2.2568343 -2.3609822 -9.204807 35717 a
 -4.4128578E-4 -0.0016397083 0.0016644757 35776 g
 2.2209213 -2.383727 -9.144953 35779 a
 -4.4128578E-4 -8.4075995E-4 -4.660532E-4 35844 g
 2.2406735 -2.3879168 -9.203012 35848 a
 -1.7496968E-4 0.001289769 0.0019307918 35906 g
 2.2460604 -2.3777416 -9.156325 35909 a
 9.1346425E-5 -0.0013733922 -0.0012650015 35971 g
 2.2499511 -2.3789387 -9.205256 35975 a
 -7.076019E-4 -4.181163E-5 5.9921126E-4 36038 g
 2.259528 -2.367566 -9.20406 36041 a
 9.1346425E-5 2.2450447E-4 5.9921126E-4 36105 g
 2.2427685 -2.389114 -9.166351 36108 a
 3.5766253E-4 7.571367E-4 6.657903E-5 36172 g
 2.2230163 -2.4022822 -9.160365 36176 a
 0.0011566109 -8.4075995E-4 0.0024634239 36234 g
 2.2661119 -2.3968952 -9.196877 36237 a
 8.9029473E-4 0.001556085 -4.660532E-4 36298 g
 2.248754 -2.399888 -9.214235 36301 a
 0.00272974 7.9894834E-4 -5.243764E-4 36370 g
 2.2415714 -2.3867197 -9.210644 36376 a
 3.3289514E-4 -7.9894834E-4 -0.002388589 36427 g
 2.223615 -2.3861213 -9.209447 36430 a
 3.3289514E-4 -2.663161E-4 -5.243764E-4 36491 g
 2.2517467 -2.3729532 -9.198074 36516 a
 -1.9973709E-4 -0.0018642128 0.0018724685 36558 g
 2.2457612 -2.395698 -9.192088 36560 a
 6.657903E-5 2.663161E-4 -0.002122273 36624 g
 2.2439656 -2.3879168 -9.160365 36628 a
 -0.0028628982 -0.0018642128 -0.0013233247 36689 g
 2.2625206 -2.3789387 -9.190293 36695 a
 -0.0028628982 -2.663161E-4 -5.243764E-4 36754 g
 2.2361844 -2.3759458 -9.184906 36766 a
 8.6552737E-4 0.002396845 8.255799E-6 36818 g
 2.2625206 -2.3759458 -9.175329 36823 a
 3.3289514E-4 -0.0013315806 0.0021387846 36884 g
 2.2523453 -2.3933039 -9.188498 36888 a
 5.9921126E-4 -0.0029294773 0.0034703652 36948 g
 2.2224178 -2.3855226 -9.196877 36953 a
 6.657903E-5 -0.0034621095 -5.243764E-4 37017 g
 2.241272 -2.4040778 -9.171438 37021 a
 -0.002596582 -0.0010652645 -0.0015896409 37077 g
 2.2496517 -2.3735516 -9.206155 37081 a
 -7.323693E-4 0.0018642128 -0.0053180666 37144 g
 2.2472575 -2.3921068 -9.202563 37148 a
 -0.0012650015 0.0 -0.0013233247 37208 g
 2.2550387 -2.334646 -9.172037 37211 a
 0.002197108 0.0010652645 2.745719E-4 37275 g
 2.2765865 -2.3645735 -9.215732 37279 a
 0.0011318434 -2.663161E-4 0.0021387846 37339 g
 2.2562358 -2.37834 -9.182213 37345 a
 -0.0012650015 -0.002130529 0.0013398363 37404 g
 2.2394764 -2.3992894 -9.210943 37408 a
 3.3289514E-4 -0.0034621095 8.255799E-6 37469 g
 2.2658126 -2.3609822 -9.214534 37473 a
 -0.0012650015 -7.9894834E-4 -0.001855957 37537 g
 2.2436662 -2.3849242 -9.218125 37540 a
 -0.0015313176 0.0 8.072041E-4 37600 g
 2.2580314 -2.3561938 -9.181614 37605 a
 -1.9973709E-4 0.0013315806 -0.001855957 37665 g
 2.2406735 -2.3927054 -9.187001 37668 a
 -1.9973709E-4 0.0015978967 -0.0013233247 37729 g
 2.2406735 -2.3885155 -9.176826 37733 a
 6.657903E-5 5.326322E-4 -7.906925E-4 37795 g
 2.2622213 -2.383727 -9.196578 37798 a
 -9.986854E-4 5.326322E-4 -2.5806032E-4 37858 g
 2.2496517 -2.3861213 -9.209147 37862 a
 0.0013981595 5.326322E-4 0.003204049 37924 g
 2.2370822 -2.389114 -9.20795 37928 a
 -0.0015313176 -5.326322E-4 -2.5806032E-4 37989 g
 2.2370822 -2.383727 -9.206155 37993 a
 -0.0012650015 -0.0018642128 -0.0013233247 38057 g
 2.2225673 -2.367267 -9.180567 38061 a
 -9.986854E-4 -7.9894834E-4 -0.0026549052 38120 g
 2.259079 -2.372654 -9.176376 38123 a
 6.657903E-5 -2.663161E-4 -2.5806032E-4 38186 g
 2.2704513 -2.3983915 -9.209297 38190 a
 0.0037950044 -5.326322E-4 8.072041E-4 38252 g
 2.2447138 -2.4001873 -9.197925 38257 a
 5.9921126E-4 2.663161E-4 -0.0026549052 38316 g
 2.2477064 -2.3983915 -9.196728 38320 a
 8.6552737E-4 -0.002396845 -0.0013233247 38379 g
 2.2405238 -2.3732524 -9.229049 38384 a
 1.6511598E-5 2.57794E-4 -0.0013566143 38453 g
 2.212392 -2.3864205 -9.186552 38456 a
 2.828277E-4 7.904262E-4 -8.2398206E-4 38509 g
 2.256086 -2.3882163 -9.202713 38514 a
 5.491438E-4 2.57794E-4 -2.5033714E-5 38577 g
 2.2381296 -2.3900118 -9.200318 38580 a
 0.0016144082 7.904262E-4 -2.9134983E-4 38639 g
 2.2495022 -2.384625 -9.20391 38644 a
 -5.1612064E-4 -8.522115E-6 -0.0013566143 38705 g
 2.2530935 -2.3948002 -9.208698 38709 a
 -2.4980452E-4 -0.002405367 0.0021054952 38770 g
 2.253692 -2.3900118 -9.214086 38774 a
 -2.4980452E-4 -8.522115E-6 0.0018391791 38836 g
 2.2608745 -2.367267 -9.180567 38839 a
 2.828277E-4 -0.0010737865 -2.9134983E-4 38900 g
 2.2447138 -2.40318 -9.189545 38904 a
 5.491438E-4 -0.0013401026 -5.5766595E-4 38964 g
 2.235137 -2.40318 -9.160215 38967 a
 -2.4980452E-4 -0.0010737865 7.739146E-4 39031 g
 2.2357354 -2.384625 -9.196728 39034 a
 -5.1612064E-4 -8.522115E-6 -0.0018892465 39097 g
 2.245013 -2.4191911 -9.152135 39101 a
 -0.0023803334 7.904262E-4 0.0013065469 39160 g
 2.2390275 -2.373103 -9.217378 39165 a
 -7.8243675E-4 -5.4115435E-4 0.0013065469 39226 g
 2.2515972 -2.382081 -9.192238 39229 a
 0.001081776 5.241101E-4 -0.0016229304 39293 g
 2.258181 -2.3778913 -9.222166 39296 a
 2.828277E-4 2.57794E-4 5.075985E-4 39356 g
 2.2426188 -2.3934536 -9.204807 39359 a
 2.828277E-4 0.0015893745 7.739146E-4 39421 g
 2.2498014 -2.3886652 -9.187449 39425 a
 -0.0018477011 -2.748382E-4 -2.9134983E-4 39486 g
 2.2533927 -2.3772926 -9.192837 39489 a
 5.491438E-4 2.57794E-4 -0.0016229304 39550 g
 2.2480059 -2.3695116 -9.178472 39554 a
 -0.0010487528 -0.0010737865 -2.5033714E-5 39618 g
 2.2420204 -2.3814826 -9.179668 39621 a
 -2.4980452E-4 -2.748382E-4 -2.9134983E-4 39680 g
 2.2414217 -2.3748984 -9.216779 39684 a
 0.0013480921 -2.748382E-4 0.0010402307 39746 g
 2.2545898 -2.3964462 -9.195829 39749 a
 2.828277E-4 2.57794E-4 0.0010402307 39810 g
 2.261174 -2.3910594 -9.188647 39814 a
 8.1545993E-4 2.57794E-4 2.412824E-4 39875 g
 2.2468088 -2.380884 -9.208998 39879 a
 -0.0010487528 -5.4115435E-4 -0.0016229304 39940 g
 2.2504 -2.3916578 -9.197026 39943 a
 -0.0018477011 0.0018556906 7.739146E-4 40008 g
 2.2539914 -2.3910594 -9.207202 40011 a
 5.491438E-4 5.241101E-4 2.412824E-4 40070 g
 2.2396262 -2.4006362 -9.199421 40076 a
 -5.1612064E-4 0.0018556906 -8.2398206E-4 40137 g
 2.2617724 -2.3826797 -9.176077 40140 a
 0.0013480921 -0.0013401026 0.0013065469 40201 g
 2.2354362 -2.3844752 -9.198224 40207 a
 -0.0010487528 5.241101E-4 -2.5033714E-5 40266 g
 2.2354362 -2.3760955 -9.201217 40270 a
 5.491438E-4 5.241101E-4 5.075985E-4 40333 g
 2.2264578 -2.3892636 -9.194633 40336 a
 1.6511598E-5 -0.0016064188 0.0010402307 40420 g
 2.2306478 -2.399439 -9.185654 40434 a
 -5.1612064E-4 -0.002139051 -2.5033714E-5 40465 g
 2.231845 -2.4018333 -9.202414 40466 a
 0.0013896375 0.0013731258 3.9095205E-4 40521 g
 2.2527943 -2.387468 -9.174282 40521 a
 5.805691E-5 0.0029710224 6.5726816E-4 40585 g
 2.267758 -2.3695116 -9.184457 40585 a
 -2.082592E-4 3.0786142E-4 0.0022551648 40652 g
 2.2486043 -2.3886652 -9.204209 40653 a
 0.0011233214 4.1545314E-5 3.9095205E-4 40715 g
 2.2426188 -2.3790884 -9.226954 40716 a
 -2.082592E-4 0.0021720743 -1.4168017E-4 40783 g
 2.245013 -2.363526 -9.176077 40786 a
 8.5700525E-4 0.0011068097 1.2463593E-4 40847 g
 2.255787 -2.3976433 -9.183859 40851 a
 5.805691E-5 -0.0015563513 1.2463593E-4 40915 g
 2.2402246 -2.3760955 -9.201815 40919 a
 -0.0015398398 0.0021720743 3.9095205E-4 40980 g
 2.255787 -2.3910594 -9.185056 40983 a
 5.9068913E-4 5.7417754E-4 -4.0799627E-4 41046 g
 2.2761376 -2.382081 -9.194034 41050 a
 3.2437302E-4 0.0016394419 6.5726816E-4 41111 g
 2.2683566 -2.4197898 -9.188647 41115 a
 0.0032538502 4.1545314E-5 -1.4168017E-4 41179 g
 2.2501006 -2.391209 -9.193884 41182 a
 -0.0012735237 8.4049365E-4 6.5726816E-4 41241 g
 2.2465093 -2.3702598 -9.179519 41244 a
 8.5700525E-4 3.0786142E-4 1.2463593E-4 41306 g
 2.260276 -2.3864205 -9.197475 41310 a
 -0.0010072076 3.0786142E-4 0.0011899003 41371 g
 2.2477064 -2.3786395 -9.209447 41375 a
 0.0019222697 -0.0015563513 3.9095205E-4 41438 g
 2.2405238 -2.3756466 -9.196279 41441 a
 -7.408914E-4 -7.5740303E-4 9.235843E-4 41504 g
 2.256086 -2.4025815 -9.19568 41508 a
 -2.082592E-4 4.1545314E-5 -0.0017395768 41564 g
 2.2369325 -2.3600843 -9.186103 41565 a
 -0.0012735237 -2.2477079E-4 0.0014562164 41631 g
 2.2387283 -2.392406 -9.17114 41635 a
 -0.0010072076 3.0786142E-4 -0.0020058928 41699 g
 2.2524948 -2.4013844 -9.189694 41703 a
 -7.408914E-4 0.0032373385 -1.4168017E-4 41760 g
 2.2387283 -2.40318 -9.195082 41774 a
 0.0011233214 8.4049365E-4 3.9095205E-4 41826 g
 2.2524948 -2.3870192 -9.217228 41830 a
 -4.745753E-4 0.0021720743 -1.4168017E-4 41893 g
 2.2734442 -2.379238 -9.158569 41897 a
 -0.0015398398 0.0013731258 -0.0020058928 41956 g
 2.2405238 -2.3756466 -9.219622 41959 a
 -2.082592E-4 3.0786142E-4 -0.0012069446 42023 g
 2.241721 -2.3750482 -9.207052 42027 a
 -0.0010072076 0.0021720743 -0.002272209 42091 g
 2.2333412 -2.3852234 -9.197475 42096 a
 0.0011233214 5.7417754E-4 -0.0020058928 42159 g
 2.2447138 -2.4037786 -9.196877 42163 a
 0.0013896375 3.0786142E-4 9.235843E-4 42216 g
 2.2653637 -2.4012346 -9.192837 42220 a
 -4.745753E-4 5.7417754E-4 -9.4062847E-4 42280 g
 2.2390275 -2.4036288 -9.19164 42286 a
 -0.0012735237 0.001905758 6.5726816E-4 42347 g
 2.2515972 -2.3958478 -9.192837 42351 a
 -7.408914E-4 0.0011068097 -9.4062847E-4 42416 g
 2.2420204 -2.4120085 -9.225757 42419 a
 0.0013896375 0.0011068097 -0.002272209 42477 g
 2.24621 -2.3892636 -9.213786 42481 a
 3.2437302E-4 0.0021720743 6.5726816E-4 42539 g
 2.268955 -2.3856723 -9.187449 42543 a
 2.9960563E-4 0.0012732573 -0.0012900352 42607 g
 2.231845 -2.3838768 -9.177275 42610 a
 8.322378E-4 -0.0013899037 5.7417754E-4 42669 g
 2.2282536 -2.4006362 -9.19164 42673 a
 -0.001298291 -3.2463935E-4 -2.2477079E-4 42737 g
 2.2258594 -2.4132056 -9.227552 42740 a
 8.322378E-4 -3.2463935E-4 5.7417754E-4 42803 g
 2.267758 -2.4161985 -9.207202 42806 a
 8.322378E-4 -5.9095543E-4 0.0021720743 42867 g
 2.2486043 -2.399439 -9.207202 42870 a
 -7.656588E-4 -3.2463935E-4 -0.0012900352 42932 g
 2.2402246 -2.3832781 -9.185654 42936 a
 8.322378E-4 2.0799288E-4 -0.0010237191 42997 g
 2.2719479 -2.3760955 -9.195829 43001 a
 0.00136487 -5.832323E-5 -7.5740303E-4 43062 g
 2.256984 -2.3934536 -9.197026 43066 a
 8.322378E-4 -3.2463935E-4 0.0016394419 43127 g
 2.2539914 -2.4024317 -9.176077 43130 a
 -2.330266E-4 7.406251E-4 0.0011068097 43192 g
 2.2533927 -2.4006362 -9.217976 43196 a
 8.322378E-4 -3.2463935E-4 -7.5740303E-4 43258 g
 2.2610242 -2.3645735 -9.200917 43262 a
 -4.993427E-4 -5.9095543E-4 3.0786142E-4 43324 g
 2.2436662 -2.4040778 -9.198523 43328 a
 -4.993427E-4 2.0799288E-4 0.0011068097 43387 g
 2.2676082 -2.3867197 -9.203311 43391 a
 2.9960563E-4 -0.0029878004 5.7417754E-4 43455 g
 2.2382793 -2.3992894 -9.201516 43459 a
 0.00136487 -5.832323E-5 8.4049365E-4 43520 g
 2.2298996 -2.3843255 -9.16261 43524 a
 -0.001298291 -8.5727155E-4 0.0011068097 43583 g
 2.2484546 -2.3927054 -9.190144 43587 a
 3.3289514E-5 -0.001922536 3.0786142E-4 43646 g
 2.2406735 -2.3753474 -9.196728 43650 a
 -4.993427E-4 7.406251E-4 -2.2477079E-4 43713 g
 2.2376807 -2.3915083 -9.175778 43717 a
 2.9960563E-4 -5.832323E-5 4.1545314E-5 43777 g
 2.2646155 -2.365172 -9.188348 43781 a
 2.9960563E-4 -0.0016562198 -0.0020889835 43843 g
 2.2382793 -2.4154503 -9.215282 43847 a
 2.9960563E-4 -5.832323E-5 8.4049365E-4 43907 g
 2.2556372 -2.3968952 -9.190144 43911 a
 5.659217E-4 -0.002188852 3.0786142E-4 43973 g
 2.242469 -2.3939025 -9.219472 43977 a
 2.9960563E-4 -8.5727155E-4 -0.0010237191 44038 g
 2.2316952 -2.4016836 -9.202114 44042 a
 8.322378E-4 4.74309E-4 5.7417754E-4 44102 g
 2.2376807 -2.3915083 -9.196129 44106 a
 -2.330266E-4 -0.0016562198 -7.5740303E-4 44168 g
 2.2711997 -2.395698 -9.208099 44171 a
 3.3289514E-5 -8.5727155E-4 -0.0012900352 44236 g
 2.2520459 -2.383727 -9.184756 44240 a
 -4.993427E-4 4.74309E-4 -0.0012900352 44298 g
 2.232144 -2.381632 -9.195082 44301 a
 2.9960563E-4 -0.0011235876 -7.5740303E-4 44363 g
 2.2489035 -2.4007857 -9.182511 44368 a
 -7.656588E-4 -8.5727155E-4 3.0786142E-4 44428 g
 2.236334 -2.4037786 -9.197475 44431 a
 -7.656588E-4 -5.832323E-5 8.4049365E-4 44496 g
 2.2375312 -2.391209 -9.209447 44499 a
 -0.0010319749 -0.0011235876 0.0029710224 44556 g
 2.2423196 -2.4067712 -9.198074 44560 a
 -0.001298291 -8.5727155E-4 5.7417754E-4 44624 g
 2.260276 -2.380435 -9.193884 44627 a
 5.075985E-4 0.0018141454 0.001165133 44695 g
 2.268057 -2.3690627 -9.178322 44698 a
 0.0013065469 -0.0011153319 9.986854E-5 44754 g
 2.235137 -2.4019828 -9.169344 44757 a
 2.412824E-4 -5.006743E-5 -9.653959E-4 44820 g
 2.2261586 -2.3870192 -9.210644 44825 a
 -5.5766595E-4 4.825648E-4 -9.653959E-4 44884 g
 2.2752397 -2.3983915 -9.175928 44887 a
 -0.0010902982 -5.8269966E-4 6.3250074E-4 44948 g
 2.2746413 -2.3774424 -9.188498 44951 a
 2.412824E-4 -0.0011153319 -1.6644757E-4 45011 g
 2.2501006 -2.391209 -9.164556 45015 a
 -2.9134983E-4 -0.0011153319 6.3250074E-4 45078 g
 2.2578819 -2.404377 -9.201067 45081 a
 -2.5033714E-5 0.0028794098 -1.6644757E-4 45145 g
 2.2614732 -2.369661 -9.166949 45148 a
 5.075985E-4 -3.1638352E-4 0.0016977652 45207 g
 2.242918 -2.3983915 -9.201665 45210 a
 -0.0013566143 -0.0011153319 8.9881686E-4 45274 g
 2.2489035 -2.3930047 -9.167548 45277 a
 -5.5766595E-4 -0.0011153319 8.9881686E-4 45337 g
 2.2521956 -2.3876176 -9.194183 45341 a
 -8.2398206E-4 -3.1638352E-4 -0.0012317119 45398 g
 2.2426188 -2.391209 -9.187001 45399 a
 0.0010402307 4.825648E-4 -4.3276369E-4 45469 g
 2.2545898 -2.4013844 -9.191191 45471 a
 0.001572863 0.0012815131 -0.0017643442 45542 g
 2.2348375 -2.405574 -9.1690445 45545 a
 -2.5033714E-5 -0.0016479641 -9.653959E-4 45598 g
 2.24621 -2.404377 -9.212738 45601 a
 7.739146E-4 7.488809E-4 -1.6644757E-4 45661 g
 2.2575827 -2.405574 -9.201964 45672 a
 7.739146E-4 -5.8269966E-4 -0.0020306604 45728 g
 2.2527943 -2.3894134 -9.192388 45732 a
 0.0010402307 -3.1638352E-4 -6.9907977E-4 45793 g
 2.237232 -2.4067712 -9.176227 45797 a
 -8.2398206E-4 0.0012815131 -0.001498028 45862 g
 2.2539914 -2.3900118 -9.185205 45866 a
 2.412824E-4 -0.001381648 6.3250074E-4 45922 g
 2.2599769 -2.3882163 -9.194183 45926 a
 5.075985E-4 7.488809E-4 -9.653959E-4 45988 g
 2.2402246 -2.4067712 -9.169642 45992 a
 -5.5766595E-4 -8.490158E-4 -6.9907977E-4 46056 g
 2.2563856 -2.3588872 -9.215732 46060 a
 -0.0010902982 -5.8269966E-4 6.3250074E-4 46119 g
 2.2312462 -2.393603 -9.188796 46124 a
 0.0018391791 7.488809E-4 3.6618466E-4 46184 g
 2.2593782 -2.373851 -9.155876 46188 a
 2.412824E-4 0.0015478292 -9.653959E-4 46249 g
 2.2432175 -2.3930047 -9.201366 46253 a
 -0.0010902982 0.001015197 -0.0012317119 46314 g
 2.2605753 -2.372654 -9.187001 46318 a
 -8.2398206E-4 -5.8269966E-4 -1.6644757E-4 46382 g
 2.254889 -2.394052 -9.193286 46386 a
 2.412824E-4 7.488809E-4 -4.3276369E-4 46445 g
 2.2566848 -2.3904607 -9.217826 46448 a
 -2.5033714E-5 -5.8269966E-4 -0.0012317119 46509 g
 2.2465093 -2.3713071 -9.198074 46514 a
 -2.9134983E-4 7.488809E-4 -0.0012317119 46595 g
 2.2477064 -2.397045 -9.19149 46599 a
 2.412824E-4 2.1624868E-4 -6.9907977E-4 46639 g
 2.2620716 -2.3946507 -9.189694 46642 a
 -0.0013566143 -5.8269966E-4 -9.653959E-4 46704 g
 2.247108 -2.387468 -9.18311 46707 a
 0.002038916 7.571367E-4 -0.001298291 46775 g
 2.254889 -2.3814826 -9.21244 46787 a
 0.0012399678 0.001556085 -2.330266E-4 46833 g
 2.248305 -2.3952491 -9.214235 46836 a
 -9.161274E-5 2.2450447E-4 0.001098554 46900 g
 2.2614732 -2.3922565 -9.200468 46904 a
 -3.5792886E-4 -0.0011070761 5.659217E-4 46966 g
 2.2578819 -2.3964462 -9.172935 46969 a
 -0.0011568771 0.0018224011 3.3289514E-5 47030 g
 2.248305 -2.3910594 -9.238775 47036 a
 7.073356E-4 0.0010234528 2.9960563E-4 47094 g
 2.2674587 -2.37011 -9.192088 47098 a
 -0.0019558256 -4.181163E-5 5.659217E-4 47159 g
 2.2518964 -2.4066217 -9.160964 47163 a
 0.0015062839 2.2450447E-4 2.9960563E-4 47226 g
 2.2572832 -2.3922565 -9.180118 47230 a
 -0.0011568771 -8.4075995E-4 2.9960563E-4 47292 g
 2.27105 -2.3868694 -9.1873 47295 a
 -0.0011568771 -0.0013733922 -2.330266E-4 47355 g
 2.2357354 -2.3898623 -9.174132 47359 a
 -8.905611E-4 -4.181163E-5 -0.001298291 47423 g
 2.2698529 -2.4000375 -9.203461 47426 a
 -0.0011568771 2.2450447E-4 -0.001298291 47485 g
 2.244115 -2.3796868 -9.169942 47489 a
 9.736517E-4 -3.0812772E-4 -2.330266E-4 47550 g
 2.2501006 -2.3946507 -9.19568 47553 a
 1.7470337E-4 0.0010234528 -4.993427E-4 47617 g
 2.224363 -2.4042275 -9.205855 47620 a
 7.073356E-4 0.0034202978 -2.330266E-4 47679 g
 2.2542906 -2.3856723 -9.214235 47683 a
 -0.0011568771 0.001289769 0.0021638183 47744 g
 2.2345383 -2.3934536 -9.200468 47748 a
 -6.24245E-4 2.2450447E-4 -7.656588E-4 47810 g
 2.2411225 -2.3856723 -9.203461 47813 a
 1.7470337E-4 -3.0812772E-4 0.001098554 47876 g
 2.2082021 -2.3856723 -9.206453 47879 a
 1.7470337E-4 4.9082056E-4 -2.330266E-4 47944 g
 2.2650645 -2.398242 -9.179519 47947 a
 9.736517E-4 -5.7444384E-4 8.322378E-4 48006 g
 2.253692 -2.4018333 -9.200468 48010 a
 -3.5792886E-4 7.571367E-4 -2.330266E-4 48070 g
 2.2333412 -2.406023 -9.193884 48074 a
 -6.24245E-4 0.0010234528 3.3289514E-5 48135 g
 2.2578819 -2.386271 -9.177125 48139 a
 -8.905611E-4 -3.0812772E-4 0.0018975022 48200 g
 2.2638674 -2.4072201 -9.17473 48205 a
 7.073356E-4 7.571367E-4 5.659217E-4 48265 g
 2.2614732 -2.3976433 -9.198074 48269 a
 7.073356E-4 -0.0029712887 -0.001298291 48330 g
 2.2506993 -2.3910594 -9.205855 48334 a
 7.073356E-4 -0.0013733922 3.3289514E-5 48396 g
 2.2453122 -2.397045 -9.190293 48399 a
 -9.161274E-5 -4.181163E-5 3.3289514E-5 48463 g
 2.2515972 -2.391209 -9.198523 48467 a
 -8.905611E-4 0.0010234528 0.0016311861 48526 g
 2.2665608 -2.3888147 -9.19553 48529 a
 4.4101948E-4 4.9082056E-4 5.659217E-4 48590 g
 2.268955 -2.3810337 -9.212888 48593 a
 1.7470337E-4 -0.0011070761 -0.0015646071 48657 g
 2.2533927 -2.3864205 -9.165004 48660 a
 -8.905611E-4 2.2450447E-4 2.9960563E-4 48720 g
 2.245013 -2.3852234 -9.175778 48723 a
 0.0023052322 -3.0812772E-4 0.0021638183 48786 g
 2.2641666 -2.3888147 -9.188946 48789 a
 -3.3289514E-5 -4.5779737E-4 -0.0011984225 48851 g
 2.2402246 -2.3894134 -9.188348 48859 a
 -3.3289514E-5 -0.0017893779 0.0014647386 48916 g
 2.24621 -2.396596 -9.214684 48919 a
 -5.659217E-4 -0.0017893779 -6.657903E-4 48984 g
 2.2563856 -2.3900118 -9.202713 48987 a
 2.330266E-4 -0.0015230618 -9.321064E-4 49047 g
 2.2629695 -2.397793 -9.173983 49050 a
 -0.001098554 7.4834825E-5 0.0014647386 49110 g
 2.249203 -2.372654 -9.179968 49115 a
 0.0010319749 -0.0012567457 6.657903E-4 49176 g
 2.2605753 -2.3894134 -9.197925 49180 a
 2.330266E-4 -4.5779737E-4 -3.9947417E-4 49240 g
 2.2396262 -2.3942018 -9.225458 49245 a
 -3.3289514E-5 3.4115094E-4 -3.9947417E-4 49306 g
 2.2617724 -2.3942018 -9.1829605 49310 a
 -8.322378E-4 -1.9148127E-4 -0.0017310547 49371 g
 2.2390275 -2.3834279 -9.216479 49376 a
 0.0015646071 -0.0012567457 3.9947417E-4 49436 g
 2.2426188 -2.3918076 -9.223662 49440 a
 -8.322378E-4 3.4115094E-4 -1.3315806E-4 49503 g
 2.2526445 -2.3873184 -9.222016 49507 a
 4.993427E-4 -4.5779737E-4 -6.657903E-4 49565 g
 2.2628198 -2.3968952 -9.208848 49569 a
 -5.659217E-4 8.7378314E-4 9.321064E-4 49630 g
 2.2604256 -2.3915083 -9.161562 49633 a
 -5.659217E-4 6.07467E-4 6.657903E-4 49698 g
 2.2658126 -2.3843255 -9.186702 49701 a
 -3.3289514E-5 3.4115094E-4 -1.3315806E-4 49760 g
 2.2448633 -2.3992894 -9.19568 49766 a
 -2.9960563E-4 -7.241135E-4 6.657903E-4 49825 g
 2.2478561 -2.37834 -9.206453 49829 a
 -0.001098554 -7.241135E-4 -1.3315806E-4 49891 g
 2.2556372 -2.4028807 -9.188498 49895 a
 0.0010319749 -7.241135E-4 -3.9947417E-4 49956 g
 2.2442648 -2.3879168 -9.2130375 49960 a
 7.656588E-4 3.4115094E-4 0.0011984225 50025 g
 2.2520459 -2.3962967 -9.18311 50028 a
 -8.322378E-4 0.0016727315 0.002530003 50086 g
 2.25444 -2.38253 -9.225009 50089 a
 -8.322378E-4 0.0011400993 -0.0011984225 50151 g
 2.2484546 -2.370559 -9.215432 50155 a
 -5.659217E-4 7.4834825E-5 3.9947417E-4 50217 g
 2.2658126 -2.3747487 -9.198672 50220 a
 -3.3289514E-5 -9.904295E-4 -9.321064E-4 50281 g
 2.2406735 -2.4040778 -9.18311 50287 a
 -2.9960563E-4 0.0011400993 -9.321064E-4 50347 g
 2.2562358 -2.3789387 -9.187899 50351 a
 -8.322378E-4 0.0014064154 -0.0019973707 50411 g
 2.2723968 -2.3879168 -9.206453 50415 a
 7.656588E-4 -1.9148127E-4 -3.9947417E-4 50476 g
 2.2358851 -2.4016836 -9.18311 50480 a
 -2.9960563E-4 -1.9148127E-4 -6.657903E-4 50546 g
 2.259079 -2.3900118 -9.217976 50549 a
 -0.001098554 -4.5779737E-4 0.002796319 50606 g
 2.260276 -2.3906105 -9.201815 50610 a
 -3.3289514E-5 0.0011400993 1.3315806E-4 50674 g
 2.2524948 -2.372654 -9.189844 50677 a
 -0.001098554 -4.5779737E-4 3.9947417E-4 50737 g
 2.2333412 -2.381632 -9.153931 50741 a
 -5.659217E-4 6.07467E-4 3.9947417E-4 50801 g
 2.2626703 -2.4013844 -9.200618 50805 a
 0.0015646071 3.4115094E-4 6.657903E-4 50866 g
 2.2255602 -2.3959973 -9.216779 50870 a
 0.0016644757 -0.0011318434 -0.002546781 50940 g
 2.2674587 -2.3906105 -9.219771 50943 a
 -1.9973709E-4 4.660532E-4 6.4901233E-4 50996 g
 2.242918 -2.396596 -9.228151 51000 a
 5.9921126E-4 -6.657903E-5 1.16380135E-4 51061 g
 2.2501006 -2.3882163 -9.197026 51065 a
 -7.323693E-4 -5.9921126E-4 9.1532845E-4 51127 g
 2.2770355 -2.40318 -9.207202 51130 a
 -1.9973709E-4 -0.0011318434 0.0011816446 51192 g
 2.2303486 -2.40318 -9.180865 51197 a
 -4.660532E-4 -0.0016644757 -1.4993596E-4 51256 g
 2.2674587 -2.4013844 -9.173084 51260 a
 0.0013981595 9.986854E-4 0.0014479606 51321 g
 2.2327428 -2.368464 -9.174282 51326 a
 6.657903E-5 -0.0016644757 -6.825682E-4 51386 g
 2.2399254 -2.3894134 -9.207202 51390 a
 -4.660532E-4 0.0031292143 -0.0012152004 51450 g
 2.2554877 -2.367267 -9.188048 51454 a
 0.002996056 1.9973709E-4 -0.0012152004 51516 g
 2.259079 -2.3654714 -9.203012 51520 a
 -7.323693E-4 9.986854E-4 3.8269625E-4 51587 g
 2.2614732 -2.3989902 -9.22037 51590 a
 0.002197108 4.660532E-4 9.1532845E-4 51645 g
 2.2465093 -2.4103625 -9.188048 51650 a
 3.3289514E-4 -8.6552737E-4 6.4901233E-4 51712 g
 2.2638674 -2.3995886 -9.205406 51715 a
 0.0016644757 -3.3289514E-4 -1.4993596E-4 51776 g
 2.254889 -2.4253263 -9.228151 51789 a
 6.657903E-5 0.0031292143 3.8269625E-4 51841 g
 2.2512977 -2.409764 -9.158121 51845 a
 -0.0017976337 1.9973709E-4 3.8269625E-4 51907 g
 2.2393267 -2.3959973 -9.218575 51912 a
 8.6552737E-4 -0.0013981595 -1.4993596E-4 51971 g
 2.260276 -2.409764 -9.188647 51974 a
 0.0019307918 -3.3289514E-4 1.16380135E-4 52039 g
 2.2453122 -2.3828292 -9.226356 52042 a
 -1.9973709E-4 -6.657903E-5 0.0011816446 52105 g
 2.2285528 -2.4073699 -9.1665 52108 a
 8.6552737E-4 4.660532E-4 -0.0022804649 52165 g
 2.2518964 -2.3995886 -9.21618 52170 a
 0.0013981595 1.9973709E-4 -0.0012152004 52232 g
 2.254889 -2.3762453 -9.215582 52238 a
 6.657903E-5 -5.9921126E-4 -1.4993596E-4 52296 g
 2.2530935 -2.3774424 -9.208399 52300 a
 6.657903E-5 -0.0011318434 1.16380135E-4 52363 g
 2.2345383 -2.4115596 -9.197625 52367 a
 5.9921126E-4 -6.657903E-5 -9.488843E-4 52426 g
 2.2530935 -2.379238 -9.194633 52431 a
 0.0013981595 -0.0016644757 3.8269625E-4 52493 g
 2.2572832 -2.379238 -9.165902 52496 a
 0.0011318434 4.660532E-4 6.4901233E-4 52557 g
 2.2405238 -2.3900118 -9.191041 52561 a
 -1.9973709E-4 -0.0024634239 1.16380135E-4 52626 g
 2.2474072 -2.3840263 -9.1890955 52629 a
 5.9921126E-4 -5.9921126E-4 -0.0020141487 52687 g
 2.2539914 -2.3948002 -9.201665 52691 a
 -0.0017976337 9.986854E-4 0.0011816446 52753 g
 2.2605753 -2.380435 -9.220221 52757 a
 -7.323693E-4 0.0015313176 -9.488843E-4 52820 g
 2.245013 -2.385822 -9.192088 52823 a
 5.9921126E-4 -3.3289514E-4 -0.0012152004 52883 g
 2.2468088 -2.393603 -9.222016 52887 a
 3.3289514E-4 4.660532E-4 -9.488843E-4 52948 g
 2.2521956 -2.3900118 -9.184307 52952 a
 -0.0010737865 4.9082056E-4 -6.657903E-5 53021 g
 2.245013 -2.3971944 -9.207651 53025 a
 0.0013230584 -0.0011070761 4.660532E-4 53077 g
 2.2737434 -2.384625 -9.164556 53085 a
 -2.748382E-4 0.0010234528 4.660532E-4 53146 g
 2.2480059 -2.3942018 -9.223213 53149 a
 2.57794E-4 -0.0013733922 1.9973709E-4 53207 g
 2.2444146 -2.3463178 -9.211242 53211 a
 -2.748382E-4 7.571367E-4 4.660532E-4 53274 g
 2.2468088 -2.3798366 -9.192687 53277 a
 -2.748382E-4 -0.0013733922 1.9973709E-4 53336 g
 2.2408233 -2.3708582 -9.202264 53340 a
 -0.0010737865 -8.4075995E-4 7.323693E-4 53403 g
 2.2545898 -2.4013844 -9.190293 53407 a
 0.0015893745 0.0020887172 0.0015313176 53467 g
 2.233042 -2.4067712 -9.19568 53471 a
 5.241101E-4 -4.181163E-5 7.323693E-4 53533 g
 2.2683566 -2.3989902 -9.200468 53537 a
 -5.4115435E-4 -5.7444384E-4 0.0017976337 53598 g
 2.2635682 -2.3983915 -9.182511 53601 a
 -2.748382E-4 2.2450447E-4 1.9973709E-4 53666 g
 2.2502503 -2.3909097 -9.201815 53670 a
 0.0015893745 -3.0812772E-4 0.0015313176 53728 g
 2.2508488 -2.3909097 -9.202414 53731 a
 -8.522115E-6 -4.181163E-5 -8.6552737E-4 53794 g
 2.2478561 -2.398691 -9.198224 53799 a
 0.0013230584 -0.0011070761 0.0012650015 53858 g
 2.2670097 -2.3867197 -9.185654 53862 a
 0.0010567423 -5.7444384E-4 1.9973709E-4 53925 g
 2.2580314 -2.3861213 -9.195829 53928 a
 0.0010567423 7.571367E-4 7.323693E-4 53988 g
 2.2406735 -2.3927054 -9.193436 53991 a
 -0.0010737865 0.0023550333 0.0033955304 54055 g
 2.2406735 -2.4094648 -9.199421 54059 a
 2.57794E-4 0.001556085 -5.9921126E-4 54119 g
 2.2406735 -2.3921068 -9.187449 54123 a
 -0.0010737865 -5.7444384E-4 0.0015313176 54185 g
 2.2526445 -2.3921068 -9.208399 54189 a
 -8.522115E-6 4.9082056E-4 -0.002197108 54249 g
 2.2556372 -2.3974938 -9.212589 54253 a
 0.0015893745 2.2450447E-4 0.0012650015 54314 g
 2.2364836 -2.3855226 -9.167099 54317 a
 -0.0010737865 -4.181163E-5 7.323693E-4 54377 g
 2.25444 -2.3980923 -9.198224 54381 a
 -8.074704E-4 -4.181163E-5 -5.9921126E-4 54444 g
 2.2550387 -2.3855226 -9.190442 54447 a
 2.57794E-4 4.9082056E-4 9.986854E-4 54507 g
 2.2622213 -2.3939025 -9.191041 54510 a
 -5.4115435E-4 -0.0021723404 -0.0016644757 54573 g
 2.233491 -2.38253 -9.213187 54577 a
 -0.0013401026 4.9082056E-4 7.323693E-4 54638 g
 2.2616227 -2.3962967 -9.213786 54645 a
 2.57794E-4 -3.0812772E-4 9.986854E-4 54705 g
 2.2435167 -2.3852234 -9.206753 54708 a
 5.241101E-4 -5.7444384E-4 0.0017976337 54768 g
 2.2435167 -2.4019828 -9.192388 54771 a
 -0.0010737865 7.571367E-4 -0.0011318434 54835 g
 2.268057 -2.3906105 -9.212738 54839 a
 -0.0026716832 -0.0016397083 -0.0011318434 54898 g
 2.247108 -2.3852234 -9.203161 54902 a
 -0.0010737865 0.0018224011 -5.9921126E-4 54964 g
 2.2506993 -2.3876176 -9.206753 54969 a
 0.0018556906 0.0010234528 -8.6552737E-4 55028 g
 2.2213702 -2.4073699 -9.1690445 55031 a
 -8.522115E-6 9.48618E-4 -0.0012234562 55101 g
 2.2584803 -2.4127567 -9.187001 55105 a
 0.0013230584 -0.0017145431 -0.0014897723 55157 g
 2.2387283 -2.3798366 -9.197176 55161 a
 5.241101E-4 4.1598576E-4 -0.0014897723 55225 g
 2.2225673 -2.4013844 -9.213936 55228 a
 7.904262E-4 -9.1559475E-4 -0.0012234562 55288 g
 2.265663 -2.3882163 -9.206155 55291 a
 -8.074704E-4 -0.001448227 0.0011733888 55356 g
 2.2273557 -2.4049757 -9.204957 55359 a
 2.57794E-4 -6.492787E-4 -4.245079E-4 55419 g
 2.2285528 -2.3995886 -9.206155 55423 a
 -8.522115E-6 1.4966965E-4 3.7444045E-4 55484 g
 2.2303486 -2.3762453 -9.219921 55488 a
 -5.4115435E-4 -6.492787E-4 -0.0012234562 55549 g
 2.242918 -2.379238 -9.181614 55552 a
 -8.522115E-6 1.4966965E-4 1.0812434E-4 55614 g
 2.2495022 -2.3948002 -9.193584 55618 a
 -8.522115E-6 4.1598576E-4 -0.0012234562 55679 g
 2.2357354 -2.392406 -9.2169285 55683 a
 -0.002139051 1.4966965E-4 6.4075657E-4 55746 g
 2.2369325 -2.3989902 -9.226505 55750 a
 -8.074704E-4 -6.492787E-4 1.0812434E-4 55809 g
 2.2207718 -2.3983915 -9.173234 55814 a
 -8.074704E-4 4.1598576E-4 -4.245079E-4 55875 g
 2.2620716 -2.409764 -9.184607 55878 a
 -5.4115435E-4 -0.001448227 3.7444045E-4 55943 g
 2.2512977 -2.3786395 -9.189994 55947 a
 -8.522115E-6 0.001214934 -0.0012234562 56006 g
 2.2518964 -2.3906105 -9.192388 56009 a
 7.904262E-4 -0.0017145431 6.4075657E-4 56070 g
 2.2327428 -2.3900118 -9.191191 56075 a
 -5.4115435E-4 -0.001980859 0.0011733888 56135 g
 2.2477064 -2.3900118 -9.210344 56138 a
 -0.0013401026 0.0014812502 -9.571401E-4 56200 g
 2.2225673 -2.3894134 -9.18341 56205 a
 -5.4115435E-4 -0.001448227 0.001972337 56267 g
 2.2285528 -2.4121583 -9.208549 56270 a
 2.57794E-4 9.48618E-4 -4.245079E-4 56330 g
 2.2213702 -2.3870192 -9.164854 56333 a
 0.0018556906 -9.1559475E-4 -9.571401E-4 56394 g
 2.2578819 -2.392406 -9.163059 56398 a
 -8.522115E-6 0.0014812502 -6.90824E-4 56459 g
 2.2375312 -2.3888147 -9.211541 56463 a
 -2.748382E-4 0.0020138824 -4.245079E-4 56524 g
 2.247108 -2.3660698 -9.218724 56528 a
 -0.0016064188 9.48618E-4 3.7444045E-4 56590 g
 2.2381296 -2.4013844 -9.175629 56593 a
 7.904262E-4 -3.8296255E-4 1.0812434E-4 56689 g
 2.248305 -2.384625 -9.20376 56694 a
 -5.4115435E-4 0.0014812502 3.7444045E-4 56719 g
 2.2435167 -2.3732524 -9.196578 56721 a
 5.241101E-4 0.001214934 -1.5819176E-4 56786 g
 2.2495022 -2.381632 -9.161861 56798 a
 -0.0010737865 1.4966965E-4 1.0812434E-4 56849 g
 2.2512977 -2.3876176 -9.215732 56854 a
 0.0010567423 -9.1559475E-4 -6.90824E-4 56915 g
 2.2477064 -2.3930047 -9.1929865 56918 a
 -0.0018727349 -9.1559475E-4 -6.90824E-4 56983 g
 2.2279544 -2.4019828 -9.19538 56987 a
 -0.0013401026 1.4966965E-4 -0.0012234562 57046 g
 2.2405238 -2.3918076 -9.194183 57050 a
 7.904262E-4 6.823019E-4 -6.90824E-4 57109 g
 2.2315457 -2.3768437 -9.164256 57118 a
 1.7470337E-4 2.1624868E-4 8.7378314E-4 57182 g
 2.2524948 -2.4121583 -9.211541 57186 a
 1.7470337E-4 0.001015197 0.0011400993 57239 g
 2.2333412 -2.3750482 -9.225906 57244 a
 -3.5792886E-4 -3.1638352E-4 0.0032706282 57307 g
 2.2387283 -2.4079683 -9.176227 57311 a
 -6.24245E-4 2.1624868E-4 -9.904295E-4 57370 g
 2.2495022 -2.392406 -9.191191 57374 a
 -3.5792886E-4 -8.490158E-4 6.07467E-4 57435 g
 2.248305 -2.4001873 -9.195979 57438 a
 -8.905611E-4 -5.006743E-5 -4.5779737E-4 57500 g
 2.254889 -2.385822 -9.215732 57504 a
 -8.905611E-4 -8.490158E-4 0.0022053637 57567 g
 2.2465093 -2.3888147 -9.179818 57570 a
 9.736517E-4 -0.0011153319 6.07467E-4 57630 g
 2.2327428 -2.3870192 -9.201964 57635 a
 0.0017726 2.1624868E-4 0.0016727315 57694 g
 2.2584803 -2.397793 -9.186402 57698 a
 -9.161274E-5 4.825648E-4 -0.002055694 57760 g
 2.254889 -2.4103625 -9.222315 57764 a
 0.0012399678 -0.0016479641 -1.9148127E-4 57828 g
 2.2435167 -2.3971944 -9.223513 57831 a
 -6.24245E-4 -3.1638352E-4 3.4115094E-4 57890 g
 2.244115 -2.3989902 -9.19179 57894 a
 -9.161274E-5 -5.006743E-5 -4.5779737E-4 57956 g
 2.2393267 -2.393603 -9.202563 57959 a
 -0.0011568771 -5.006743E-5 7.4834825E-5 58024 g
 2.2333412 -2.385822 -9.196578 58028 a
 0.0015062839 7.488809E-4 6.07467E-4 58086 g
 2.2399254 -2.3876176 -9.209745 58089 a
 -0.0014231933 4.825648E-4 3.4115094E-4 58150 g
 2.2506993 -2.391209 -9.239674 58154 a
 -0.0019558256 -0.0016479641 7.4834825E-5 58216 g
 2.2465093 -2.36188 -9.221118 58219 a
 -0.0011568771 -0.0019142802 6.07467E-4 58281 g
 2.2465093 -2.381632 -9.2007675 58284 a
 7.073356E-4 -5.8269966E-4 3.4115094E-4 58347 g
 2.2530935 -2.3971944 -9.192388 58351 a
 9.736517E-4 0.0018141454 0.0014064154 58410 g
 2.2506993 -2.3900118 -9.208549 58413 a
 -3.5792886E-4 -3.1638352E-4 7.4834825E-5 58477 g
 2.2518964 -2.420538 -9.171438 58481 a
 -0.0027547737 4.825648E-4 -4.5779737E-4 58540 g
 2.245911 -2.3798366 -9.234885 58546 a
 0.0015062839 -5.006743E-5 7.4834825E-5 58607 g
 2.2381296 -2.3876176 -9.215133 58611 a
 1.7470337E-4 0.0020804615 -1.9148127E-4 58670 g
 2.2291515 -2.3888147 -9.184008 58675 a
 -3.5792886E-4 0.003145726 -7.241135E-4 58738 g
 2.2327428 -2.3894134 -9.199571 58742 a
 9.736517E-4 2.1624868E-4 0.0014064154 58801 g
 2.242918 -2.3828292 -9.184008 58805 a
 1.7470337E-4 -3.1638352E-4 6.07467E-4 58869 g
 2.2369325 -2.3834279 -9.202563 58872 a
 4.4101948E-4 -5.006743E-5 3.4115094E-4 58930 g
 2.2572832 -2.3810337 -9.199571 58935 a
 -8.905611E-4 -5.8269966E-4 7.4834825E-5 58996 g
 2.2495022 -2.4127567 -9.202563 59000 a
 -9.161274E-5 -8.490158E-4 -1.9148127E-4 59064 g
 2.2435167 -2.397793 -9.185205 59067 a
 0.0012399678 -5.8269966E-4 -1.9148127E-4 59126 g
 2.244115 -2.4109612 -9.185803 59129 a
 -0.0011568771 0.0018141454 0.0019390476 59191 g
 2.2387283 -2.4019828 -9.200169 59194 a
 -7.5740303E-4 0.0017393104 -8.1572623E-4 59261 g
 2.232144 -2.3959973 -9.202563 59265 a
 5.7417754E-4 -0.0011901667 -0.0010820423 59319 g
 2.254889 -2.392406 -9.203161 59324 a
 3.0786142E-4 -9.238506E-4 0.0013148027 59387 g
 2.2405238 -2.3678656 -9.190592 59391 a
 0.0013731258 1.4141385E-4 -8.1572623E-4 59452 g
 2.2542906 -2.4019828 -9.189994 59457 a
 8.4049365E-4 -3.9121837E-4 -2.8309404E-4 59516 g
 2.23394 -2.385822 -9.2169285 59520 a
 -2.2477079E-4 4.0772997E-4 -1.6777914E-5 59581 g
 2.2495022 -2.3971944 -9.231294 59585 a
 5.7417754E-4 6.7404605E-4 -0.0010820423 59647 g
 2.2477064 -2.3906105 -9.198972 59650 a
 8.4049365E-4 -0.0014564828 -1.6777914E-5 59710 g
 2.212392 -2.3983915 -9.225308 59714 a
 0.0011068097 0.0014729943 2.495382E-4 59776 g
 2.2369325 -2.372654 -9.200169 59779 a
 -0.0015563513 4.0772997E-4 -8.1572623E-4 59842 g
 2.244115 -2.372654 -9.1929865 59846 a
 -7.5740303E-4 -1.2490226E-4 -0.0016146746 59908 g
 2.2524948 -2.3798366 -9.204359 59913 a
 0.0011068097 1.4141385E-4 -5.494101E-4 59971 g
 2.2435167 -2.3852234 -9.221118 59975 a
 -4.910869E-4 -9.238506E-4 -2.8309404E-4 60193 g
