 -0.24146561 0.6918892 -0.25498116 3 g
 8.435521 5.6844335 -2.3198318 5 a
 0.30741188 0.56618804 0.06379922 99 g
 10.049212 5.1780596 -2.4018333 101 a
 -0.11736231 0.66871977 0.3343764 304 g
 9.815778 6.0758853 -4.1795278 312 a
 -0.26170564 -0.32197618 0.02678128 504 g
 8.2098675 3.7582982 -2.510171 509 a
 -0.41803318 0.27750137 1.120009 703 g
 6.543503 6.411672 -1.9158102 715 a
 -0.40258688 -0.38322887 0.10001821 907 g
 -0.011821371 0.7080852 -8.72492 913 a
 -1.7165905 0.35100463 -4.2265534 1106 g
 2.2267573 9.260772 -4.9259205 1110 a
 0.04748736 1.3499564 0.90109706 1309 g
 2.806154 7.6488757 -3.925144 1312 a
 -1.4438828 -1.4303838 1.1738048 1507 g
 5.7091236 6.634333 -1.8224365 1510 a
 -3.437259 -1.2511531 -1.484829 1706 g
 2.533215 19.817406 -8.511836 1710 a
 3.3367577 -0.9771138 0.62652516 1903 g
 1.9412487 7.6644382 -3.857508 1910 a
 -0.15624446 -1.5118766 0.24675839 2108 g
 -1.6207249 7.307702 -7.125593 2111 a
 0.16866119 1.3486247 0.8747318 2306 g
 1.6270097 7.714118 -0.25004444 2310 a
 -0.27821723 -0.75580513 -0.33061492 2509 g
 1.2463316 8.255207 0.69925654 2513 a
 -0.33973625 -1.1262509 -0.10397993 2706 g
 1.4701895 8.762778 -0.37155017 2710 a
 -0.9884823 -1.8221349 0.17911409 2909 g
 1.8149545 7.1993647 -1.0688614 2913 a
 1.258693 0.551807 0.21932782 3110 g
 3.796755 5.9597664 -4.8672624 3114 a
 3.1173131 1.9142802 0.39110172 3306 g
 4.4042835 1.5286977 -9.698163 3310 a
 2.7165074 -0.18322548 1.3495734 3506 g
 3.304148 0.5734113 -8.5681 3509 a
 -0.21616559 0.057790596 -0.081609376 3710 g
 4.0086417 0.39923313 -9.058911 3713 a
 0.098087415 0.3187804 -0.003845072 3909 g
 4.051139 -0.54767364 -9.111584 3913 a
 0.25894234 -0.080960095 -0.23367587 4107 g
 3.4029088 -0.019153614 -9.33185 4111 a
 0.040030506 -0.11638014 0.010003366 4319 g
 3.3622074 -0.18016368 -9.119365 4324 a
 -0.010569554 -0.043942157 0.013465475 4505 g
 3.2365117 -0.15981296 -9.201964 4509 a
 0.013665212 -0.11691277 0.024917068 4709 g
 3.1497219 -0.17298107 -9.153482 4712 a
 -0.012700083 -0.0231695 0.021188643 4913 g
 3.172467 -0.15023616 -9.160066 4919 a
 -0.010569554 0.008522116 0.022253906 5111 g
 3.2155626 -0.12509704 -9.155876 5115 a
 -0.003911651 -0.0018642128 0.027047597 5309 g
 3.2221465 -0.1448492 -9.171438 5313 a
 0.007806258 -0.037816886 0.028911809 5511 g
 3.1958103 -0.19812019 -9.139715 5514 a
 -0.008439025 -2.663161E-4 0.027313912 5709 g
 3.1772554 -0.16340427 -9.134927 5713 a
 6.1572285E-4 -0.03834952 0.02465075 5921 g
 3.1024365 -0.20290859 -9.204359 5925 a
 -0.0076400763 -0.012250541 0.026514964 6115 g
 3.0575452 -0.21428105 -9.2007675 6119 a
 -7.158577E-4 -0.03542004 0.025716016 6310 g
 2.995296 -0.20709845 -9.279777 6313 a
 -9.821738E-4 -0.042077944 0.02678128 6510 g
 2.9162874 -0.2112883 -9.142708 6513 a
 0.0016809873 -0.05725796 0.031042337 6713 g
 2.807351 -0.2208651 -9.19179 6716 a
 3.4940674E-4 -0.04660532 0.031308655 6910 g
 2.8043585 -0.26396075 -9.181614 6914 a
 -0.005775864 -0.02263687 0.03237392 7113 g
 2.7373207 -0.25498247 -9.188796 7117 a
 -0.0103032375 -0.020240024 0.03290655 7312 g
 2.7433062 -0.2837129 -9.188796 7316 a
 -0.011368502 -0.004261058 0.032107603 7510 g
 2.7295396 -0.27473465 -9.212738 7513 a
 -0.011102186 -0.007190535 0.03237392 7710 g
 2.7121816 -0.24779987 -9.178022 7714 a
 -0.01216745 0.0061252704 0.035569713 7912 g
 2.752883 -0.28431144 -9.22052 7916 a
 -0.008971657 0.002396845 0.035037078 8113 g
 2.7445033 -0.27593175 -9.180417 8117 a
 -0.01216745 -2.663161E-4 0.031841286 8313 g
 2.7612627 -0.2741361 -9.236681 8316 a
 -0.009770606 0.0018642128 0.031574972 8513 g
 2.7744308 -0.2693477 -9.213936 8516 a
 -0.012433766 0.0066579026 0.031574972 8711 g
 2.7804163 -0.28491 -9.267805 8715 a
 -0.01083587 -0.00479369 0.031841286 8911 g
 2.7642555 -0.27234045 -9.24925 8915 a
 -0.014564295 -0.0045273737 0.03024339 9116 g
 2.7792192 -0.2717419 -9.228899 9121 a
 -0.008705341 -0.01091896 0.032107603 9311 g
 2.7588685 -0.2789245 -9.248053 9315 a
 -0.009237973 -0.008788432 0.031308655 9511 g
 2.757073 -0.2837129 -9.20795 9514 a
 -0.0132327145 -0.00479369 0.032107603 9713 g
 2.7786207 -0.28670564 -9.233089 9717 a
 -0.01216745 -0.008522116 0.030776022 9912 g
 2.7379193 -0.24241292 -9.210943 9915 a
 -0.008971657 -0.020506341 0.032640234 10114 g
 2.722357 -0.24660277 -9.24087 10122 a
 -0.0103032375 -0.014913702 0.0337055 10313 g
 2.7265468 -0.26156655 -9.198972 10321 a
 -0.008705341 -0.0018642128 0.03290655 10512 g
 2.7127802 -0.29568392 -9.208549 10516 a
 -0.011901135 0.007723167 0.03343918 10713 g
 2.703353 -0.31603462 -9.248202 10716 a
 -0.011901135 0.0061252704 0.031308655 10913 g
 2.7260978 -0.30945057 -9.2787285 10916 a
 -0.01216745 0.005592638 0.030776022 11115 g
 2.7470472 -0.31423897 -9.247005 11119 a
 -0.011634818 0.0015978967 0.03343918 11308 g
 2.7644053 -0.30526072 -9.242217 11312 a
 -0.01083587 -0.002396845 0.031308655 11508 g
 2.7811646 -0.28670564 -9.244013 11512 a
 -0.011634818 -0.002130529 0.031574972 11709 g
 2.7691936 -0.29747957 -9.201516 11712 a
 -0.012433766 -0.002396845 0.029977074 11909 g
 2.7691936 -0.29508537 -9.291897 11912 a
 -0.0132327145 -0.0029294773 0.031841286 12110 g
 2.7656024 -0.30705637 -9.203311 12114 a
 -0.01696114 0.02263687 0.03317287 12309 g
 2.7572224 -0.31004912 -9.218874 12313 a
 -0.013765347 -0.00958738 0.0337055 12509 g
 2.7494414 -0.30166942 -9.209895 12513 a
 -0.01216745 -0.017576864 0.032640234 12710 g
 2.7249007 -0.30885202 -9.252991 12713 a
 -0.011368502 -0.0058589545 0.03237392 12909 g
 2.7117326 -0.31004912 -9.219472 12913 a
 -0.011368502 -0.007723167 0.031574972 13110 g
 2.7177181 -0.32321724 -9.226655 13114 a
 -0.009504289 -2.663161E-4 0.03237392 13310 g
 2.7243023 -0.31483752 -9.22426 13314 a
 -0.0103032375 -5.326322E-4 0.03290655 13513 g
 2.7506385 -0.28311434 -9.26556 13516 a
 -0.012433766 -0.0018642128 0.032107603 13710 g
 2.7356746 -0.31543607 -9.244013 13713 a
 -0.011368502 -0.0026631611 0.031841286 13911 g
 2.7400143 -0.27757776 -9.256133 13914 a
 -0.01216745 -0.0015978967 0.031308655 14111 g
 2.7370214 -0.2889502 -9.262119 14114 a
 -0.012700083 -0.0053263223 0.03024339 14311 g
 2.7340288 -0.29732993 -9.266309 14314 a
 -0.011102186 -0.0053263223 0.031574972 14511 g
 2.7400143 -0.29433718 -9.230994 14514 a
 -0.013765347 -0.0063915867 0.03237392 14710 g
 2.7094882 -0.29912558 -9.23279 14714 a
 -0.01083587 -0.00479369 0.032107603 14910 g
 2.7370214 -0.29912558 -9.233389 14914 a
 -0.010569554 -0.009054747 0.03343918 15111 g
 2.7100866 -0.30271688 -9.178322 15123 a
 -0.012433766 -0.009054747 0.031841286 15311 g
 2.7112837 -0.31648353 -9.244163 15314 a
 -0.012966398 -0.0026631611 0.031042337 15510 g
 2.7250504 -0.29912558 -9.242367 15514 a
 -0.012433766 -0.0015978967 0.032107603 15712 g
 2.704101 -0.30630818 -9.230994 15715 a
 -0.011368502 0.0015978967 0.031841286 15911 g
 2.7172692 -0.3254618 -9.280075 15914 a
 -0.012700083 0.002396845 0.031574972 16111 g
 2.7346272 -0.31528643 -9.242966 16115 a
 -0.012433766 0.007723167 0.032640234 16312 g
 2.735226 -0.30750528 -9.266908 16315 a
 -0.013499031 -0.002130529 0.028911809 16511 g
 2.7214592 -0.31349078 -9.217228 16515 a
 -0.009770606 -0.0034621095 0.030776022 16711 g
 2.7346272 -0.31708208 -9.268105 16715 a
 -0.0103032375 -0.0034621095 0.030509707 16911 g
 2.7238533 -0.30151978 -9.226206 16915 a
 -0.013765347 -0.0018642128 0.030509707 17113 g
 2.7461493 -0.27623102 -9.270498 17116 a
 -0.011368502 -0.013582122 0.032640234 17312 g
 2.7353754 -0.3043629 -9.208848 17315 a
 -0.012700083 -0.005592638 0.032640234 17512 g
 2.712032 -0.28640637 -9.244163 17515 a
 -0.014297979 -0.008255799 0.032640234 17712 g
 2.6940753 -0.31453824 -9.2208185 17715 a
 -0.011368502 -0.005592638 0.031841286 17912 g
 2.7210102 -0.3199252 -9.228002 17916 a
 -0.012433766 0.0018642128 0.030776022 18113 g
 2.7072437 -0.31573534 -9.247754 18117 a
 -0.012700083 0.0018642128 0.03290655 18312 g
 2.722806 -0.3007716 -9.242367 18316 a
 -0.01216745 0.0 0.032107603 18512 g
 2.7311857 -0.29418755 -9.221417 18515 a
 -0.011368502 2.663161E-4 0.03237392 18712 g
 2.717419 -0.3019687 -9.230395 18716 a
 -0.011634818 -0.0039947415 0.031308655 18912 g
 2.7257986 -0.30974984 -9.239374 18915 a
 -0.01562956 0.0053263223 0.029977074 19113 g
 2.7521348 -0.31812954 -9.247754 19117 a
 -0.012700083 -0.007723167 0.032640234 19313 g
 2.705448 -0.32291797 -9.25314 19316 a
 -0.01083587 -0.013848438 0.031574972 19512 g
 2.731784 -0.3187281 -9.257331 19516 a
 -0.012433766 -0.0013315806 0.031042337 19712 g
 2.7401638 -0.3127426 -9.245958 19716 a
 -0.011634818 -0.0018642128 0.03024339 19909 g
 2.7371712 -0.31453824 -9.202264 19910 a
 -0.011368502 -0.0053263223 0.031574972 20113 g
 2.7030537 -0.28939912 -9.234586 20117 a
 -0.011634818 -0.0066579026 0.031574972 20320 g
 2.70455 -0.29703066 -9.225757 20324 a
 -0.008439025 -0.007723167 0.030776022 20513 g
 2.6973674 -0.3155857 -9.228749 20518 a
 -0.012433766 0.002130529 0.031308655 20713 g
 2.6877906 -0.2976292 -9.251494 20716 a
 -0.011368502 -0.0026631611 0.03290655 20913 g
 2.7254994 -0.32935238 -9.258079 20916 a
 -0.011634818 0.0013315806 0.03317287 21114 g
 2.721908 -0.3096002 -9.239524 21118 a
 -0.011634818 -0.002130529 0.031042337 21313 g
 2.720711 -0.31379005 -9.229947 21317 a
 -0.008439025 -0.008522116 0.032107603 21514 g
 2.7380688 -0.29224226 -9.21199 21518 a
 -0.011634818 -0.0015978967 0.03024339 21714 g
 2.6943748 -0.29703066 -9.247305 21718 a
 -0.011634818 -0.009054747 0.03024339 21914 g
 2.6985645 -0.31618425 -9.207801 21918 a
 -0.011634818 -0.0015978967 0.032640234 22115 g
 2.7518356 -0.31618425 -9.209596 22119 a
 -0.012433766 2.663161E-4 0.032640234 22314 g
 2.7003603 -0.30900165 -9.243713 22319 a
 -0.01216745 -0.008522116 0.029178126 22514 g
 2.7129297 -0.32097265 -9.225159 22519 a
 -0.009237973 -0.0018642128 0.03290655 22714 g
 2.696769 -0.28865093 -9.239524 22718 a
 -0.012433766 0.0 0.03290655 22915 g
 2.7003603 -0.3167828 -9.247903 22919 a
 -0.012433766 0.0013315806 0.031841286 23115 g
 2.7117326 -0.30541036 -9.282619 23119 a
 -0.0103032375 0.0 0.030509707 23314 g
 2.703353 -0.3012205 -9.290999 23319 a
 -0.011634818 0.0018642128 0.031574972 23516 g
 2.7286417 -0.2753332 -9.266608 23520 a
 -0.011368502 5.326322E-4 0.032640234 23715 g
 2.7489924 -0.30047232 -9.283966 23719 a
 -0.01216745 -0.002396845 0.030776022 23915 g
 2.7244518 -0.31543607 -9.269002 23919 a
 -0.012966398 -0.004261058 0.032640234 24116 g
 2.7244518 -0.27353755 -9.237279 24121 a
 -0.010036921 -0.00479369 0.031042337 24315 g
 2.7394156 -0.30226797 -9.251644 24319 a
 -0.013499031 -0.0031957934 0.030776022 24516 g
 2.7406127 -0.2837129 -9.243264 24520 a
 -0.01216745 -0.0039947415 0.03237392 24716 g
 2.7436056 -0.30107087 -9.246258 24720 a
 -0.009504289 -0.010120012 0.03237392 24912 g
 2.7286417 -0.30526072 -9.2247095 24914 a
 -0.011634818 -0.008522116 0.030776022 25116 g
 2.7011085 -0.27473465 -9.265411 25131 a
 -0.011901135 0.0 0.03423813 25316 g
 2.701707 -0.32920274 -9.24506 25320 a
 -0.011368502 -5.326322E-4 0.031574972 25517 g
 2.732233 -0.31483752 -9.219322 25521 a
 -0.009770606 -0.0026631611 0.030776022 25716 g
 2.7112837 -0.29807812 -9.239674 25720 a
 -0.014564295 0.0026631611 0.028645493 25916 g
 2.7214592 -0.29688102 -9.259425 25921 a
 -0.0103032375 -0.0015978967 0.03024339 26118 g
 2.7286417 -0.31304187 -9.285163 26121 a
 -0.012433766 -0.0029294773 0.03317287 26316 g
 2.7286417 -0.30466217 -9.267805 26320 a
 -0.011102186 -0.007190535 0.031042337 26518 g
 2.7106853 -0.30825347 -9.251046 26522 a
 -0.011102186 -0.0063915867 0.033971816 26716 g
 2.717419 -0.3184288 -9.259425 26721 a
 -0.012433766 -0.002130529 0.030776022 26916 g
 2.7449522 -0.30107087 -9.221118 26921 a
 -0.01216745 -0.0037284256 0.03317287 27119 g
 2.694674 -0.30466217 -9.229498 27123 a
 -0.009770606 -0.008255799 0.03423813 27316 g
 2.6994624 -0.31064767 -9.2247095 27321 a
 -0.010036921 -0.0015978967 0.031308655 27518 g
 2.719813 -0.31004912 -9.257031 27521 a
 -0.011901135 0.0015978967 0.031574972 27718 g
 2.710835 -0.3250129 -9.233687 27722 a
 -0.0103032375 -0.0018642128 0.031841286 27918 g
 2.7012582 -0.30466217 -9.250447 27921 a
 -0.009504289 7.9894834E-4 0.031308655 28119 g
 2.7180176 -0.2885013 -9.271995 28123 a
 -0.010036921 -0.002396845 0.029977074 28318 g
 2.7246015 -0.31663316 -9.293543 28322 a
 -0.010569554 -0.0031957934 0.031574972 28519 g
 2.722806 -0.31543607 -9.252841 28522 a
 -0.01083587 -0.0063915867 0.031042337 28718 g
 2.7024553 -0.30047232 -9.239075 28722 a
 -0.011368502 -0.0034621095 0.031841286 28919 g
 2.7204118 -0.29867667 -9.227702 28923 a
 -0.011634818 -0.0058589545 0.032107603 29119 g
 2.7114334 -0.31184477 -9.237878 29123 a
 -0.011102186 -0.008522116 0.030776022 29318 g
 2.6898856 -0.31902736 -9.228899 29322 a
 -0.011102186 -0.0029294773 0.03343918 29520 g
 2.710835 -0.3309984 -9.246258 29523 a
 -0.011901135 0.0018642128 0.030509707 29719 g
 2.7126305 -0.30945057 -9.224111 29722 a
 -0.009237973 5.326322E-4 0.03290655 29919 g
 2.709189 -0.31349078 -9.252243 29923 a
 -0.011102186 -0.0018642128 0.031841286 30129 g
 2.709189 -0.29433718 -9.239674 30148 a
 -0.011901135 -0.0015978967 0.03237392 30319 g
 2.6906338 -0.30810383 -9.313893 30323 a
 -0.011102186 -0.00479369 0.03237392 30520 g
 2.7187657 -0.30271688 -9.275586 30524 a
 -0.01083587 -0.004261058 0.030509707 30720 g
 2.7522845 -0.29613283 -9.248053 30724 a
 -0.0132327145 0.0026631611 0.033971816 30919 g
 2.7038019 -0.30211833 -9.261221 30923 a
 -0.008705341 -0.008522116 0.032640234 31120 g
 2.7175686 -0.29912558 -9.260623 31124 a
 -0.01216745 -0.0061252704 0.030776022 31320 g
 2.698415 -0.30271688 -9.283966 31324 a
 -0.012700083 -0.006924219 0.031841286 31520 g
 2.7008092 -0.30810383 -9.246856 31524 a
 -0.012966398 -0.0018642128 0.031574972 31720 g
 2.7139773 -0.31109658 -9.264812 31724 a
 -0.011102186 -0.002130529 0.031042337 31920 g
 2.7073932 -0.33324295 -9.252243 31924 a
 -0.008971657 -0.0029294773 0.03237392 32120 g
 2.6948237 -0.30511108 -9.214534 32124 a
 -0.013765347 -0.002130529 0.031308655 32320 g
 2.7121816 -0.31408933 -9.245659 32323 a
 -0.01083587 -0.0034621095 0.031308655 32521 g
 2.704999 -0.30391398 -9.20795 32525 a
 -0.012966398 -0.002396845 0.029977074 32720 g
 2.722357 -0.30511108 -9.298331 32724 a
 -0.013499031 0.0018642128 0.031308655 32920 g
 2.7187657 -0.29792848 -9.231294 32924 a
 -0.012966398 -0.0010652645 0.032640234 33122 g
 2.7196634 -0.31483752 -9.287408 33126 a
 -0.011901135 -0.0063915867 0.03237392 33320 g
 2.7274446 -0.29688102 -9.272444 33324 a
 -0.011102186 -0.002130529 0.032640234 33521 g
 2.716072 -0.29508537 -9.265262 33525 a
 -0.0103032375 -0.0015978967 0.031042337 33721 g
 2.7274446 -0.28431144 -9.281423 33725 a
 -0.011634818 0.0018642128 0.031574972 33920 g
 2.708291 -0.30705637 -9.270648 33924 a
 -0.0076400763 -0.0053263223 0.03290655 34122 g
 2.7220576 -0.29987377 -9.24491 34125 a
 -0.012700083 -0.0037284256 0.03317287 34321 g
 2.7100866 -0.3184288 -9.246108 34325 a
 -0.011102186 -0.0058589545 0.028911809 34521 g
 2.7154737 -0.30166942 -9.280824 34525 a
 -0.011634818 -0.0031957934 0.031574972 34721 g
 2.7214592 -0.31483752 -9.26167 34725 a
 -0.013765347 -0.0037284256 0.03317287 34922 g
 2.6927288 -0.30645782 -9.235333 34926 a
 -0.012700083 -0.004261058 0.03237392 35122 g
 2.7088895 -0.30885202 -9.274838 35126 a
 -0.01083587 -0.0039947415 0.032107603 35321 g
 2.7088895 -0.30526072 -9.233538 35327 a
 -0.011368502 -0.004261058 0.031042337 35523 g
 2.713678 -0.30526072 -9.260473 35526 a
 -0.0103032375 -0.0015978967 0.0337055 35722 g
 2.7178679 -0.29688102 -9.261071 35726 a
 -0.011901135 -2.663161E-4 0.03423813 35922 g
 2.7214592 -0.30346507 -9.262867 35926 a
 -0.012700083 7.9894834E-4 0.03290655 36124 g
 2.719065 -0.30346507 -9.26586 36127 a
 -0.011634818 0.0018642128 0.031042337 36325 g
 2.7014077 -0.30660746 -9.254337 36329 a
 5.241101E-4 0.0016644757 4.1598576E-4 36523 g
 2.710386 -0.31977555 -9.278279 36526 a
 -0.0013401026 -0.0017976337 -0.001980859 36723 g
 2.7277439 -0.28865093 -9.238177 36727 a
 -5.4115435E-4 3.3289514E-4 -1.1664646E-4 36922 g
 2.7271454 -0.3143886 -9.288455 36926 a
 -0.0013401026 -9.986854E-4 0.001214934 37123 g
 2.72116 -0.31019875 -9.2699 37127 a
 5.241101E-4 6.657903E-5 -0.0017145431 37323 g
 2.7504888 -0.28206688 -9.221417 37327 a
 -8.074704E-4 -0.0017976337 -0.0011819109 37523 g
 2.7217584 -0.307206 -9.263914 37527 a
 2.57794E-4 -0.0041944785 0.0017475663 37723 g
 2.7229555 -0.3060089 -9.259725 37727 a
 2.57794E-4 8.6552737E-4 0.0014812502 37924 g
 2.7265468 -0.3179799 -9.26152 37927 a
 2.57794E-4 6.657903E-5 -1.1664646E-4 38124 g
 2.7175686 -0.28805238 -9.225607 38128 a
 -8.522115E-6 -0.0015313176 1.4966965E-4 38323 g
 2.7157729 -0.30181906 -9.254936 38327 a
 0.0013230584 8.6552737E-4 6.823019E-4 38525 g
 2.7498903 -0.31977555 -9.275886 38528 a
 -0.0010737865 -9.986854E-4 9.48618E-4 38723 g
 2.7109845 -0.2916437 -9.243564 38727 a
 5.241101E-4 -9.986854E-4 -0.0025134913 38924 g
 2.7127802 -0.3060089 -9.266309 38927 a
 0.002920955 -0.0033955304 9.48618E-4 39125 g
 2.7325323 -0.295235 -9.213636 39129 a
 0.0010567423 0.0016644757 4.1598576E-4 39324 g
 2.7313352 -0.31498715 -9.2286005 39327 a
 -0.0013401026 0.002197108 -0.0017145431 39525 g
 2.7237036 -0.30780455 -9.237429 39528 a
 5.241101E-4 -0.004460795 4.1598576E-4 39725 g
 2.7159226 -0.3000234 -9.255983 39728 a
 -0.0026716832 3.3289514E-4 -3.8296255E-4 39924 g
 2.7213094 -0.28266543 -9.245809 39928 a
 0.0015893745 -7.323693E-4 9.48618E-4 40125 g
 2.6997616 -0.2976292 -9.300875 40129 a
 -2.748382E-4 -9.986854E-4 6.823019E-4 40325 g
 2.7021558 -0.30660746 -9.236232 40334 a
 2.57794E-4 -4.660532E-4 0.0022801985 40525 g
 2.7266965 -0.32336688 -9.238028 40531 a
 -0.0018727349 -0.0020639498 0.0014812502 40725 g
 2.7302878 -0.3012205 -9.22426 40728 a
 7.904262E-4 -0.0017976337 0.0014812502 40925 g
 2.7243023 -0.28805238 -9.25359 40929 a
 -0.0013401026 6.657903E-5 -0.001448227 41126 g
 2.7183168 -0.27727848 -9.27394 41130 a
 -0.0010737865 0.004593953 -0.0017145431 41325 g
 2.7231052 -0.28505963 -9.244013 41329 a
 -0.0029379993 0.0056592175 4.1598576E-4 41526 g
 2.7260978 -0.32336688 -9.204509 41530 a
 -0.0010737865 0.004061321 0.001214934 41725 g
 2.7590182 -0.30780455 -9.244013 41729 a
 -0.0013401026 -0.005792375 -6.492787E-4 41937 g
 2.7266965 -0.30780455 -9.229648 41942 a
 5.241101E-4 -4.660532E-4 -3.8296255E-4 42141 g
 2.744653 -0.3036147 -9.268554 42144 a
 0.0010567423 0.00272974 9.48618E-4 42339 g
 2.7290907 -0.31618425 -9.235035 42343 a
 0.0021220068 -7.323693E-4 0.001214934 42540 g
 2.739266 -0.30421326 -9.247005 42543 a
 -0.0018727349 0.002197108 1.4966965E-4 42742 g
 2.7332804 -0.29822776 -9.247005 42746 a
 1.9121496E-4 -8.1572623E-4 2.495382E-4 42940 g
 2.7225065 -0.307206 -9.260174 42943 a
 1.9121496E-4 -0.0024136228 0.0029126992 43141 g
 2.7344775 -0.3096002 -9.242217 43144 a
 9.901633E-4 -0.002679939 -2.8309404E-4 43341 g
 2.7117326 -0.30301616 -9.2547865 43345 a
 -0.0011403656 -1.6777914E-5 -0.0024136228 43526 g
 2.7494414 -0.2940379 -9.263765 43531 a
 -8.7404944E-4 -0.005609416 7.821704E-4 43739 g
 2.7015574 -0.295235 -9.227253 43743 a
 7.238472E-4 -0.0032125711 5.158543E-4 43940 g
 2.7111342 -0.3048118 -9.2494 43943 a
 7.238472E-4 0.0029126992 0.0018474348 44141 g
 2.6997616 -0.30541036 -9.235633 44145 a
 0.0012564794 -5.494101E-4 7.821704E-4 44340 g
 2.7183168 -0.3000234 -9.297284 44344 a
 0.0017891116 -1.6777914E-5 0.0018474348 44541 g
 2.727295 -0.32456398 -9.272144 44544 a
 -0.0027382623 0.0010484866 -5.494101E-4 44741 g
 2.703353 -0.28745383 -9.275736 44744 a
 -3.4141724E-4 0.0029126992 -8.1572623E-4 44941 g
 2.7225065 -0.30062196 -9.264962 44944 a
 7.238472E-4 -0.005609416 -0.0021473067 45142 g
 2.7356746 -0.29224226 -9.259575 45153 a
 -8.7404944E-4 0.0018474348 -1.6777914E-5 45340 g
 2.7266965 -0.28266543 -9.2907 45344 a
 -8.7404944E-4 0.0061084926 0.0010484866 45533 g
 2.7183168 -0.2988263 -9.24521 45537 a
 1.9121496E-4 -0.0042778356 -2.8309404E-4 45740 g
 2.716521 -0.29942486 -9.2625675 45744 a
 1.9121496E-4 -0.0093378415 -1.6777914E-5 45940 g
 2.7278936 -0.29583356 -9.263166 45944 a
 -6.077334E-4 2.495382E-4 -5.494101E-4 46142 g
 2.719514 -0.29104513 -9.247604 46145 a
 0.0023217439 -1.6777914E-5 7.821704E-4 46340 g
 2.7111342 -0.2928408 -9.274539 46344 a
 0.0041859564 -1.6777914E-5 0.0013148027 46540 g
 2.7117326 -0.28865093 -9.258378 46544 a
 1.9121496E-4 0.0031790154 2.495382E-4 46740 g
 2.7015574 -0.3167828 -9.282919 46744 a
 -0.0043361587 -0.0016146746 -0.002679939 46941 g
 2.7302878 -0.31379005 -9.271546 46945 a
 0.0017891116 0.002380067 -8.1572623E-4 47141 g
 2.6991632 -0.2964321 -9.247005 47145 a
 -3.4141724E-4 -0.0021473067 -5.494101E-4 47340 g
 2.7009587 -0.28625673 -9.285912 47344 a
 -3.4141724E-4 7.821704E-4 -0.0021473067 47541 g
 2.6985645 -0.3131915 -9.264363 47544 a
 7.238472E-4 -2.8309404E-4 -5.494101E-4 47741 g
 2.691382 -0.29822776 -9.22426 47744 a
 4.5753107E-4 5.158543E-4 5.158543E-4 47941 g
 2.732682 -0.30541036 -9.260174 47944 a
 0.0015227955 -0.005609416 0.0010484866 48144 g
 2.7117326 -0.2916437 -9.258378 48148 a
 0.0012564794 -5.494101E-4 -1.6777914E-5 48340 g
 2.7171197 -0.31019875 -9.24102 48344 a
 0.0020554278 0.0010484866 -1.6777914E-5 48540 g
 2.7117326 -0.3143886 -9.250597 48544 a
 0.0012564794 -1.6777914E-5 -0.0013483585 48741 g
 2.7171197 -0.3036147 -9.249998 48744 a
 7.238472E-4 -8.1572623E-4 7.821704E-4 48941 g
 2.7039516 -0.29703066 -9.254189 48944 a
 -3.4141724E-4 -1.6777914E-5 -0.0013483585 49143 g
 2.7162218 -0.29867667 -9.278279 49146 a
 3.9095205E-4 -9.07339E-4 -0.0015563513 49341 g
 2.7180176 -0.30466217 -9.283667 49344 a
 -9.4062847E-4 0.004418983 -0.0010237191 49569 g
 2.7204118 -0.30047232 -9.287857 49576 a
 -0.0014732607 0.0028210864 -2.2477079E-4 49728 g
 2.7257986 -0.29269117 -9.244163 49733 a
 9.235843E-4 -0.0064999773 0.0027047063 49937 g
 2.7287915 -0.27712885 -9.26571 49939 a
 -6.743124E-4 0.0022884542 -4.910869E-4 50142 g
 2.7377696 -0.30406362 -9.2764845 50145 a
 -6.743124E-4 0.0012231899 -2.2477079E-4 50349 g
 2.7269957 -0.2861071 -9.23279 50351 a
 0.0019888487 6.9055764E-4 5.7417754E-4 50539 g
 2.7132292 -0.31124622 -9.239972 50543 a
 3.9095205E-4 -9.07339E-4 -7.5740303E-4 50741 g
 2.7407625 -0.30526072 -9.281273 50744 a
 -9.4062847E-4 -0.001173655 -0.0012900352 50941 g
 2.718616 -0.2801216 -9.271696 50944 a
 -4.0799627E-4 1.5792545E-4 5.7417754E-4 51142 g
 2.6928782 -0.2885013 -9.258528 51146 a
 -6.743124E-4 1.5792545E-4 5.7417754E-4 51341 g
 2.7246015 -0.31124622 -9.24117 51344 a
 -0.0038701056 0.0076147765 5.7417754E-4 51540 g
 2.7365725 -0.29867667 -9.248352 51544 a
 3.9095205E-4 -0.003304184 8.4049365E-4 51741 g
 2.7192147 -0.31124622 -9.2447605 51745 a
 1.2463593E-4 -0.0049020806 0.0013731258 51941 g
 2.7030537 -0.2908955 -9.249549 51944 a
 0.0041193776 -0.004103132 -2.2477079E-4 52133 g
 2.7090392 -0.32022446 -9.259126 52137 a
 6.5726816E-4 9.5687376E-4 -7.5740303E-4 52333 g
 2.712032 -0.30645782 -9.229797 52337 a
 0.0022551648 1.5792545E-4 5.7417754E-4 52533 g
 2.7156234 -0.29328972 -9.243564 52537 a
 3.9095205E-4 0.002022138 4.1545314E-5 52733 g
 2.7024553 -0.31004912 -9.272294 52736 a
 0.0017225326 0.0012231899 -0.0018226674 52935 g
 2.7018566 -0.31663316 -9.263914 52941 a
 -4.0799627E-4 9.5687376E-4 -0.0015563513 53134 g
 2.735974 -0.29927522 -9.258528 53138 a
 -0.0012069446 0.0030874026 0.0013731258 53333 g
 2.7269957 -0.28550854 -9.236382 53336 a
 0.002521481 0.0041526672 8.4049365E-4 53536 g
 2.718616 -0.30226797 -9.263914 53541 a
 -0.0033374734 -1.0839065E-4 3.0786142E-4 53733 g
 2.7138276 -0.2777274 -9.277082 53736 a
 0.0011899003 -0.0038368162 -2.2477079E-4 53933 g
 2.7048495 -0.31004912 -9.268105 53936 a
 -0.0012069446 0.0012231899 -0.0010237191 54136 g
 2.7126305 -0.25258827 -9.248352 54142 a
 0.0011899003 -3.7470675E-4 3.0786142E-4 54333 g
 2.7090392 -0.30585927 -9.24117 54336 a
 3.9095205E-4 0.0017558221 -0.0015563513 54537 g
 2.7275944 -0.29688102 -9.272294 54542 a
 3.9095205E-4 0.001489506 -7.5740303E-4 54739 g
 2.697667 -0.31543607 -9.241768 54742 a
 6.5726816E-4 4.2424156E-4 -0.0018226674 54937 g
 2.7144263 -0.29448682 -9.251345 54941 a
 -9.4062847E-4 9.5687376E-4 -7.5740303E-4 55136 g
 2.7216089 -0.31124622 -9.277681 55141 a
 6.5726816E-4 9.5687376E-4 8.4049365E-4 55342 g
 2.700061 -0.28311434 -9.254337 55351 a
 0.0017225326 0.002022138 -4.910869E-4 55536 g
 2.7394156 -0.30870238 -9.264064 55541 a
 -5.7444384E-4 7.656588E-4 -0.0016644757 55738 g
 2.7166708 -0.28954875 -9.251494 55741 a
 2.2450447E-4 -0.0074901404 1.9973709E-4 55939 g
 2.7154737 -0.28715456 -9.245509 55943 a
 -3.0812772E-4 0.003695136 7.323693E-4 56136 g
 2.7100866 -0.32486326 -9.26586 56141 a
 -5.7444384E-4 7.656588E-4 7.323693E-4 56335 g
 2.714875 -0.2901473 -9.250896 56339 a
 -5.7444384E-4 4.993427E-4 7.323693E-4 56539 g
 2.7280433 -0.30211833 -9.244312 56543 a
 0.0010234528 2.330266E-4 -5.9921126E-4 56735 g
 2.714875 -0.30331543 -9.25329 56740 a
 -5.7444384E-4 0.001298291 -6.657903E-5 56938 g
 2.7088895 -0.29194298 -9.257481 56943 a
 -4.181163E-5 2.330266E-4 -0.0011318434 57140 g
 2.7094882 -0.31169513 -9.259275 57143 a
 -3.0812772E-4 -5.659217E-4 -3.3289514E-4 57335 g
 2.714875 -0.30391398 -9.255086 57340 a
 4.9082056E-4 0.0010319749 -6.657903E-5 57537 g
 2.69632 -0.29792848 -9.259275 57542 a
 7.571367E-4 0.0050267167 -8.6552737E-4 57742 g
 2.7178679 -0.2877531 -9.2586775 57745 a
 0.0018224011 -0.0050932956 -8.6552737E-4 57940 g
 2.7184663 -0.30570963 -9.26586 57944 a
 2.2450447E-4 -0.0021638183 -6.657903E-5 58139 g
 2.7220576 -0.29074585 -9.264663 58145 a
 2.2450447E-4 0.0026298715 4.660532E-4 58341 g
 2.69632 -0.29972413 -9.281423 58344 a
 0.0023550333 -3.3289514E-5 0.0017976337 58538 g
 2.6861446 -0.31109658 -9.228749 58542 a
 0.0026213494 2.330266E-4 0.0012650015 58741 g
 2.7038019 -0.2885013 -9.242816 58744 a
 -0.0011070761 -0.001098554 4.660532E-4 58943 g
 2.7187657 -0.30346507 -9.270349 58947 a
 4.9082056E-4 0.001298291 -8.6552737E-4 59141 g
 2.7079918 -0.29747957 -9.266159 59145 a
 4.9082056E-4 0.001298291 -0.002197108 59340 g
 2.7199628 -0.30466217 -9.277532 59344 a
 4.9082056E-4 0.0047604004 1.9973709E-4 59543 g
 2.7145758 -0.29448682 -9.2625675 59546 a
 -0.0013733922 0.0060919807 -8.6552737E-4 59739 g
 2.7235541 -0.29149407 -9.258378 59743 a
 -4.181163E-5 -5.659217E-4 9.986854E-4 59943 g
 2.742109 -0.30346507 -9.263166 59946 a
 0.0010234528 -0.0058922437 -3.3289514E-4 60301 g
