 1.0093713 -0.08135132 -0.3187138 8 g
 -2.3620296 9.188198 -2.5755625 10 a
 2.7870314 1.3487662 0.0064581656 114 g
 -1.654543 8.304139 -4.9506106 117 a
 -0.066013105 -0.71411836 -0.13602096 319 g
 -1.5336359 9.128343 -3.7846344 323 a
 0.14091451 -0.67816573 0.79954755 514 g
 -0.27308863 9.071481 -2.6701334 518 a
 0.6599646 0.26832172 0.5249756 714 g
 2.7124808 9.695768 -5.151125 718 a
 0.7286742 0.020647755 0.5574662 919 g
 4.1932945 6.4145155 -7.443573 923 a
 1.8029933 -0.33062318 0.8056728 1115 g
 12.795063 -2.4218848 -13.870808 1119 a
 3.021922 -0.2315536 0.97265303 1313 g
 2.0313306 0.3302502 -9.032724 1318 a
 0.107092366 0.05979622 -0.096872486 1516 g
 2.2803276 0.34880525 -9.017162 1520 a
 0.13505556 -0.5969393 0.0019307918 1714 g
 2.7693431 -0.51789576 -8.980651 1718 a
 -0.051632036 0.4861683 -0.17596836 1914 g
 3.2176573 0.8348282 -8.705916 1918 a
 0.07140601 0.21079746 -0.28675586 2119 g
 3.1937153 0.080056116 -8.649054 2123 a
 0.08339023 0.35833657 -0.31631696 2313 g
 4.0412626 -0.022296004 -8.368334 2318 a
 0.1291966 -0.023028087 -0.15040202 2513 g
 3.6258688 0.30511108 -8.697536 2517 a
 0.047703873 -0.18627986 0.010719223 2713 g
 3.4935892 0.14410101 -8.65863 2717 a
 0.030393325 -0.14526717 0.01231712 2913 g
 3.3247979 0.08125322 -8.652046 2918 a
 0.003761715 -0.061377607 0.0096539585 3118 g
 3.2846951 0.09501988 -8.617331 3120 a
 0.0048269792 -0.012375443 0.014713965 3319 g
 3.282301 0.04833295 -8.649054 3323 a
 5.659217E-4 -0.02702283 0.013648701 3515 g
 3.212869 0.035763387 -8.69155 3519 a
 8.322378E-4 -0.0073154373 0.013382385 3729 g
 3.2960675 -0.20305823 -8.662222 3733 a
 -2.330266E-4 -0.018500714 0.017377125 3919 g
 3.157204 0.048931498 -8.670003 3922 a
 0.0026964506 -0.031283885 0.016578177 4119 g
 3.188927 0.015412673 -8.653243 4123 a
 -0.007157245 0.0036035231 0.015246597 4325 g
 3.134459 0.040551793 -8.677185 4329 a
 -0.0023635554 -0.008380702 0.015512913 4519 g
 3.154211 0.032770637 -8.665215 4522 a
 -0.0052930326 -0.0014564828 0.016045546 4717 g
 3.14224 0.018405426 -8.686164 4720 a
 -0.004227768 -0.001989115 0.015246597 4917 g
 3.10932 0.056114104 -8.643666 4921 a
 -0.0047604004 -0.001989115 0.016045546 5122 g
 3.1206923 0.02558803 -8.68796 5127 a
 -0.0052930326 -0.006250173 0.015246597 5317 g
 3.1087213 0.021398177 -8.680777 5320 a
 -0.0044940845 -0.0022554311 0.014447649 5517 g
 3.145233 0.016011223 -8.655638 5521 a
 -0.0034288198 -0.004119644 0.017377125 5720 g
 3.1087213 0.027982233 -8.664018 5724 a
 -0.0068909293 9.4036217E-4 0.014447649 5918 g
 3.0967503 0.033369187 -8.661623 5922 a
 -0.0039614523 0.0017393104 0.015779229 6121 g
 3.097349 -0.0019452889 -8.676587 6125 a
 -0.003695136 -0.007049121 0.015512913 6321 g
 3.081188 0.017208325 -8.672397 6325 a
 -0.005825665 0.0030708911 0.015246597 6518 g
 3.0841806 0.026785132 -8.614338 6521 a
 -0.007157245 0.01132669 0.014181333 6715 g
 3.090166 0.0058358666 -8.654441 6719 a
 -0.005825665 0.0022719428 0.015512913 6921 g
 3.098546 0.029179333 -8.700529 6925 a
 -0.0055593485 -0.0038533278 0.015779229 7121 g
 3.0740054 0.013617022 -8.675988 7125 a
 -0.003695136 -0.0022554311 0.016844494 7320 g
 3.0763996 0.02498948 -8.663419 7323 a
 -0.007956194 0.0030708911 0.014713965 7521 g
 3.0728083 0.027982233 -8.668207 7524 a
 -0.004227768 -6.5753446E-4 0.017643442 7718 g
 3.0674212 0.026186582 -8.664616 7722 a
 -0.0028961876 -0.0033206956 0.014181333 7919 g
 3.0775967 0.007631518 -8.671799 7923 a
 -0.0039614523 0.004935104 0.017643442 8127 g
 3.122488 0.007631518 -8.641871 8130 a
 -0.0052930326 0.0020056267 0.015246597 8320 g
 3.082385 0.021398177 -8.665813 8323 a
 -0.0039614523 0.0022719428 0.014980281 8518 g
 3.0865748 0.015412673 -8.690353 8524 a
 -0.007157245 0.0017393104 0.01711081 8724 g
 3.0847793 0.016011223 -8.682572 8728 a
 -0.0018309233 -0.0014564828 0.015246597 8920 g
 3.0674212 0.009427169 -8.665813 8924 a
 -0.006358297 -0.0011901667 0.01711081 9124 g
 3.087772 4.4891282E-4 -8.674791 9128 a
 -0.0026298715 0.0012066783 0.014447649 9321 g
 3.0883706 0.016609775 -8.66701 9333 a
 -0.0039614523 0.0014729943 0.01711081 9520 g
 3.0895677 0.023193829 -8.702923 9523 a
 -0.0055593485 -0.0017227989 0.014713965 9721 g
 3.078195 0.017806875 -8.677784 9724 a
 -0.0028961876 -0.0022554311 0.014713965 9921 g
 3.0644286 0.004040215 -8.703522 9924 a
 -0.005825665 0.0020056267 0.017377125 10123 g
 3.0500634 0.031573534 -8.670003 10130 a
 -0.0060919807 0.0012066783 0.014181333 10321 g
 3.0865748 0.007631518 -8.692149 10324 a
 -0.0052930326 4.0772997E-4 0.016045546 10521 g
 3.090166 0.023193829 -8.681973 10524 a
 -0.0039614523 0.0017393104 0.015246597 10722 g
 3.1027358 0.016011223 -8.676587 10726 a
 -0.0060919807 6.7404605E-4 0.015512913 10921 g
 3.0775967 0.004638766 -8.670003 10925 a
 -0.0034288198 -1.2490226E-4 0.016578177 11129 g
 3.0752025 0.0010474633 -8.660426 11134 a
 -0.0050267167 -0.0011901667 0.01711081 11321 g
 3.0524576 0.033369187 -8.685565 11325 a
 -0.0050267167 0.0017393104 0.01711081 11520 g
 3.0841806 0.010025719 -8.667608 11523 a
 -0.0060919807 -3.9121837E-4 0.017643442 11723 g
 3.0632315 0.0016460137 -8.695741 11727 a
 -0.003695136 1.4141385E-4 0.016578177 11922 g
 3.0680199 0.017208325 -8.692748 11925 a
 -0.0026298715 -1.2490226E-4 0.015779229 12123 g
 3.054253 0.013018472 -8.7053175 12126 a
 -0.006624613 0.0078645805 0.015779229 12322 g
 3.0656257 0.009427169 -8.663419 12326 a
 -0.006358297 6.7404605E-4 0.01711081 12521 g
 3.041085 0.0010474633 -8.668207 12525 a
 -0.00822251 0.0086635295 0.016311862 12723 g
 3.0728083 0.0010474633 -8.699332 12727 a
 -0.004227768 -6.5753446E-4 0.013648701 12923 g
 3.0674212 -0.0043394906 -8.682572 12926 a
 -0.006624613 0.0012066783 0.016311862 13123 g
 3.0817864 0.0034416649 -8.6813755 13127 a
 -0.0050267167 0.002538259 0.016045546 13322 g
 3.069217 0.014814123 -8.698134 13325 a
 -0.0052930326 -3.9121837E-4 0.014713965 13522 g
 3.0853777 -0.0019452889 -8.682572 13536 a
 -0.004227768 0.0014729943 0.015512913 13723 g
 3.0841806 0.015412673 -8.689157 13730 a
 -0.003695136 0.0022719428 0.015779229 13922 g
 3.053056 -0.0019452889 -8.674192 13925 a
 -0.003695136 -1.2490226E-4 0.016844494 14129 g
 3.0853777 0.014814123 -8.662222 14133 a
 -0.0050267167 0.0014729943 0.017643442 14322 g
 3.0722096 0.016011223 -8.674791 14326 a
 -0.006358297 9.4036217E-4 0.015246597 14522 g
 3.0644286 -0.0031423897 -8.687361 14526 a
 -0.0052930326 9.4036217E-4 0.016045546 14727 g
 3.069217 0.010025719 -8.676587 14731 a
 -0.0044940845 0.0012066783 0.016578177 14922 g
 3.0740054 4.4891282E-4 -8.690952 14925 a
 -0.0050267167 -1.2490226E-4 0.015246597 15124 g
 3.0644286 0.018405426 -8.662222 15128 a
 -0.0039614523 -1.2490226E-4 0.017643442 15325 g
 3.0710125 0.020799628 -8.670003 15330 a
 -0.005825665 6.7404605E-4 0.016578177 15523 g
 3.0536547 0.004040215 -8.713697 15526 a
 -0.0050267167 0.002804575 0.015779229 15723 g
 3.0763996 -0.0067336923 -8.698134 15729 a
 -0.0060919807 0.0017393104 0.018176075 15926 g
 3.078195 0.027982233 -8.680179 15930 a
 -0.0050267167 -0.0027880634 0.016311862 16123 g
 3.0734067 0.004040215 -8.666411 16127 a
 -0.0039614523 6.7404605E-4 0.016045546 16322 g
 3.0734067 0.010025719 -8.686164 16325 a
 -0.007157245 -1.2490226E-4 0.016844494 16524 g
 3.0512605 -0.0067336923 -8.66701 16528 a
 -0.0050267167 0.0020056267 0.017909758 16722 g
 3.0799909 -0.0019452889 -8.672996 16727 a
 -0.005825665 0.0020056267 0.016578177 16922 g
 3.0476692 0.015412673 -8.695741 16926 a
 -0.0060919807 4.0772997E-4 0.015779229 17124 g
 3.0261214 0.017806875 -8.680777 17127 a
 -0.0044940845 -3.9121837E-4 0.016578177 17322 g
 3.0494647 -0.007930793 -8.699332 17326 a
 -0.004227768 -0.0017227989 0.014447649 17524 g
 3.0392895 -0.0043394906 -8.678981 17528 a
 -0.005825665 0.0020056267 0.018708706 17723 g
 3.0255227 0.030974984 -8.681973 17728 a
 -0.004227768 0.0017393104 0.016844494 17924 g
 3.0201359 0.016011223 -8.692149 17929 a
 -0.0052930326 0.0020056267 0.016578177 18126 g
 3.0596402 0.008828619 -8.680777 18130 a
 -0.0047604004 0.0014729943 0.016045546 18328 g
 3.057246 0.0070329676 -8.66701 18331 a
 -0.006624613 0.002538259 0.016844494 18524 g
 3.0775967 0.014215573 -8.660426 18538 a
 -0.003695136 -1.2490226E-4 0.01711081 18724 g
 3.0494647 0.008230069 -8.683171 18730 a
 -0.0050267167 0.002538259 0.015779229 18928 g
 3.0476692 0.013617022 -8.684967 18932 a
 -0.006624613 0.0012066783 0.016578177 19126 g
 3.0560489 0.008230069 -8.671799 19130 a
 -0.0047604004 0.0012066783 0.014713965 19325 g
 3.066224 0.022595279 -8.680179 19329 a
 -0.007157245 -0.001989115 0.016844494 19527 g
 3.0560489 0.004040215 -8.668806 19531 a
 -0.0039614523 6.7404605E-4 0.01711081 19725 g
 3.0626328 -1.496376E-4 -8.670602 19731 a
 -0.0052930326 6.7404605E-4 0.016578177 19925 g
 3.0524576 -0.0055365916 -8.701127 19929 a
 -0.0052930326 -0.0017227989 0.017909758 20130 g
 3.0626328 0.01062427 -8.654441 20134 a
 -0.0044940845 9.4036217E-4 0.015512913 20325 g
 3.0488663 0.011821371 -8.684967 20330 a
 -0.0068909293 0.0012066783 0.017643442 20525 g
 3.0321069 -7.48188E-4 -8.692149 20529 a
 -0.0039614523 0.0020056267 0.017377125 20729 g
 3.0512605 0.008828619 -8.690952 20735 a
 -0.0044940845 -6.5753446E-4 0.016311862 20926 g
 3.0656257 -0.013916298 -8.700529 20930 a
 -0.006358297 0.0014729943 0.014980281 21140 g
 3.0482676 0.0034416649 -8.710705 21143 a
 -0.0034288198 -0.0030543795 0.017909758 21326 g
 3.0356982 -0.009726444 -8.664616 21330 a
 -0.0031625037 6.7404605E-4 0.016578177 21526 g
 3.0273185 -0.0025438394 -8.689755 21530 a
 -0.0018309233 0.0014729943 0.016578177 21728 g
 3.0368953 4.4891282E-4 -8.689755 21731 a
 0.001098554 7.9894834E-4 -5.659217E-4 21929 g
 3.0416837 0.002244564 -8.678981 21933 a
 0.0018975022 -0.0010652645 -5.659217E-4 22128 g
 3.027917 -0.0031423897 -8.704121 22131 a
 -2.330266E-4 0.0013315806 -5.659217E-4 22329 g
 3.06383 -1.496376E-4 -8.677784 22333 a
 2.9960563E-4 -7.9894834E-4 0.001298291 22529 g
 3.0476692 0.0070329676 -8.678383 22533 a
 0.00136487 0.0010652645 4.993427E-4 22727 g
 3.0339024 0.0028431145 -8.686164 22730 a
 2.9960563E-4 -0.0034621095 -3.3289514E-5 22927 g
 3.041085 0.026785132 -8.687361 22931 a
 -4.993427E-4 0.002130529 -0.001098554 23131 g
 3.0494647 0.019602526 -8.692748 23135 a
 -7.656588E-4 -2.663161E-4 2.330266E-4 23329 g
 3.039888 0.007631518 -8.672996 23333 a
 8.322378E-4 0.0018642128 -5.659217E-4 23527 g
 3.0446763 -0.023493104 -8.7053175 23540 a
 0.0024301345 2.663161E-4 0.0015646071 23730 g
 3.0644286 -7.48188E-4 -8.674791 23734 a
 2.9960563E-4 -0.0018642128 -3.3289514E-5 23927 g
 3.041085 0.014215573 -8.675988 23931 a
 0.00136487 -2.663161E-4 0.0010319749 24129 g
 3.0446763 0.012419921 -8.661623 24133 a
 8.322378E-4 0.0 -2.9960563E-4 24333 g
 3.042282 0.008828619 -8.664616 24336 a
 -2.330266E-4 7.9894834E-4 0.0010319749 24528 g
 3.027917 0.012419921 -8.689755 24531 a
 -2.330266E-4 -0.0010652645 -5.659217E-4 24728 g
 3.021333 0.016609775 -8.688558 24732 a
 5.659217E-4 -5.326322E-4 7.656588E-4 24931 g
 3.0614357 -0.0019452889 -8.6813755 24935 a
 -2.330266E-4 -0.0015978967 -2.9960563E-4 25129 g
 3.0297127 0.01062427 -8.666411 25133 a
 2.9960563E-4 -5.326322E-4 -2.9960563E-4 25328 g
 3.0488663 -0.004938041 -8.672996 25331 a
 5.659217E-4 -0.0015978967 0.0018309233 25533 g
 3.046472 0.0058358666 -8.68796 25537 a
 -4.993427E-4 -0.0010652645 -2.9960563E-4 25729 g
 3.0195372 -0.014514848 -8.681973 25733 a
 -0.0010319749 -2.663161E-4 -0.00136487 25929 g
 3.0428808 0.002244564 -8.688558 25933 a
 -0.0020972393 0.0031957934 -5.659217E-4 26133 g
 3.0374937 0.0016460137 -8.699332 26137 a
 2.9960563E-4 -0.0010652645 0.001298291 26331 g
 3.0392895 0.0028431145 -8.674791 26335 a
 5.659217E-4 -0.002130529 -0.0016311861 26524 g
 3.0578444 -0.014514848 -8.672996 26528 a
 2.9960563E-4 0.0010652645 -0.0018975022 26725 g
 3.0434792 0.0034416649 -8.66701 26730 a
 -7.656588E-4 0.0026631611 2.330266E-4 26924 g
 3.0434792 0.002244564 -8.660426 26929 a
 8.322378E-4 -0.0010652645 2.330266E-4 27125 g
 3.0440779 0.011222821 -8.683769 27130 a
 -2.330266E-4 0.0010652645 0.0023635554 27325 g
 3.0045736 -0.0013467384 -8.647258 27329 a
 0.00136487 -0.0066579026 -2.9960563E-4 27525 g
 3.010559 -0.014514848 -8.699332 27529 a
 0.00136487 -0.0061252704 0.001298291 27725 g
 3.010559 -0.021697452 -8.689157 27730 a
 -2.330266E-4 -0.0015978967 0.0010319749 27926 g
 3.0207343 -0.012120646 -8.6813755 27930 a
 0.0016311861 7.9894834E-4 0.0018309233 28128 g
 2.997391 -0.0031423897 -8.672996 28131 a
 -5.832323E-5 0.0018309233 -2.082592E-4 28331 g
 3.0243256 0.009427169 -8.677784 28335 a
 -3.2463935E-4 -2.9960563E-4 -0.0010072076 28523 g
 3.0099604 -0.014514848 -8.698134 28525 a
 -5.9095543E-4 7.656588E-4 -2.082592E-4 28726 g
 2.993201 -0.010923545 -8.67958 28730 a
 -5.9095543E-4 0.0018309233 -7.408914E-4 28937 g
 2.9914055 -0.019303251 -8.688558 28941 a
 -0.0011235876 0.0028961876 8.5700525E-4 29128 g
 3.003975 -0.012120646 -8.693945 29131 a
 0.0023385216 2.330266E-4 8.5700525E-4 29328 g
 3.0021794 -0.007930793 -8.642469 29332 a
 2.0799288E-4 4.993427E-4 -0.002072472 29526 g
 3.005172 -0.010324995 -8.675988 29529 a
 0.0012732573 -0.00136487 -7.408914E-4 29728 g
 2.9890113 0.008230069 -8.667608 29731 a
 -8.5727155E-4 0.004227768 -0.0015398398 29927 g
 3.0141504 0.0016460137 -8.698134 29930 a
 0.0010069412 -0.0021638183 -0.0010072076 30128 g
 3.0261214 0.0058358666 -8.687361 30131 a
 -0.002188852 0.0060919807 -4.745753E-4 30328 g
 3.0117562 0.011222821 -8.692149 30331 a
 7.406251E-4 -0.0053596115 8.5700525E-4 30527 g
 3.0045736 -0.01690905 -8.695741 30531 a
 -0.0016562198 0.0015646071 -2.082592E-4 30728 g
 3.0057707 0.0052373162 -8.668207 30731 a
 -3.2463935E-4 -8.322378E-4 -0.0015398398 30928 g
 2.994398 -0.010324995 -8.678981 30931 a
 -0.001922536 0.0010319749 -4.745753E-4 31128 g
 2.9997852 -0.019303251 -8.66282 31132 a
 4.74309E-4 -0.0016311861 5.805691E-5 31327 g
 3.0135517 -0.008529344 -8.682572 31331 a
 4.74309E-4 -0.004028031 0.0013896375 31528 g
 3.039888 -0.025288755 -8.653842 31532 a
 0.0012732573 -0.006424876 5.805691E-5 31728 g
 3.006369 0.0016460137 -8.681973 31732 a
 -0.0037867487 0.029794114 -0.0018061559 31928 g
 3.0195372 -0.0175076 -8.677784 31931 a
 4.74309E-4 -0.006424876 -0.0012735237 32129 g
 3.003975 -0.015113398 -8.684967 32133 a
 4.74309E-4 0.0023635554 -0.0015398398 32328 g
 3.0189388 0.014814123 -8.683769 32332 a
 -0.002188852 0.0047604004 0.0019222697 32528 g
 3.015946 -7.48188E-4 -8.683171 32532 a
 -0.0013899037 0.0034288198 -4.745753E-4 32729 g
 2.9991865 -1.496376E-4 -8.668806 32733 a
 -0.0016562198 0.0018309233 8.5700525E-4 32928 g
 3.0297127 -0.006135142 -8.673594 32932 a
 -5.832323E-5 -0.0018975022 -0.0012735237 33129 g
 3.0087633 -7.48188E-4 -8.665813 33133 a
 0.0010069412 -0.0016311861 -0.0010072076 33338 g
 3.0207343 0.0028431145 -8.686762 33342 a
 -8.5727155E-4 -5.659217E-4 0.0013896375 33532 g
 2.9967923 -0.0025438394 -8.705916 33536 a
 0.0018058895 -5.659217E-4 5.805691E-5 33729 g
 3.008165 -0.022894554 -8.680179 33733 a
 -5.832323E-5 -0.0053596115 -0.0015398398 33930 g
 2.997391 -0.013916298 -8.698733 33934 a
 2.0799288E-4 -0.0026964506 -0.0015398398 34130 g
 2.9848213 -0.0067336923 -8.721478 34134 a
 7.406251E-4 0.0015646071 -2.082592E-4 34329 g
 2.9632735 -0.012120646 -8.695741 34333 a
 7.406251E-4 -0.0026964506 0.0011233214 34529 g
 2.974646 -0.0073322426 -8.683769 34533 a
 2.0799288E-4 4.993427E-4 -0.0018061559 34730 g
 2.9668648 -0.034865562 -8.698733 34734 a
 0.0018058895 0.0010319749 -4.745753E-4 34929 g
 2.984223 -0.0013467384 -8.681973 34933 a
 4.74309E-4 0.0028961876 0.0011233214 35131 g
 2.9674633 -0.020500353 -8.690952 35135 a
 -0.0013899037 0.0034288198 5.805691E-5 35330 g
 2.9782374 -0.0025438394 -8.711902 35334 a
 -0.0011235876 0.0018309233 -2.082592E-4 35529 g
 2.996194 -0.008529344 -8.676587 35533 a
 7.406251E-4 0.0010319749 -0.0018061559 35731 g
 2.974646 -0.01810615 -8.69155 35735 a
 0.0023385216 0.0020972393 -7.408914E-4 35930 g
 3.003975 -0.007930793 -8.664018 35934 a
 -8.5727155E-4 0.0034288198 -0.0012735237 36131 g
 3.009362 -0.051624972 -8.742428 36137 a
 0.0018058895 0.0015646071 5.805691E-5 36331 g
 2.997391 -0.023493104 -8.682572 36335 a
 -0.0016562198 0.0039614523 -0.0018061559 36530 g
 3.0189388 0.004638766 -8.696938 36534 a
 0.0015395734 -0.00136487 3.2437302E-4 36730 g
 3.0165446 -0.014514848 -8.698134 36734 a
 0.0018058895 2.330266E-4 3.2437302E-4 36930 g
 2.9949968 -0.01690905 -8.734647 36934 a
 2.0799288E-4 -0.0018975022 -0.0010072076 37131 g
 2.997391 -0.009726444 -8.695741 37135 a
 -5.9095543E-4 0.001298291 0.002987534 37330 g
 2.9937997 -7.48188E-4 -8.683769 37334 a
 0.0020722055 2.330266E-4 -0.0015398398 37531 g
 2.980033 -0.010324995 -8.683171 37534 a
 -5.9095543E-4 0.0039614523 -0.002072472 37731 g
 2.9758432 -0.0025438394 -8.692149 37734 a
 -5.832323E-5 -8.322378E-4 3.2437302E-4 37930 g
 3.003975 0.0070329676 -8.6813755 37934 a
 -3.2463935E-4 2.330266E-4 0.0011233214 38132 g
 3.0003836 -0.0037409402 -8.690952 38136 a
 -0.0016562198 7.656588E-4 5.805691E-5 38330 g
 3.0087633 0.0034416649 -8.678981 38334 a
 7.406251E-4 0.0010319749 -0.0012735237 38530 g
 2.9914055 -0.010923545 -8.7053175 38534 a
 0.0012732573 0.0020972393 8.5700525E-4 38731 g
 2.984223 -0.010923545 -8.72088 38739 a
 0.0015395734 -0.00136487 0.0011233214 38933 g
 2.9788358 -0.0163105 -8.7053175 38937 a
 -0.0016562198 0.0020972393 3.2437302E-4 39132 g
 2.998588 -0.03187281 -8.693346 39136 a
 -8.5727155E-4 7.656588E-4 -0.0010072076 39332 g
 2.9848213 -0.009726444 -8.664018 39335 a
 0.0010069412 -5.659217E-4 -7.408914E-4 39531 g
 2.9860184 -0.009726444 -8.6712 39535 a
 -5.832323E-5 -2.9960563E-4 0.0016559536 39731 g
 3.0153475 -0.011522096 -8.664616 39735 a
 -0.0013899037 -0.001098554 5.805691E-5 39932 g
 2.992004 -0.03007716 -8.718486 39936 a
 4.74309E-4 0.0028961876 0.0011233214 40132 g
 2.974646 -0.022296004 -8.6813755 40137 a
 -0.0016562198 0.0010319749 -0.002338788 40332 g
 2.986617 -0.012120646 -8.710106 40336 a
 -8.5727155E-4 -3.3289514E-5 0.0016559536 40532 g
 3.0075662 -0.014514848 -8.714894 40540 a
 -3.2463935E-4 0.001298291 -7.408914E-4 40732 g
 2.9728503 -0.0031423897 -8.696938 40737 a
 0.0012732573 0.0010319749 -0.0010072076 40932 g
 2.9878142 -0.007930793 -8.6813755 40936 a
 7.4834825E-5 -5.4115435E-4 2.663161E-4 41134 g
 2.9824271 0.0016460137 -8.678981 41138 a
 0.0016727315 0.0015893745 0.002396845 41332 g
 2.9914055 0.007631518 -8.707711 41336 a
 -7.241135E-4 -8.074704E-4 5.326322E-4 41532 g
 3.0057707 -0.009726444 -8.671799 41539 a
 7.4834825E-5 -8.074704E-4 0.0010652645 41733 g
 3.0207343 -0.024690205 -8.690952 41738 a
 -1.9148127E-4 0.0010567423 -2.663161E-4 41932 g
 2.9902084 -0.027084406 -8.668207 41937 a
 3.4115094E-4 7.904262E-4 5.326322E-4 42133 g
 2.9836242 -0.027084406 -8.692149 42138 a
 -1.9148127E-4 -0.0018727349 -5.326322E-4 42333 g
 2.9937997 -0.027682956 -8.695142 42337 a
 -4.5779737E-4 5.241101E-4 0.002130529 42533 g
 2.9770403 -0.0031423897 -8.6712 42537 a
 -9.904295E-4 -8.074704E-4 -2.663161E-4 42733 g
 3.0009823 -0.0073322426 -8.696339 42737 a
 0.0019390476 -0.002139051 -0.0013315806 42933 g
 3.0033765 -0.012120646 -8.677784 42938 a
 -4.5779737E-4 0.004785168 -0.0010652645 43134 g
 3.005172 -0.021098902 -8.681973 43138 a
 -0.0015230618 -0.0034706315 -7.9894834E-4 43333 g
 3.0057707 -0.012719196 -8.671799 43337 a
 8.7378314E-4 2.57794E-4 5.326322E-4 43534 g
 2.9955952 -0.018704701 -8.682572 43538 a
 7.4834825E-5 -2.748382E-4 7.9894834E-4 43734 g
 2.9860184 -0.0199018 -8.696938 43744 a
 -1.9148127E-4 7.904262E-4 -5.326322E-4 43933 g
 2.986617 -0.012120646 -8.698733 43937 a
 3.4115094E-4 0.0018556906 0.0015978967 44135 g
 3.0135517 -0.013916298 -8.69155 44139 a
 -0.0017893779 0.0034535872 5.326322E-4 44334 g
 3.0147488 -0.026485857 -8.665813 44338 a
 -9.904295E-4 -2.748382E-4 0.0010652645 44534 g
 2.9836242 -0.012120646 -8.668806 44538 a
 -7.241135E-4 0.0018556906 2.663161E-4 44735 g
 2.9949968 -0.015113398 -8.721478 44739 a
 -4.5779737E-4 -5.4115435E-4 -2.663161E-4 44934 g
 3.015946 0.0058358666 -8.686762 44938 a
 3.4115094E-4 -2.748382E-4 -7.9894834E-4 45135 g
 3.0027778 -0.015113398 -8.695142 45139 a
 7.4834825E-5 -0.0032043154 -0.0010652645 45335 g
 2.993201 -0.012719196 -8.697536 45339 a
 -7.241135E-4 -0.0013401026 -5.326322E-4 45534 g
 2.998588 -0.008529344 -8.7125 45538 a
 8.7378314E-4 -0.004535896 -2.663161E-4 45735 g
 2.9926026 -0.022894554 -8.690952 45739 a
 7.4834825E-5 7.904262E-4 -0.0010652645 45935 g
 2.9896097 0.0016460137 -8.696339 45939 a
 0.0011400993 -2.748382E-4 0.002130529 46135 g
 2.9794345 -0.015711948 -8.678981 46139 a
 -0.0012567457 2.57794E-4 -0.0015978967 46335 g
 2.9908068 -0.0055365916 -8.693945 46339 a
 -1.9148127E-4 -5.4115435E-4 -7.9894834E-4 46535 g
 2.992004 -0.006135142 -8.674192 46539 a
 6.07467E-4 -0.0026716832 2.663161E-4 46735 g
 3.0099604 -0.029478608 -8.680777 46740 a
 3.4115094E-4 7.904262E-4 0.0018642128 46937 g
 2.98542 -0.028880058 -8.68796 46940 a
 -4.5779737E-4 2.57794E-4 -0.0010652645 47135 g
 2.9872155 -0.011522096 -8.681973 47139 a
 3.4115094E-4 7.904262E-4 -7.9894834E-4 47336 g
 3.0003836 -0.0037409402 -8.67539 47339 a
 0.0014729943 3.9947417E-4 -6.24245E-4 47535 g
 3.0129533 -0.013916298 -8.692149 47539 a
 9.4036217E-4 1.3315806E-4 -3.5792886E-4 47736 g
 2.9967923 -0.03127426 -8.681973 47739 a
 1.4141385E-4 6.657903E-4 7.073356E-4 47935 g
 3.0045736 -0.013317747 -8.704121 47939 a
 -3.9121837E-4 0.0017310547 -0.0011568771 48137 g
 2.9722517 -0.012120646 -8.677185 48140 a
 1.4141385E-4 -3.9947417E-4 -3.5792886E-4 48336 g
 3.0021794 -0.021697452 -8.674192 48340 a
 1.4141385E-4 3.9947417E-4 -3.5792886E-4 48536 g
 2.9884126 -0.013317747 -8.702325 48540 a
 0.0014729943 0.0017310547 -0.0014231933 48736 g
 3.010559 -0.040851068 -8.734048 48748 a
 9.4036217E-4 -1.3315806E-4 9.736517E-4 48937 g
 2.992004 0.016609775 -8.685565 48940 a
 -0.0017227989 1.3315806E-4 7.073356E-4 49137 g
 2.9997852 -0.0037409402 -8.689157 49141 a
 -3.9121837E-4 -9.321064E-4 -6.24245E-4 49337 g
 2.980033 -0.010324995 -8.693346 49340 a
 6.7404605E-4 -1.3315806E-4 -0.0011568771 49538 g
 3.0003836 -0.013916298 -8.670003 49541 a
 6.7404605E-4 3.9947417E-4 -0.0016895094 49736 g
 2.9782374 -0.018704701 -8.692149 49740 a
 0.0014729943 9.321064E-4 9.736517E-4 49937 g
 3.0003836 -0.034267012 -8.682572 49941 a
 0.0022719428 -3.9947417E-4 -0.0014231933 50137 g
 2.9716532 0.0058358666 -8.687361 50141 a
 -0.0011901667 -0.0019973707 -0.0022221415 50337 g
 2.973449 -0.03127426 -8.692748 50340 a
 9.4036217E-4 1.3315806E-4 0.0012399678 50538 g
 2.9979894 -0.021098902 -8.683171 50541 a
 -6.5753446E-4 1.3315806E-4 -6.24245E-4 50738 g
 2.9908068 0.0058358666 -8.670602 50742 a
 0.0012066783 -0.0014647386 -0.0019558256 50937 g
 2.9770403 -0.025288755 -8.6712 50941 a
 -6.5753446E-4 -3.9947417E-4 1.7470337E-4 51137 g
 2.992004 -0.03247136 -8.682572 51141 a
 0.0017393104 -1.3315806E-4 4.4101948E-4 51339 g
 3.0021794 -0.014514848 -8.696339 51342 a
 6.7404605E-4 0.0017310547 4.4101948E-4 51538 g
 2.9776387 -0.011522096 -8.672397 51541 a
 -1.2490226E-4 -6.657903E-4 7.073356E-4 51738 g
 2.9926026 -0.0175076 -8.67958 51742 a
 -3.9121837E-4 9.321064E-4 0.002038916 51938 g
 2.9860184 -0.0067336923 -8.688558 51942 a
 9.4036217E-4 -0.0011984225 -0.0014231933 52138 g
 2.994398 -0.037858315 -8.698134 52141 a
 -0.0011901667 9.321064E-4 7.073356E-4 52338 g
 2.98123 -0.0037409402 -8.70831 52341 a
 -0.0014564828 -3.9947417E-4 -0.0014231933 52539 g
 2.994398 -0.004938041 -8.694544 52543 a
 4.0772997E-4 0.0019973707 0.0012399678 52739 g
 2.9830258 -0.027084406 -8.714894 52742 a
 -3.9121837E-4 0.0011984225 -6.24245E-4 52938 g
 2.9848213 -0.015113398 -8.696339 52942 a
 4.0772997E-4 -9.321064E-4 -9.161274E-5 53139 g
 3.0045736 -0.020500353 -8.677784 53143 a
 0.0012066783 -6.657903E-4 -8.905611E-4 53338 g
 3.0075662 -0.01810615 -8.676587 53343 a
 4.0772997E-4 3.9947417E-4 -0.0019558256 53539 g
 2.994398 -0.024690205 -8.696339 53543 a
 -3.9121837E-4 9.321064E-4 7.073356E-4 53741 g
 2.980033 -0.0031423897 -8.704121 53753 a
 -4.1625206E-4 -0.0016229304 1.9973709E-4 53939 g
 2.9782374 0.0070329676 -8.698733 53942 a
 0.0011816446 0.003969708 -5.9921126E-4 54157 g
 3.010559 -0.009726444 -8.681973 54160 a
 -0.0014815165 0.0010402307 0.0020639498 54340 g
 3.0045736 -0.012120646 -8.686762 54344 a
 -9.488843E-4 7.739146E-4 -8.6552737E-4 54540 g
 2.9949968 -0.011522096 -8.722076 54543 a
 -0.002546781 -0.0010902982 -5.9921126E-4 54740 g
 3.0297127 0.010025719 -8.696339 54743 a
 -0.0041446774 0.022878151 -0.0011318434 54940 g
 3.0632315 -0.0199018 -8.675988 54943 a
 0.0027795413 0.0050349724 4.660532E-4 55139 g
 3.0189388 0.017806875 -8.714894 55143 a
 0.0014479606 0.013823404 0.0036618465 55340 g
 3.1847372 0.045340195 -8.5473 55344 a
 -0.025716282 0.15017726 -0.009920275 55541 g
 3.1841385 0.0058358666 -8.64666 55544 a
 0.015562714 -0.051157728 0.0039281626 55740 g
 5.0390463 -0.2916437 -9.560047 55744 a
 -0.051016312 0.30384165 -0.04107926 55940 g
 4.1998787 -0.46103346 -10.09156 55943 a
 -6.825682E-4 0.025541313 -0.41312286 56141 g
 4.152593 0.42721537 -8.802282 56144 a
 -0.12478587 0.11449089 -0.25945845 56340 g
 4.089147 0.6630442 -8.891466 56345 a
 -0.073653184 0.11528984 -0.0032623722 56541 g
 4.2776904 0.69895726 -8.3408 56544 a
 6.4901233E-4 -0.0045524077 -0.27357322 56741 g
 4.284873 1.3938743 -8.061875 56745 a
 0.10744177 -0.11800307 -0.08209194 56940 g
 3.958663 0.36436757 -8.765172 56944 a
 0.124486 -0.26580852 -0.102065645 57153 g
 3.5827732 1.4525323 -8.181585 57157 a
 -0.1037469 -0.18910947 -0.30286798 57356 g
 3.4959834 0.7115268 -8.834604 57361 a
 0.25444826 0.043384492 -0.058389805 57544 g
 3.7150528 0.48407766 -8.970475 57558 a
 0.017426927 -0.03704297 -0.113250926 57758 g
 3.4959834 0.5056255 -8.611345 57762 a
 -0.09629005 -0.035445075 -0.009387643 57956 g
 3.5229182 0.50263274 -8.822633 57960 a
 -0.09495847 -0.032249283 0.0047271107 58137 g
 3.5462615 0.4038719 -9.032125 58139 a
 0.1079744 0.01408972 -0.07862983 58340 g
 2.9489083 -0.8165724 -8.223484 58356 a
 0.3292831 0.079603486 -0.07889615 58559 g
 3.4774284 0.80310506 -9.19972 58562 a
 -0.21320282 0.012225507 0.033222936 58763 g
 3.3589153 0.19677345 -8.598177 58772 a
 0.017160611 0.009029713 0.07636614 58945 g
 3.3289878 0.43379942 -8.863335 58957 a
 -0.2060123 -0.045565087 0.08488826 59157 g
 3.568408 1.6560394 -9.407417 59161 a
 -0.7386445 -0.09110514 -0.054128747 59346 g
 3.842544 1.8421886 -7.994838 59361 a
 -0.11093744 0.019948674 0.018042916 59546 g
 3.9580643 1.96549 -9.361927 59559 a
 -0.7239971 -0.0045524077 -0.20619525 59759 g
 3.6779428 1.7422307 -8.1881695 59762 a
 -0.5596801 0.14005724 0.2739727 59949 g
 3.4899979 0.79652095 -9.951499 59959 a
 1.469116 -0.22879057 -0.032823462 60292 g
 -0.7054298 -1.5434518 0.6212489 4 g
 5.285799 6.0209684 -2.0804117 6 a
 0.0061668158 -0.90935314 0.5900899 143 g
 5.0505686 12.029218 -3.3457472 146 a
 -0.23325136 0.36390418 -0.34521225 341 g
 6.770204 8.506149 -4.574571 343 a
 -0.48039272 -0.69630027 0.086752474 541 g
 6.0639143 10.265888 -2.5053825 543 a
 0.14944488 0.1724229 0.6329668 741 g
 6.595427 3.9823055 -3.1458313 742 a
 1.4059243 -0.84011096 2.022338 941 g
 5.969942 -0.6175544 -8.10542 942 a
 1.425898 -0.5796538 0.41831604 1142 g
 3.494936 -1.8218379 -10.54152 1143 a
 -0.013540576 -0.9831227 -0.008322379 1342 g
 2.5941176 -1.2520179 -9.878326 1345 a
 -0.0042195125 -0.6097475 -0.115115136 1548 g
 1.9847932 -1.2711715 -9.784953 1552 a
 -0.003154248 -0.07551739 -0.03149188 1748 g
 1.7034745 -1.0802339 -9.756223 1752 a
 -0.027921647 -0.06699528 -0.050932955 1948 g
 0.7990648 -2.9698575 -9.9411745 1952 a
 0.5824749 1.9085376 -0.70740217 2151 g
 10.117298 -0.6863877 -19.942951 2155 a
 0.39818412 -1.796452 -0.040280312 2347 g
 2.6635494 -0.7468413 -9.294142 2351 a
 0.06076162 -0.08537109 0.024700819 2548 g
 2.7647045 -1.0736499 -9.198373 2552 a
 -0.003154248 -0.0147973215 0.044674527 2751 g
 2.6898856 -1.081431 -9.185205 2755 a
 -0.021263743 -0.013199425 0.025499767 2948 g
 2.7180176 -0.93718034 -9.116372 2952 a
 -0.030851124 0.01582903 0.022303974 3150 g
 2.6850972 -1.0137948 -9.169642 3153 a
 0.013889983 -0.012666793 0.034021884 3346 g
 2.6270378 -0.98446584 -9.196578 3421 a
 -0.009812151 -0.0012152004 0.027896613 3548 g
 2.6719291 -1.0317513 -9.163059 3552 a
 -0.0026216158 -0.015862586 0.028162928 3748 g
 2.6880898 -1.1071687 -9.178621 3752 a
 -0.010877415 0.0025132252 0.028695561 3951 g
 2.6396074 -1.1065701 -9.198972 3955 a
 -0.008746887 0.0051763863 0.026831347 4156 g
 2.7299886 -1.0904093 -9.157073 4160 a
 -0.009545835 0.0025132252 0.026565032 4350 g
 2.6485856 -1.0904093 -9.161263 4355 a
 -0.011942679 0.006241651 0.026831347 4553 g
 2.6192567 -1.0239701 -9.148095 4557 a
 -0.0068826736 -0.012134161 0.027630296 4750 g
 2.6623523 -1.0485107 -9.159468 4765 a
 -0.017269002 0.0038448055 0.026298715 4952 g
 2.6749218 -1.0437223 -9.158869 4957 a
 -0.0130079435 0.0027795413 0.024434503 5159 g
 2.6964695 -1.0652701 -9.155277 5162 a
 -0.0050184606 -0.005476258 0.027630296 5347 g
 2.6557682 -1.093402 -9.222914 5350 a
 -0.01673637 0.0043774378 0.026831347 5547 g
 2.6324248 -1.0886136 -9.18341 5551 a
 -0.009279518 0.005442702 0.0260324 5752 g
 2.6731262 -1.0610802 -9.16246 5756 a
 -0.011410047 0.0027795413 0.028429244 5952 g
 2.6324248 -1.0874165 -9.189994 5956 a
 -0.015671104 0.0057090186 0.02736398 6155 g
 2.6156654 -1.0910078 -9.198972 6159 a
 -0.011143731 1.16380135E-4 0.028695561 6356 g
 2.6282349 -1.0431237 -9.130138 6359 a
 -0.014605841 0.0051763863 0.028162928 6552 g
 2.5647886 -1.0311527 -9.164256 6556 a
 -0.011410047 0.0073069152 0.02736398 6752 g
 2.6874914 -1.0951977 -9.16665 6756 a
 -0.012208995 -0.005742574 0.027896613 6955 g
 2.6731262 -1.0808325 -9.141511 6959 a
 -0.016470054 -0.0038783615 0.026831347 7151 g
 2.6713305 -1.0652701 -9.100211 7155 a
 -0.015138472 -4.1625206E-4 0.024700819 7352 g
 2.718616 -1.0263643 -9.12954 7357 a
 -0.0063500414 0.0043774378 0.03082609 7553 g
 2.6497827 -1.0700585 -9.172636 7557 a
 -0.014872157 1.16380135E-4 0.025233451 7752 g
 2.6372132 -1.040131 -9.230695 7757 a
 -0.016470054 -9.488843E-4 0.025499767 7953 g
 2.6420016 -1.016189 -9.153482 7957 a
 -0.012475312 -4.1625206E-4 0.028162928 8157 g
 2.653374 -1.0766426 -9.161861 8161 a
 -0.010344783 0.001980593 0.026565032 8360 g
 2.6426 -1.0407295 -9.208549 8365 a
 -0.01327426 -1.4993596E-4 0.026831347 8558 g
 2.6791117 -1.0945991 -9.171438 8561 a
 -0.011942679 -0.0041446774 0.027097665 8756 g
 2.6509798 -1.0491092 -9.172037 8759 a
 -0.003953196 0.0017142767 0.02949451 8951 g
 2.6264393 -1.0742484 -9.164854 8955 a
 -0.016203737 0.0035784894 0.024967136 9155 g
 2.6599581 -1.0850223 -9.185803 9159 a
 -0.009545835 9.1532845E-4 0.0260324 9348 g
 2.6126726 -1.0532991 -9.189395 9350 a
 -0.012741628 0.0038448055 0.024700819 9554 g
 2.6599581 -1.0832267 -9.161861 9555 a
 -0.0100784665 0.00491007 0.026831347 9754 g
 2.6839 -1.0802339 -9.144504 9767 a
 -0.006083725 -0.0068078386 0.027630296 9955 g
 2.6749218 -1.1035774 -9.139715 9959 a
 -0.02206269 0.0038448055 0.023369238 10156 g
 2.7030537 -1.0981904 -9.1457 10159 a
 -0.012475312 1.16380135E-4 0.026298715 10352 g
 2.7048495 -1.0910078 -9.119964 10357 a
 -0.0071489895 -0.0030794132 0.030559773 10558 g
 2.682703 -1.1089643 -9.1451025 10561 a
 -0.012475312 0.004643754 0.027097665 10755 g
 2.6078842 -1.0610802 -9.27379 10759 a
 -0.005817409 -0.0089383675 0.02736398 10955 g
 2.6833014 -1.0509049 -9.1457 10959 a
 -0.005551093 0.0051763863 0.028162928 11158 g
 2.617461 -1.0425252 -9.196578 11161 a
 -0.011410047 0.004643754 0.026565032 11357 g
 2.585738 -1.0826281 -9.239075 11360 a
 -0.0076816217 -1.4993596E-4 0.028162928 11557 g
 2.7204118 -1.1155484 -9.13373 11561 a
 -0.019133214 0.0035784894 0.029228192 11757 g
 2.6366146 -1.0197803 -9.135526 11761 a
 -0.0130079435 0.0017142767 0.026298715 11956 g
 2.6737247 -1.0790368 -9.149292 11959 a
 -0.012208995 -0.0046773097 0.02736398 12157 g
 2.6252422 -1.0389339 -9.12954 12160 a
 -0.009013202 9.1532845E-4 0.028162928 12358 g
 2.6204538 -1.0287585 -9.177424 12361 a
 -0.011410047 0.002246909 0.028961876 12558 g
 2.6144683 -1.0473136 -9.155876 12562 a
 -0.009279518 -0.007074155 0.027896613 12757 g
 2.653374 -1.0754455 -9.142708 12760 a
 -0.009545835 0.0025132252 0.029228192 12958 g
 2.5959132 -1.0425252 -9.19538 12962 a
 -0.011942679 0.0073069152 0.026565032 13157 g
 2.6264393 -1.1041759 -9.21633 13161 a
 -0.010344783 0.0014479606 0.027630296 13359 g
 2.645593 -1.1005846 -9.167249 13362 a
 -0.00848057 -0.0030794132 0.028695561 13558 g
 2.6018987 -1.0682628 -9.128343 13564 a
 -0.0071489895 0.0073069152 0.030027142 13758 g
 2.6581624 -1.0754455 -9.141511 13762 a
 -0.011942679 0.0035784894 0.0260324 13956 g
 2.6252422 -1.0856209 -9.168446 13959 a
 -0.011942679 3.8269625E-4 0.027896613 14160 g
 2.6473885 -1.0664672 -9.169642 14164 a
 -0.014339524 -4.1625206E-4 0.027097665 14357 g
 2.6180596 -1.0628759 -9.176826 14361 a
 -0.005817409 0.006774283 0.030027142 14557 g
 2.6755204 -1.0844238 -9.123554 14561 a
 -0.018334266 -0.009204684 0.027630296 14761 g
 2.6868927 -1.1059716 -9.152285 14772 a
 -0.011410047 0.0027795413 0.027630296 14958 g
 2.6581624 -1.0604817 -9.144504 14962 a
 -0.017535318 0.0025132252 0.02736398 15158 g
 2.6755204 -1.0580875 -9.148095 15163 a
 -0.0100784665 -0.0017478326 0.027630296 15360 g
 2.6252422 -1.070657 -9.189994 15364 a
 -0.011676364 -9.488843E-4 0.02949451 15557 g
 2.673276 -1.0794857 -9.168446 15561 a
 -0.0020889835 0.002246909 0.02949451 15758 g
 2.6565163 -1.1064205 -9.181015 15762 a
 -0.017801633 0.0030458574 0.024700819 15960 g
 2.6726773 -1.1489176 -9.212738 15964 a
 -0.011143731 0.005442702 0.026298715 16161 g
 2.620005 -1.0579379 -9.137321 16165 a
 -0.026856381 0.0025132252 0.023635555 16357 g
 2.5589528 -1.035193 -9.203161 16361 a
 -0.0066163572 -6.825682E-4 0.028162928 16560 g
 2.645144 -1.0752958 -9.130737 16564 a
 -0.021263743 0.001980593 0.0260324 16757 g
 2.7044005 -1.0687118 -9.117569 16760 a
 -0.02019848 0.001980593 0.024434503 16960 g
 2.6433482 -1.0746973 -9.148095 16965 a
 -0.022861639 -0.0036120454 0.025766084 17162 g
 2.5834932 -1.0339959 -9.178621 17166 a
 -0.01327426 0.002246909 0.025499767 17355 g
 2.6206033 -1.072303 -9.119365 17363 a
 -0.010611099 -9.488843E-4 0.028695561 17558 g
 2.603844 -1.0794857 -9.147496 17562 a
 -0.011143731 0.0073069152 0.02736398 17764 g
 2.6553192 -1.0746973 -9.099014 17767 a
 -0.015404789 0.00491007 0.026298715 17961 g
 2.5912745 -1.0705074 -9.199571 17965 a
 -0.020997427 -0.0036120454 0.023635555 18159 g
 2.6235962 -1.0782886 -9.158869 18163 a
 -0.0100784665 -0.0014815165 0.028961876 18363 g
 2.5936687 -1.0651205 -9.153482 18367 a
 -0.011942679 3.8269625E-4 0.025233451 18559 g
 2.63437 -1.1100118 -9.172037 18562 a
 -0.01673637 -0.0022804649 0.025499767 18759 g
 2.6328738 -1.0871172 -9.198074 18762 a
 -0.009013202 -0.0041446774 0.026831347 18960 g
 2.6520274 -1.0823288 -9.167548 18964 a
 -0.008214254 -0.0014815165 0.028961876 19162 g
 2.680159 -1.108665 -9.147197 19167 a
 -0.010611099 0.0014479606 0.026565032 19360 g
 2.623297 -1.0883143 -9.196279 19366 a
 -0.0068826736 0.0011816446 0.031092405 19558 g
 2.6119244 -1.0679636 -9.148993 19562 a
 -0.015404789 -0.0041446774 0.027630296 19759 g
 2.7035027 -1.1098621 -9.138219 19764 a
 -0.0042195125 0.004111122 0.028429244 19958 g
 2.605939 -1.0889128 -9.140614 19961 a
 -0.01327426 0.00491007 0.028961876 20169 g
 2.6101289 -1.067365 -9.178921 20172 a
 -0.013540576 -0.0020141487 0.026565032 20360 g
 2.6101289 -1.0948983 -9.171738 20364 a
 -0.01327426 9.1532845E-4 0.028162928 20560 g
 2.6370635 -1.0829273 -9.165752 20565 a
 -0.009279518 -0.007340471 0.027896613 20763 g
 2.6544216 -1.120636 -9.18311 20767 a
 -0.011143731 0.00491007 0.027097665 20960 g
 2.6436477 -1.1014824 -9.168745 20965 a
 -0.01806795 -0.0022804649 0.025766084 21164 g
 2.6568158 -1.1176432 -9.193286 21168 a
 -0.0071489895 -0.0012152004 0.030027142 21363 g
 2.6544216 -1.0954969 -9.177125 21369 a
 -0.009812151 0.00491007 0.027896613 21561 g
 2.7058969 -1.103278 -9.130438 21565 a
 -0.009545835 0.005442702 0.028429244 21761 g
 2.607136 -1.0643723 -9.159767 21766 a
 -0.010344783 0.0033121735 0.024168186 21964 g
 2.6060886 -1.0779893 -9.162311 21968 a
 -0.013540576 0.0043774378 0.028961876 22165 g
 2.6671407 -1.0989386 -9.126397 22169 a
 -0.011676364 -0.0046773097 0.027097665 22361 g
 2.6539726 -1.1073183 -9.168296 22366 a
 -0.0130079435 -0.004410994 0.027896613 22564 g
 2.6719291 -1.1504139 -9.177275 22568 a
 -0.011143731 -0.002546781 0.028961876 22757 g
 2.6360161 -1.0893618 -9.190442 22761 a
 -0.007415306 3.8269625E-4 0.027630296 22961 g
 2.6809072 -1.1055226 -9.156325 22966 a
 -0.008746887 0.0059753344 0.030027142 23164 g
 2.6258407 -1.09834 -9.165902 23168 a
 -0.010344783 1.16380135E-4 0.028695561 23365 g
 2.6491842 -1.0953473 -9.139565 23371 a
 -0.014872157 -0.007074155 0.026831347 23562 g
 2.6551697 -1.0947487 -9.167099 23573 a
 -0.0036868802 -1.4993596E-4 0.031092405 23768 g
 2.645593 -1.0875661 -9.186253 23772 a
 -0.010344783 0.0043774378 0.028162928 23961 g
 2.6270378 -1.1498153 -9.122208 23966 a
 -0.014339524 0.0025132252 0.0260324 24164 g
 2.6162639 -1.0827777 -9.178472 24168 a
 -0.011676364 -6.825682E-4 0.028695561 24366 g
 2.64679 -1.1115081 -9.168296 24369 a
 -0.012741628 0.0038448055 0.026831347 24562 g
 2.6479871 -1.0672154 -9.185056 24567 a
 -0.014339524 -0.0060088905 0.03082609 24762 g
 2.6312277 -1.0935516 -9.164106 24775 a
 -0.008214254 0.0035784894 0.028429244 24960 g
 2.6366146 -1.09834 -9.1629095 24975 a
 -0.014872157 0.0017142767 0.027896613 25164 g
 2.6271875 -1.0857705 -9.172187 25168 a
 -0.011676364 -0.0022804649 0.028162928 25366 g
 2.6032455 -1.0965444 -9.1512375 25372 a
 -0.015671104 0.0027795413 0.025499767 25566 g
 2.6373627 -1.0540473 -9.159617 25570 a
 -0.012741628 6.4901233E-4 0.024434503 25764 g
 2.646341 -1.0923545 -9.184756 25767 a
 -0.0068826736 -0.0012152004 0.026831347 25964 g
 2.6188078 -1.073201 -9.1590185 25967 a
 -0.014605841 0.0051763863 0.027097665 26167 g
 2.6708817 -1.0654198 -9.1590185 26171 a
 -0.009812151 0.0014479606 0.026831347 26367 g
 2.6481366 -1.0875661 -9.172187 26372 a
 -0.0100784665 9.1532845E-4 0.028162928 26564 g
 2.6283846 -1.0779893 -9.194333 26568 a
 -0.009279518 -1.4993596E-4 0.028429244 26767 g
 2.6457424 -1.1079168 -9.216479 26770 a
 -0.016470054 9.1532845E-4 0.02736398 26965 g
 2.6164136 -1.0528502 -9.181764 26968 a
 -0.008746887 6.4901233E-4 0.028695561 27166 g
 2.6146178 -1.0773908 -9.213487 27170 a
 -0.014339524 0.002246909 0.027097665 27366 g
 2.6349685 -1.074398 -9.12131 27369 a
 -0.0044858283 6.4901233E-4 0.02949451 27567 g
 2.627786 -1.1127052 -9.184756 27571 a
 -0.011676364 0.001980593 0.02736398 27768 g
 2.6259904 -1.0839748 -9.170391 27772 a
 -0.0071489895 -4.1625206E-4 0.028162928 27968 g
 2.646341 -1.0881647 -9.176975 27971 a
 -0.0068826736 3.8269625E-4 0.030293457 28166 g
 2.6577134 -1.0905589 -9.124303 28170 a
 -0.014073208 0.0038448055 0.027630296 28366 g
 2.6137202 -1.0634744 -9.207052 28369 a
 -0.010344783 0.0011816446 0.026831347 28569 g
 2.6633997 -1.1305121 -9.172337 28575 a
 -0.009545835 0.0027795413 0.028961876 28766 g
 2.648436 -1.0880151 -9.240571 28769 a
 -0.011410047 0.0011816446 0.02736398 28964 g
 2.6346693 -1.086818 -9.16276 28968 a
 -0.005551093 0.0033121735 0.03082609 29168 g
 2.6155157 -1.0862194 -9.175329 29172 a
 -0.0130079435 0.0017142767 0.026831347 29366 g
 2.6717794 -1.1113585 -9.159168 29369 a
 -0.014073208 0.0017142767 0.024434503 29567 g
 2.6238954 -1.0874165 -9.199271 29571 a
 -0.007947938 -0.0014815165 0.02736398 29769 g
 2.6041431 -1.0850223 -9.19568 29780 a
 -0.013540576 -9.488843E-4 0.026565032 29966 g
 2.6424506 -1.0844238 -9.18311 29971 a
 -0.009812151 0.002246909 0.030027142 30167 g
 2.6209028 -1.0736499 -9.170541 30171 a
 -0.010877415 -0.010269948 0.027097665 30367 g
 2.6436477 -1.081431 -9.130438 30371 a
 -0.00848057 0.0011816446 0.030559773 30568 g
 2.6292825 -1.1143513 -9.161562 30572 a
 -0.00848057 0.0043774378 0.028961876 30767 g
 2.620304 -1.0562918 -9.168745 30770 a
 -0.012208995 0.004111122 0.026831347 30968 g
 2.660407 -1.1011832 -9.177125 30972 a
 -0.00848057 0.0030458574 0.028162928 31168 g
 2.6286838 -1.1029788 -9.183709 31172 a
 -0.014872157 0.0017142767 0.024967136 31368 g
 2.6185086 -1.1161469 -9.138818 31372 a
 -0.00848057 6.4901233E-4 0.028695561 31563 g
 2.6280854 -1.0928035 -9.190293 31569 a
 -0.011143731 0.0030458574 0.0260324 31771 g
 2.6466403 -1.0856209 -9.12146 31775 a
 -0.009812151 6.4901233E-4 0.029760825 31967 g
 2.6412535 -1.1179426 -9.163358 31971 a
 -0.010344783 1.16380135E-4 0.030293457 32169 g
 2.648436 -1.1113585 -9.186103 32173 a
 -0.0066163572 0.0033121735 0.030027142 32367 g
 2.6185086 -1.1131542 -9.176526 32370 a
 -0.011143731 0.0017142767 0.026298715 32569 g
 2.6346693 -1.0796354 -9.170541 32573 a
 -0.01327426 9.1532845E-4 0.028429244 32767 g
 2.6089318 -1.0610802 -9.172935 32772 a
 -0.008214254 -0.0020141487 0.029760825 32969 g
 2.6155157 -1.093402 -9.151387 32974 a
 -0.009812151 6.4901233E-4 0.028429244 33168 g
 2.593968 -1.0826281 -9.184307 33174 a
 -0.010877415 0.0027795413 0.02949451 33370 g
 2.6478374 -1.1017817 -9.165752 33375 a
 -0.009545835 0.0011816446 0.02736398 33564 g
 2.6149173 -1.0874165 -9.166949 33568 a
 -0.012208995 0.004643754 0.029760825 33765 g
 2.6358664 -1.0664672 -9.188498 33771 a
 -0.011676364 -0.0012152004 0.027630296 33970 g
 2.6358664 -1.0969933 -9.152584 33976 a
 -0.013540576 -0.0046773097 0.029228192 34171 g
 2.6173115 -1.0981904 -9.176526 34177 a
 -0.0071489895 0.0017142767 0.03082609 34368 g
 2.595165 -1.0820296 -9.198672 34372 a
 -0.014339524 3.8269625E-4 0.024700819 34571 g
 2.6215012 -1.093402 -9.119065 34578 a
 -0.0100784665 0.0030458574 0.030027142 34769 g
 2.6452937 -1.0996867 -9.156475 34772 a
 -0.010877415 0.001980593 0.028429244 34968 g
 2.6237457 -1.1188403 -9.194782 34972 a
 -0.009812151 0.0057090186 0.030027142 35172 g
 2.628534 -1.1134534 -9.215133 35177 a
 -0.009812151 -0.0012152004 0.028695561 35368 g
 2.6231472 -1.0871172 -9.131934 35372 a
 -0.009013202 0.0027795413 0.030559773 35565 g
 2.6279356 -1.108665 -9.185205 35569 a
 -0.009812151 0.002246909 0.027097665 35768 g
 2.6518776 -1.1092635 -9.206155 35771 a
 -0.0130079435 -9.488843E-4 0.026298715 35970 g
 2.6405053 -1.1164461 -9.17084 35976 a
 -0.010611099 6.4901233E-4 0.02736398 36172 g
 2.6351182 -1.0895114 -9.190592 36177 a
 -0.010344783 0.0030458574 0.027097665 36368 g
 2.6291327 -1.096694 -9.191191 36372 a
 -0.009279518 0.004643754 0.029228192 36568 g
 2.6417024 -1.1122563 -9.175629 36572 a
 -0.0076816217 0.00491007 0.02949451 36769 g
 2.6159647 -1.0948983 -9.189994 36773 a
 -0.014073208 -4.1625206E-4 0.027896613 36972 g
 2.6147676 -1.0978911 -9.173234 36977 a
 -0.010611099 0.0017142767 0.026831347 37173 g
 2.6345196 -1.0619781 -9.143906 37178 a
 -0.009545835 0.0014479606 0.02736398 37369 g
 2.6309283 -1.1050737 -9.19538 37373 a
 -0.010877415 0.001980593 0.028695561 37572 g
 2.6249428 -1.1026795 -9.165453 37577 a
 -0.005817409 0.0033121735 0.03082609 37770 g
 2.6393082 -1.0817302 -9.143906 37774 a
 -0.011942679 -0.002546781 0.024967136 37970 g
 2.6238954 -1.102081 -9.17473 37977 a
 -0.010611099 0.0025132252 0.026565032 38177 g
 2.6382606 -1.0954969 -9.157971 38180 a
 -0.009013202 0.0030458574 0.027630296 38370 g
 2.6215012 -1.1074679 -9.160964 38374 a
 -0.010344783 0.002246909 0.028162928 38570 g
 2.6155157 -1.1068693 -9.1873 38576 a
 -0.0071489895 3.8269625E-4 0.02949451 38776 g
 2.6376622 -1.0877157 -9.169942 38783 a
 -0.014339524 0.0017142767 0.028429244 38988 g
 2.6424506 -1.0877157 -9.17114 38996 a
 -0.012741628 0.0025132252 0.029760825 39164 g
 2.6358664 -1.1224316 -9.178322 39165 a
 -0.008746887 9.1532845E-4 0.028961876 39365 g
 2.6340709 -1.1008838 -9.190293 39365 a
 -0.010877415 0.002246909 0.028695561 39572 g
 2.6412535 -1.0751462 -9.146599 39576 a
 -0.007415306 9.1532845E-4 0.028695561 39774 g
 2.6406548 -1.0972925 -9.175329 39785 a
 -0.013806893 0.0043774378 0.027630296 39974 g
 2.636465 -1.1110592 -9.168146 39978 a
 -0.014339524 1.16380135E-4 0.029760825 40172 g
 2.6185086 -1.0853215 -9.173533 40176 a
 -0.008214254 0.0027795413 0.029760825 40371 g
 2.6107273 -1.0925041 -9.179519 40375 a
 -0.012475312 0.0033121735 0.026565032 40575 g
 2.6400564 -1.0745476 -9.165752 40578 a
 -0.010611099 0.0017142767 0.026565032 40772 g
 2.6173115 -1.1200374 -9.184906 40776 a
 -0.007415306 0.0030458574 0.029760825 40972 g
 2.624494 -1.0907085 -9.170541 40976 a
 -0.0015896409 -0.0010902982 -0.0028546425 41177 g
 2.6318262 -1.0959458 -9.181614 41181 a
 0.0013398363 -2.9134983E-4 8.7378314E-4 41368 g
 2.653374 -1.1168951 -9.182811 41371 a
 -7.906925E-4 0.0018391791 8.7378314E-4 41575 g
 2.6342204 -1.1180922 -9.154679 41579 a
 -0.0010570086 0.001572863 -1.9148127E-4 41775 g
 2.6384103 -1.09834 -9.185803 41779 a
 -0.0013233247 -0.0021555626 6.07467E-4 41972 g
 2.6102784 -1.0977415 -9.170241 41977 a
 0.0026714168 0.001572863 -1.9148127E-4 42175 g
 2.6515784 -1.1001357 -9.195979 42179 a
 -0.003986486 -0.0037534593 -0.002055694 42370 g
 2.6246436 -1.0779893 -9.163657 42374 a
 0.0037366813 -2.5033714E-5 0.0035369443 42576 g
 2.621651 -1.0839748 -9.21214 42579 a
 -0.0013233247 0.0010402307 -0.002055694 42773 g
 2.6330233 -1.1013328 -9.187599 42777 a
 2.745719E-4 -0.002954511 0.0016727315 42976 g
 2.6114755 -1.0833763 -9.19179 42980 a
 5.40888E-4 -0.0010902982 -0.002055694 43175 g
 2.621651 -1.1019313 -9.17503 43178 a
 -0.0031875374 2.412824E-4 7.4834825E-5 43370 g
 2.6270378 -1.0779893 -9.152285 43373 a
 0.0013398363 -0.002954511 0.0011400993 43578 g
 2.6437972 -1.0989386 -9.154679 43582 a
 -5.243764E-4 0.0021054952 0.0011400993 43776 g
 2.6018987 -1.0905589 -9.194782 43779 a
 -0.004252802 -0.0010902982 -0.0025883263 44014 g
 2.598906 -1.1168951 -9.19179 44016 a
 8.072041E-4 -0.0016229304 3.4115094E-4 44177 g
 2.6234465 -1.1043255 -9.182811 44182 a
 -0.0015896409 -0.0010902982 -0.0033872745 44371 g
 2.609231 -1.0911574 -9.1751795 44374 a
 0.0021387846 5.075985E-4 -9.904295E-4 44577 g
 2.6247933 -1.1085154 -9.175778 44582 a
 -0.0013233247 2.412824E-4 -9.904295E-4 44777 g
 2.6116252 -1.1043255 -9.175778 44791 a
 -0.0010570086 -0.0037534593 7.4834825E-5 44975 g
 2.6271875 -1.0726024 -9.177573 44978 a
 -5.243764E-4 -0.0016229304 -0.0015230618 45171 g
 2.6295817 -1.1073183 -9.19134 45182 a
 -2.5806032E-4 0.001572863 6.07467E-4 45371 g
 2.6247933 -1.1055226 -9.176376 45376 a
 2.745719E-4 -0.003220827 -0.0017893779 45578 g
 2.6020484 -1.127669 -9.169792 45581 a
 5.40888E-4 -0.0010902982 -4.5779737E-4 45776 g
 2.6349685 -1.0965444 -9.16261 45780 a
 -0.0026549052 -0.0016229304 -0.004452539 45978 g
 2.642151 -1.1085154 -9.19972 45981 a
 0.003204049 -2.9134983E-4 0.0019390476 46177 g
 2.6385598 -1.1288661 -9.1668 46180 a
 -0.0029212213 -8.2398206E-4 -0.0012567457 46374 g
 2.6182091 -1.0809821 -9.151836 46377 a
 2.745719E-4 -0.0018892465 -4.5779737E-4 46581 g
 2.6229975 -1.1204864 -9.167398 46585 a
 -0.0013233247 0.0010402307 -9.904295E-4 46777 g
 2.6194062 -1.0923545 -9.174581 46780 a
 -5.243764E-4 -0.0024218787 0.0011400993 46977 g
 2.620005 -1.122282 -9.202114 46981 a
 0.0034703652 -0.0016229304 -7.241135E-4 47179 g
 2.6218004 -1.0977415 -9.199121 47182 a
 -0.0031875374 5.075985E-4 8.7378314E-4 47376 g
 2.639757 -1.1043255 -9.1590185 47379 a
 -0.001989115 -0.0016644757 -0.0021473067 47578 g
 2.6219501 -1.1168951 -9.1952305 47582 a
 0.0033372073 7.323693E-4 -8.1572623E-4 47775 g
 2.6470892 -1.115698 -9.162311 47778 a
 -0.0035870117 4.660532E-4 -5.494101E-4 47978 g
 2.6303298 -1.1049241 -9.191041 47981 a
 -1.2490226E-4 7.323693E-4 2.495382E-4 48178 g
 2.6363153 -1.1234791 -9.17907 48181 a
 -0.0011901667 9.986854E-4 7.821704E-4 48377 g
 2.6135705 -1.1031284 -9.201217 48380 a
 -6.5753446E-4 -0.0032623722 5.158543E-4 48579 g
 2.6261399 -1.0803835 -9.175479 48582 a
 0.0036035231 0.0020639498 0.0018474348 48777 g
 2.6452937 -1.1180922 -9.1952305 48782 a
 1.4141385E-4 4.660532E-4 5.158543E-4 48978 g
 2.6333225 -1.0827777 -9.150938 48981 a
 -1.2490226E-4 -5.9921126E-4 0.0015811187 49178 g
 2.614169 -1.1025299 -9.149741 49182 a
 0.0022719428 -0.0013981595 0.0018474348 49376 g
 2.6321254 -1.1139023 -9.191041 49381 a
 -0.0014564828 -0.0011318434 -0.0013483585 49579 g
 2.619556 -1.1019313 -9.165303 49583 a
 0.002538259 -0.0011318434 0.0018474348 49777 g
 2.6213515 -1.1270704 -9.182661 49780 a
 -3.9121837E-4 -0.0011318434 -8.1572623E-4 49977 g
 2.6351182 -1.0995371 -9.168296 49988 a
 -3.9121837E-4 -0.0011318434 0.0015811187 50180 g
 2.6303298 -1.110311 -9.199421 50187 a
 0.0036035231 -0.0016644757 0.0010484866 50377 g
 2.6159647 -1.1127052 -9.183859 50380 a
 9.4036217E-4 0.002330266 -2.8309404E-4 50580 g
 2.6057892 -1.1013328 -9.198224 50584 a
 -0.0027880634 -0.0011318434 0.0013148027 50780 g
 2.6162639 -1.1065701 -9.161263 50785 a
 0.0030708911 1.9973709E-4 2.495382E-4 50978 g
 2.6426 -1.1167455 -9.149891 50981 a
 -0.0027880634 -6.657903E-5 -8.1572623E-4 51179 g
 2.6509798 -1.1245266 -9.193584 51182 a
 0.005734052 -3.3289514E-4 0.0029126992 51381 g
 2.629432 -1.0969933 -9.170241 51385 a
 -0.0017227989 1.9973709E-4 -0.0016146746 51580 g
 2.621651 -1.105373 -9.15408 51585 a
 0.0020056267 -0.0013981595 2.495382E-4 51779 g
 2.6497827 -1.1323078 -9.174431 51782 a
 0.0017393104 -5.9921126E-4 0.0013148027 51978 g
 2.6288335 -1.1101614 -9.173833 51982 a
 -9.238506E-4 -3.3289514E-4 5.158543E-4 52181 g
 2.6132712 -1.0981904 -9.184008 52186 a
 -0.001989115 -6.657903E-5 5.158543E-4 52379 g
 2.6402059 -1.1245266 -9.163657 52382 a
 0.0036035231 9.986854E-4 7.821704E-4 52584 g
 2.6300306 -1.105373 -9.172037 52589 a
 -0.0022554311 -0.00272974 -8.1572623E-4 52779 g
 2.6001031 -1.1077672 -9.172636 52782 a
 0.0036035231 -5.9921126E-4 0.0018474348 52979 g
 2.6318262 -1.1071687 -9.173234 52982 a
 -0.0017227989 0.0039281626 -0.0013483585 53179 g
 2.6138697 -1.0981904 -9.185205 53182 a
 0.0014729943 -0.0011318434 2.495382E-4 53379 g
 2.6252422 -1.1113585 -9.179219 53383 a
 0.0022719428 -0.0011318434 -5.494101E-4 53579 g
 2.6246436 -1.093402 -9.213936 53582 a
 -0.0011901667 7.323693E-4 -0.0016146746 53780 g
 2.6144683 -1.0832267 -9.179219 53784 a
 -0.0016479641 -5.832323E-5 0.0015646071 53978 g
 2.6134207 -1.1113585 -9.160365 53982 a
 2.1624868E-4 4.74309E-4 -0.0026964506 54181 g
 2.6271875 -1.0880151 -9.168745 54190 a
 -0.0011153319 -5.9095543E-4 -0.0018975022 54387 g
 2.6206033 -1.0957962 -9.172337 54391 a
 -5.006743E-5 -8.5727155E-4 -0.001098554 54584 g
 2.6295817 -1.122731 -9.142408 54588 a
 4.825648E-4 0.0028711539 -8.322378E-4 54780 g
 2.6295817 -1.11076 -9.1807165 54784 a
 -8.490158E-4 -3.2463935E-4 -0.001098554 54983 g
 2.6367643 -1.1257237 -9.164556 54995 a
 0.0018141454 -3.2463935E-4 -3.3289514E-5 55189 g
 2.6146178 -1.105373 -9.190891 55192 a
 -8.490158E-4 2.0799288E-4 -0.00136487 55380 g
 2.6176107 -1.0886136 -9.181314 55385 a
 0.0015478292 -0.0016562198 0.0010319749 55586 g
 2.6194062 -1.0922049 -9.162161 55592 a
 -0.0011153319 0.003403786 -2.9960563E-4 55780 g
 2.622399 -1.122731 -9.173533 55786 a
 -0.0024469125 -0.002188852 -0.0018975022 55981 g
 2.6475382 -1.1143513 -9.169344 55985 a
 0.0023467776 -0.0013899037 0.0031625037 56184 g
 2.6265888 -1.1041759 -9.202264 56188 a
 -0.0021805963 -0.0011235876 -0.0024301345 56381 g
 2.645144 -1.117344 -9.193286 56385 a
 0.001015197 -5.832323E-5 -2.9960563E-4 56584 g
 2.6044426 -1.1281179 -9.173533 56588 a
 4.825648E-4 0.0028711539 -0.001098554 56785 g
 2.627786 -1.1125556 -9.168146 56788 a
 -0.001381648 -0.0013899037 4.993427E-4 56981 g
 2.6026468 -1.0975919 -9.184906 56986 a
 0.0023467776 7.406251E-4 0.001298291 57182 g
 2.631976 -1.1215339 -9.165752 57186 a
 -0.0032458608 -0.0016562198 -5.659217E-4 57384 g
 2.628983 -1.1149498 -9.169344 57388 a
 0.0047436226 -3.2463935E-4 0.0034288198 57585 g
 2.6241946 -1.1125556 -9.160964 57589 a
 -3.1638352E-4 0.00313747 -3.3289514E-5 57782 g
 2.657115 -1.093402 -9.152584 57785 a
 -0.0019142802 -0.002188852 7.656588E-4 57987 g
 2.6164136 -1.11076 -9.15438 57991 a
 7.488809E-4 -0.001922536 -3.3289514E-5 58184 g
 2.6271875 -1.11076 -9.184906 58188 a
 -8.490158E-4 -0.002188852 0.0010319749 58382 g
 2.6164136 -1.1215339 -9.181913 58386 a
 0.0028794098 0.0020722055 0.0015646071 58587 g
 2.6577134 -1.1317092 -9.181913 58591 a
 -5.8269966E-4 -5.832323E-5 -2.9960563E-4 58782 g
 2.6373627 -1.0975919 -9.208249 58786 a
 -5.006743E-5 -8.5727155E-4 -3.3289514E-5 58980 g
 2.59726 -1.1059716 -9.1873 58984 a
 7.488809E-4 0.0015395734 -0.00136487 59186 g
 2.6457424 -1.1119571 -9.148395 59190 a
 -5.8269966E-4 -5.9095543E-4 4.993427E-4 59382 g
 2.6271875 -1.1029788 -9.197475 59386 a
 0.0028794098 0.0010069412 4.993427E-4 59586 g
 2.6361656 -1.1071687 -9.156774 59590 a
 -3.1638352E-4 0.0023385216 -8.322378E-4 59786 g
 2.6098294 -1.1095629 -9.190891 59789 a
 -0.003778493 -5.832323E-5 -2.9960563E-4 59983 g
 2.6152165 -1.1059716 -9.168146 59997 a
 0.0026130937 0.0015395734 0.0015646071 60349 g
