 0.2651342 0.13667822 -0.27621162 7 g
 -1.0971429 9.105747 0.6781576 10 a
 0.606189 -0.06023661 -0.17129965 11 r
 0.018525481 0.546805 0.08358145 104 g
 -2.0829554 9.021352 1.3443443 108 a
 0.63999444 -0.030712005 -0.12690176 110 r
 0.22784995 0.88768965 -0.05197345 322 g
 -1.3377602 9.479841 1.9614497 327 a
 0.65648115 0.033269048 -0.06950479 330 r
 0.3346427 0.69780624 -0.09005666 519 g
 -1.0977415 10.157999 -0.018555064 523 a
 0.6580197 0.06919846 -0.025904035 528 r
 0.2736563 -0.90754724 0.12219728 718 g
 -2.1045034 9.620501 0.5859809 722 a
 0.6759387 0.075364575 -0.019010121 725 r
 -0.55032575 -0.2603991 0.0039529298 916 g
 -0.36990416 8.852561 1.8620903 920 a
 0.6676795 0.065952286 -0.040995296 923 r
 -0.8904114 -1.2745309 -0.45437708 1119 g
 -0.78649527 8.704121 2.722806 1122 a
 0.6088197 -0.01425397 -0.10002855 1126 r
 0.34582797 -0.1480137 -0.119617745 1315 g
 -1.3467385 10.433332 4.741118 1320 a
 0.5938823 -0.063253686 -0.15931584 1323 r
 0.5447661 0.8373559 0.27053535 1516 g
 -1.6861166 9.840169 0.4333505 1520 a
 0.59633565 -0.07329437 -0.19235371 1524 r
 0.63930833 -0.68251014 0.12059938 1718 g
 -1.5286977 8.575432 0.83018947 1722 a
 0.625237 -0.08642942 -0.21226184 1725 r
 0.049950782 0.3862164 0.27905747 1915 g
 -1.8034325 9.776124 2.0147207 1919 a
 0.6537569 -0.086992875 -0.20193405 1923 r
 0.25235102 0.2735647 0.073195115 2116 g
 -0.3321955 9.594165 0.5835867 2120 a
 0.6599306 -0.10579528 -0.22297023 2124 r
 -0.18414107 -0.09501679 -0.01655341 2320 g
 -0.92535895 10.568604 -0.25079262 2324 a
 0.64913684 -0.15672922 -0.26317284 2328 r
 -0.3165002 0.10605187 0.2580185 2520 g
 -1.3156139 10.412383 1.8417397 2523 a
 0.6570165 -0.1798867 -0.26858136 2527 r
 -0.40038976 -0.5797121 -0.49645504 2716 g
 -1.685518 7.721899 3.693056 2720 a
 0.59902334 -0.20222232 -0.31049028 2724 r
 0.18497305 -0.48836568 -0.52841294 2922 g
 -1.3557167 10.786477 3.8845923 2926 a
 0.57331717 -0.16695327 -0.32904127 2930 r
 0.15008564 0.222432 0.58319044 3119 g
 -1.501763 8.412027 -1.5855601 3122 a
 0.5522838 -0.21083999 -0.37450787 3126 r
 0.32079425 -0.07184729 -0.17288096 3328 g
 -1.3341689 9.24521 2.5330653 3332 a
 0.6036782 -0.24499226 -0.38449743 3336 r
 -0.17375475 0.6900831 -0.35104644 3522 g
 -1.0241197 9.529521 0.8331822 3527 a
 0.6079495 -0.28601438 -0.43299338 3530 r
 -0.14392735 0.4607849 -0.070881896 3719 g
 0.01436521 13.393165 0.049081136 3722 a
 0.61189884 -0.30825454 -0.4545749 3726 r
 0.20814255 0.22749202 0.28598168 3919 g
 -4.7189717 11.971008 -0.22924481 3925 a
 0.58512205 -0.36146438 -0.48996225 3929 r
 -0.7583186 -1.6772008 0.6364537 4118 g
 -0.31663316 9.411607 4.2664676 4122 a
 0.5991286 -0.30248326 -0.40614405 4125 r
 0.1692604 1.2083342 0.16294365 4330 g
 1.4047978 9.665991 2.2014685 4334 a
 0.48403078 -0.3328697 -0.52510864 4338 r
 0.18071198 0.9627908 0.30515644 4521 g
 -0.5943606 7.2508397 2.6611552 4525 a
 0.48371735 -0.35613322 -0.5292148 4528 r
 -0.14206313 -0.8215271 -0.46662763 4719 g
 -3.3147724 9.433155 2.0500352 4723 a
 0.5551772 -0.30343616 -0.47147873 4726 r
 0.45155546 -0.17544426 0.93020034 4921 g
 -0.6488287 9.091382 -0.13706805 4924 a
 0.6146096 -0.2644943 -0.42888913 4928 r
 -0.252318 -1.6242039 -0.20057784 5111 g
 1.3760674 9.8042555 1.75076 5113 a
 0.58914125 -0.31235123 -0.44048354 5116 r
 -0.57456046 -1.395172 -0.20830101 5322 g
 -3.1106665 8.511986 -0.18375498 5325 a
 0.59166783 -0.3341775 -0.47599998 5329 r
 -1.1756359 0.79075056 0.39783445 5522 g
 -0.7314286 8.164826 2.7126305 5525 a
 0.6240663 -0.25279462 -0.41129676 5529 r
 -1.200936 0.23574781 0.05588457 5719 g
 -1.7669208 9.630077 5.5401826 5722 a
 0.5320245 -0.29428303 -0.4421359 5726 r
 0.0014812502 0.9947487 0.35602283 5917 g
 -3.2273839 13.044808 5.4378304 5921 a
 0.53220445 -0.24751732 -0.41562817 5925 r
 0.68644625 0.8570633 0.06600458 6118 g
 -2.509722 12.385205 -2.1098902 6122 a
 0.5649436 -0.22099638 -0.3610507 6126 r
 0.42412493 0.3081858 -0.8682323 6320 g
 -0.8086416 10.089765 0.7278373 6324 a
 0.5972983 -0.2729578 -0.4122028 6327 r
 0.34662694 -1.7009029 -0.2791411 6525 g
 -0.11432313 10.333973 0.83856916 6529 a
 0.5806219 -0.35446233 -0.46778342 6532 r
 0.38151434 -0.20420639 -0.119617745 6720 g
 -2.1930888 8.796297 0.7739257 6724 a
 0.55586344 -0.4009242 -0.5244674 6728 r
 -0.71411014 0.08261605 -0.21895365 6919 g
 -1.0444705 9.147646 2.373851 6923 a
 0.5553377 -0.40073878 -0.52872306 6927 r
 -0.7926734 -1.5765333 -0.1039051 7124 g
 -0.50158525 7.502231 4.0581717 7127 a
 0.44210464 -0.4170614 -0.60418874 7131 r
 0.6435694 0.2240299 -0.25197685 7320 g
 -3.3620577 13.854048 2.783858 7324 a
 0.42164588 -0.4030112 -0.61438066 7328 r
 0.8230664 0.34839952 0.32646173 7523 g
 -2.926313 12.130821 -1.6418238 7527 a
 0.44094247 -0.42723525 -0.623465 7530 r
 0.3873733 1.6642674 -0.20031153 7723 g
 -0.7020996 10.169372 1.3431472 7727 a
 0.4929044 -0.43500876 -0.6025037 7730 r
 0.5114766 0.48395443 -0.06369136 7920 g
 0.091578215 12.056602 -0.04369418 7923 a
 0.5165372 -0.4555077 -0.5759898 7927 r
 -0.023286147 -1.4148794 -0.01042814 8121 g
 -5.263054 8.106767 2.472612 8124 a
 0.5364588 -0.46353984 -0.5622328 8128 r
 -1.8470188 -1.121399 0.9128898 8324 g
 -0.6536171 9.1751795 6.3871317 8327 a
 0.5265527 -0.4030577 -0.51043147 8331 r
 -0.11356731 1.0328319 0.27399746 8524 g
 -1.0097545 9.159617 4.5418005 8527 a
 0.44008136 -0.3837251 -0.5866594 8531 r
 0.43637544 -0.437233 -0.39365703 8721 g
 -0.52492875 3.5853171 -0.3878607 8725 a
 0.4371275 -0.3892938 -0.6080156 8728 r
 1.0827247 -1.2084844 -0.50497717 8924 g
 -0.7308301 8.9363575 -2.956839 8927 a
 0.4498221 -0.43820935 -0.60874766 8931 r
 0.91601074 -0.8505556 0.7336591 9122 g
 -2.1769278 9.439739 1.389834 9126 a
 0.5217044 -0.45604718 -0.5694223 9129 r
 0.5149387 -0.19355375 -0.23812841 9321 g
 -1.6687586 10.957064 -1.6172832 9325 a
 0.5418769 -0.45890284 -0.5607242 9329 r
 -0.49280146 2.0171363 0.89877504 9527 g
 4.3047748 6.627749 9.108142 9530 a
 0.4995802 -0.5003464 -0.59129363 9534 r
 -1.5511416 -2.9366097 -1.3667761 9722 g
 -1.8848352 7.905654 1.4796166 9725 a
 0.3237914 -0.49732268 -0.6670802 9729 r
 0.5447661 0.4360175 0.06387405 9921 g
 -2.7742813 14.672865 2.4797945 9925 a
 0.33874288 -0.48119402 -0.69209105 9928 r
 0.15301512 0.9926182 0.4135471 10125 g
 -6.194997 15.956756 -4.3023806 10132 a
 0.3418322 -0.5026212 -0.69687647 10136 r
 0.881656 1.3140618 -0.5728878 10322 g
 -1.1893197 9.241618 -2.6856956 10328 a
 0.37142465 -0.5645703 -0.66732866 10332 r
 0.4819155 0.3230995 0.26893747 10525 g
 -0.7589619 10.746374 3.9791632 10528 a
 0.34508336 -0.6181022 -0.6733052 10532 r
 0.57406086 -1.7552314 -0.24585158 10721 g
 -4.11264 9.011177 0.1448492 10725 a
 0.34626257 -0.6421442 -0.65899307 10729 r
 -1.9277127 0.45439333 0.7259359 10921 g
 -0.15682021 10.354922 0.40102878 10925 a
 0.3580524 -0.6221466 -0.6607134 10929 r
 -0.88481873 1.083432 0.3008954 11123 g
 -0.7302315 8.891466 3.8133647 11127 a
 0.22137094 -0.5997461 -0.7439619 11131 r
 -0.23127903 -0.13602947 -0.6929963 11325 g
 -4.128801 19.612701 -1.5185224 11329 a
 0.21191551 -0.56986725 -0.76318115 11333 r
 0.03343918 2.3625484 -0.8120396 11527 g
 -2.556409 14.697406 2.9430726 11531 a
 0.26196873 -0.60706294 -0.7206816 11536 r
 0.4651376 0.41790804 0.19543421 11723 g
 -2.5941176 9.316438 1.1629834 11726 a
 0.33630043 -0.5986649 -0.6862481 11730 r
 0.43397862 -0.42524877 0.18797736 11925 g
 0.66738373 9.973646 -0.05207389 11929 a
 0.30996263 -0.6284276 -0.68957263 11933 r
 0.053679205 0.77716845 -0.33453485 12124 g
 -3.4488475 8.39886 -0.9792285 12127 a
 0.25662345 -0.64787257 -0.7081025 12131 r
 -1.2123876 1.326046 0.63272524 12323 g
 1.2366052 8.093599 1.5388732 12327 a
 0.36306128 -0.6156744 -0.6537227 12330 r
 -1.407331 0.572904 1.2516439 12524 g
 -2.3798366 7.0036387 3.9636009 12527 a
 0.27629814 -0.5571976 -0.7298998 12531 r
 0.07924555 -0.093418896 -0.5422614 12721 g
 -3.3129766 18.612524 2.4037786 12725 a
 0.32406968 -0.5032363 -0.6997096 12729 r
 0.025716016 0.0669034 0.13657835 12922 g
 -3.8474822 11.773487 -1.3874398 12926 a
 0.36107534 -0.5307846 -0.6840307 12929 r
 0.20095201 1.6789148 -0.31962115 13124 g
 -1.6041151 10.518925 2.5983074 13128 a
 0.46873552 -0.48040134 -0.6340696 13131 r
 0.587643 -4.014391 -0.31003377 13321 g
 -1.5167267 9.952697 -0.08140286 13325 a
 0.45155638 -0.5369183 -0.6025129 13329 r
 0.054478157 1.3787766 -0.46183395 13521 g
 -3.1693244 7.8062944 -0.99179804 13525 a
 0.43238422 -0.5532131 -0.65535456 13529 r
 -0.9455388 1.764136 1.1946522 13726 g
 -0.7380127 9.223063 2.5025394 13730 a
 0.48237893 -0.52320445 -0.5903092 13733 r
 -1.5343637 2.3569555 0.98239833 13920 g
 -1.3670892 8.051701 6.63553 13923 a
 0.35699126 -0.4950679 -0.70100623 13927 r
 0.22145836 1.1494783 -0.6397331 14124 g
 -6.2979474 15.0715 2.2649148 14128 a
 0.41166213 -0.4282511 -0.66384596 14132 r
 0.5053513 1.4501493 0.6281979 14325 g
 -2.8449101 11.765706 -2.3409307 14329 a
 0.48103294 -0.3949837 -0.6221679 14332 r
 -0.06589673 2.243505 -0.7489227 14523 g
 -0.25438392 10.8229885 4.5016975 14526 a
 0.5379749 -0.41707116 -0.56740206 14530 r
 0.88751495 1.8687981 -0.70231736 14726 g
 -1.894412 9.304466 2.110489 14729 a
 0.5033802 -0.4661289 -0.6017584 14733 r
 0.35355115 -0.2870307 -0.38566753 14922 g
 -3.602675 5.9771247 -0.05746084 14926 a
 0.5043295 -0.48561174 -0.61103374 14929 r
 -2.0978887 1.4781125 1.1392585 15124 g
 0.6793547 8.50181 2.5971103 15137 a
 0.46766755 -0.47365153 -0.6399123 15140 r
 -1.3966783 0.6163135 0.580261 15323 g
 -1.8842367 9.400234 7.0527196 15327 a
 0.34402588 -0.4549623 -0.7100567 15331 r
 0.2105394 0.94361603 -0.5185593 15526 g
 -7.7506294 8.042124 5.9597664 15530 a
 0.39914334 -0.4223565 -0.68938655 15533 r
 -1.9388978 1.994233 -0.52175504 15722 g
 -1.5933412 9.697714 -1.0839748 15726 a
 0.4695473 -0.4061603 -0.66100913 15730 r
 0.5197324 2.354825 -0.0013733922 15924 g
 1.2192472 11.270704 2.7569232 15928 a
 0.50125194 -0.40942156 -0.63149923 15931 r
 -0.3615076 0.31803948 0.19064052 16164 g
 -4.0066967 8.384495 1.702876 16166 a
 0.5321137 -0.44137412 -0.5342205 16167 r
 0.3974933 0.9769055 -0.6479889 16314 g
 -1.6885108 8.468291 -1.359308 16315 a
 0.60738635 -0.37753117 -0.46828505 16316 r
 -1.2403507 -1.8194135 -0.22001892 16517 g
 -1.1546037 9.021951 0.8062474 16519 a
 0.57646847 -0.4052816 -0.5453654 16521 r
 -1.08136 0.6259009 0.20555422 16727 g
 -2.0452468 8.705916 3.7750576 16731 a
 0.47726244 -0.3722704 -0.60963506 16734 r
 0.122388765 1.4906293 -0.17314728 16927 g
 -4.1742907 12.299014 -0.6619968 16930 a
 0.5244261 -0.27387577 -0.5282921 16934 r
 0.5141398 1.2783754 -0.15423883 17126 g
 -2.4833858 9.855133 -0.24779987 17130 a
 0.58912486 -0.22270751 -0.45910695 17133 r
 -1.0238358 -0.66253644 -0.058631357 17327 g
 -0.31064767 10.00896 1.4598645 17331 a
 0.6477438 -0.1618298 -0.37979177 17334 r
 0.4606102 0.57716507 -0.32281694 17526 g
 -0.5662287 9.812635 1.0354922 17529 a
 0.6648496 -0.16324133 -0.35525563 17533 r
 0.49123657 1.1042047 -0.15210831 17726 g
 -2.9616275 7.960122 -0.8110358 17730 a
 0.71910155 -0.073421925 -0.2516478 17733 r
 -0.60279 1.3071375 0.46574506 17929 g
 -0.92416185 9.194932 1.2455834 17933 a
 0.70877284 -0.062094644 -0.23722 17937 r
 -1.0294284 0.6296293 0.56161886 18127 g
 -2.8113914 7.441777 3.4554317 18131 a
 0.6251198 -0.094478026 -0.26051858 18134 r
 -0.67602694 2.029653 0.11447412 18326 g
 1.0103531 8.574235 3.8295257 18330 a
 0.5941104 -0.07996549 -0.23104943 18334 r
 0.24276364 1.9974289 0.43378714 18529 g
 -0.8888474 6.3153057 -0.17477672 18532 a
 0.609792 -0.08024219 -0.23749878 18536 r
 0.34050167 -0.5943595 -0.28153795 18725 g
 -3.6457705 8.777742 1.8327614 18729 a
 0.6461052 -0.032761402 -0.18981041 18732 r
 0.8955044 -4.369124 0.6361874 18930 g
 -0.9175778 9.004593 1.009156 18934 a
 0.6891958 0.02308695 -0.11476896 18938 r
 0.14688985 1.7438959 -0.107633516 19126 g
 -0.89662856 14.684836 -0.09756372 19130 a
 0.6995067 -0.03326568 -0.20176731 19133 r
 0.27472156 -0.23323485 0.31634173 19326 g
 -0.76554596 10.105926 2.9735985 19329 a
 0.71810347 -0.04163187 -0.2078336 19333 r
 -2.116797 -3.8743086 -0.4626329 19527 g
 1.3150153 7.6608467 2.1769278 19531 a
 0.6263759 -0.1101404 -0.20292665 19534 r
 -0.22169165 0.63042825 0.51554614 19727 g
 -2.1320367 12.513894 4.754286 19731 a
 0.5605815 -0.17045265 -0.3056272 19735 r
 0.35062167 0.73722106 0.6388505 19931 g
 -2.581548 12.070967 -3.4680011 19935 a
 0.5625323 -0.18223059 -0.3643895 19939 r
 1.5365273 1.2922238 -0.9358766 20133 g
 -2.3900118 8.353969 -0.12509704 20147 a
 0.64012146 -0.18753779 -0.33672217 20157 r
 0.29522792 -0.57678264 0.7429801 20328 g
 -0.4225766 9.631873 -0.09935937 20331 a
 0.6654666 -0.16476649 -0.28511843 20335 r
 9.48618E-4 1.6245863 -0.8879397 20526 g
 -3.098097 9.386468 -0.5386954 20530 a
 0.6840754 -0.22443861 -0.32315162 20535 r
 -1.6624618 -0.38130662 -0.06848505 20726 g
 -1.5059528 9.320627 0.82360536 20730 a
 0.7044349 -0.18501553 -0.31179586 20734 r
 -1.0193083 1.2490807 0.3472344 20930 g
 -2.634819 10.007165 2.9227216 20933 a
 0.6105349 -0.19688728 -0.36502114 20940 r
 -0.47442564 1.3052733 0.30142802 21130 g
 -3.25372 9.548077 0.55844754 21134 a
 0.61174905 -0.107718125 -0.26754048 21158 r
 -1.181495 0.36198166 -0.27168423 21328 g
 -2.6497827 8.820239 0.32202014 21332 a
 0.6410064 -0.018499587 -0.19969912 21336 r
 0.23717101 1.5393652 0.37786075 21530 g
 -1.8429368 9.935937 1.7046716 21534 a
 0.676013 0.01861927 -0.12147584 21538 r
 -0.050716706 0.28634787 -0.02001552 21727 g
 -2.2984335 9.391256 1.4532804 21731 a
 0.6916558 0.09826203 -0.02699134 21734 r
 0.4321144 -0.3940898 -0.14971146 21932 g
 -1.9728222 9.593566 1.8363527 21936 a
 0.7069722 0.10673258 -0.020069009 21940 r
 0.87393284 -0.5437594 -0.059962936 22131 g
 -3.0232782 8.725668 -0.050876785 22135 a
 0.73643357 0.059647657 -0.09325338 22139 r
 -0.80412495 -0.74775755 0.81781495 22328 g
 -2.6647465 7.2622123 0.12689269 22332 a
 0.7469614 0.024487417 -0.12296537 22336 r
 -1.8305073 -2.455909 -0.15051042 22538 g
 -0.8702923 8.812458 4.9506106 22542 a
 0.6614107 -0.082395405 -0.2053753 22546 r
 0.2534163 -0.15840003 -0.40910336 22731 g
 -4.6202106 8.075643 0.10414778 22735 a
 0.58751047 -0.11612058 -0.31267366 22739 r
 0.5610114 0.17955512 0.13870887 22932 g
 -1.0217255 8.687361 1.2210429 22937 a
 0.6442038 -0.077160135 -0.26078668 22940 r
 -0.7652428 -1.6260681 0.17253102 23129 g
 -2.783858 7.9691005 2.4307132 23133 a
 0.68527204 -0.06345646 -0.24433349 23137 r
 -0.45471823 -1.066538 -0.43227285 23331 g
 -0.74758947 13.650541 -3.942053 23335 a
 0.7081446 -0.06629604 -0.263356 23339 r
 -0.56364155 1.0120592 -0.16462517 23529 g
 -0.98341835 5.895123 0.30765492 23533 a
 0.71711534 -0.12993267 -0.30556014 23537 r
 -3.0142822 -3.378428 0.004219246 23729 g
 -0.6410475 7.98167 3.8025908 23733 a
 0.6161018 -0.14776477 -0.22476335 23737 r
 0.6952347 1.0735782 -0.43759918 23936 g
 -3.709217 13.927072 3.3620577 23939 a
 0.58002543 -0.07828243 -0.22786976 23943 r
 0.0651308 -0.61060476 0.4729356 24130 g
 -2.4863784 13.295601 -0.86131406 24133 a
 0.6035615 -0.041352764 -0.20370318 24137 r
 1.1351889 0.39713538 -1.3302908 24329 g
 -1.0378864 10.22384 1.7244238 24332 a
 0.64177 -0.022914603 -0.17229314 24336 r
 0.5937683 0.4304249 0.34297332 24531 g
 0.29987377 10.172963 1.8884265 24535 a
 0.69603395 -0.014165429 -0.14572863 24539 r
 0.6534231 -2.678283 -0.1353304 24728 g
 -3.2489316 8.214506 -3.0657754 24731 a
 0.71734303 -0.086137906 -0.2008466 24735 r
 -0.42489085 0.89408123 1.1808038 24929 g
 -2.1021092 10.912771 3.5350387 24933 a
 0.7358349 -0.051661305 -0.12031645 24937 r
 -1.3119898 1.2743807 0.8617571 25133 g
 -1.4688427 8.085817 4.9200845 25147 a
 0.5970476 -0.14034432 -0.29072866 25151 r
 0.56527245 0.14360245 -0.2961853 25328 g
 -3.0783448 15.585056 2.3122003 25332 a
 0.57746184 -0.10033874 -0.2645742 25335 r
 0.695501 1.8339108 0.61994207 25528 g
 -5.2995653 14.721947 -1.3371617 25532 a
 0.6092854 -0.09333289 -0.2532167 25535 r
 1.5820674 0.17369616 -1.6898175 25730 g
 2.6952724 9.871294 -0.110731825 25734 a
 0.65306675 -0.029432531 -0.1803992 25738 r
 1.3676829 1.128972 -0.83068174 25934 g
 -0.93254155 9.688736 -0.65541273 25938 a
 0.6993038 -0.034293927 -0.11896368 25942 r
 0.29203212 1.2368301 -0.59445935 26131 g
 -3.0292637 8.1343 -0.2136825 26135 a
 0.7260055 -0.09318189 -0.19916196 26139 r
 -1.4779047 -2.082592E-4 0.39277443 26331 g
 -0.9540894 8.328829 1.9674352 26335 a
 0.7163743 -0.101893574 -0.22885038 26338 r
 -1.730905 0.07808868 0.4234008 26530 g
 -0.86969376 7.180211 4.609437 26533 a
 0.60775626 -0.14905232 -0.2869583 26537 r
 0.3261206 0.3627806 -0.5917962 26730 g
 -4.203021 11.446678 0.5422867 26734 a
 0.5687878 -0.15247038 -0.3171408 26738 r
 0.57379454 0.9548013 0.11474043 26937 g
 -1.8716671 8.156446 0.42078096 26941 a
 0.6207811 -0.13164726 -0.30644014 26944 r
 0.11200243 0.5412124 0.35016388 27131 g
 0.74758947 9.830592 4.6740804 27135 a
 0.7048218 -0.045024313 -0.18921475 27139 r
 -0.15671052 0.2903426 -0.65970683 27330 g
 -1.3431472 11.965622 -1.5131354 27334 a
 0.68969953 -0.12921137 -0.26954833 27338 r
 0.48244813 -1.1285896 -0.3838033 27533 g
 -4.3688197 9.43076 0.943914 27538 a
 0.72339547 -0.09572284 -0.25574532 27541 r
 -1.0994695 -1.1522918 1.0740111 27731 g
 -2.112883 7.852383 1.5777789 27735 a
 0.66443485 -0.12803373 -0.2767758 27738 r
 -0.3098423 0.37396586 0.5722715 27935 g
 -1.3994108 9.585187 4.7764325 27939 a
 0.59879017 -0.103121445 -0.27037665 27942 r
 0.24063312 -0.13682842 -0.39924964 28134 g
 -5.6120086 8.962694 2.1164744 28138 a
 0.593953 0.008695552 -0.14434253 28142 r
 -0.67655957 1.3233827 0.13364887 28331 g
 -0.24181437 8.515577 -0.4309563 28335 a
 0.6020024 0.13225275 -0.013006476 28339 r
 -1.1782991 2.9673522 0.5328567 28527 g
 0.42556936 9.216479 1.9321208 28531 a
 0.60955983 0.28952694 0.16338839 28534 r
 1.0153466 -0.390894 -0.4200223 28728 g
 -0.6985083 7.4363904 1.1498153 28731 a
 0.5912672 0.2987246 0.23046024 28735 r
 0.46753442 -1.5919796 0.26760587 28927 g
 -2.6114755 7.445967 -0.66858083 28931 a
 0.56873804 0.3922481 0.27783486 28936 r
 -0.26323697 1.4133977 0.01620347 29129 g
 -1.560421 6.9928646 0.91458505 29133 a
 0.55205494 0.41260588 0.32108006 29137 r
 -0.75911754 0.39820063 0.5536294 29328 g
 -1.4203602 8.183381 2.653374 29332 a
 0.46580827 0.4226578 0.40461323 29335 r
 -0.20864215 0.12522663 0.121132016 29526 g
 0.3609259 9.094974 2.7862523 29530 a
 0.39908895 0.4401642 0.4962246 29533 r
 0.49762815 1.6070094 0.54350936 29727 g
 -3.086126 8.618527 2.0638018 29731 a
 0.36103144 0.50977135 0.53078014 29734 r
 0.09682242 0.16197824 -0.048245028 29929 g
 -2.6210523 9.932944 0.5883751 29932 a
 0.22776425 0.59628356 0.64697737 29938 r
 0.20521307 2.3881147 0.3720018 30129 g
 -0.5542577 9.350554 0.26156655 30133 a
 0.20454827 0.63272655 0.6505335 30143 r
 0.24755733 -0.4374993 -0.0032376049 30328 g
 -0.5482722 9.530719 1.347337 30332 a
 0.20732175 0.66616094 0.64290625 30335 r
 0.23450784 -0.8071461 -0.25863475 30528 g
 -2.847903 9.595961 -0.7074866 30531 a
 0.24239857 0.6709173 0.6061372 30535 r
 -0.44806033 2.4536283 0.39969867 30728 g
 0.30466217 9.3026705 1.3251907 30731 a
 0.42023844 0.5771675 0.48093054 30735 r
 -1.7146597 -2.5826755 -0.51776034 30929 g
 -0.44651863 8.307879 4.1305966 30932 a
 0.4934525 0.38359374 0.4264095 30938 r
 -0.012367187 1.3582702 0.21700582 31131 g
 -3.2118216 10.379463 4.2293572 31135 a
 0.45832545 0.3725266 0.4427872 31139 r
 -0.0105029745 1.006733 0.6497695 31329 g
 -0.59376204 11.490373 -0.3716998 31333 a
 0.40869164 0.45070255 0.48653367 31337 r
 0.94823503 3.2981167 -0.75424904 31529 g
 -1.1767502 9.098565 1.9003977 31533 a
 0.32612798 0.5501888 0.5802185 31537 r
 1.0952415 -1.1757276 -0.5819425 31730 g
 -1.3916297 8.933365 2.2906525 31733 a
 0.31177467 0.58547497 0.61099356 31737 r
 0.5410377 0.11990031 -0.37288436 31929 g
 -1.246182 14.610616 -0.4261679 31933 a
 0.3266948 0.61779034 0.5662965 31938 r
 -0.16576527 1.459204 0.17013419 32130 g
 1.5861586 6.509236 8.015787 32134 a
 0.37845805 0.6047785 0.5216487 32138 r
 -1.1213075 -0.9813168 -0.8751565 32329 g
 -1.7537527 8.213309 3.1471782 32333 a
 0.3919649 0.42450815 0.5822454 32337 r
 -0.090664126 0.48741654 -0.046380814 32529 g
 -1.7046716 10.029909 4.519056 32533 a
 0.3780643 0.4175244 0.5626835 32537 r
 -0.108507305 1.8738582 0.9222109 32729 g
 -0.7314286 8.053496 -2.1320367 32732 a
 0.36546448 0.46134895 0.57267517 32736 r
 0.1130677 1.1113951 -0.57155615 32930 g
 0.6937199 9.390657 2.6240451 32934 a
 0.31421277 0.5422907 0.5855039 32938 r
 -0.68268484 0.17689195 1.374682 33131 g
 1.2162545 9.445126 0.9648633 33135 a
 0.24074683 0.59710586 0.6606062 33139 r
 0.9892477 -1.2825203 0.3059554 33332 g
 -0.8182184 12.49893 -0.088585466 33335 a
 0.33453003 0.6203414 0.6013687 33339 r
 0.54716295 1.3803744 0.4313903 33530 g
 -3.2130187 11.689092 -1.5993267 33534 a
 0.38162515 0.6074829 0.5467718 33538 r
 -0.5932026 -0.35201183 0.5935768 33730 g
 1.8148049 8.881889 3.4739866 33733 a
 0.35992476 0.597767 0.59969515 33737 r
 0.035037078 -0.49262673 -0.18619677 33931 g
 -1.7561469 9.129689 4.0479965 33935 a
 0.3702448 0.44494492 0.5935326 33939 r
 0.0022801985 -0.38130662 0.016469788 34132 g
 -0.40222588 5.571906 1.6950948 34135 a
 0.33857453 0.48934478 0.59405595 34139 r
 0.23184468 0.23095413 0.25988272 34332 g
 -7.2927384 6.9725137 2.2493525 34336 a
 0.3003613 0.530349 0.6252735 34340 r
 1.8585035 -0.8329787 1.44712 34530 g
 0.9391256 10.189124 -1.5831659 34534 a
 0.19952469 0.6142324 0.67251486 34538 r
 0.19615832 -0.7895692 -0.6831426 34731 g
 -0.8062474 14.753071 -3.2746694 34735 a
 0.35760444 0.59423923 0.53491646 34739 r
 1.1945775 -0.24015906 -0.07833875 34930 g
 -2.44448 11.124659 -0.7882909 34933 a
 0.3314762 0.64836776 0.52936965 34937 r
 0.14076458 -1.3397783 0.78452545 35132 g
 0.533907 10.09575 2.2505496 35135 a
 0.3506169 0.56622815 0.63200694 35147 r
 0.33251217 0.44667017 0.2865143 35331 g
 -1.1246762 10.395624 2.1990743 35345 a
 0.3183686 0.50539386 0.6453554 35350 r
 0.38471013 -0.7493555 -0.09591561 35530 g
 -1.2186487 8.7849245 -0.64823014 35534 a
 0.2815194 0.53956604 0.65599865 35538 r
 0.783119 -0.4460214 -0.5204235 35767 g
 -3.4997244 8.841787 1.3617022 35770 a
 0.25309488 0.60986805 0.638655 35772 r
 0.39882487 -0.6502859 0.30355856 35938 g
 -1.2419921 9.535507 0.0700304 35941 a
 0.15154111 0.67899394 0.6557854 35947 r
 0.47099656 -0.022845129 0.064406686 36133 g
 -1.7136499 9.592369 1.9015948 36137 a
 0.1657039 0.68944967 0.6414229 36140 r
 0.17858146 -0.25853488 -0.2746137 36337 g
 -4.1880574 6.7546415 0.17597382 36343 a
 0.13770254 0.7064065 0.6317491 36347 r
 -1.545549 -0.019116703 1.2537744 36532 g
 -0.93014735 8.881291 2.6725276 36536 a
 0.13611323 0.67528844 0.6672601 36540 r
 -0.9093198 0.3063216 0.08251618 36732 g
 -2.0626047 8.000824 4.531027 36735 a
 0.17814524 0.57234645 0.71003324 36739 r
 0.50055766 0.23068781 -0.3039085 36932 g
 -3.715801 14.928446 2.5629928 36935 a
 0.18730205 0.5572953 0.7031476 36939 r
 -0.079745166 -0.27078542 0.52353567 37134 g
 -6.783372 15.327081 -2.3415294 37138 a
 0.21238561 0.5758033 0.682453 37142 r
 2.0862038 0.6999368 -0.77262485 37331 g
 0.9427169 11.716624 0.9451111 37337 a
 0.20856886 0.6432841 0.6435787 37341 r
 0.18870148 -1.9304674 0.37919232 37530 g
 -0.90859956 10.778696 0.6338649 37534 a
 0.33867845 0.6191715 0.5714173 37538 r
 -0.42062977 -0.65294904 -0.51296663 37733 g
 -4.0785227 7.699753 -2.0129251 37737 a
 0.41235593 0.5756253 0.48912886 37740 r
 -0.644069 -3.679898 0.69850534 37931 g
 -2.44448 9.010578 3.6140475 37935 a
 0.54669684 0.40198076 0.32760373 37938 r
 -0.5236941 -0.8034176 0.4385808 38133 g
 0.7020996 8.41921 2.2786815 38138 a
 0.573711 0.29245287 0.26208356 38141 r
 0.28883633 -0.79729235 -0.775288 38333 g
 -6.1716533 12.307394 4.3897686 38337 a
 0.60372645 0.18968278 0.15077023 38341 r
 -0.31144017 0.8338938 -0.39339072 38532 g
 -4.0557775 14.061147 1.7705121 38536 a
 0.5609084 0.2889107 0.19432677 38540 r
 -0.11063783 1.7345749 -0.10417141 38732 g
 -5.313332 7.8146744 -1.738789 38737 a
 0.5769614 0.32756138 0.20692559 38740 r
 -0.018492458 -2.0170202 0.69424427 38932 g
 -0.46447513 9.935339 1.252766 38937 a
 0.5949735 0.40802974 0.2924634 38940 r
 0.49363342 1.0027382 -0.41442966 39133 g
 -4.185065 10.878056 -2.2104468 39138 a
 0.62248814 0.36708897 0.19813381 39142 r
 -0.670168 0.53561974 1.2937218 39332 g
 -3.0597897 10.444705 2.0548236 39337 a
 0.63123065 0.35984153 0.19756918 39341 r
 -1.4656541 -1.2689382 -0.042652387 39533 g
 0.8810662 8.32404 2.8203697 39538 a
 0.5689124 0.23584327 0.1559682 39541 r
 0.33837113 0.60672617 -0.23706314 39732 g
 -2.822764 13.156737 2.4432828 39737 a
 0.56124616 0.1383776 0.02956179 39741 r
 0.5863114 -0.099277854 0.091038294 39932 g
 -2.831742 9.185355 1.3617022 39937 a
 0.5800379 0.17242447 0.0533883 39941 r
 1.6521084 -0.94909257 -1.0405388 40134 g
 -2.48159 9.941324 0.095169514 40146 a
 0.5988028 0.21875897 0.079582654 40149 r
 -0.7250291 -3.2753637 -0.07700717 40333 g
 -1.4676456 10.132261 1.3359646 40346 a
 0.6568364 0.20001718 0.023441223 40350 r
 0.068592906 0.84641063 -0.13586302 40532 g
 -2.6713305 8.940548 1.146224 40539 a
 0.6775545 0.13097134 -0.038584407 40543 r
 0.42439124 -0.87452406 -0.06608821 40733 g
 -2.682703 7.9116397 -0.350152 40738 a
 0.68334675 0.12158288 -0.07056164 40742 r
 -0.29812437 2.349765 0.73525697 40935 g
 -1.4508862 9.610924 -0.15562311 40939 a
 0.6920998 0.11951099 -0.059004556 40942 r
 -2.262472 -1.8119568 -0.5702246 41135 g
 -2.160767 8.140884 2.3756466 41140 a
 0.6338112 0.064080685 -0.06669731 41144 r
 -0.34073496 1.21153 0.09583199 41337 g
 -2.2140381 9.384672 5.1343656 41341 a
 0.56900984 0.12022641 -0.015645145 41365 r
 -0.12208942 0.33268687 0.08251618 41534 g
 -2.3008277 6.0399723 0.1340753 41538 a
 0.5488543 0.20006612 0.03477445 41542 r
 -1.3721772 2.0584152 0.0074150395 41743 g
 -2.1039047 10.035895 0.45370123 41747 a
 0.538489 0.29850912 0.1601683 41751 r
 -1.2296981 1.4781125 0.3408428 41935 g
 -1.4999673 9.650429 -0.5554548 41939 a
 0.4721691 0.4627391 0.35925558 41942 r
 -0.7319533 3.7678983 0.1821184 42137 g
 -2.272696 12.346299 -0.70509243 42140 a
 0.3151698 0.60500264 0.5380872 42144 r
 -0.96391463 3.4307423 0.46414715 42335 g
 0.84694886 7.1311297 3.5924997 42339 a
 0.08336114 0.67817116 0.67677504 42345 r
 -4.401789 1.4621335 -0.7664996 42535 g
 0.44831428 10.762535 2.1883004 42539 a
 0.003933952 0.7123618 0.6993763 42543 r
 -1.0592558 0.7172473 -0.3848686 42735 g
 -2.331354 10.687118 -2.8030117 42739 a
 -0.087265566 0.69064486 0.71329993 42742 r
 0.5548861 1.9841131 0.6364537 42935 g
 -3.0699651 9.379285 -0.2088941 42939 a
 0.22559942 -0.69674873 -0.6761885 42942 r
 -0.91011876 -2.7656348 -0.6519836 43137 g
 -2.6491842 9.920973 5.157709 43141 a
 0.2038094 -0.6996604 -0.6781483 43144 r
 -1.204398 -1.3490994 -0.13319987 43335 g
 -2.7275944 7.4082584 4.373009 43339 a
 -0.1002964 0.62931836 0.7705048 43343 r
 -0.5822837 0.8243064 -0.16595675 43535 g
 -2.6180596 8.301894 3.5942953 43539 a
 -0.10056657 0.56946266 0.81580955 43543 r
 0.26566684 0.6786315 0.26520902 43737 g
 -2.047641 8.591593 1.7202339 43741 a
 -0.13687514 0.5667224 0.81242985 43745 r
 0.36660063 -0.21139693 0.2068858 43935 g
 -1.9069817 9.060258 -0.7398083 43939 a
 0.19846168 -0.5827123 -0.78500575 43945 r
 0.45661548 0.80193585 -0.17075044 44137 g
 -1.9482816 9.295488 -0.40761283 44140 a
 0.25384814 -0.6142055 -0.7398575 44144 r
 0.37538907 -1.033781 0.084380396 44338 g
 -1.9243397 8.784326 0.4369418 44342 a
 0.28966963 -0.6191504 -0.7146594 44345 r
 0.23344257 -0.10700102 -0.055701878 44533 g
 -0.26276365 11.156382 1.0151415 44538 a
 0.28269067 -0.63744533 -0.70161897 44542 r
 0.023319172 -1.0300527 0.042835083 44736 g
 -2.2655134 8.407838 -1.1593921 44740 a
 0.2722793 -0.64665186 -0.7029057 44743 r
 -0.546331 2.3055565 0.5150135 44936 g
 2.3469162 6.537368 6.96174 44940 a
 0.32954627 -0.6228452 -0.6846027 44943 r
 -1.5016068 -0.86333877 -0.8008543 45137 g
 -1.5346833 7.3537903 2.1021092 45148 a
 0.20457794 -0.5512997 -0.7759797 45152 r
 -0.27282435 2.00169 -0.18433256 45336 g
 -2.291251 8.926781 2.5785553 45340 a
 0.28833583 -0.47673464 -0.7681163 45343 r
 0.21746361 1.6879696 0.73472434 45536 g
 -0.9247604 5.2145715 0.8607155 45540 a
 0.399528 -0.42488867 -0.71997315 45543 r
 0.9927098 0.222432 -0.14758094 45736 g
 -1.6190789 8.585009 6.1249666 45740 a
 0.45609832 -0.40137398 -0.63826734 45744 r
 0.06300027 0.38648272 0.43112397 45936 g
 -1.8130093 9.619903 0.0077811554 45940 a
 0.49341026 -0.39718562 -0.63627464 45944 r
 0.59003985 0.50046605 0.2630785 46137 g
 -0.6991069 10.304046 0.84694886 46141 a
 0.47222143 -0.44295627 -0.63536555 46145 r
 0.34582797 -0.24761592 0.048161402 46336 g
 -2.168548 10.11251 0.03232172 46340 a
 0.46558493 -0.4695059 -0.6372816 46344 r
 -0.0054429686 1.774256 -0.016287094 46528 g
 -0.87567925 11.908759 2.9406781 46529 a
 0.50644946 -0.4671864 -0.5990537 46530 r
 -2.1389012 -3.8785698 -0.14198829 46737 g
 -1.377863 8.236053 2.4073699 46741 a
 0.41900557 -0.43316954 -0.64359087 46744 r
 -0.46936563 0.7713095 0.6542969 46937 g
 -0.12689269 10.151415 4.0043025 46941 a
 0.43066522 -0.35818 -0.6216473 46944 r
 0.09868663 0.1843488 0.31714067 47138 g
 -1.0594343 6.0663085 1.4646529 47142 a
 0.47315153 -0.3345229 -0.5922559 47145 r
 -0.14579156 -0.37677923 -0.5819425 47337 g
 -2.5091233 9.860519 -0.5955577 47340 a
 0.5172529 -0.29520518 -0.54083794 47344 r
 0.63957465 -0.9320483 0.21594055 47537 g
 -1.6280571 8.122928 1.0241197 47540 a
 0.5827106 -0.3023501 -0.5023603 47544 r
 0.28777108 0.9862266 0.13311625 47736 g
 -0.5327099 13.202227 -0.32142156 47739 a
 0.56278414 -0.35278904 -0.525757 47743 r
 -0.07521779 0.0064496435 0.08677724 47938 g
 -2.4091654 9.903017 2.8401217 47942 a
 0.52627367 -0.42065632 -0.57660526 47945 r
 -1.283494 -4.225846 0.35096282 48139 g
 -1.5113398 7.917625 3.4554317 48142 a
 0.46860054 -0.39919817 -0.5640549 48146 r
 -0.32076123 -0.08782626 0.49717036 48338 g
 -1.2856863 8.974665 5.3522377 48341 a
 0.43880692 -0.35838938 -0.59853095 48345 r
 -0.026748257 0.7151168 -0.26049897 48537 g
 -1.3299791 4.300585 1.484405 48540 a
 0.4745691 -0.31873488 -0.5740623 48544 r
 -0.05178197 0.54281026 -0.004036553 48738 g
 -1.7962499 8.552687 5.4144874 48741 a
 0.532684 -0.27926445 -0.50610846 48745 r
 0.11759507 -3.279891 0.45242926 48936 g
 -1.1797429 9.455899 -0.7158663 48940 a
 0.54449946 -0.29702955 -0.512268 48943 r
 0.76181376 -0.021513548 0.06813511 49140 g
 0.40940848 12.766482 0.6344634 49143 a
 0.5717423 -0.3241644 -0.5034389 49147 r
 -0.06962515 -2.6026492 -0.07061558 49340 g
 -5.5288105 10.139444 1.050456 49343 a
 0.55653197 -0.38594222 -0.54920524 49347 r
 -1.276836 -3.1555214 1.0923868 49544 g
 -0.748188 9.817424 3.9324763 49548 a
 0.5686529 -0.3130496 -0.46746114 49551 r
 -0.11995889 0.21444252 0.24523532 49739 g
 -0.12689269 9.850345 3.787627 49743 a
 0.4722214 -0.3227387 -0.5623899 49746 r
 0.489905 -1.1379107 -0.16329359 49939 g
 -1.8231846 5.869984 -0.01436521 49943 a
 0.45070407 -0.33804983 -0.5935345 49946 r
 1.1602226 -0.40394348 0.46095136 50139 g
 -0.3854665 7.641693 6.6385226 50143 a
 0.4981336 -0.3276481 -0.54550034 50155 r
 0.19695728 -0.7719923 -0.19791467 50338 g
 -1.8674773 9.193136 0.09876082 50342 a
 0.5204347 -0.32022256 -0.536172 50346 r
 0.45155546 1.2805059 -0.28073898 50541 g
 -2.4504654 13.317747 -1.2659341 50547 a
 0.5486393 -0.36091524 -0.53100234 50551 r
 -0.21237059 -0.39169294 0.0976962 50738 g
 -2.6060886 10.010158 5.2684407 50741 a
 0.53093994 -0.4182223 -0.5732439 50745 r
 -2.0917633 -4.0913563 -0.98940617 50939 g
 -1.3467385 8.545505 2.5127146 50943 a
 0.43465796 -0.42508483 -0.61025745 50946 r
 -0.023286147 0.52443445 0.41115025 51138 g
 -0.8170213 10.196905 2.295441 51142 a
 0.40897706 -0.3988862 -0.65411705 51146 r
 0.34369746 -1.889721 -0.203241 51338 g
 0.014963761 2.3900118 0.6865373 51341 a
 0.3722429 -0.44294268 -0.69563025 51345 r
 0.18204357 -1.308353 0.2942375 51539 g
 -1.8435353 7.314286 1.2503718 51541 a
 0.38521057 -0.47210526 -0.6812647 51544 r
 0.7080179 -1.5983713 0.3640123 51739 g
 -0.88166475 8.66282 -1.0594343 51744 a
 0.46548432 -0.44370615 -0.6495591 51747 r
 0.32878375 -1.0122094 -0.20670311 51939 g
 -4.0857053 7.9194207 -1.0821792 51943 a
 0.4748838 -0.4857576 -0.6162676 51947 r
 -1.5719143 -0.7403007 0.6630853 52140 g
 -1.9033904 8.97646 2.9550436 52144 a
 0.51151854 -0.46769273 -0.5794813 52147 r
 -0.68747854 -1.7640198 -0.82588804 52338 g
 -1.958457 7.60997 4.6591167 52342 a
 0.382706 -0.42982817 -0.67009777 52346 r
 -0.029677734 0.7414821 0.18904263 52539 g
 -1.0576386 8.485649 4.8500543 52543 a
 0.37762812 -0.41364658 -0.6805945 52547 r
 0.52931976 0.41977224 0.15016048 52739 g
 0.25139117 4.666898 0.8391677 52743 a
 0.3746483 -0.43653613 -0.6969685 52747 r
 0.31919637 -1.3570888 -0.61230254 52939 g
 -3.402759 10.268731 3.7720647 52943 a
 0.37211186 -0.47288567 -0.68471736 52947 r
 -0.91677666 -5.5489044 0.08358145 53141 g
 -2.3810337 9.910199 -0.86969376 53144 a
 0.3874404 -0.5236901 -0.6840938 53148 r
 0.65741783 0.052788645 0.0100782 53339 g
 -2.0350714 12.461222 -0.23762453 53343 a
 0.3667316 -0.5890486 -0.67267483 53347 r
 -0.17695054 0.6836915 0.43724924 53539 g
 2.5019407 9.160215 5.897517 53543 a
 0.29045898 -0.6237161 -0.70261425 53547 r
 -2.8630147 -5.104689 -0.3241485 53740 g
 -0.6931214 7.9607205 2.5905263 53743 a
 0.13570783 -0.57317436 -0.78012174 53747 r
 0.21932782 -0.023111444 -0.1073672 53940 g
 -2.0512323 8.381501 4.0563765 53943 a
 0.13504605 -0.54807293 -0.80621547 53947 r
 0.16526565 -0.5368352 -0.2940548 54141 g
 -3.4153287 5.8741736 1.01574 54145 a
 0.17020369 -0.5377791 -0.80641645 54148 r
 -0.094392546 0.49833548 -0.20084415 54340 g
 -1.9776106 7.9571295 0.11671733 54343 a
 0.21127912 -0.5530319 -0.782594 54347 r
 0.8022938 -1.2020929 0.45056504 54540 g
 -2.1374235 9.507375 1.6885108 54544 a
 0.22266129 -0.5956203 -0.75414115 54548 r
 0.5953662 -0.7956945 -0.0066997143 54739 g
 -1.3880384 10.642825 3.5314474 54743 a
 0.25419822 -0.61264205 -0.7331318 54746 r
 -0.6227637 -2.4700239 0.025524534 54940 g
 -0.973243 7.700351 2.6390088 54943 a
 0.13870706 -0.6058103 -0.78074855 54947 r
 -0.42728767 -0.35920238 0.13764362 55143 g
 -2.2613235 9.090784 3.3321302 55156 a
 0.029499643 -0.56707394 -0.82222015 55160 r
 0.50242186 0.5995356 -0.44265917 55340 g
 -1.9554642 9.355942 3.283049 55344 a
 0.069705 -0.578431 -0.80978745 55347 r
 -0.083473586 -0.0018061559 0.18291736 55540 g
 -0.2741361 6.8486137 3.0986955 55544 a
 0.06994055 -0.56372356 -0.8194266 55547 r
 -0.48587722 0.629363 0.24550164 55741 g
 -0.7272388 8.085817 1.7866731 55744 a
 0.16762426 -0.5773051 -0.7918758 55748 r
 -0.043792486 -0.07823888 -0.3555738 55941 g
 -1.3102269 9.952098 3.0214825 55944 a
 0.07198207 -0.5769851 -0.81353384 55948 r
 0.4321144 -1.0902401 -0.15983148 56142 g
 -0.31004912 9.613917 3.3560722 56145 a
 -0.06353102 0.6020129 0.7955323 56149 r
 -1.2970761 0.65306515 -0.05357135 56342 g
 -1.5867572 9.7479925 2.5719712 56345 a
 -0.033616666 0.583884 0.80703264 56349 r
 -0.2224906 -1.5379175 1.3120977 56540 g
 -0.9307459 8.122928 3.1824925 56546 a
 0.04449386 0.5367671 0.83999294 56547 r
 -1.0264989 -0.032432508 -0.5393319 56741 g
 -1.7597382 9.184157 3.2399535 56745 a
 0.0100891655 -0.58901095 -0.8080527 56748 r
 0.46007758 0.85333484 0.13338256 56942 g
 -0.55365914 8.7609825 3.0131028 56946 a
 0.070883125 -0.56760883 -0.82023305 56950 r
 0.30721214 0.99847716 0.34137544 57143 g
 -2.0033484 9.5253315 -0.599149 57147 a
 0.09910357 -0.5750296 -0.81148833 57150 r
 1.3447797 0.5278966 -0.7190953 57342 g
 -2.7569232 8.959103 -1.4024036 57346 a
 0.16527824 -0.60254204 -0.7791956 57349 r
 0.3623396 0.52017343 -0.10816615 57542 g
 -1.2880806 9.309854 1.1234791 57546 a
 0.228031 -0.6594684 -0.7119438 57550 r
 0.63478094 0.5398808 -0.28393477 57742 g
 -3.3632548 7.5531077 -1.3263878 57745 a
 0.17757268 -0.6992185 -0.6920726 57749 r
 -0.33540863 1.8341771 0.7834602 57942 g
 -3.2782607 9.935937 1.5616181 57946 a
 -0.13302736 0.7154236 0.6858775 57949 r
 -0.8054566 1.089291 0.016736103 58144 g
 -4.413112 8.851364 5.1505265 58148 a
 0.007948801 0.6174295 0.7732951 58151 r
 -0.2571117 1.7944959 0.15308996 58342 g
 -3.0711622 13.80796 3.430891 58346 a
 -0.01651714 0.6016413 0.78785723 58349 r
 0.3378385 1.2565374 0.8172823 58542 g
 -4.140772 12.28824 -2.0536265 58546 a
 -0.0013685673 0.6197696 0.7678208 58550 r
 0.536244 0.7398842 -1.423235 58743 g
 -2.204461 9.520543 -0.32441434 58747 a
 -0.028339323 0.65799975 0.73997587 58750 r
 1.0403804 -0.33603287 -0.19312099 58943 g
 -0.31603462 10.074203 3.1477766 58946 a
 0.011350874 0.6924839 0.69746405 58950 r
 0.39562908 -0.7195281 0.12486044 59157 g
 -3.2585084 6.827066 -1.2653356 59161 a
 0.011350874 0.6924839 0.69746405 59165 r
 -0.7218333 1.7638696 0.6612211 59359 g
 -0.79128367 8.117541 2.086547 59362 a
 0.03877943 0.7246907 0.66403943 59366 r
 -1.8217188 1.562801 0.54137886 59556 g
 -2.5851393 9.377489 5.385158 59560 a
 0.09783734 0.60271776 0.7427878 59564 r
 0.22039309 0.3726343 -0.476215 59755 g
 -2.44029 7.705738 0.39923313 59759 a
 0.06760578 0.59287536 0.75350124 59763 r
 0.81054956 0.13854243 -0.24984632 59959 g
 -3.2968156 7.5387425 0.3842694 59963 a
 0.061918847 0.62316453 0.7361006 59966 r
 1.3386544 0.13561295 1.1869291 60293 g