 0.022520222 -0.83803874 0.28811222 7 g
 -1.3820529 9.19134 2.5498247 9 a
 0.47795665 0.38007128 0.37170437 11 r
 0.09895295 -0.2521433 -0.05543556 113 g
 -4.833295 11.292253 1.9800048 114 a
 0.40959594 0.45265114 0.4644995 118 r
 0.7349158 0.46904072 -0.16728833 327 g
 -3.6020765 11.952454 -1.7872716 330 a
 0.32836848 0.54963684 0.5536124 335 r
 0.7383779 0.84934014 -0.26822212 523 g
 -1.3916297 9.363124 3.198055 527 a
 0.30061623 0.596498 0.5371172 531 r
 0.85981804 -1.7653514 -0.25810212 727 g
 -2.9753942 8.582016 5.3127337 730 a
 0.3626707 0.5841507 0.48433372 736 r
 0.73172003 0.083415 0.16400892 925 g
 -2.1601684 9.918579 -1.1366472 928 a
 0.41186067 0.57864916 0.43078062 933 r
 -0.40971082 2.5953085 0.24683322 1125 g
 -1.6005238 6.9425864 3.1399956 1128 a
 0.46851277 0.535138 0.38738427 1132 r
 -0.016095612 1.8911687 -2.0578663 1326 g
 -1.1366472 5.744887 3.5541923 1330 a
 0.44823357 0.38953167 0.44922855 1334 r
 0.045157094 3.0251427 -0.05969662 1525 g
 -4.6399627 12.90355 -1.4107834 1529 a
 0.39224732 0.41189975 0.4609252 1532 r
 1.1144162 2.9353943 -0.16569044 1727 g
 -3.2375593 9.145252 -0.20649989 1731 a
 0.36243013 0.5028064 0.4753889 1735 r
 1.1375858 1.7830443 2.0103784 1925 g
 -1.8459295 10.617686 -1.6112977 1929 a
 0.20306624 0.65032005 0.5771553 1933 r
 1.6204169 -0.22178327 -0.2346663 2125 g
 -2.211644 13.924677 -3.2184057 2129 a
 0.24276224 0.66717935 0.5670323 2133 r
 -0.62649214 1.6147326 0.7062285 2325 g
 -1.484405 6.9844847 2.4504654 2328 a
 0.2676727 0.68308985 0.54564387 2332 r
 -4.8377485 -2.4873345 -1.6027322 2526 g
 -2.207454 8.428188 1.400608 2530 a
 0.32094356 0.5448699 0.6292456 2534 r
 0.8089517 1.5987537 0.008213988 2728 g
 -5.415684 12.887988 -2.6420016 2732 a
 0.27724937 0.55336165 0.6229138 2736 r
 -0.6501943 0.7798316 -0.016287094 2926 g
 -0.19692309 8.045116 3.2279825 2929 a
 0.32695156 0.59829116 0.5447081 2933 r
 1.4371914 -1.8654863 1.4596368 3126 g
 -1.3210008 9.7402115 -0.272939 3129 a
 0.3536197 0.61763394 0.52807933 3133 r
 1.1732721 -0.5506837 0.12539308 3325 g
 -2.5659857 12.275072 -2.8395233 3329 a
 0.46534637 0.5639883 0.41539732 3333 r
 -0.25524747 0.8160506 0.5674778 3527 g
 2.2517467 9.198523 8.288726 3530 a
 0.56811154 0.4781732 0.3167893 3534 r
 -3.074736 -4.413599 -0.6165636 3727 g
 -1.2868834 8.36175 0.3693056 3731 a
 0.547991 0.28719103 0.30582723 3735 r
 0.7727327 0.9452139 0.027388748 3926 g
 -2.3187842 18.56883 -0.8822633 3929 a
 0.5240191 0.33787543 0.3255594 3933 r
 0.24729101 1.9249909 0.4148787 4124 g
 -8.5143795 13.169307 -2.2008698 4129 a
 0.5063657 0.4258144 0.37469605 4132 r
 1.728275 0.3840859 1.5358032 4334 g
 -0.8619126 9.597756 1.5831659 4338 a
 0.3609516 0.5927253 0.49952576 4341 r
 2.3935325 -0.7810471 -0.46529606 4527 g
 -2.6018987 14.568119 -2.0428526 4530 a
 0.39712608 0.5858278 0.47312275 4534 r
 0.6608799 -1.3634804 0.6273989 4729 g
 -4.525041 13.351266 0.7290344 4733 a
 0.42100787 0.6098348 0.45045045 4736 r
 -1.7034745 -4.572057 0.011942414 4936 g
 0.17896658 7.4070616 3.9606082 4940 a
 0.41262278 0.5312375 0.513917 4957 r
 0.53384715 -0.65827537 -0.3073706 5117 g
 -1.8764555 11.496358 3.9468415 5118 a
 0.39560273 0.4277205 0.48909953 5119 r
 0.27738473 -1.3682741 0.121132016 5324 g
 -3.5170822 10.703279 -1.7046716 5327 a
 0.40162554 0.46320993 0.460637 5330 r
 0.45901233 0.9492087 -0.5222877 5530 g
 -1.1073183 8.227076 -0.97862995 5534 a
 0.39804742 0.5259377 0.44106856 5538 r
 0.55009246 -1.5389827 -0.39871702 5730 g
 -1.3611037 11.247959 1.18094 5734 a
 0.4712511 0.51792824 0.37577072 5737 r
 0.035303395 -2.5403314 0.09742989 5928 g
 -4.742315 6.569091 0.82121116 5931 a
 0.5063067 0.5439694 0.3380635 5935 r
 -1.7591345 -1.6798639 1.2828028 6128 g
 2.586935 8.005612 10.47164 6132 a
 0.4822723 0.4933412 0.3944228 6135 r
 0.37778592 0.57663244 -0.34279063 6327 g
 -3.3464954 12.965799 3.5984852 6331 a
 0.41766915 0.3786831 0.43399647 6335 r
 -0.09226202 -1.8529694 0.26520902 6528 g
 -0.79128367 13.61403 -2.042254 6531 a
 0.35816935 0.46154708 0.50230163 6535 r
 0.28750476 3.7969267 -1.7827618 6728 g
 -1.75076 11.306019 -0.025139118 6732 a
 0.31037658 0.55482435 0.52293223 6736 r
 0.26779735 1.7183295 -0.38912964 6925 g
 -0.7326257 13.099276 -0.4357447 6928 a
 0.3245425 0.627712 0.530129 6932 r
 0.12318771 -1.9496422 -0.026939739 7128 g
 -3.1597476 11.419145 1.2072762 7132 a
 0.3403138 0.63041556 0.5057183 7135 r
 -0.9351525 -3.7968106 0.8897203 7329 g
 -0.14844051 7.4345946 3.151368 7332 a
 0.29550168 0.58888066 0.620179 7336 r
 0.36526906 1.2227153 0.45908716 7528 g
 -1.8501194 15.018229 1.8962077 7531 a
 0.20629118 0.5502424 0.71447736 7535 r
 0.58817565 1.8978267 0.87720346 7728 g
 -0.20111294 9.4535055 -0.51475334 7731 a
 0.070934325 0.58790064 0.76487225 7735 r
 -0.82889235 7.5450597 0.08198355 7934 g
 -1.9794062 8.651448 -1.447295 7937 a
 0.25394422 -0.5829232 -0.7704266 7941 r
 -1.9820411 0.26743942 1.0817342 8128 g
 -4.0743327 9.412804 0.065242 8131 a
 0.5146129 -0.43819857 -0.65537363 8135 r
 0.5255914 6.093637 0.23751216 8328 g
 -4.9961004 9.260772 -2.5372553 8332 a
 0.6176726 -0.38977587 -0.54617745 8336 r
 -0.12235574 -4.882315 1.6037138 8530 g
 -2.6898856 6.539762 -0.20410569 8534 a
 0.60165095 -0.35992938 -0.5005024 8538 r
 0.70428944 -1.9304674 -0.15796727 8728 g
 -1.2539631 8.86932 5.053561 8731 a
 0.513377 -0.33217943 -0.617727 8735 r
 0.5333145 -2.5344722 -0.33746433 8930 g
 -3.2626984 2.7730842 1.0737995 8934 a
 0.48933288 -0.3234293 -0.6282448 8937 r
 0.0254497 0.53881556 1.1411227 9130 g
 -3.433884 8.662222 -1.8740613 9134 a
 0.4626098 -0.34796327 -0.6104204 9137 r
 0.116263494 -1.9544358 -1.9500084 9328 g
 -0.3866636 8.908226 1.9416976 9332 a
 0.48652673 -0.43984473 -0.60448986 9335 r
 0.64143884 -2.1224813 -0.4874003 9528 g
 -1.8118122 12.050615 3.7834373 9529 a
 0.38565785 -0.5362698 -0.70626205 9531 r
 0.52079767 2.123929 0.1440352 9730 g
 -3.5416229 6.749853 -0.094570965 9734 a
 0.3164654 -0.59351444 -0.72521156 9738 r
 -0.746867 1.5422946 1.6196928 9928 g
 3.105878 7.980473 4.9883194 9932 a
 0.37938198 -0.5327319 -0.7050471 9935 r
 -0.8552577 0.6999368 0.7224738 10128 g
 -2.8485014 9.399037 6.155493 10137 a
 0.3250504 -0.4340415 -0.73043805 10141 r
 -0.7018596 3.262164 -0.68047947 10330 g
 -5.8604074 19.612701 4.494515 10333 a
 0.41073412 -0.33997715 -0.6478202 10337 r
 -0.60145843 1.0205814 -0.01042814 10528 g
 -4.4568067 10.664372 0.7170634 10532 a
 0.49714231 -0.31336153 -0.5897549 10536 r
 1.1887184 0.21444252 1.0372595 10730 g
 -0.59735334 9.043498 0.6997054 10734 a
 0.58666867 -0.29245353 -0.50939876 10737 r
 0.5527556 -3.163511 -0.06582189 10935 g
 -2.4540567 12.8209505 -2.0811598 10939 a
 0.57829005 -0.34161782 -0.54706985 10943 r
 0.39962384 -0.57252157 0.7467086 11130 g
 -1.9087774 9.215881 8.671799 11134 a
 0.59909153 -0.38630635 -0.5481667 11137 r
 -0.29439595 -0.9530873 -0.64399415 11329 g
 0.15023616 6.30513 3.7493198 11333 a
 0.44724718 -0.39727128 -0.6290303 11336 r
 0.93012553 0.64454305 0.34004384 11532 g
 -5.381567 13.451223 0.54887074 11536 a
 0.40439802 -0.40112895 -0.67552024 11540 r
 0.6470315 -2.1384604 -0.14758094 11729 g
 -2.272696 8.8364 0.093373865 11733 a
 0.4194814 -0.42315137 -0.65531653 11736 r
 -1.9468874 -6.113761 -0.033331323 11932 g
 -1.2228385 9.8994255 1.01574 11936 a
 0.46884733 -0.46279818 -0.6066126 11940 r
 0.61267674 -5.7933826 -0.46396446 12132 g
 -2.617461 12.664728 -3.6697125 12136 a
 0.43949425 -0.52803564 -0.66241556 12140 r
 -0.37722024 1.3982176 0.5967726 12329 g
 -2.8514943 8.242638 3.164536 12333 a
 0.45599186 -0.58777905 -0.62089115 12336 r
 -1.013982 1.17105 -1.1121778 12530 g
 -1.3018472 6.5906386 2.9496565 12534 a
 0.24799654 -0.5517721 -0.76287967 12537 r
 0.1873699 2.653099 0.23538163 12732 g
 -7.297527 16.259623 -1.1773487 12736 a
 0.23062089 -0.53547215 -0.7880669 12740 r
 1.2558302 0.29247314 -0.31828955 12932 g
 -4.4597993 12.693459 5.9124813 12936 a
 0.21721707 -0.5626203 -0.78927904 12940 r
 1.3216102 0.44613755 1.5507169 13130 g
 -4.2957964 13.564948 5.245696 13134 a
 0.31868258 -0.565989 -0.7463009 13137 r
 1.7567707 2.2086174 -0.27354845 13329 g
 -3.1130607 11.5155115 -2.3624785 13333 a
 0.35850698 -0.5917543 -0.70545834 13337 r
 -0.5199657 1.3199207 1.2801397 13530 g
 -2.7156234 9.54209 2.8125885 13534 a
 0.34840903 -0.60732377 -0.6879166 13537 r
 -0.8986672 -1.648705 -0.8099091 13730 g
 -1.5879543 9.436148 2.782661 13734 a
 0.28575727 -0.5165657 -0.7589405 13737 r
 0.59882826 0.6791641 -0.46875817 13935 g
 -1.2982559 2.6713305 -0.10474633 13938 a
 0.32458323 -0.49325925 -0.7354154 13943 r
 -1.0888169 1.5878347 0.7038317 14130 g
 -0.6560113 7.062895 -0.521936 14134 a
 0.3624187 -0.51640177 -0.7098834 14137 r
 1.6102968 -1.4609522 -0.48313922 14333 g
 -0.14784196 10.726623 0.035314474 14337 a
 0.42612317 -0.5224266 -0.65420324 14340 r
 0.5596798 0.47729653 -0.25357476 14567 g
 -4.0384197 7.9026613 -1.3215994 14570 a
 0.49890435 -0.5132797 -0.6117911 14574 r
 -0.8837535 2.305024 1.7262192 14733 g
 2.1290438 8.187572 2.493561 14736 a
 0.54013413 -0.45002198 -0.5355578 14740 r
 -1.355133 -0.014323013 0.49077877 14934 g
 0.5117606 9.329007 10.173561 14938 a
 0.37427455 -0.40324378 -0.6717798 14942 r
 -0.26749802 -2.0388582 -0.64372784 15134 g
 -1.3688848 6.8653736 2.5851393 15148 a
 0.392836 -0.41702056 -0.6810561 15152 r
 -1.0225042 0.98862344 -0.6019162 15330 g
 -1.0313023 7.2352777 -1.4736311 15334 a
 0.33180505 -0.45036536 -0.723275 15338 r
 0.20334886 1.7910339 -0.6053783 15534 g
 0.30526072 12.755708 1.1947067 15538 a
 0.37901577 -0.53839743 -0.6811593 15542 r
 -0.556451 -1.9951823 -0.027206054 15737 g
 -4.9972973 8.4826565 0.3669114 15741 a
 0.42931852 -0.55707586 -0.6418906 15745 r
 -1.9402295 -1.0372431 1.0377921 15937 g
 0.2621651 7.57286 5.8119245 15940 a
 0.43928623 -0.4884764 -0.636625 15945 r
 -0.031808265 1.5063419 0.093168825 16134 g
 -1.2006922 10.441712 7.621941 16138 a
 0.33393365 -0.4260432 -0.72540027 16143 r
 -0.49759513 -1.8670841 -0.26955372 16332 g
 -0.3800795 8.567651 -2.191293 16336 a
 0.37546465 -0.406812 -0.7089922 16339 r
 0.6334494 1.9457636 -0.8386712 16534 g
 -0.52253455 8.342596 -0.0053869537 16538 a
 0.4422768 -0.4138484 -0.6787725 16542 r
 0.23583943 0.5009987 -0.21282838 16733 g
 -0.9247604 13.841478 -1.1300632 16737 a
 0.5261412 -0.4119811 -0.59571916 16741 r
 -0.34073496 -1.8875905 0.4681419 16938 g
 -4.817134 10.784681 0.8726865 16942 a
 0.6010907 -0.37880695 -0.5161031 16946 r
 -1.5862954 -3.3230343 0.40289447 17134 g
 -1.1390414 8.297106 3.9336734 17138 a
 0.53132504 -0.34524608 -0.48746458 17142 r
 0.91601074 -0.642829 0.1341815 17330 g
 -0.24301147 9.452907 4.0839095 17334 a
 0.45305294 -0.32791626 -0.57292813 17337 r
 -0.12448627 -2.369889 -0.06662084 17537 g
 -1.0737995 7.565677 -0.08140286 17541 a
 0.41981354 -0.3871506 -0.64885885 17546 r
 -0.105311505 -0.46945724 -0.9856777 17735 g
 0.48003745 7.6644382 2.6449943 17739 a
 0.40255532 -0.41615868 -0.67746717 17743 r
 0.62332934 -0.51419836 -0.5214887 17937 g
 0.25617957 11.671733 2.2649148 17941 a
 0.43572593 -0.488456 -0.660595 17945 r
 0.12851404 -2.3877323 0.0265898 18137 g
 -4.335301 7.7171106 -0.3716998 18141 a
 0.46179566 -0.5081208 -0.64535636 18145 r
 0.16819513 0.85786223 1.3456535 18331 g
 -0.040102877 8.561666 1.9847932 18334 a
 0.4715238 -0.48607522 -0.61444145 18338 r
 -1.2597919 -0.33203813 -0.04744608 18535 g
 -2.0506337 9.570822 3.615843 18540 a
 0.43906417 -0.39441198 -0.65136033 18545 r
 -0.09625676 0.8589275 0.7584265 18738 g
 -2.0518308 5.2181625 -0.10175357 18742 a
 0.47681558 -0.30123508 -0.606103 18746 r
 -1.5538048 1.3012786 -0.7739564 18937 g
 -2.1823149 9.652225 -0.8750807 18941 a
 0.53793424 -0.2412237 -0.54718083 18946 r
 0.29283106 1.0410877 0.30036277 19135 g
 -2.3744495 10.547656 -0.108337626 19139 a
 0.6355419 -0.20028275 -0.4307998 19143 r
 0.0014812502 -0.49928465 -0.06795242 19334 g
 -3.084929 9.229648 -1.3174095 19338 a
 0.7343308 -0.13665748 -0.32612565 19341 r
 -1.230497 1.0261741 0.713419 19535 g
 -0.7613561 7.4585366 2.4199393 19538 a
 0.71757156 -0.09613675 -0.2760925 19542 r
 -1.3330288 1.5380336 0.44603768 19735 g
 1.3617022 7.6135616 8.541913 19739 a
 0.5539567 -0.10628821 -0.33409926 19744 r
 -0.44566348 -1.6761355 -0.034662906 19941 g
 -1.7794905 6.501455 1.3880384 19945 a
 0.5616881 -0.066128775 -0.30942073 19949 r
 0.2121373 3.339662 1.0548363 20136 g
 -1.6699557 9.53012 1.922544 20149 a
 0.56603825 0.047264874 -0.18011154 20152 r
 0.21320255 -0.19009164 -0.59898674 20334 g
 -0.97862995 11.814787 0.40940848 20338 a
 0.6621961 0.15045652 0.0013537771 20341 r
 -0.1465905 -1.1155401 0.10142463 20538 g
 -4.8057613 10.1226845 -0.65242 20543 a
 0.6985719 0.16255355 -0.017926892 20547 r
 -1.288554 -4.1731153 -0.19871363 20736 g
 -1.0127473 6.187814 4.313753 20740 a
 0.6571149 0.14269337 0.03207388 20744 r
 1.3288007 -2.4117007 0.056150887 20938 g
 -1.4221559 11.336545 3.2585084 20943 a
 0.5452652 0.04638423 -0.06767639 20946 r
 -0.4395382 -0.3810403 0.5914463 21138 g
 -6.84203 13.582306 -2.2260091 21142 a
 0.5649722 0.021900665 -0.11001258 21146 r
 0.27205843 0.48235652 -1.2732991 21333 g
 0.19752164 9.31105 1.1785458 21337 a
 0.6113186 0.06605324 -0.113849275 21340 r
 0.6387757 -2.0705497 -0.2892611 21536 g
 -1.2072762 12.818556 -0.56802434 21540 a
 0.6900025 0.04713484 -0.12541635 21544 r
 0.03636866 -0.98664314 0.4316566 21739 g
 -5.466561 11.5873375 0.9504981 21743 a
 0.7184893 6.4854417E-4 -0.18265738 21747 r
 -3.1367877 -4.3949566 -0.52495086 21939 g
 -0.3298013 5.9268465 2.4821887 21943 a
 0.6308402 -0.047515184 -0.14788125 21947 r
 0.30667952 1.0450824 -0.19791467 22136 g
 0.2160767 6.55293 4.0575733 22140 a
 0.55839074 -0.065371886 -0.23642425 22144 r
 1.4627577 -4.079372 -0.33613274 22338 g
 -2.7012582 6.1285577 -0.022146367 22341 a
 0.56615436 -0.1016521 -0.32396212 22346 r
 -0.19506003 -1.2281919 0.27559537 22537 g
 -1.258153 8.624513 1.2970588 22540 a
 0.59416944 -0.0568308 -0.27399305 22544 r
 0.9311908 -1.9650885 -0.21708944 22736 g
 0.3513491 11.868058 -0.4165911 22740 a
 0.6815693 -0.10782197 -0.26630142 22744 r
 0.113334015 -1.5440427 -0.17208202 22939 g
 -6.1836243 11.924321 -1.7968484 22944 a
 0.69080305 -0.18399593 -0.34211156 22948 r
 -2.2246552 -6.1342673 0.21167949 23137 g
 0.05267244 7.5549035 3.1358056 23140 a
 0.64707434 -0.21766186 -0.2878717 23145 r
 1.2736733 -1.5411133 -0.18912625 23334 g
 -3.3919852 12.489353 0.1364695 23338 a
 0.52268326 -0.23568875 -0.4509481 23341 r
 -0.40678135 -3.0090477 0.48412088 23539 g
 -6.619968 12.6778965 -2.0817583 23544 a
 0.57960624 -0.19444951 -0.41836378 23548 r
 1.2121543 2.879734 0.6977064 23737 g
 0.1921347 10.238804 -1.6825253 23740 a
 0.67638814 -0.0832244 -0.30673298 23745 r
 1.1407815 0.7241716 -1.0173694 23938 g
 -2.56419 12.357672 -2.517503 23942 a
 0.681203 -0.21340883 -0.39511153 23947 r
 -0.20411478 1.2293732 0.95336986 24140 g
 5.036802 4.505289 11.510723 24144 a
 0.6824514 -0.2492947 -0.4330273 24148 r
 -1.9335716 0.27915734 -0.5273477 24336 g
 0.41000703 6.9186444 1.2000936 24340 a
 0.5404549 -0.26998556 -0.41923502 24344 r
 0.085370824 1.1396247 0.6047621 24538 g
 -2.2182279 14.569915 -1.4341269 24541 a
 0.54196084 -0.26208174 -0.45651755 24546 r
 1.3253386 0.71405154 0.3437723 24739 g
 -7.7051396 15.375564 -2.64679 24757 a
 0.56144124 -0.2679525 -0.46818253 24761 r
 2.1290805 0.6474725 -0.9153703 24937 g
 -1.8495208 10.374675 -0.7032967 24941 a
 0.6551709 -0.19719374 -0.39203903 24946 r
 0.7759285 2.8539014 -0.35131276 25141 g
 -2.5474305 12.237962 -2.3110032 25154 a
 0.67778665 -0.22887191 -0.41008595 25157 r
 -0.8283597 0.4123154 0.104087785 25339 g
 -1.893215 7.792528 1.459266 25342 a
 0.68637854 -0.2023136 -0.39728728 25349 r
 0.09229504 -0.15280738 -0.22587787 25537 g
 -2.484583 7.2981253 1.1073183 25540 a
 0.5988873 -0.18870947 -0.3678446 25544 r
 0.10134979 1.887973 0.18105315 25739 g
 -7.689577 15.808914 -3.0909145 25743 a
 0.6249851 -0.07461029 -0.21077977 25747 r
 1.9562415 0.5662461 0.1405731 25938 g
 -0.46627077 7.1251445 3.293823 25943 a
 0.6780133 -0.03270168 -0.19571356 25947 r
 0.96874136 2.4957063 0.2463006 26140 g
 -1.6154876 8.616134 -0.64703304 26145 a
 0.69984835 0.00507072 -0.15307917 26149 r
 0.023319172 0.5896819 -0.64212996 26338 g
 -2.2780828 11.578958 -3.0951042 26341 a
 0.73218465 0.0487879 -0.13578804 26347 r
 -1.0278305 2.2269933 0.16400892 26539 g
 -3.5422213 7.9732904 1.8626889 26543 a
 0.75166816 0.04340083 -0.13523267 26548 r
 0.008938101 3.7228909 -1.7875556 26739 g
 -5.8382607 10.480618 3.3674448 26743 a
 0.62105477 0.024757907 -0.08354392 26747 r
 -0.1117031 1.4062071 -0.17953886 26939 g
 -4.3837833 14.352641 -1.0720038 26943 a
 0.5814969 0.17320433 0.06972725 26947 r
 0.01106863 -0.8159345 0.3008954 27145 g
 -2.1158757 5.725135 2.2984335 27149 a
 0.63052803 0.19962424 0.06267669 27152 r
 -0.41157502 -2.9944003 0.64470947 27339 g
 -1.4269443 11.730989 3.3039982 27344 a
 0.62088054 0.28424287 0.12865098 27347 r
 -0.80865234 -3.4234354 0.2961017 27539 g
 -4.4741645 8.737639 -1.9111716 27543 a
 0.6868106 0.31598812 0.13431697 27547 r
 -2.426789 1.5321746 -0.049576607 27739 g
 -2.0512323 7.7129207 1.3784616 27743 a
 0.63439405 0.35717547 0.18219738 27747 r
 -1.8353009 2.7468424 0.42446607 27939 g
 -7.697957 11.670536 11.119271 27943 a
 0.54498124 0.22920525 0.16405006 27948 r
 -2.6606145 2.2019596 -0.08393139 28143 g
 1.5502456 4.994903 -0.9588778 28147 a
 0.4657965 0.3445683 0.2658721 28150 r
 -0.5841479 0.14573297 0.5291283 28345 g
 -2.9131448 7.744644 -2.0213048 28349 a
 0.51751155 0.3208313 0.25380334 28352 r
 1.9035109 -0.062259912 -0.12201459 28540 g
 -1.1755531 11.442489 -0.2160767 28545 a
 0.53807884 0.45349193 0.2932776 28548 r
 -0.05657566 -0.8007545 -0.2346663 28742 g
 0.24540567 8.249821 6.630143 28747 a
 0.5648301 0.48593897 0.24957769 28750 r
 -2.3223932 -4.495624 0.66468316 28940 g
 -2.0009542 6.7001734 2.0398598 28944 a
 0.534603 0.32757592 0.2455212 28949 r
 -1.128498 -0.24122433 0.57946205 29142 g
 -3.7600937 18.786703 0.7637503 29147 a
 0.44398645 0.34065855 0.34592035 29151 r
 1.308827 -2.6961262 -0.4511813 29342 g
 -8.891466 13.619416 -0.26515785 29347 a
 0.45956048 0.3385648 0.29615524 29351 r
 0.17671725 0.9880908 -0.23147051 29541 g
 -3.151368 10.946889 3.9839516 29545 a
 0.4390344 0.49285096 0.32741252 29549 r
 0.23557311 1.5239189 -0.7377374 29741 g
 -5.969942 10.532093 1.3461399 29745 a
 0.46780008 0.52629566 0.35893354 29749 r
 -2.7825873 -1.1778581 1.2937218 29940 g
 -0.23343466 7.4693108 1.7022774 29945 a
 0.42453706 0.53061473 0.41884914 29949 r
 -1.2619224 0.217372 0.41887343 30143 g
 -4.743512 9.49301 9.056067 30148 a
 0.40815663 0.405874 0.4524357 30163 r
 -0.66191214 0.46158388 0.19410263 30342 g
 -3.3033998 13.058575 -0.6697779 30346 a
 0.36080608 0.4579717 0.4940007 30350 r
 -0.14099787 2.6182117 -2.420589 30541 g
 -0.47046062 8.876503 3.3411086 30546 a
 0.3948456 0.5012574 0.47117463 30549 r
 0.26886263 -2.011161 -0.46369815 30738 g
 -3.5727475 12.441469 -2.475006 30743 a
 0.4075027 0.5656767 0.4446726 30748 r
 -1.2763034 2.4190073 0.43698293 30941 g
 -1.6753427 5.9023056 -0.8206126 30946 a
 0.4501262 0.55621433 0.37726155 30949 r
 -0.62356263 1.5002167 -0.06635452 31141 g
 -3.674501 16.09502 10.429741 31146 a
 0.44820875 0.43448895 0.42696533 31150 r
 0.71654 -1.2910424 -0.36542752 31344 g
 -1.8620903 5.86759 -0.65780693 31347 a
 0.35531598 0.46419674 0.52221555 31351 r
 -2.2241225 -1.7469757 1.1531069 31541 g
 -0.8559271 7.617751 3.731962 31546 a
 0.37233612 0.49590272 0.502081 31550 r
 0.37379116 -4.530778 0.5869189 31741 g
 -0.7906851 10.51713 -3.2381577 31746 a
 0.31226265 0.61488056 0.57778615 31750 r
 0.81054956 -0.59728897 0.30489013 31939 g
 -6.654085 13.315352 -1.7250223 31944 a
 0.35481864 0.6399673 0.48460153 31948 r
 -2.2177308 -6.0328007 -0.19525152 32141 g
 -1.95307 10.62427 6.045359 32146 a
 0.41928458 0.53650737 0.5142241 32149 r
 0.26886263 1.8139371 -0.08233349 32341 g
 -3.2668881 11.196485 0.66738373 32346 a
 0.3371785 0.45393783 0.56382054 32350 r
 0.5753925 -0.40554136 0.9325972 32544 g
 -6.701969 14.185645 -0.5979519 32549 a
 0.34814566 0.48601282 0.5186259 32552 r
 0.6749947 1.1867626 -1.1127105 32743 g
 -3.1555579 9.935339 1.2611457 32747 a
 0.30865723 0.549824 0.5591468 32750 r
 -0.39479712 -3.1166394 -0.58061093 32942 g
 -0.7026982 13.080122 -2.4863784 32947 a
 0.3567447 0.6382741 0.4975274 32951 r
 -1.2041317 0.07116446 -0.73667216 33146 g
 -1.1133038 4.431069 2.7138276 33149 a
 0.44992656 0.5564109 0.37377682 33153 r
 0.038765505 2.5340557 -0.6346731 33340 g
 -3.681085 7.4046674 1.9865888 33345 a
 0.4556602 0.4175418 0.456098 33348 r
 0.6994958 -0.18023795 -0.4613013 33539 g
 -3.039439 9.858126 -1.9835961 33544 a
 0.39766848 0.4421932 0.48154095 33547 r
 2.4593127 1.9641393 0.10142463 33744 g
 -3.457826 7.533954 0.2160767 33748 a
 0.4146647 0.4887594 0.44072583 33751 r
 0.8385128 -2.4260817 0.42899343 33944 g
 -0.90261406 12.597691 4.056975 33947 a
 0.38420355 0.5620738 0.47027805 33951 r
 0.4917692 -0.1727811 -0.43253917 34143 g
 -3.7804444 13.196839 0.6703765 34147 a
 0.45133916 0.57628894 0.39694503 34151 r
 -2.1197267 2.4656126 1.1895922 34345 g
 -0.61112 8.341399 0.78050977 34349 a
 0.37135568 0.56313014 0.50088185 34352 r
 -1.0723053 7.4380007 0.73206115 34544 g
 -1.5275006 16.754025 0.56802434 34548 a
 0.2829049 0.51421595 0.61023515 34551 r
 1.8185561 1.5420283 0.7805307 34745 g
 8.316858 19.612701 4.980538 34749 a
 0.03942995 0.63858724 0.74462837 34752 r
 -1.6589997 7.3453226 -2.0075326 34947 g
 -11.818976 17.105373 -19.6133 34950 a
 0.29647633 -0.62704587 -0.7102862 34954 r
 -0.5013236 -2.9051843 2.6809623 35162 g
 -2.6551697 12.802395 7.289147 35175 a
 0.48637712 -0.29818386 -0.62948745 35180 r
 3.0819597 5.1319695 0.9360593 35329 g
 -3.084929 6.409278 0.2208651 35330 a
 0.6166501 -0.30023903 -0.37610933 35331 r
 -1.4803016 2.3580208 -1.3252307 35543 g
 -2.919729 7.7063365 0.47644615 35547 a
 0.5656996 -0.10511671 -0.43431595 35550 r
 -0.6754943 1.1649247 0.084380396 35744 g
 -3.152565 8.095394 3.0490158 35748 a
 0.48053017 -0.18353891 -0.4607419 35751 r
 0.61507356 -0.29981387 -0.1600978 35944 g
 -0.45549688 3.4009635 -0.27234045 35948 a
 0.49117395 -0.15998876 -0.42993304 35951 r
 1.072871 -0.45161405 0.5464388 36147 g
 -5.116409 9.808446 -0.5758055 36151 a
 0.50013226 -0.2725476 -0.45999745 36154 r
 -1.1117201 -5.581928 0.38105655 36344 g
 5.3701944 10.030508 1.982399 36348 a
 0.57075906 -0.29298902 -0.46043608 36351 r
 -0.49919304 -1.7072945 -0.056767143 36544 g
 -0.6787562 8.033744 2.8550856 36549 a
 0.37195683 -0.50888073 -0.57555753 36552 r
 -0.06776094 -1.3272614 -0.17927255 36748 g
 -1.8698715 8.771756 0.006584055 36752 a
 0.35386837 -0.4692502 -0.6665394 36755 r
 0.45102283 0.11803609 0.009279252 36944 g
 -2.420538 9.487024 0.40222588 36949 a
 0.34482968 -0.540589 -0.6743148 36952 r
 0.56367457 0.43788174 -0.035195537 37145 g
 -1.3664906 9.048885 0.6985083 37149 a
 0.34941298 -0.58670664 -0.66706187 37153 r
 0.36500272 0.9920856 -0.20057784 37347 g
 -1.7705121 10.149021 1.946486 37351 a
 0.33487865 -0.61610544 -0.66686064 37355 r
 -0.123421006 -0.8835788 -0.08606192 37545 g
 -2.5025394 5.671864 0.076015905 37549 a
 0.3609082 -0.61471 -0.6557643 37553 r
 -1.6336997 -0.36772448 0.3751976 37744 g
 -1.049259 7.574057 1.8818425 37748 a
 0.39727858 -0.5513443 -0.6776076 37751 r
 -1.305332 0.8453454 0.98452884 37948 g
 -4.3436804 11.705252 5.781399 37952 a
 0.27245563 -0.49996132 -0.76539916 37956 r
 -0.17082527 -0.40687296 -0.86929756 38146 g
 -2.3930047 3.1202433 0.6171055 38149 a
 0.34328252 -0.44435233 -0.7606444 38153 r
 -1.0129168 2.853635 0.38585022 38343 g
 -0.97982705 8.546103 -0.98700964 38347 a
 0.43539757 -0.41517228 -0.7150429 38351 r
 -1.4664531 -3.385086 -0.11429142 38548 g
 -2.1493945 10.730213 0.1412579 38552 a
 0.47578105 -0.50015926 -0.6225545 38555 r
 -0.9977368 -2.1847992 -0.101774566 38746 g
 -2.5312698 7.615956 -0.88525605 38749 a
 0.48668212 -0.54333305 -0.6086977 38753 r
 -1.6928219 0.9926182 -0.30896848 38946 g
 -3.8672342 10.776301 1.8423382 38949 a
 0.4546784 -0.5668489 -0.63266486 38953 r
 -0.9292936 3.5018485 0.25109428 39142 g
 -3.0298622 10.008362 4.437653 39146 a
 0.3093008 -0.5314095 -0.7608389 39150 r
 0.0028128307 0.44294176 -0.6879363 39341 g
 -1.4885949 4.368221 1.4024036 39345 a
 0.322301 -0.49487913 -0.7684559 39349 r
 -1.1556622 1.0496098 -0.31429482 39542 g
 -3.0125043 7.868544 0.047884032 39546 a
 0.31596634 -0.5179479 -0.77002126 39549 r
 -0.8073208 -2.4724207 0.084380396 39743 g
 -0.95827925 9.474455 -0.35194764 39749 a
 0.5034829 -0.45162052 -0.62570125 39753 r
 -0.37162763 0.08900764 -0.54439193 39943 g
 -2.2990322 9.341577 -2.3415294 39947 a
 0.59281653 -0.40611213 -0.54018205 39950 r
 -0.8688398 1.6671969 0.24337111 40142 g
 -0.40342298 9.695918 1.0384849 40146 a
 0.6258396 -0.38766587 -0.4939793 40149 r
 -1.4499415 0.56091976 -0.24398737 40347 g
 -2.6874914 8.944139 3.5763388 40351 a
 0.5043996 -0.39373142 -0.5598149 40354 r
 -0.7423396 0.79314744 -0.5238856 40537 g
 -5.985504 13.342886 0.55365914 40541 a
 0.5134008 -0.3296743 -0.5380668 40545 r
 -0.27495486 0.9859603 -0.4826066 40743 g
 -2.7724855 8.437167 1.91596 40747 a
 0.56589854 -0.32098293 -0.5506752 40750 r
 -0.31596756 -2.1339328 0.6481716 40942 g
 -1.3210008 9.575011 0.046088383 40946 a
 0.6083122 -0.31976557 -0.5055875 40950 r
 0.06379922 -0.5448247 0.113142535 41143 g
 -1.5592239 13.14297 0.11372458 41147 a
 0.59555286 -0.39030403 -0.5328849 41150 r
 -0.2821454 -0.6255185 -0.17794096 41342 g
 -2.598906 9.3822775 0.23822308 41346 a
 0.59729856 -0.41469842 -0.539643 41350 r
 -0.69120693 -5.0674047 0.29556906 41543 g
 -2.8299465 6.9665284 2.7455509 41547 a
 0.55617005 -0.39675784 -0.53121287 41551 r
 0.06166869 -0.015121961 0.31980383 41743 g
 -1.5191209 9.78989 3.7672763 41747 a
 0.50186026 -0.33189803 -0.5824402 41750 r
 0.35861114 -0.013524065 -0.26529264 41943 g
 -0.9660604 4.0958805 1.0989386 41947 a
 0.46330902 -0.3610772 -0.6335971 41950 r
 -0.6885438 -0.0034040525 0.5618852 42144 g
 -4.699818 9.861118 0.75716627 42148 a
 0.52432495 -0.3543672 -0.58115286 42151 r
 -1.163918 -3.104655 0.7903844 42342 g
 -2.0524294 9.053674 -0.7344214 42346 a
 0.6243689 -0.30148917 -0.5124828 42350 r
 0.0337055 0.51591235 -0.008297611 42543 g
 -0.20709845 12.542624 -3.0107086 42547 a
 0.6324656 -0.3600046 -0.49761978 42551 r
 -0.39399818 -0.43883088 -0.16888623 42743 g
 -1.0217255 8.152257 0.074818805 42747 a
 0.5976051 -0.4167359 -0.5379917 42751 r
 -3.2955122 -6.2636967 1.0255415 42943 g
 -2.1888988 7.5692687 1.6250644 42947 a
 0.48392177 -0.43111145 -0.56757075 42951 r
 0.5247924 1.4978199 0.07239617 43144 g
 -1.6861166 14.36102 3.594894 43148 a
 0.49844134 -0.37160558 -0.5837708 43151 r
 1.2502375 1.767598 0.693179 43343 g
 -1.3263878 7.4483614 1.1198878 43347 a
 0.50261116 -0.3833949 -0.58945864 43351 r
 1.4656872 -0.16479161 -1.9060662 43544 g
 -1.4047978 9.562442 0.76195467 43547 a
 0.55425024 -0.361744 -0.49815467 43551 r
 1.2896522 -0.2556054 -0.04744608 43744 g
 -2.0326772 11.841123 0.31004912 43748 a
 0.5786716 -0.44488752 -0.52831835 43751 r
 0.33730587 -1.9680179 0.44763556 43944 g
 -5.0038815 8.153454 -0.62129533 43948 a
 0.5377906 -0.51950264 -0.56677145 43952 r
 -1.664326 -4.927589 0.59117997 44144 g
 -0.7787141 6.70556 4.9703627 44148 a
 0.4491879 -0.5484139 -0.60324854 44152 r
 0.7484979 -0.1778411 0.43884712 44343 g
 -1.5424645 9.913192 6.6145806 44347 a
 0.3230547 -0.4738524 -0.75552946 44351 r
 0.6787231 -0.88144827 -0.32308325 44545 g
 -1.9488802 6.669647 -0.034117375 44549 a
 0.37583715 -0.4728068 -0.7284507 44552 r
 0.2486226 1.793697 0.020997161 44744 g
 -3.3039982 9.593566 0.2681506 44748 a
 0.46818796 -0.441011 -0.64058405 44751 r
 -0.22728428 1.1777079 -1.0669042 44944 g
 -0.1388637 10.943297 1.6759412 44948 a
 0.4401744 -0.5160395 -0.63885623 44952 r
 -0.003845072 -1.839121 -0.07807243 45146 g
 -4.6040497 7.1502833 -1.5765818 45150 a
 0.43852264 -0.575992 -0.62568945 45153 r
 -1.6523417 -0.93471146 0.72327274 45346 g
 1.2114661 9.831789 2.3397336 45353 a
 0.41018033 -0.5803479 -0.63727206 45357 r
 -0.9410114 -1.2420403 -0.3204201 45566 g
 -4.6818614 10.389638 7.3633676 45570 a
 0.1693244 -0.5453986 -0.8093149 45573 r
 0.35195324 0.01417281 -1.1473316 45734 g
 -2.2008698 3.9911342 0.3184288 45743 a
 0.1871958 -0.56019557 -0.8036602 45744 r
 -1.2837603 1.1119277 -0.10789984 45935 g
 -2.9933507 10.214263 -0.6398504 45936 a
 0.16910505 -0.59034705 -0.7887483 45936 r
 0.9761982 0.3262953 -0.1784736 46145 g
 -1.0690111 7.4166384 2.5767596 46149 a
 0.175235 -0.63089275 -0.75526065 46153 r
 0.68431574 0.41790804 -0.30630535 46348 g
 -2.6850972 8.435969 -1.1150994 46351 a
 0.18048552 -0.66326165 -0.72626513 46355 r
 -1.0067915 1.530843 0.7048969 46545 g
 -1.7040731 8.6334915 2.098518 46549 a
 0.1897082 -0.677611 -0.7094949 46553 r
 -1.009721 -0.1362958 -0.8953966 46746 g
 -5.685032 8.568848 4.6058455 46749 a
 -0.08069804 0.57743096 0.8107464 46753 r
 0.32532164 1.0064666 -0.04052186 46947 g
 -5.5826797 15.401301 0.43754035 46950 a
 -0.07109512 0.58142996 0.8071702 46954 r
 1.2193449 1.7667991 -0.44345814 47147 g
 -2.4408886 8.535928 -0.40521863 47150 a
 -0.017208386 0.6168175 0.7685085 47154 r
 1.0704741 2.4347198 -0.18273467 47345 g
 -1.06123 9.267356 -1.2336124 47348 a
 -0.00754878 0.6843332 0.7062693 47352 r
 -0.054178815 -0.84176713 -0.10789984 47547 g
 -0.92655605 13.572729 -1.0444705 47550 a
 0.18000203 0.6859883 0.6337009 47554 r
 0.10960559 0.5199071 -0.08499665 47746 g
 -2.2798786 9.045893 0.4794389 47750 a
 0.29050562 0.6670779 0.5459638 47753 r
 -3.6489136 -6.3486514 -0.6093731 47946 g
 0.37469256 6.75943 3.8217444 47950 a
 0.35890913 0.52509487 0.5914288 47953 r
 1.0494351 1.5241852 0.749638 48147 g
 -4.431069 17.56147 -0.8643068 48151 a
 0.25358325 0.5083287 0.66642207 48154 r
 2.1623702 0.3558564 0.08997303 48346 g
 -8.057087 16.056114 -2.6210523 48349 a
 0.12835443 0.615083 0.70905274 48353 r
 1.819355 2.9026372 -0.795528 48547 g
 -1.0474633 9.194333 -0.6135142 48550 a
 -0.041328706 0.66523564 0.7211637 48554 r
 1.5911222 -0.72112596 0.064673 48747 g
 -1.2401965 10.302849 -0.8535329 48751 a
 -0.047113627 0.71290135 0.68537194 48754 r
 0.48058394 0.14786349 -0.23866105 48947 g
 -4.074931 11.88362 -0.2801216 48950 a
 -0.039094195 0.734143 0.6609487 48954 r
 -1.4193152 -5.5475726 0.22872372 49147 g
 -1.6190789 6.7630215 2.5528176 49150 a
 0.013789201 0.684513 0.7087659 49154 r
 -0.2840096 0.31244686 0.7160822 49347 g
 -1.134253 10.228029 3.2704794 49351 a
 0.029500756 0.5968262 0.7699664 49355 r
 0.23610574 0.8144527 -0.24744947 49547 g
 -0.7212533 4.2341456 -0.9427169 49551 a
 0.053947352 0.61647356 0.72942024 49554 r
 -0.11090415 1.6783822 0.25535533 49747 g
 -2.0811598 9.149442 1.2563573 49751 a
 -0.025710035 0.6619886 0.726106 49754 r
 0.798299 2.4696074 0.35469124 49948 g
 -2.2577322 10.454881 -0.3333926 49951 a
 -0.14219674 0.67531395 0.72152144 49955 r
 1.6001768 -0.11578945 -0.156902 50148 g
 -3.1334114 5.607819 -0.2825158 50151 a
 -0.10767668 0.7138833 0.68805057 50155 r
 -1.9173263 1.6331084 0.33817965 50347 g
 -1.5598224 6.479308 1.9123687 50361 a
 -0.10374631 0.7049165 0.70019084 50364 r
 -0.7332849 1.2189869 0.06706985 50548 g
 -5.051167 11.267113 1.7770962 50552 a
 -0.051602494 0.59631383 0.79572743 50558 r
 -0.33913705 0.46770915 -0.12893881 50752 g
 -0.770933 3.6888664 -0.46986207 50754 a
 -0.0860087 0.6355387 0.76270825 50755 r
 -0.29333067 0.5036618 0.1786563 50948 g
 -1.9369092 7.41604 1.8477252 50952 a
 -0.045837987 0.67451453 0.72320026 50955 r
 -0.14232945 -2.6846745 0.1506931 51149 g
 -2.2038627 8.785523 0.11192893 51152 a
 -0.1059934 0.7218343 0.6727647 51156 r
 -0.18414107 -1.2596171 0.084114075 51348 g
 -2.7515364 8.395268 -1.7645266 51352 a
 -0.010961307 0.7373462 0.64856166 51355 r
 -1.8355672 2.3276608 0.024991902 51548 g
 -3.104681 7.253234 2.2134395 51552 a
 0.10233974 0.7248595 0.62679106 51555 r
 0.46087652 3.2592347 -1.4392141 51749 g
 -3.3566709 11.54903 3.632004 51752 a
 0.18313777 0.56301737 0.704469 51756 r
 0.5993609 1.1374942 -0.21895365 51948 g
 -4.174889 8.568848 -1.6843209 51952 a
 0.18711697 0.5909169 0.6753923 51955 r
 2.1120365 4.093869 0.16374259 52149 g
 -2.2176294 6.779781 -1.0253168 52152 a
 0.18330473 0.6550355 0.62219626 52156 r
 2.3852768 -0.1397579 0.6415137 52348 g
 -1.70946 10.410587 1.6729485 52352 a
 0.102544926 0.70839584 0.6424343 52356 r
 1.269146 -2.3392627 -0.0027049726 52548 g
 -3.6140475 9.049484 -1.6992847 52552 a
 0.05229379 0.74476004 0.6236735 52556 r
 -1.3524698 1.5936936 0.03351402 52749 g
 -4.2060137 9.520543 2.3175871 52752 a
 0.025456037 0.74525034 0.63786775 52756 r
 -0.45977825 1.6272495 -0.2961853 52949 g
 -1.7369933 11.767501 5.8388596 52953 a
 0.074856415 0.6077868 0.74080616 52957 r
 0.06326659 0.8999402 0.009012936 53148 g
 -0.59376204 4.721366 0.41120413 53152 a
 0.0814897 0.60450387 0.73541754 53155 r
 -0.60838264 -0.21858747 0.019931896 53349 g
 -3.9306808 9.937733 -0.7505822 53353 a
 0.08898139 0.61867523 0.7269446 53357 r
 -1.0235695 -1.8793347 -0.11136194 53550 g
 -1.8207904 8.998009 0.96546185 53553 a
 -0.009909368 0.6866869 0.6932891 53557 r
 -0.25524747 -0.5717226 -0.3715528 53748 g
 -1.1839328 10.17835 -2.0697873 53752 a
 0.01734559 0.71406555 0.66485685 53755 r
 -0.7239638 1.7095412 -0.048245028 53949 g
 -2.6144683 8.090606 1.1456255 53953 a
 0.039019533 0.72204804 0.6488609 53956 r
 -0.077614635 2.232586 -0.563833 54151 g
 -2.3546975 7.6249337 2.995745 54154 a
 0.11634652 0.603302 0.7257957 54158 r
 0.37538907 0.465046 -0.3917928 54348 g
 -4.4101195 15.532384 1.4867992 54352 a
 0.0573842 0.60217905 0.7489043 54355 r
 0.7237305 0.2919405 0.26387745 54550 g
 -5.3049526 12.348095 -2.2182279 54553 a
 0.053369094 0.64010966 0.7211891 54557 r
 1.7551728 0.93030024 -0.018683938 54751 g
 -2.3989902 9.274539 0.32441434 54755 a
 -0.061842524 0.6878835 0.70577997 54759 r
 0.5010903 -2.0841317 0.27666062 54954 g
 -3.1549592 11.170747 0.06943185 54958 a
 -0.105628654 0.71614885 0.68332344 54961 r
 0.24223101 -0.32591286 0.14829627 55150 g
 -3.6565444 7.1407065 0.26156655 55154 a
 -0.087328725 0.7235683 0.6765292 55158 r
 -1.5833659 -2.3989174 0.20049421 55351 g
 -0.76195467 8.468291 3.6457705 55363 a
 -0.05921422 0.6820717 0.71992666 55367 r
 -0.2224906 0.36890587 0.014871891 55549 g
 -4.4262805 6.423643 5.277419 55552 a
 0.064090036 0.579728 0.75696653 55556 r
 -0.37508973 -1.2897109 -0.93481135 55750 g
 -1.3928268 5.9442043 0.3693056 55754 a
 0.052561805 0.59756756 0.7325019 55758 r
 0.36633432 0.7601242 -0.65224993 55951 g
 -1.0067618 9.172785 1.2378023 55954 a
 0.21268336 0.5707251 0.64094764 55958 r
 0.40708068 -1.4098194 -0.3590359 56151 g
 -1.0121487 9.522339 1.6699557 56154 a
 0.32879615 0.56492484 0.5267287 56158 r
 0.7234642 -0.5373678 -0.06795242 56350 g
 -2.7491422 13.256096 -1.1707647 56354 a
 0.39275506 0.54917705 0.4646605 56358 r
 0.7849832 -1.0138074 0.042835083 56551 g
 -3.8750155 14.404116 1.4227544 56555 a
 0.4407426 0.5571867 0.4273204 56558 r
 -2.2654014 -4.5667305 -0.49672136 56750 g
 -0.97982705 7.1526775 4.348469 56754 a
 0.45925105 0.42144948 0.4453245 56757 r
 0.1956257 0.7326937 -0.048245028 56951 g
 -0.98461545 7.282563 4.0378213 56954 a
 0.3999203 0.3959723 0.4569609 56958 r
 0.4896387 -0.6494869 -0.2114968 57152 g
 0.4165911 2.1733365 0.35254622 57156 a
 0.41727784 0.3938955 0.40044972 57159 r
 -0.09119675 -1.6534986 0.25615427 57351 g
 -0.6422446 10.597335 2.9317 57355 a
 0.43603256 0.4231755 0.42895302 57358 r
 -1.3745741 -6.0048375 0.38079023 57551 g
 -0.85173726 9.042301 -0.44831428 57555 a
 0.50229615 0.4649487 0.3319907 57558 r
 -0.028079838 -0.83377767 -0.32361588 57752 g
 -0.14604631 11.118074 -1.9596541 57757 a
 0.5346473 0.422127 0.28551063 57760 r
 -0.61077946 1.1904911 0.11820254 57951 g
 -1.0510546 9.915586 -0.717662 57955 a
 0.5582174 0.4495911 0.31058493 57958 r
 -2.4278543 -5.9965816 -0.012824985 58152 g
 -1.9333179 6.8492126 1.7058687 58156 a
 0.5044604 0.3872726 0.41371801 58160 r
 0.551424 0.9718455 0.026057167 58352 g
 -1.8351556 14.216171 0.11791443 58356 a
 0.34553704 0.46637875 0.5635906 58359 r
 1.2012353 0.9859603 0.97360986 58552 g
 -8.620922 14.942213 -2.7138276 58555 a
 0.30620772 0.54829 0.5870063 58559 r
 1.6965833 0.2903426 0.71901166 58752 g
 -1.917157 8.670602 1.1773487 58755 a
 0.17832908 0.642411 0.6217111 58759 r
 1.9021794 -0.77012813 0.060944576 58952 g
 -0.84934306 11.420342 1.0055647 58956 a
 0.25180072 0.6514398 0.57873684 58960 r
 0.49283448 -1.8865253 0.14350256 59152 g
 -6.401497 8.078036 -0.8295909 59156 a
 0.33638212 0.645699 0.50512224 59160 r
 -1.0784305 -1.8700136 1.7299476 59352 g
 -0.8810662 8.728661 4.2880154 59356 a
 0.28740433 0.6521449 0.57909447 59360 r
 -0.112235725 -1.6990387 -0.7353406 59555 g
 -4.2538977 9.800665 2.2661119 59559 a
 0.31810588 0.48393798 0.5654151 59562 r
 0.30694583 -2.1914573 0.6028979 59751 g
 -4.2419267 11.43351 -0.8110358 59755 a
 0.32163778 0.4828382 0.5288214 59758 r
 1.3234744 2.2584186 -0.006433398 59966 g
 -2.1930888 9.560646 0.05686229 59969 a
 0.41437656 0.49308997 0.4048926 59973 r
 0.49709553 -0.62685007 0.022328742 60278 g
