 -0.004044809 0.0011400993 3.4940674E-4 2 g
 -4.2419267 -1.0851719 9.050681 4 a
 -0.12408114 0.17621836 0.40394852 6 r
 -0.009637447 0.021113807 -0.014830612 108 g
 -4.061165 -0.89603 9.060258 116 a
 -0.12678708 0.17754444 0.40415892 119 r
 -0.004577441 0.015521169 0.0075399415 315 g
 -4.161721 -0.99658644 9.333197 319 a
 -0.1276208 0.17668375 0.4098796 323 r
 4.825648E-4 -0.066504195 -0.01083587 514 g
 -3.976769 -1.0977415 8.857947 517 a
 -0.1300476 0.17295557 0.41889587 521 r
 0.0042109904 0.0011400993 3.4940674E-4 713 g
 -4.063559 -0.9876082 9.375095 717 a
 -0.13135532 0.16997248 0.42598662 721 r
 0.07744792 -0.08195052 0.011534683 914 g
 -3.5104983 -0.19931729 9.582792 918 a
 -0.12988602 0.1668236 0.43475655 921 r
 0.43377888 -0.15838325 0.13057798 1114 g
 -4.785411 1.3006501 10.853515 1117 a
 -0.08840451 0.15225154 0.45125034 1121 r
 0.42392516 -0.16823694 0.8850515 1313 g
 -1.9656396 2.72939 9.601347 1316 a
 -0.02300094 0.16910067 0.4788352 1320 r
 0.560279 -0.6851565 0.92979264 1513 g
 -0.712275 3.8145618 9.701904 1516 a
 0.081524 0.15016055 0.56100184 1520 r
 0.21486703 -0.80526507 0.73671347 1714 g
 5.213374 4.103063 7.495647 1717 a
 0.18468581 0.09275891 0.62021714 1721 r
 -0.075417526 -0.86944723 0.0054094126 1913 g
 4.601057 3.0759506 8.124723 1917 a
 0.29210708 0.005719837 0.6515761 1921 r
 -0.11057125 -0.86944723 0.09382636 2114 g
 5.643732 3.5942953 5.8933277 2118 a
 0.31820205 -0.044683933 0.6395884 2122 r
 -0.041861698 -1.0295032 0.3742572 2318 g
 7.125743 2.8287494 6.196194 2321 a
 0.3629091 -0.10999589 0.62241954 2325 r
 0.16906066 -0.5136489 0.19422753 2514 g
 6.889914 3.321955 6.9126587 2518 a
 0.38103434 -0.14746997 0.6140345 2522 r
 0.068925805 0.0048685246 0.044824198 2714 g
 8.101978 2.8921957 6.595427 2718 a
 0.38710397 -0.15826741 0.6074168 2721 r
 -0.18966714 0.49675438 -0.27661934 2915 g
 5.4803276 3.140594 7.6363063 2918 a
 0.37015155 -0.13107455 0.6167757 2922 r
 -0.1989882 1.2006278 -0.55438703 3114 g
 1.4227544 4.3993454 9.087791 3118 a
 0.29971117 -0.062470786 0.60822994 3122 r
 -0.09033123 1.0301856 -0.7682389 3314 g
 -2.356493 3.0424318 8.728063 3317 a
 0.22187151 0.04144928 0.59063596 3321 r
 -0.10551125 1.2166069 -1.2223078 3514 g
 -3.5284548 3.0304608 8.604761 3518 a
 0.13439019 0.14736703 0.557681 3522 r
 -0.08314069 0.8158011 -1.2931479 3741 g
 -4.9039235 2.5300727 7.668628 3743 a
 0.04291659 0.23601794 0.46837583 3744 r
 0.06359948 1.5838567 -0.45824692 3914 g
 -17.3831 -2.3870192 1.8626889 3918 a
 -0.06989645 0.3373161 0.43339851 3921 r
 -1.8791765 3.3639135 5.2790008 4115 g
 1.4329298 12.4947405 2.926313 4119 a
 -0.28104782 0.4969809 0.55211455 4122 r
 0.08783425 1.3249974 2.751661 4334 g
 -2.0775685 9.425373 3.0550013 4338 a
 0.070337586 0.6360357 0.7480318 4342 r
 -0.6115118 0.10447075 -0.6665061 4514 g
 -1.4969746 9.000402 5.382764 4518 a
 0.04731366 0.58978283 0.7901806 4521 r
 -0.39100212 0.44002905 -0.08700228 4714 g
 -1.9656396 8.429984 4.663905 4718 a
 -0.0012378022 0.52366936 0.8369599 4722 r
 -0.11030494 0.21499193 -0.50032485 4914 g
 -2.307412 8.476072 4.471172 4917 a
 -0.035471287 0.52073073 0.8391182 4921 r
 0.2673313 0.056267533 -0.06250119 5107 g
 -2.8520927 8.678383 3.739743 5110 a
 -0.054694407 0.52907217 0.8321162 5111 r
 0.1530817 0.03203277 -0.10697599 5315 g
 -2.8443117 8.642469 3.9624038 5319 a
 -0.08001001 0.5469954 0.8201893 5322 r
 -0.003512177 -0.007382016 0.025915753 5525 g
 -2.6234465 8.665215 4.6399627 5526 a
 -0.098584265 0.54768777 0.8222831 5527 r
 -0.4040516 0.78277785 -0.0036453349 5707 g
 -3.1609447 8.506598 3.8109705 5708 a
 -0.06084062 0.5480243 0.8229231 5711 r
 -0.104179665 0.058131747 0.13324115 5923 g
 -1.9835961 9.329007 5.9825115 5927 a
 -0.081722006 0.5420232 0.8285566 5940 r
 -0.9710386 -0.7296313 1.9569738 6115 g
 2.3529017 2.9388826 8.088212 6119 a
 -0.042294644 0.51568246 0.8504067 6123 r
 -3.3013046 -0.8308314 0.6919723 6317 g
 3.6074634 10.456078 8.070255 6321 a
 -0.055417303 -0.2815985 -0.9579018 6325 r
 -0.42455795 -1.8590779 0.8400441 6516 g
 1.8908207 2.700061 6.4062853 6519 a
 -0.14808212 -0.21578479 -0.96461207 6523 r
 -0.76091516 0.53270704 1.3851931 6716 g
 2.7563248 -1.2677298 10.716447 6720 a
 -0.16189466 -0.18261883 -0.9632302 6723 r
 -1.2642527 1.3239322 0.38490987 6916 g
 0.7691373 -1.690905 9.248801 6919 a
 -0.083743684 -0.06780578 -0.9734172 6923 r
 -0.6285561 0.2093993 0.22645178 7117 g
 0.074818805 1.0821792 10.105327 7120 a
 -0.0072439695 -0.011471981 -0.9754961 7124 r
 -0.23787035 0.42245218 0.1540138 7316 g
 -0.76075757 0.11611878 9.646238 7320 a
 0.0340208 -0.0147321 -0.9684333 7323 r
 -0.32229257 -0.041736793 0.11699586 7515 g
 -0.7685388 -1.1127052 10.238804 7517 a
 0.030075531 0.014468145 -0.9627406 7518 r
 -0.22428823 -0.2153749 0.025915753 7723 g
 -0.47285482 -1.5957354 9.842564 7727 a
 0.014914973 0.04530312 -0.9593807 7741 r
 -0.15291551 -0.06304208 0.10874006 7923 g
 -0.031124622 -1.4173675 10.155605 7927 a
 -8.2427263E-4 0.062679484 -0.95466214 7941 r
 -0.13320813 0.11698761 -0.03347274 8109 g
 -0.37948096 -1.8351556 10.0664215 8111 a
 -0.009842386 0.07793388 -0.9545323 8112 r
 -0.17555238 0.05360437 -0.016162192 8317 g
 -0.25198972 -2.204461 9.860519 8320 a
 -0.014690573 0.09370558 -0.9585716 8324 r
 -0.066362776 -7.241135E-4 -1.8322548E-4 8516 g
 -0.3196259 -2.0655975 9.858724 8520 a
 -0.0171435 0.0994162 -0.96570045 8524 r
 0.018858377 0.044283308 -0.0023137543 8716 g
 -0.46447513 -2.132635 9.9550905 8719 a
 -0.009355529 0.10303247 -0.9698313 8723 r
 0.20900808 0.16039713 -0.06516436 8917 g
 -0.87567925 -1.5448587 9.75697 8921 a
 0.0032361662 0.09181683 -0.9748691 8924 r
 0.34269875 0.13110235 -0.31177306 9117 g
 -0.7835025 -0.62368953 9.909002 9121 a
 0.02966829 0.06705241 -0.9826656 9125 r
 0.46387258 0.07917072 -0.22229086 9316 g
 -1.1647792 0.9708488 9.662399 9320 a
 0.0384005 0.033009395 -0.9898394 9324 r
 0.663876 0.14228764 -0.03134221 9509 g
 -1.0995371 1.9560628 9.631275 9510 a
 0.061054155 -0.025840558 -0.99164015 9512 r
 0.21992704 -0.05159049 -0.043326434 9717 g
 -1.3138182 1.8351556 9.727043 9721 a
 0.06555304 -0.06609437 -0.98862785 9724 r
 -3.1638352E-4 0.015787486 0.003811516 9916 g
 -1.0660183 1.5717934 10.087969 9920 a
 0.07317653 -0.07692738 -0.98624104 9923 r
 -0.28847042 0.064789645 0.05201473 10118 g
 -1.536479 0.6907272 9.524135 10127 a
 0.071533605 -0.05701244 -0.9859894 10132 r
 -0.6021908 -0.05585155 0.19396122 10319 g
 -1.401805 -0.1448492 9.907805 10325 a
 0.076906934 -0.02388547 -0.9834265 10329 r
 -0.738012 -0.081417896 0.10341374 10541 g
 -1.316811 -2.3822308 9.960478 10543 a
 0.06279681 0.034920856 -0.9788297 10544 r
 -0.31776518 -0.18394959 -0.048120126 10718 g
 -1.0313023 -1.9195513 9.649231 10722 a
 0.03911094 0.090137795 -0.9750057 10726 r
 0.37518933 0.066920176 -0.08007806 10918 g
 -1.3880384 -0.90381116 9.946711 10921 a
 0.038000606 0.08672866 -0.9757535 10925 r
 0.5594801 0.113791816 -0.1882024 11132 g
 -0.9804256 0.093972415 10.234613 11136 a
 0.038000606 0.08672866 -0.9757535 11139 r
 0.6662728 -0.12562637 -0.15597814 11331 g
 -1.5693992 2.184709 10.7912655 11335 a
 0.060741104 -0.006557161 -0.986221 11339 r
 0.8806573 -0.034279943 -0.10910651 11534 g
 -0.25498247 2.705448 9.8916445 11537 a
 0.06499283 -0.07906763 -0.98486954 11541 r
 -0.23334298 0.06372438 -0.067827515 11731 g
 -1.5598224 1.7806876 9.904813 11735 a
 0.06523084 -0.103681505 -0.9849232 11739 r
 -0.35638103 -0.084347375 -0.04412538 11934 g
 -1.1468226 2.0871453 10.089166 11938 a
 0.065088354 -0.088787034 -0.9866732 11941 r
 -0.5121759 -0.2848834 0.150818 12132 g
 -1.2300211 1.3670892 10.064027 12135 a
 0.057784785 -0.07258697 -0.9869779 12139 r
 -0.2735567 -0.040937845 0.29036763 12334 g
 -0.8714894 -1.1587936 9.715072 12337 a
 0.049937654 -0.029899854 -0.9868757 12341 r
 -0.2402672 0.26852146 0.1590738 12536 g
 -0.81642276 -0.32800564 8.887876 12540 a
 0.055467963 0.01965252 -0.98179525 12544 r
 -0.108973354 -0.46304888 0.19422753 12732 g
 -0.3585317 -0.88944596 9.607931 12735 a
 0.0660487 0.031363264 -0.9769116 12739 r
 0.07345318 -0.2073854 -0.14479287 12932 g
 -0.8230068 0.01436521 10.069414 12936 a
 0.040291823 0.030275702 -0.9785678 12939 r
 0.3877062 0.07357808 -0.21723086 13138 g
 -0.95708215 0.6135142 9.757569 13142 a
 0.043019053 0.0071725883 -0.98214847 13146 r
 0.35228613 0.058131747 -0.13813497 13332 g
 -0.5141548 1.5598224 10.210671 13336 a
 0.054034386 -0.028716907 -0.98395663 13339 r
 0.121390074 0.021912755 -0.04838644 13535 g
 -0.84814596 1.3820529 9.931747 13539 a
 0.046745434 -0.05321963 -0.98423105 13543 r
 -0.07781437 0.030434871 0.011002051 13735 g
 -1.0941502 1.0791864 9.791088 13738 a
 0.052255742 -0.058725603 -0.98370963 13742 r
 -0.18141134 -0.0116430735 0.13936642 13932 g
 -0.63206923 0.49799395 10.006566 13936 a
 0.053938042 -0.04682745 -0.98244005 13940 r
 -0.23600614 -0.029486254 0.098353736 14137 g
 -0.93134445 -0.040102877 9.947908 14140 a
 0.042805187 -0.022774339 -0.98094004 14144 r
 -0.1561113 -0.030285202 0.07278739 14335 g
 -0.76315176 -0.093373865 9.993398 14339 a
 0.03778032 -0.002491219 -0.9790829 14343 r
 -0.19446082 -0.027355725 0.021654695 14540 g
 -0.7158663 -0.33997664 9.987412 14544 a
 0.032464467 0.012423877 -0.9774162 14547 r
 -0.03680169 -0.011376758 -0.00124849 14732 g
 -0.66858083 -0.3184288 10.00896 14736 a
 0.029528938 0.02022897 -0.97723275 14740 r
 0.04389209 0.013656956 -0.04146222 14935 g
 -0.65182143 -0.047285482 10.101137 14939 a
 0.029374028 0.020320307 -0.9771313 14943 r
 0.075583704 0.026706446 -0.098720185 15132 g
 -1.0630256 0.03172317 9.731233 15140 a
 0.031614326 0.013710035 -0.97846514 15144 r
 0.15947329 -0.037475735 -0.12881391 15332 g
 -1.01574 1.1773487 9.840169 15336 a
 0.04864683 -0.002327581 -0.9801944 15340 r
 0.024717331 0.0639907 -0.040663272 15536 g
 -1.0001777 0.5967548 10.057443 15540 a
 0.054380402 -0.018759087 -0.9810845 15543 r
 0.17705014 0.04002225 -0.06622962 15733 g
 -1.1456255 1.3587095 9.892841 15737 a
 0.05712928 -0.025204137 -0.9820309 15740 r
 0.12565114 -0.032948364 0.030975759 15931 g
 -1.0839748 0.8948329 9.967062 15935 a
 0.063375406 -0.03892728 -0.98106843 15939 r
 -0.08127648 -0.07396104 0.044291563 16139 g
 -1.0145429 0.8343793 9.960478 16143 a
 0.060454153 -0.037729196 -0.98150855 16147 r
 -0.14732288 -0.033214677 0.061335795 16334 g
 -0.7763199 0.24779987 9.991602 16338 a
 0.056275554 -0.028542407 -0.9809652 16341 r
 -0.14892077 -0.02629046 0.0746516 16532 g
 -0.8499416 0.017357962 9.89763 16535 a
 0.050559103 -0.010658702 -0.98122805 16539 r
 -0.16862816 -0.087276846 0.043492615 16731 g
 -0.770933 -0.2681506 9.9928 16735 a
 0.04324283 0.0050844783 -0.9805017 16738 r
 -0.023485884 -0.048661012 8.309063E-5 16932 g
 -0.7128736 -0.0688333 9.990405 16936 a
 0.034676496 0.013786731 -0.98074573 16939 r
 0.053213153 -0.0116430735 -0.042261172 17136 g
 -0.6955156 0.12330139 10.034698 17140 a
 0.032867268 0.010766678 -0.9808126 17143 r
 0.06359948 0.0043358924 -0.037733797 17336 g
 -0.6338649 0.092176765 10.019734 17339 a
 0.033588935 0.0033188388 -0.98156995 17343 r
 0.037766818 0.0019390476 -0.05397908 17534 g
 -0.5482722 0.11671733 9.989208 17538 a
 0.033553094 -3.950838E-4 -0.98232394 17542 r
 0.066795275 -0.016436763 -0.06330014 17733 g
 -0.6338649 0.2657564 10.132261 17737 a
 0.03287759 -0.004598628 -0.98299235 17741 r
 0.34802508 0.018716963 -0.15491289 17936 g
 -1.0576386 1.5167267 9.999383 17940 a
 0.03751633 -0.01975679 -0.98440284 17944 r
 0.519799 0.2786415 -0.2113719 18137 g
 -1.9620483 2.4420857 9.3661175 18141 a
 0.05931004 -0.06214106 -0.984875 18144 r
 0.32405663 0.10420443 -0.052913815 18337 g
 -1.5424645 2.4947581 9.597756 18341 a
 0.09828735 -0.099008456 -0.9801945 18344 r
 -0.31536832 -0.10778319 0.09329373 18537 g
 -1.3425486 1.4383167 9.69113 18541 a
 0.09473488 -0.09876336 -0.980581 18544 r
 -0.9316238 -0.12056636 0.34309822 18734 g
 -0.25797522 -0.6979098 9.907805 18738 a
 0.07069737 -0.04188887 -0.98044413 18742 r
 -0.41630214 -0.14400218 0.41633517 18935 g
 -1.0085574 -1.6472107 10.29806 18938 a
 0.029714596 0.016321432 -0.97401434 18942 r
 0.20368175 0.1350971 -0.01083587 19139 g
 -0.7020996 -0.931943 10.087969 19143 a
 0.022279117 0.049317256 -0.97111315 19147 r
 0.5136737 -0.030018885 -0.3455952 19335 g
 -0.83737206 1.0067618 9.667787 19339 a
 0.03132348 0.024142563 -0.9764177 19342 r
 0.71420974 0.08662757 -0.3037836 19535 g
 -1.447295 1.9806033 9.582193 19539 a
 0.052981354 -0.044472314 -0.9791835 19543 r
 1.0881176 -0.17596011 0.16972645 19737 g
 -1.287482 2.5139117 10.517728 19741 a
 0.073770165 -0.09473579 -0.97754604 19744 r
 -0.516437 0.24029197 0.10874006 19935 g
 -1.4347254 0.8750807 10.356718 19939 a
 0.06908207 -0.07949504 -0.97764 19942 r
 -0.31377044 0.21499193 0.27572027 20137 g
 -0.52373165 0.6787562 10.221446 20151 a
 0.055060565 -0.040764265 -0.9742989 20154 r
 -0.20777664 0.30260992 -0.041195907 20338 g
 -1.7741034 1.2677298 10.184934 20342 a
 0.04280741 -0.015842408 -0.9720095 20346 r
 -0.34599468 -0.08514632 -0.18980029 20536 g
 0.9540894 -0.33039984 8.747216 20539 a
 0.035504602 -0.0026228335 -0.97217876 20543 r
 0.19169752 -0.6153817 -0.035336953 20735 g
 -2.1380222 0.97623575 9.776723 20739 a
 0.032002475 -0.010574123 -0.9761351 20743 r
 0.21326913 0.09941074 -0.10670967 20938 g
 -0.3800795 0.029927522 10.747571 20942 a
 0.043542232 -0.020399667 -0.9821082 20946 r
 0.05481105 0.095416 -0.26969513 21137 g
 -1.0684125 1.6807296 10.107122 21141 a
 0.044294707 -0.029850923 -0.9855502 21145 r
 0.42845255 -0.036943104 -0.11682968 21328 g
 -0.90261406 1.8154035 9.941324 21332 a
 0.042291008 -0.050301366 -0.9882687 21336 r
 -0.021887988 -0.06916735 0.14788853 21530 g
 -0.75836337 1.049259 9.940127 21534 a
 0.042156383 -0.059882857 -0.9883334 21538 r
 -0.31430307 -0.035345208 0.13830115 21728 g
 -0.5081693 0.2100912 10.075399 21732 a
 0.041932747 -0.039458603 -0.9879258 21736 r
 -0.20804295 -0.061710503 0.20594545 21927 g
 -0.42916065 -0.53091425 10.058042 21931 a
 0.03258559 -0.010991273 -0.9869359 21935 r
 -0.08846702 -0.0057841195 0.092228465 22130 g
 -0.545878 -0.061650693 9.953295 22134 a
 0.025641467 0.0061218813 -0.9851081 22137 r
 -0.06077014 -1.9148127E-4 0.020589432 22332 g
 -0.46088383 -0.6326678 9.950302 22336 a
 0.027530303 0.013368687 -0.98284405 22339 r
 0.024184698 0.008064318 -0.076615945 22527 g
 -0.7098808 0.024540568 10.092757 22532 a
 0.02611221 0.01623851 -0.98188406 22535 r
 0.179447 0.039755933 -0.051582236 22731 g
 -0.29388827 0.3812766 9.982624 22735 a
 0.030889664 0.004630563 -0.9825092 22739 r
 0.17465329 0.020581175 -0.15651079 22927 g
 -0.5758055 0.66020113 10.022128 22932 a
 0.033554375 -0.0135050025 -0.98315614 22935 r
 0.33417666 0.11885182 -0.07235489 23127 g
 -1.644218 0.9540894 10.238804 23132 a
 0.041756794 -0.034159414 -0.98455304 23136 r
 1.3325957 0.08236651 0.2301802 23333 g
 0.15622166 4.1718965 9.657013 23337 a
 0.068268254 -0.0989435 -0.9792941 23341 r
 -0.75425726 -0.010577809 0.35321826 23529 g
 -0.08738836 3.3877954 8.532336 23533 a
 0.070567995 -0.11316614 -0.97142166 23536 r
 -0.008305867 0.51060283 0.25894234 23728 g
 -1.7669208 0.88046765 10.004171 23733 a
 0.08416871 -0.113717645 -0.96614367 23736 r
 0.31074083 0.21579088 0.0349705 23926 g
 -0.85173726 5.6539073 7.824251 23931 a
 0.1049747 -0.058749378 -0.9621189 23935 r
 -0.7896773 -0.17223169 0.111136906 24128 g
 -2.7383683 -1.733402 9.1255 24133 a
 0.11208951 -0.026373941 -0.95809406 24136 r
 0.7813214 -0.40472564 0.063200004 24330 g
 -2.2403743 0.50038815 10.064027 24333 a
 0.13016793 -0.0059407186 -0.9518823 24337 r
 -0.22615243 0.102606535 0.11566428 24534 g
 -2.0350714 -1.3533225 9.637859 24538 a
 0.110354416 -0.008124955 -0.94377273 24541 r
 0.22418809 -0.23135386 -0.1783487 24729 g
 -2.6898856 -1.9003977 10.761338 24733 a
 0.106902465 0.03669083 -0.94302124 24737 r
 0.97093844 0.21765509 -0.17728344 24929 g
 -2.7090392 2.6982653 10.2657385 24933 a
 0.11122733 0.008347768 -0.9541206 24937 r
 -0.6019245 0.28769624 0.0978211 25131 g
 -1.13964 -0.7697359 9.657013 25135 a
 0.122860216 -0.016431298 -0.9575296 25138 r
 -0.18194397 -0.74001765 -0.18527292 25330 g
 -1.9081788 -0.46088383 9.798869 25333 a
 0.100629434 0.003431728 -0.9595775 25337 r
 0.9019626 0.25840145 0.035236817 25532 g
 -1.8261774 2.2625206 9.400234 25536 a
 0.091254786 -0.006195142 -0.96833545 25539 r
 0.37385774 -0.06357472 0.061602112 25732 g
 -1.1121067 1.2964603 9.841366 25736 a
 0.10170754 -0.05035031 -0.9695342 25739 r
 -0.33880416 -0.07342841 0.2251202 25930 g
 -0.8283938 -0.49919105 2.717419 25934 a
 0.08413967 -0.038296856 -0.9708205 25937 r
 0.2886366 -0.03161678 -0.22681823 26130 g
 -1.002572 1.6657659 10.570999 26133 a
 0.08690435 -0.035935692 -0.96952826 26137 r
 -0.05730803 -0.03454626 -0.079811744 26334 g
 -1.3204023 -0.15083471 9.902418 26337 a
 0.06790778 -0.0369874 -0.9740003 26341 r
 -0.019491144 0.06505597 -0.08806754 26532 g
 -0.94211835 1.4143747 10.043077 26535 a
 0.060478214 -0.0126900375 -0.9776103 26539 r
 0.23963442 0.1300371 0.013398896 26729 g
 -1.7657237 1.3491327 9.789292 26733 a
 0.055197813 -0.031270064 -0.97736484 26737 r
 0.033772077 0.15187502 0.0746516 26933 g
 -1.4311341 0.98940384 9.779716 26936 a
 0.08082014 -0.050072163 -0.9744249 26940 r
 0.05427842 0.2671899 -0.035869583 27130 g
 -1.4089876 0.801459 10.018537 27134 a
 0.08285714 -0.04142694 -0.97351843 27137 r
 -0.14146392 0.22085088 -0.09579071 27330 g
 -1.7986441 0.93852705 9.825804 27334 a
 0.08660289 -0.022565529 -0.97401017 27337 r
 -0.06689541 0.038956985 -0.015363243 27518 g
 -1.4059949 0.4357447 9.941324 27522 a
 0.087378345 -0.015579425 -0.9732818 27525 r
 0.36240616 0.07704019 0.028578915 27730 g
 -1.7100586 1.5221137 9.776723 27741 a
 0.08640929 -0.028109021 -0.9722404 27759 r
 0.03643524 -0.06730314 -0.024151675 27926 g
 -1.0636241 1.7645266 9.7641535 27929 a
 0.08866165 -0.04752875 -0.9710271 27935 r
 -0.123887055 0.09142126 0.0070073092 28134 g
 -1.3305776 0.95349085 10.019135 28139 a
 0.08274497 -0.054450274 -0.9713183 28149 r
 -0.087135434 -0.04147048 -0.010036921 28332 g
 -0.9983821 1.1725603 9.341577 28335 a
 0.07943851 -0.043844633 -0.9718562 28339 r
 0.2406997 -0.12509373 -0.016428508 28526 g
 -0.7757214 1.4209588 9.573814 28537 a
 0.07080951 -0.046981066 -0.9716063 28541 r
 -0.10391335 0.06345807 -0.009770606 28728 g
 -0.748188 1.0785879 10.102334 28732 a
 0.061906144 -0.05181516 -0.97145325 28743 r
 -0.114033364 -0.049992595 0.036302082 28971 g
 -0.5943606 0.59136784 9.919776 28972 a
 0.052209966 -0.0417191 -0.9722815 28974 r
 -0.22615243 -1.9148127E-4 0.04455788 29123 g
 -0.61052144 0.44472298 9.610326 29131 a
 0.043727428 -0.021088362 -0.9721088 29134 r
 0.092894256 -0.123229526 -0.037201166 29330 g
 -0.04189853 0.24181437 10.250774 29340 a
 0.03913211 -0.019092947 -0.97175866 29344 r
 0.024451014 -0.16157904 0.07198844 29530 g
 -0.130484 0.85293436 10.140641 29533 a
 0.017638568 -0.020325806 -0.9723641 29536 r
 0.16453329 -0.081417896 -0.059838034 29731 g
 -0.521936 1.6346412 9.904214 29735 a
 0.013951122 -0.025954831 -0.97303206 29745 r
 0.06839317 0.06958334 0.0416284 29929 g
 -0.025139118 0.3776853 9.749189 29933 a
 0.014813265 -0.034354195 -0.9733898 29943 r
 0.4806505 0.3002131 -0.21563296 30133 g
 -0.8218097 2.1649568 9.810242 30137 a
 0.024017822 -0.0459065 -0.97546035 30142 r
 0.47825366 0.34814999 -0.08460543 30334 g
 -0.87927055 4.2024226 9.133281 30343 a
 0.04519674 -0.0922589 -0.9760446 30363 r
 -0.6855477 0.4112669 0.26240444 30531 g
 -2.6761189 -1.745373 9.954493 30536 a
 0.06665223 -0.091451034 -0.9719332 30546 r
 -0.32681993 -0.1709001 -0.09419281 30734 g
 -1.5304934 0.4177882 9.91798 30738 a
 0.089747116 0.009685259 -0.97035056 30760 r
 0.29316396 -0.097130544 0.01446416 30930 g
 -1.4137762 1.1815386 9.809643 30940 a
 0.079640344 -0.0017286949 -0.9732812 30945 r
 -0.09858703 0.04295173 0.044824198 31132 g
 -1.6819267 0.5105635 9.824607 31136 a
 0.075508416 -0.019229427 -0.9721394 31146 r
 0.18743648 0.22164984 -0.060370665 31326 g
 -1.3371617 0.6386533 9.81922 31331 a
 0.0840607 -0.013768405 -0.9716645 31335 r
 0.14109747 -0.13627902 -0.017760089 31532 g
 -1.1827357 1.5496471 9.740809 31536 a
 0.0759957 -0.024093311 -0.9726972 31540 r
 0.06599633 0.0016727315 -0.013499031 31729 g
 -1.3868413 1.3006501 10.0269165 31736 a
 0.07593474 -0.0432038 -0.97329694 31739 r
 -0.15424709 0.023244336 0.013665212 31935 g
 -1.3700819 1.1013328 9.855133 31938 a
 0.07739461 -0.040793076 -0.97372013 31942 r
 -0.055177502 -0.030551517 0.08264109 32132 g
 -1.09834 0.98222125 9.9473095 32136 a
 0.069466956 -0.03212508 -0.97493833 32139 r
 0.11792797 0.09008968 0.05547684 32337 g
 -0.99778354 1.2964603 9.895834 32340 a
 0.06868034 -0.034706637 -0.975002 32344 r
 -0.036269058 -0.07342841 0.05760737 32533 g
 -1.1833342 0.5931635 10.051457 32537 a
 0.065999456 -0.040545568 -0.9746854 32540 r
 0.01379837 0.07704019 0.065596856 32723 g
 -1.18094 1.2886791 9.932345 32732 a
 0.067813985 -0.034814417 -0.9739142 32735 r
 -0.15051867 0.14388554 -0.01562956 32933 g
 -3.0053217 1.0905589 14.047978 32937 a
 0.0779096 -0.032396093 -0.9722324 32941 r
 0.1613375 0.08609494 0.06666212 33133 g
 -0.49081135 1.6992847 9.970653 33137 a
 0.08007893 -0.030139007 -0.9717645 33140 r
 -0.013099557 0.22244878 -0.098720185 33333 g
 -0.8888474 1.3269863 9.755774 33337 a
 0.060926624 -0.054503486 -0.97297806 33341 r
 -0.025616413 -0.030817833 -0.027081152 33535 g
 -0.85173726 1.1324574 9.907207 33539 a
 0.060991943 -0.051212013 -0.97327477 33543 r
 -0.1262839 0.06345807 -0.007906392 33732 g
 0.62728083 1.1109096 10.17835 33736 a
 0.060696978 -0.04911934 -0.9742078 33740 r
 0.5786548 0.113525495 -0.029477997 33932 g
 -0.87328506 1.4059949 8.568848 33936 a
 0.048710585 -0.03984922 -0.9742854 33939 r
 -0.24479456 -0.60952276 0.15268221 34136 g
 0.41718966 0.22505496 11.207857 34140 a
 0.06540414 -0.060715787 -0.97161776 34143 r
 -0.0716891 0.3036752 0.0054094126 34334 g
 -2.0057425 1.5664065 10.142437 34340 a
 0.03819182 -0.045005918 -0.9756958 34343 r
 0.32538822 0.11618866 -0.0103032375 34533 g
 -0.94211835 1.3599066 7.3352356 34537 a
 0.06077285 -0.04185435 -0.97379917 34540 r
 0.17465329 0.06372438 -0.057174873 34736 g
 -1.0857705 0.3633201 9.154829 34739 a
 0.070579104 -0.044313654 -0.97360677 34743 r
 0.18317541 -0.25958338 0.068260014 34934 g
 -1.2545617 0.7368156 8.097789 34937 a
 0.070393324 -0.029503256 -0.9738608 34941 r
 0.23963442 -0.31550977 0.014730477 35135 g
 -0.51235914 0.8122329 9.861118 35139 a
 0.0662234 -0.029066786 -0.97272605 35153 r
 0.047886834 0.15800029 0.0024799355 35336 g
 0.670975 0.45070848 8.809465 35340 a
 0.044276632 -0.04009015 -0.9728288 35344 r
 0.03590261 -0.2899434 0.004077832 35534 g
 -1.5472529 0.82599956 10.272323 35538 a
 0.03139077 -0.045365177 -0.97259957 35542 r
 -0.013365873 -0.131219 0.05281368 35733 g
 -0.7302315 1.4359225 9.46009 35737 a
 0.04242843 -0.041866772 -0.9724756 35741 r
 0.058539476 -0.10085897 -0.04838644 35937 g
 0.08020575 1.6831238 10.152613 35941 a
 0.02816187 -0.04756268 -0.97254664 35944 r
 0.12032481 0.67944723 -0.15624446 36137 g
 -0.13706805 1.5358804 9.420585 36141 a
 0.033326183 -0.05678706 -0.9728063 36144 r
 -0.1478555 -0.03507889 0.112202175 36333 g
 2.2337902 0.8265981 14.433445 36336 a
 0.067568846 -0.062358014 -0.9704537 36342 r
 -0.2322777 0.73137885 -0.07235489 36533 g
 -2.1613655 0.7739257 9.120112 36537 a
 0.013021177 -0.0528382 -0.97333807 36541 r
 0.30062082 -0.20525488 0.014730477 36732 g
 -0.37110126 0.6362591 9.968259 36736 a
 0.03244206 -0.046854742 -0.9738212 36740 r
 0.06546369 0.2027414 0.04535683 36933 g
 -0.37708676 1.0295067 9.901221 36937 a
 0.024438906 -0.044783242 -0.9743282 36940 r
 -0.01762693 0.010727479 0.018991534 37136 g
 -0.40402153 0.8463503 9.960478 37140 a
 0.025870625 -0.045303464 -0.9748606 37143 r
 -0.035736427 0.0109937955 0.009137838 37334 g
 -0.07182605 0.89603 10.013748 37338 a
 0.026666066 -0.04189106 -0.97526413 37341 r
 -0.124952324 -0.06384103 0.028312597 37535 g
 -0.4794389 0.66379243 10.111312 37539 a
 0.021193204 -0.035086557 -0.9752776 37543 r
 0.014064686 0.10420443 0.0024799355 37737 g
 -0.4441244 0.74758947 10.009559 37741 a
 0.022610448 -0.029577542 -0.9746974 37745 r
 -0.011235344 0.15507081 0.0032788839 37934 g
 -1.1522095 0.7978677 9.866506 37938 a
 0.03175779 -0.029256966 -0.9735699 37942 r
 0.051881574 0.07624124 -0.006574812 38136 g
 -0.92895025 0.98940384 9.907207 38139 a
 0.052244905 -0.027350623 -0.9719867 38143 r
 0.022586802 -0.02762204 -0.017493773 38343 g
 -0.8086416 0.7332243 9.940725 38347 a
 0.051980294 -0.02841159 -0.97089654 38351 r
 -0.02242062 -0.04067153 -0.01696114 38536 g
 -0.8463503 0.7661445 9.982624 38540 a
 0.048973083 -0.027059812 -0.9704278 38543 r
 -0.021355355 -0.030018885 0.026981017 38735 g
 -0.75118077 0.8463503 9.910199 38739 a
 0.04641354 -0.026160397 -0.9700336 38743 r
 -0.024018517 -0.01936624 -0.008705341 38938 g
 -0.8002619 0.7152678 9.991004 38942 a
 0.045554064 -0.025344644 -0.96982664 38945 r
 0.024451014 -0.006583068 -0.0103032375 39135 g
 -0.7577648 0.6368576 9.985617 39148 a
 0.043665223 -0.024115503 -0.96975905 39151 r
 -0.016561667 -0.0052514873 -0.030809578 39338 g
 -0.7110779 0.56682724 9.83957 39342 a
 0.04355123 -0.023162056 -0.9696577 39345 r
 0.08756793 0.0671865 0.031774707 39527 g
 -0.8218097 0.74399817 9.944317 39529 a
 0.043871712 -0.021470584 -0.96982497 39531 r
 -0.0069742864 -0.010045177 -0.011901135 39735 g
 -0.84216046 0.8583213 9.94312 39739 a
 0.045531046 -0.02372615 -0.9696891 39743 r
 0.006607835 -0.021496769 0.0016809873 39936 g
 -0.83617496 0.6655881 9.979631 39939 a
 0.045395732 -0.024374757 -0.969683 39943 r
 -0.0021805963 -0.003919907 -0.005775864 40138 g
 -0.8439561 0.694917 9.9712515 40152 a
 0.0449377 -0.024258152 -0.9696916 40156 r
 0.0055425707 0.0014064154 0.0046104644 40335 g
 -0.80924016 0.7206547 9.965864 40339 a
 0.044940773 -0.023949813 -0.9696776 40344 r
 2.1624868E-4 0.0040695765 -0.004177967 40538 g
 -0.66738373 0.78050977 10.004171 40542 a
 0.044669956 -0.024461012 -0.9698134 40546 r
 0.03563629 0.141755 -0.029211681 40739 g
 -1.0702082 0.88765025 9.696517 40742 a
 0.043870654 -0.026196305 -0.96993905 40746 r
 -0.00670797 0.12630866 -0.004444283 40936 g
 -1.0450691 0.9379285 9.387066 40941 a
 0.060721792 -0.032980047 -0.96939164 40944 r
 0.058006845 0.016320117 0.0072736256 41136 g
 -1.0803835 0.89064306 9.956287 41140 a
 0.06765197 -0.033548772 -0.9691995 41143 r
 0.023652066 -0.061976817 0.018725218 41340 g
 -1.1348516 0.8678981 9.913192 41344 a
 0.06467773 -0.033192523 -0.969531 41348 r
 -0.09352702 -0.035345208 0.026448386 41540 g
 -1.079785 0.9696517 9.877877 41543 a
 0.062886685 -0.032436915 -0.96981436 41547 r
 -0.116962835 -0.1410727 0.0046104644 41737 g
 -0.91578215 0.57640404 10.000581 41741 a
 0.05893726 -0.030136418 -0.9703035 41745 r
 0.016994163 -0.01936624 -0.011368502 41940 g
 -1.0193313 0.8571242 9.885659 41944 a
 0.05270261 -0.023775902 -0.9707841 41947 r
 0.009270996 0.041087516 0.011801 42137 g
 -1.0115502 0.8194155 9.940725 42140 a
 0.056133598 -0.026453223 -0.9706486 42144 r
 0.0028794098 0.019249594 -0.009770606 42337 g
 -1.0366893 0.8062474 9.952697 42341 a
 0.05893482 -0.026493933 -0.9703893 42347 r
 -0.008838499 -0.026024144 -0.006841128 42542 g
 -1.0390835 0.7846996 9.935937 42545 a
 0.058725953 -0.026044142 -0.97017473 42549 r
 -0.0016479641 -0.016969396 -9.821738E-4 42741 g
 -1.0402806 0.7799112 9.973047 42745 a
 0.057713673 -0.025545996 -0.9702806 42749 r
 -0.006441654 -9.904295E-4 -0.006841128 42937 g
 -0.9888053 0.82899237 9.945514 42941 a
 0.057161834 -0.02570771 -0.9703463 42944 r
 -0.0069742864 -0.0153715 6.1572285E-4 43140 g
 -1.0564415 0.8559271 9.908403 43143 a
 0.056751877 -0.025825866 -0.9704992 43147 r
 0.03563629 -7.241135E-4 -0.011901135 43337 g
 -0.91338795 0.7356185 9.970055 43341 a
 0.05626369 -0.026027754 -0.9705331 43345 r
 -0.006441654 0.026706446 -0.006308496 43536 g
 -0.8750807 0.8882488 9.99639 43539 a
 0.0548129 -0.025429435 -0.970668 43543 r
 0.0473542 -0.056117862 0.024584172 43743 g
 -0.33997664 0.7374141 9.835381 43747 a
 0.05447641 -0.030570652 -0.96989244 43751 r
 0.10754164 -0.11071266 8.8203896E-4 43938 g
 -2.1505916 1.0666169 10.890625 43942 a
 0.037315074 -0.037987977 -0.96866065 43947 r
 0.5919706 -0.2302886 -0.16742975 44138 g
 -1.198298 2.9550436 9.45171 44142 a
 0.05993077 -0.047396258 -0.9682546 44145 r
 -0.008305867 -0.077156834 0.1705254 44340 g
 -0.84575176 1.0223241 9.512163 44344 a
 0.07440354 -0.08203016 -0.9639551 44350 r
 -0.37236 0.084763356 -0.039864324 44538 g
 -1.5640123 0.91458505 9.776723 44542 a
 0.06502955 -0.053776145 -0.9638873 44545 r
 -0.25571352 0.23363405 -0.19246346 44741 g
 -1.5161282 0.8415619 9.833585 44745 a
 0.07918606 -0.028958328 -0.96489316 44749 r
 0.08117635 -0.1458664 0.038965244 44941 g
 -1.2336124 0.9600749 9.8994255 44945 a
 0.08955439 -0.021263901 -0.9641076 44949 r
 0.06812686 -0.10165792 -0.020955881 45138 g
 -1.3664906 0.79487497 10.42196 45149 a
 0.0810617 -0.02724345 -0.96429104 45153 r
 0.07638265 0.16439188 -0.07208858 45339 g
 -1.4544775 1.5107412 9.339781 45343 a
 0.08139706 -0.02223099 -0.9649759 45346 r
 0.13870062 -0.07209683 8.8203896E-4 45542 g
 -0.6362591 1.2671312 9.758766 45545 a
 0.08707618 -0.024921961 -0.9666044 45550 r
 -0.07222173 -0.2169728 -0.003911651 45742 g
 -1.3317747 0.6398504 10.055049 45745 a
 0.07113008 -0.032296196 -0.96843344 45750 r
 0.024717331 -0.06810209 -0.0047105993 45935 g
 -1.0761937 0.7410054 10.061034 45939 a
 0.06324318 -0.028805379 -0.96995765 45943 r
 0.13630378 -0.07795578 -0.01909167 46142 g
 -1.3449428 1.0935516 10.042479 46146 a
 0.058656506 -0.03500686 -0.97042614 46150 r
 -0.004577441 0.026173813 -0.034804318 46339 g
 -1.021127 1.1043255 9.962274 46343 a
 0.06494835 -0.040177867 -0.97014457 46346 r
 -0.047188018 -0.03587784 -0.004976915 46539 g
 -0.9923966 1.2234371 9.833585 46543 a
 0.060628235 -0.04273951 -0.97070926 46546 r
 -0.020822724 -0.014838867 0.04588946 46742 g
 -0.6344634 0.85054016 10.073604 46746 a
 0.055595737 -0.042312093 -0.9704791 46750 r
 0.0028794098 -0.032948364 0.012866264 46938 g
 -1.0151415 0.9223662 10.0748005 46942 a
 0.052265704 -0.039722316 -0.9707238 46946 r
 0.061202638 0.0038032604 -0.017227456 47140 g
 -0.8511387 1.1204864 9.928755 47144 a
 0.054152615 -0.038842484 -0.9703137 47148 r
 -0.00670797 0.058930695 0.018725218 47342 g
 -1.0342951 0.6739678 10.031705 47346 a
 0.054545883 -0.041085683 -0.96983033 47350 r
 -0.001381648 0.016320117 -0.030809578 47539 g
 -0.98940384 1.1306617 9.873688 47543 a
 0.05841819 -0.036582723 -0.9694995 47547 r
 0.006075203 0.007798002 0.008072574 47742 g
 -0.81343 1.1791444 9.779117 47746 a
 0.060781747 -0.037514612 -0.96921617 47750 r
 -0.014431138 -0.03241573 -0.0020474382 47944 g
 -0.9923966 1.0869676 9.962274 47948 a
 0.05987465 -0.040555283 -0.9690314 47953 r
 0.0148636345 -0.028687304 3.4940674E-4 48140 g
 -0.9247604 1.0570401 9.94312 48143 a
 0.058572818 -0.039481476 -0.9691207 48147 r
 0.0028794098 -0.012442023 0.0024799355 48340 g
 -0.86729956 0.97384155 9.938332 48345 a
 0.057013184 -0.040085234 -0.9694112 48349 r
 -0.014431138 -0.019632557 0.008871522 48542 g
 -0.79008657 0.9888053 9.930551 48546 a
 0.05537239 -0.039303444 -0.9696087 48550 r
 -0.0029795447 -0.010311494 0.0067409934 48741 g
 -0.84814596 1.0432734 9.954493 48745 a
 0.053659305 -0.03918782 -0.96988624 48749 r
 -0.008039551 0.0035369443 0.0011483551 48940 g
 -0.8319851 0.9223662 9.96347 48943 a
 0.05290671 -0.039077044 -0.97003 48947 r
 -0.0056427056 -0.0028546425 0.0043441486 49150 g
 -0.8086416 0.93373865 9.927557 49154 a
 0.05241426 -0.03800057 -0.9701527 49157 r
 -0.011235344 -0.004186223 0.0048767803 49340 g
 -0.74639237 0.96426475 9.965266 49344 a
 0.051701743 -0.037426442 -0.9702324 49348 r
 0.0012815131 -0.010045177 -0.007906392 49539 g
 -0.8283938 0.866701 9.989806 49543 a
 0.05055145 -0.03709717 -0.9704539 49547 r
 -0.009637447 0.0016727315 -0.003911651 49745 g
 -0.7990648 1.0301052 9.935339 49749 a
 0.050355874 -0.03585705 -0.9703066 49753 r
 -0.0051100734 -0.004718855 0.0046104644 49938 g
 -0.7763199 1.0414777 9.950901 49942 a
 0.049555413 -0.036044955 -0.9697916 49945 r
 0.009537312 -0.0023220102 -0.006574812 50141 g
 -0.7272388 0.8882488 10.043676 50153 a
 0.048672825 -0.03545715 -0.96952635 50157 r
 -0.036269058 0.010461163 0.005675729 50343 g
 -0.88405895 0.8996213 10.00477 50347 a
 0.048503533 -0.0351381 -0.9692244 50352 r
 -0.020556407 0.041087516 0.008072574 50541 g
 -0.9451111 0.94451255 9.794081 50544 a
 0.04968217 -0.03226658 -0.9693373 50548 r
 0.023119435 0.069849655 -0.016162192 50743 g
 -0.97503865 1.1288661 9.847352 50747 a
 0.06269049 -0.036875576 -0.96864754 50751 r
 -0.06210172 0.010461163 0.08663583 50943 g
 -1.435324 0.66738373 9.8994255 50946 a
 0.067050874 -0.030147713 -0.968661 50950 r
 -0.1329418 0.06425702 0.037367344 51142 g
 -1.3132197 0.6955156 9.60015 51146 a
 0.07738142 -0.018872987 -0.96676165 51150 r
 0.07931213 -0.12269689 0.074385285 51342 g
 -1.1599907 0.66738373 10.087969 51346 a
 0.07516885 -0.014644641 -0.96623737 51350 r
 -0.067161724 -0.06490629 0.050683152 51543 g
 -1.276708 0.5883751 9.939528 51546 a
 0.06559553 -0.012780646 -0.9669698 51550 r
 -0.03147537 -0.08887474 0.072254755 51744 g
 -0.8439561 0.29628247 9.840768 51748 a
 0.05939521 -0.011394482 -0.96743006 51752 r
 -0.061302774 -0.019898873 0.032041024 51944 g
 -0.97025025 0.18734628 9.974843 51948 a
 0.048484873 -0.007487107 -0.9672037 51952 r
 -0.012300609 -0.033480994 -0.03693485 52142 g
 -0.3657143 0.61411273 9.80665 52146 a
 0.03803096 -0.0064267097 -0.9691625 52150 r
 0.026315227 -0.13734427 8.8203896E-4 52343 g
 0.06464344 0.5201403 10.208876 52346 a
 0.02883501 -0.020272017 -0.9697991 52350 r
 0.2441618 0.044283308 -0.21376875 52542 g
 -0.5722142 1.6047137 9.760562 52546 a
 0.02457198 -0.03760992 -0.97028846 52550 r
 0.1632017 0.08636125 -0.0023137543 52744 g
 -0.54887074 1.5586253 9.792285 52748 a
 0.046064187 -0.061571494 -0.9695191 52751 r
 0.06786054 -0.060911555 -0.023885358 52944 g
 -0.99419224 1.763928 10.192117 52948 a
 0.04747337 -0.07057558 -0.9687899 52952 r
 0.08064371 0.015521169 0.020589432 53143 g
 -0.60094464 1.9662381 9.895834 53146 a
 0.0520722 -0.07730794 -0.968033 53150 r
 -0.10497861 -0.08967369 0.04509051 53345 g
 -0.623091 1.2743138 10.205285 53350 a
 0.0462328 -0.07446456 -0.9676036 53353 r
 -0.10497861 -0.038807318 0.112202175 53541 g
 -0.6374562 1.0827777 10.102334 53545 a
 0.04223935 -0.061824135 -0.96793324 53549 r
 -0.16223657 0.14228764 -0.043326434 53745 g
 -0.75237787 0.60214174 10.398617 53749 a
 0.0455987 -0.043942086 -0.9672298 53753 r
 -0.36650103 0.032831717 0.0829074 53947 g
 -0.39145198 0.1328782 9.8515415 53951 a
 0.040252373 -0.021082148 -0.96704453 53954 r
 -0.26077354 -0.06703682 0.027779967 54141 g
 -0.374094 -0.062249243 9.979631 54144 a
 0.02910066 -0.001183466 -0.9646849 54148 r
 -0.11536494 -0.051324174 -0.03267379 54344 g
 -0.4141969 -0.12928689 9.989208 54348 a
 0.02420819 0.011038423 -0.9642753 54351 r
 0.009270996 -0.09766318 -0.027613785 54545 g
 -0.27353755 -0.031124622 10.042479 54549 a
 0.018784316 0.011478718 -0.9640706 54553 r
 0.16107118 -0.04546522 -0.0033790187 54746 g
 -0.34955344 0.16819267 10.015544 54750 a
 0.0147125395 0.0039149476 -0.9652416 54754 r
 0.04335946 -1.9148127E-4 -0.035603266 54945 g
 -0.32202014 0.2765303 10.058042 54950 a
 0.015376089 -0.004524082 -0.965493 54953 r
 0.020722589 7.4834825E-5 0.0014146712 55144 g
 -0.17956513 0.18555063 10.049662 55148 a
 0.015638055 -0.0067657903 -0.96576875 55159 r
 -0.012566924 -0.0031209586 -0.0031127026 55354 g
 -0.23523031 0.17537527 10.047267 55370 a
 0.014309798 -0.006382239 -0.966098 55371 r
 0.0076730996 0.002737996 -0.005775864 55537 g
 -0.25019407 0.29269117 9.977237 55540 a
 0.014146853 -0.00608485 -0.966273 55544 r
 0.019391008 -0.0036535906 0.018991534 55749 g
 -0.25318682 0.24361002 10.030508 55753 a
 0.01579957 -0.0077604474 -0.96638924 55757 r
 -0.0056427056 -0.0017893779 -0.0025800704 55945 g
 -0.20590134 0.22625206 9.999982 55950 a
 0.015675751 -0.0076197498 -0.9664156 55953 r
 0.003944674 -0.0031209586 8.309063E-5 56142 g
 -0.25617957 0.23223756 10.023924 56146 a
 0.015161545 -0.0077762986 -0.96690124 56150 r
 0.0047436226 0.005667473 -7.158577E-4 56347 g
 -0.2717419 0.23104046 10.04607 56351 a
 0.015475794 -0.007885294 -0.96704274 56355 r
 0.0020804615 0.0064664213 0.0072736256 56544 g
 -0.26874915 0.23104046 9.997588 56548 a
 0.016598914 -0.008416809 -0.9671473 56552 r
 2.1624868E-4 -0.0071157003 -0.0052432315 56746 g
 -0.33997664 0.33877954 10.069414 56750 a
 0.016372373 -0.008264618 -0.9673272 56753 r
 0.025249964 0.040288568 -7.158577E-4 56945 g
 -0.34715924 0.35314476 10.025121 56949 a
 0.017919082 -0.009493642 -0.9667732 56953 r
 0.034038395 0.049076997 0.0016809873 57144 g
 -0.41479546 0.40462008 10.009559 57149 a
 0.021240572 -0.012021694 -0.96579474 57152 r
 0.03643524 0.028304342 -4.4954158E-4 57342 g
 -0.5201403 0.30645782 10.000581 57346 a
 0.026711121 -0.014264824 -0.96485394 57350 r
 0.02738049 0.04614752 -0.021222198 57552 g
 -0.6560113 0.81283146 10.1304655 57554 a
 0.030927762 -0.015575318 -0.9642523 57555 r
 -0.02242062 0.11112865 -0.093660176 57743 g
 -0.22325931 0.7990648 9.958682 57746 a
 0.0296179 -0.029626083 -0.96352404 57750 r
 0.105677426 -0.008979913 -0.016694823 57947 g
 -0.45789108 1.1318588 10.026319 57951 a
 0.026948202 -0.037083603 -0.96423084 57954 r
 0.055077367 -0.019099925 -0.015363243 58147 g
 -0.06284779 0.7433996 9.954493 58151 a
 0.0309067 -0.043436296 -0.9640729 58154 r
 0.008738364 -0.023893615 -0.0017811222 58345 g
 -0.28491 1.3227965 9.900622 58349 a
 0.024168298 -0.047481693 -0.96443707 58353 r
 0.06333317 0.034962244 0.049617887 58546 g
 -0.37828386 1.2826935 9.969456 58550 a
 0.028676584 -0.052893534 -0.9645484 58553 r
 0.04948473 -0.016170448 0.02751365 58751 g
 -0.44831428 1.168969 10.001179 58754 a
 0.026535157 -0.056896925 -0.9627629 58758 r
 -0.07062384 0.012591692 0.030443126 58947 g
 -0.21308395 1.0708067 9.776124 58951 a
 0.029373612 -0.05840145 -0.9628096 58955 r
 -0.3097757 0.07357808 -0.052381184 59145 g
 -0.56563014 0.47165772 10.086173 59149 a
 0.03310329 -0.042093813 -0.9637485 59153 r
 -0.11563126 -0.03800837 0.06666212 59347 g
 -0.42437226 0.6027403 9.800665 59351 a
 0.033003777 -0.022325072 -0.96361536 59354 r
 0.11872692 0.08529599 -0.11043809 59546 g
 -0.30346507 1.1174936 9.661202 59550 a
 0.037106834 -0.022787545 -0.963484 59554 r
 0.011667841 0.13270025 0.04455788 59748 g
 -0.8026561 0.94092125 9.909601 59752 a
 0.043822676 -0.02947361 -0.9639024 59755 r
 0.14296168 -0.023627298 -0.014830612 59950 g
 -0.350152 0.84335756 9.82341 59953 a
 0.049292922 -0.03788127 -0.9644292 59957 r
 -0.026415361 -0.066504195 -0.01216745 60295 g
