 0.027646808 -0.11151161 -0.014297979 10 g
 -0.11671733 1.3694834 10.311827 11 a
 0.04053224 0.053904504 0.77382094 14 r
 -0.028812207 -0.32003713 0.015795741 41 g
 0.55725044 1.4808137 9.972448 42 a
 0.04200781 0.052434914 0.7748454 43 r
 0.04389209 0.039755933 -0.024151675 254 g
 0.30705637 1.4951789 10.005967 259 a
 0.054423794 0.04552397 0.77728814 263 r
 0.0159289 0.03735909 0.0072736256 453 g
 0.19033903 1.4790181 9.578603 460 a
 0.055019453 0.048865862 0.78231555 475 r
 0.0071404674 -0.015904132 -0.013499031 657 g
 0.33279404 1.5652094 10.138845 661 a
 0.055279937 0.05023624 0.78526133 674 r
 0.012200474 -0.036676787 0.0054094126 850 g
 0.3549404 1.4999673 9.925761 855 a
 0.056518417 0.051376365 0.7870936 860 r
 -0.014697453 0.029902238 0.004077832 1051 g
 0.23343466 1.435324 9.983223 1055 a
 0.057332166 0.0505531 0.7885104 1059 r
 -0.023752201 0.020048542 0.011002051 1257 g
 0.22026655 1.4550761 9.895236 1261 a
 0.050332926 0.05216115 0.7893607 1273 r
 0.0068741515 -0.043867324 -0.0025800704 1452 g
 0.581791 1.5394717 9.879075 1456 a
 0.051152214 0.052112773 0.7911503 1461 r
 0.0068741515 -0.022029402 0.011534683 1652 g
 0.43993455 1.5280992 9.885659 1657 a
 0.06569562 0.045641392 0.7902935 1660 r
 -0.009104815 0.0048685246 -0.02654852 1856 g
 0.44711718 1.5688007 9.889849 1860 a
 0.06329655 0.046001658 0.7887923 1864 r
 0.009803629 0.013656956 0.014996792 2052 g
 0.53091425 1.5717934 9.857527 2057 a
 0.06456656 0.045482293 0.7877335 2060 r
 0.012200474 -0.062243134 -0.0031127026 2253 g
 0.6099229 1.555034 9.89763 2257 a
 0.06683918 0.04504125 0.78825194 2261 r
 -0.0027132286 -0.028953621 0.012866264 2452 g
 0.6655881 1.5622166 9.86471 2457 a
 0.07100036 0.04226785 0.7878837 2462 r
 0.008472048 -0.023094667 -0.004444283 2650 g
 0.7272388 1.5873557 9.847352 2654 a
 0.07341191 0.041091383 0.78784543 2660 r
 0.003412042 -0.028420988 -0.0055095474 2849 g
 0.7823054 1.5753847 9.849147 2857 a
 0.07600132 0.039605536 0.786418 2861 r
 0.0063415193 -0.014306235 0.0032788839 3055 g
 0.76315176 1.6238673 9.867104 3059 a
 0.07945504 0.03810449 0.7838127 3063 r
 0.0050099385 -0.010844125 -0.007107444 3252 g
 0.7966706 1.6101006 9.855731 3256 a
 0.08081971 0.03781306 0.7821111 3260 r
 0.003944674 -0.017502028 -7.158577E-4 3445 g
 0.8487445 1.5400703 9.848549 3454 a
 0.0819803 0.03743343 0.7810765 3456 r
 0.0018141454 0.0048685246 -0.003911651 3652 g
 0.99658644 1.6472107 9.822212 3659 a
 0.08305348 0.03687288 0.7816147 3662 r
 0.011667841 -0.0153715 -0.009237973 3850 g
 0.87208796 1.602918 9.861717 3859 a
 0.08469828 0.03608489 0.7818869 3862 r
 -0.0011153319 -0.004452539 0.0019473034 4054 g
 0.8619126 1.6178818 9.842564 4058 a
 0.084756695 0.036159046 0.7819976 4061 r
 -8.490158E-4 0.0024716798 -0.0017811222 4256 g
 0.8415619 1.6280571 9.864111 4262 a
 0.08453404 0.03645929 0.7827514 4277 r
 -5.8269966E-4 0.0014064154 8.309063E-5 4454 g
 0.8714894 1.6220716 9.861118 4458 a
 0.08454158 0.036736198 0.78453964 4463 r
 0.0012815131 0.008330634 8.309063E-5 4652 g
 0.86849666 1.6352397 9.844358 4658 a
 0.08411371 0.03716497 0.78560776 4661 r
 0.0042109904 3.4115094E-4 0.0016809873 4853 g
 0.8367735 1.6142905 9.871892 4858 a
 0.08428867 0.03794969 0.7861821 4862 r
 7.488809E-4 -0.003919907 -1.8322548E-4 5057 g
 0.83617496 1.5993267 9.874885 5061 a
 0.084038824 0.037872426 0.78624326 5067 r
 -0.0029795447 -0.006050436 0.0027462516 5253 g
 0.83856916 1.5981296 9.887454 5258 a
 0.084189296 0.037382826 0.785677 5261 r
 -0.0011153319 0.003004312 0.0011483551 5454 g
 0.8726865 1.6525977 9.872491 5458 a
 0.08431904 0.03719183 0.78483504 5462 r
 -0.0043111253 0.002737996 0.0011483551 5654 g
 0.85532856 1.5526398 9.868899 5659 a
 0.08426686 0.03722237 0.78346986 5663 r
 0.009537312 -0.010311494 0.0035452 5853 g
 0.878672 1.6531962 9.870096 5858 a
 0.08236764 0.036408357 0.7826013 5862 r
 0.0023467776 -0.010577809 -0.0036453349 6043 g
 0.8355764 1.5891514 9.860519 6045 a
 0.08407186 0.03587965 0.78253275 6046 r
 -0.003512177 0.015787486 0.012866264 6257 g
 0.74998367 1.6118963 9.85214 6261 a
 0.08382906 0.03597132 0.78230566 6264 r
 -0.0077732345 0.041886464 -0.017760089 6455 g
 0.7613561 1.6112977 9.911995 6459 a
 0.08112222 0.03739492 0.78224736 6463 r
 0.017793112 0.07757282 -0.010036921 6655 g
 0.670975 1.5747862 9.923966 6659 a
 0.07635639 0.041598633 0.78210026 6663 r
 0.034571026 0.036293827 -0.008439025 6856 g
 0.47405192 1.726818 9.91798 6861 a
 0.07425201 0.046591222 0.7817976 6865 r
 0.023918383 0.039755933 -0.029744314 7056 g
 0.44831428 1.6663644 9.85633 7060 a
 0.07094467 0.052130178 0.7832293 7064 r
 -0.0053763897 -0.0055178036 -0.0033790187 7257 g
 0.41718966 1.6729485 9.896433 7261 a
 0.06771767 0.054521844 0.78322774 7265 r
 -5.006743E-5 -0.025491511 -0.0036453349 7454 g
 0.5363012 1.6903064 9.877279 7459 a
 0.06931436 0.052716546 0.7832231 7462 r
 0.012733106 -0.056117862 0.0016809873 7655 g
 0.60453594 1.7250223 9.874885 7660 a
 0.07392037 0.051090784 0.7829812 7663 r
 0.0042109904 -0.033480994 -0.017227456 7855 g
 0.688333 1.7513585 9.838373 7859 a
 0.07740234 0.049101174 0.78288084 7863 r
 0.018325744 -0.02282835 -0.018825352 8054 g
 0.7140707 1.7663223 9.835979 8058 a
 0.08046794 0.04875391 0.78376335 8062 r
 0.026315227 -0.023094667 0.0022136194 8257 g
 0.7422025 1.8249803 9.840169 8261 a
 0.0815082 0.049296826 0.7842694 8265 r
 -0.014164821 0.05094121 0.02138838 8458 g
 0.5231331 1.6765398 9.891046 8470 a
 0.08149975 0.04968507 0.7847002 8475 r
 -0.008039551 0.0062001054 0.008072574 8656 g
 0.6075287 1.6986861 9.89763 8660 a
 0.07430826 0.052045025 0.78302604 8663 r
 -0.001381648 -0.0012567457 -0.004177967 8855 g
 0.7080852 1.7711107 9.871294 8859 a
 0.07587821 0.050764166 0.78035873 8863 r
 2.1624868E-4 -0.0534547 -0.00124849 9057 g
 0.7015011 1.7483658 9.854534 9061 a
 0.07920923 0.048977196 0.77873427 9065 r
 -0.0021805963 -0.02415993 3.4940674E-4 9258 g
 0.6913257 1.7256209 9.843162 9262 a
 0.08109733 0.04730267 0.7777454 9266 r
 0.0012815131 -0.020697821 -0.0015148061 9454 g
 0.7469909 1.7537527 9.848549 9458 a
 0.08306313 0.045868024 0.77699476 9462 r
 7.488809E-4 -0.013507287 -0.007906392 9658 g
 0.66738373 1.751957 9.896433 9662 a
 0.08475316 0.044712983 0.77654904 9666 r
 4.825648E-4 0.01818433 -0.0052432315 9854 g
 0.7140707 1.7603368 9.811439 9859 a
 0.08436943 0.045010768 0.7750103 9863 r
 -0.0027132286 -0.0017893779 3.4940674E-4 10057 g
 0.79726917 1.763928 9.865907 10061 a
 0.08505509 0.045078844 0.7734094 10065 r
 7.488809E-4 0.005667473 -0.006308496 10259 g
 0.724246 1.7537527 9.845556 10262 a
 0.084741205 0.04473736 0.77228945 10266 r
 -0.0048437575 0.013656956 -4.4954158E-4 10457 g
 0.50158525 1.7836803 9.964667 10461 a
 0.08450704 0.04472594 0.77164704 10465 r
 -0.02987747 0.5100702 -0.07235489 10658 g
 -0.02633622 1.5813702 10.123882 10661 a
 0.07155871 0.05327127 0.77237266 10665 r
 7.488809E-4 0.0064664213 -0.010569554 10859 g
 0.30645782 1.7322049 9.87668 10862 a
 0.050769784 0.063822284 0.7725962 10868 r
 0.03696787 -0.19646645 8.309063E-5 11058 g
 0.64703304 1.6897079 9.877279 11062 a
 0.06333166 0.058119692 0.77363664 11066 r
 -0.0024469125 -0.106185295 0.004077832 11255 g
 0.6733692 1.75076 9.841965 11259 a
 0.079990834 0.047300063 0.77476984 11263 r
 0.0044773063 0.010727479 0.0075399415 11458 g
 0.6278794 1.6609775 9.859921 11462 a
 0.08386104 0.044868216 0.77535516 11466 r
 -0.023219569 0.056800164 0.0011483551 11657 g
 0.49679685 1.8854338 9.818622 11661 a
 0.08067206 0.045490645 0.7750855 11664 r
 0.020988906 0.0014064154 -0.005775864 11858 g
 0.81522566 1.7441759 9.826403 11861 a
 0.07942562 0.047221348 0.774659 11866 r
 0.012466789 -0.047595747 0.006208361 12058 g
 0.55246204 1.6956934 9.880871 12062 a
 0.079329655 0.047126956 0.77444917 12066 r
 -0.016029034 0.05440332 -0.0031127026 12257 g
 0.533907 1.7016789 9.873089 12261 a
 0.07558115 0.049308322 0.77408594 12265 r
 0.014597318 0.010194846 -0.019890618 12458 g
 0.39743748 1.553837 9.855731 12462 a
 0.07324454 0.049300656 0.77477044 12466 r
 -0.023752201 -0.0025883263 -0.010036921 12657 g
 0.59974754 1.6645688 9.860519 12661 a
 0.07194781 0.049420074 0.7761734 12664 r
 0.0076730996 -0.028154673 0.015529425 12856 g
 0.6847417 1.6478093 9.895236 12861 a
 0.0746667 0.046971418 0.7773394 12865 r
 0.010069945 -0.024958879 -0.012966398 13059 g
 0.60333884 1.7555484 9.824008 13063 a
 0.07737243 0.04608003 0.77902013 13066 r
 0.016195215 -0.041736793 0.0070073092 13261 g
 0.6775591 1.6813282 9.841366 13265 a
 0.07850975 0.047248542 0.779005 13269 r
 0.0020804615 -0.032948364 0.0075399415 13459 g
 0.7428011 1.7178397 9.846753 13470 a
 0.08211091 0.045366816 0.7798371 13474 r
 0.0028794098 -0.012175706 -0.006308496 13656 g
 0.7757214 1.762731 9.850345 13660 a
 0.083767466 0.04452926 0.77959925 13664 r
 0.005808887 -0.03108415 0.011268367 13861 g
 0.8451532 1.70946 9.818023 13865 a
 0.08674774 0.043625847 0.77955526 13868 r
 -0.0016479641 -0.012974654 0.012067315 14059 g
 0.9139865 1.7393875 9.885659 14062 a
 0.0883494 0.04180885 0.7802537 14066 r
 0.019391008 -0.023893615 -0.01696114 14258 g
 0.801459 1.8100165 9.857527 14262 a
 0.08896613 0.042280607 0.779872 14269 r
 -0.0107027115 0.009129583 -0.00124849 14461 g
 0.8170213 1.7495629 9.849147 14467 a
 0.08829097 0.04285241 0.7793717 14471 r
 -0.0024469125 -0.0153715 -0.0015148061 14658 g
 0.8331822 1.7950528 9.844358 14661 a
 0.08829219 0.042458944 0.77956146 14665 r
 0.0012815131 -0.007914648 -0.0036453349 14858 g
 0.86969376 1.7465701 9.84795 14862 a
 0.08840768 0.042321227 0.7793631 14865 r
 4.825648E-4 0.0043358924 0.0048767803 15058 g
 0.85652566 1.6825253 9.901221 15062 a
 0.08824845 0.042425312 0.7792874 15065 r
 -5.8269966E-4 0.0075316858 0.0051430967 15258 g
 0.9235633 1.7345991 9.808446 15262 a
 0.08816487 0.042055227 0.77940947 15266 r
 4.825648E-4 -0.0025883263 -0.007107444 15458 g
 0.91578215 1.7567455 9.81922 15462 a
 0.08955416 0.041828565 0.77920216 15466 r
 -0.004577441 0.036293827 -7.158577E-4 15661 g
 0.7769185 1.7471687 9.78989 15665 a
 0.08867633 0.042394497 0.77906364 15668 r
 -0.013898505 0.066920176 -4.4954158E-4 15859 g
 0.6027403 1.7196354 9.855133 15863 a
 0.08428498 0.04477357 0.77942663 15867 r
 -0.0072406023 0.064789645 -0.016694823 16061 g
 0.45010993 1.7034745 9.91798 16065 a
 0.07814745 0.048317 0.7798 16068 r
 -0.0024469125 0.055468585 -0.0076400763 16261 g
 0.35314476 1.7340006 9.883265 16265 a
 0.07282874 0.051845774 0.7801767 16268 r
 -0.015762718 0.0109937955 -0.008172709 16460 g
 0.6254852 1.8417397 9.827001 16463 a
 0.07312165 0.05242487 0.7798161 16467 r
 -0.0019142802 -0.021763086 -0.048652757 16659 g
 0.47644615 1.7423803 9.913791 16662 a
 0.076664045 0.050436847 0.7791484 16666 r
 -0.001381648 -0.03108415 0.0067409934 16861 g
 0.5734113 1.8620903 9.853337 16865 a
 0.077554576 0.049810015 0.7789925 16869 r
 -0.025616413 0.16678871 -0.009770606 17063 g
 0.7152678 1.6861166 9.896433 17067 a
 0.07532164 0.050887085 0.7795301 17070 r
 0.0042109904 -0.04892733 0.005675729 17258 g
 0.7254431 1.7184383 9.861717 17262 a
 0.076550975 0.048651822 0.779802 17266 r
 -0.0048437575 -0.01936624 0.008072574 17458 g
 0.83138657 1.7399861 9.830592 17461 a
 0.08002401 0.046530925 0.77989036 17465 r
 0.02205417 -0.027355725 0.0030125678 17660 g
 0.7793127 1.7340006 9.855133 17664 a
 0.083236955 0.04489614 0.7797429 17668 r
 0.017260479 -0.022295719 3.4940674E-4 17860 g
 0.9463082 1.6573862 9.8276 17864 a
 0.08568773 0.04543212 0.7799346 17867 r
 0.0047436226 -0.0071157003 0.013398896 18062 g
 0.81522566 1.7501614 9.859323 18066 a
 0.08769603 0.042613804 0.7800258 18070 r
 0.0055425707 0.012858008 -0.011102186 18260 g
 0.79966336 1.7687165 9.812635 18264 a
 0.08748367 0.043165542 0.7798205 18267 r
 -0.0024469125 -0.007648332 0.004077832 18478 g
 0.90381116 1.7142484 9.835381 18485 a
 0.08701384 0.04399444 0.7795276 18486 r
 0.0036783582 -0.0012567457 0.005675729 18659 g
 0.8834604 1.7633295 9.813833 18663 a
 0.08825244 0.04308579 0.77944607 18670 r
 0.009803629 -0.010577809 -0.0017811222 18856 g
 0.7906851 1.7932571 9.825205 18860 a
 0.08769523 0.04371293 0.7794475 18864 r
 -0.0051100734 0.033630665 0.0027462516 19060 g
 0.825401 1.6783354 9.832987 19064 a
 0.08731201 0.04436469 0.77918774 19067 r
 0.0012815131 0.05653385 -0.007107444 19262 g
 0.5847838 1.7118542 9.861118 19270 a
 0.08429276 0.04596325 0.78015035 19274 r
 -0.009903763 0.06638755 -0.016428508 19460 g
 0.4213795 1.7004818 9.907207 19463 a
 0.0786504 0.04935327 0.77988464 19470 r
 -0.018159563 0.08609494 0.0027462516 19657 g
 0.33997664 1.6328455 9.871892 19661 a
 0.072507545 0.05265952 0.7801172 19665 r
 -0.01283324 0.09088863 -0.003911651 19862 g
 0.16519992 1.6747441 9.865907 19866 a
 0.06534075 0.056663856 0.78036267 19870 r
 -0.008838499 0.052006476 -0.0036453349 20061 g
 0.16699557 1.654992 9.85633 20065 a
 0.05885674 0.060331672 0.7806273 20068 r
 0.0068741515 -0.018300977 0.0027462516 20259 g
 0.1412579 1.6795325 9.88925 20263 a
 0.057793643 0.061059296 0.7808221 20266 r
 0.017260479 0.002737996 -0.004976915 20462 g
 0.23463176 1.6759412 9.854534 20465 a
 0.05914309 0.060666494 0.7806513 20469 r
 -0.0021805963 -0.002055694 0.0070073092 20656 g
 0.24181437 1.7286136 9.850345 20661 a
 0.060410947 0.0601137 0.7807134 20664 r
 -5.006743E-5 -0.03374731 0.007806258 20859 g
 0.31064767 1.762731 9.882666 20863 a
 0.060754877 0.059728153 0.7807818 20866 r
 -0.019757459 0.02164644 -0.0052432315 21062 g
 0.35434186 1.6723499 9.863512 21066 a
 0.06309466 0.058943436 0.78076404 21069 r
 0.03989735 -0.17143273 -0.016428508 21260 g
 0.50637364 1.7812861 9.858126 21264 a
 0.06820486 0.056120023 0.77983767 21267 r
 -0.008305867 0.036293827 -0.003911651 21459 g
 0.5554548 1.7166426 9.864111 21463 a
 0.075437866 0.052774288 0.77872866 21467 r
 0.016994163 -0.071297884 0.004077832 21659 g
 0.62608373 1.6843209 9.862315 21662 a
 0.076977395 0.051716343 0.77862877 21666 r
 0.0026130937 -0.0031209586 -0.0020474382 21860 g
 0.45070848 1.3162124 9.771336 21864 a
 0.07926774 0.05001238 0.7783845 21868 r
 -0.01150166 0.10846549 -0.042527486 22059 g
 0.6793547 1.6184803 9.82341 22063 a
 0.06928645 0.048815332 0.78070027 22066 r
 0.0047436226 -0.059579972 -0.018825352 22259 g
 0.54288524 1.6370354 9.813234 22263 a
 0.07405114 0.04642632 0.7801989 22267 r
 0.0076730996 0.089823365 -0.004444283 22459 g
 0.59017074 1.7088615 9.904214 22463 a
 0.073488094 0.047112882 0.7799371 22467 r
 0.005276255 -0.056117862 0.008871522 22658 g
 0.50757074 1.7860745 9.759365 22662 a
 0.07748245 0.046500877 0.77887994 22665 r
 0.010868893 -0.019632557 0.029644178 22859 g
 0.27952304 1.7429788 9.743802 22862 a
 0.068246014 0.053610258 0.7806435 22866 r
 0.022320485 -0.13228427 0.009137838 23058 g
 0.5967548 1.7070658 9.850943 23062 a
 0.06283927 0.05843781 0.7828993 23065 r
 0.012733106 -0.05025891 -0.009504289 23259 g
 0.78649527 1.7567455 9.838373 23262 a
 0.07734612 0.04897762 0.78160495 23266 r
 2.1624868E-4 -0.04945996 -0.010569554 23476 g
 0.8655039 1.7717092 9.81503 23484 a
 0.084676586 0.043612033 0.7803518 23485 r
 0.005276255 -0.015637815 -0.003911651 23659 g
 0.7811083 1.733402 9.849746 23663 a
 0.08894454 0.041182876 0.7796106 23666 r
 -3.1638352E-4 0.054669637 3.4940674E-4 23858 g
 0.729633 1.7256209 9.846753 23862 a
 0.08641021 0.043025956 0.7801414 23866 r
 -0.0019142802 0.0408212 -0.0073737605 24061 g
 0.7164649 1.7220296 9.885659 24065 a
 0.08321689 0.046038695 0.78001434 24068 r
 -5.8269966E-4 0.030967504 -0.013499031 24257 g
 0.50517654 1.7375919 9.841965 24262 a
 0.08008247 0.047975935 0.77991766 24270 r
 -0.003512177 0.02164644 0.0024799355 24459 g
 0.5758055 1.7034745 9.842564 24463 a
 0.0762656 0.05100947 0.7800564 24469 r
 0.0028794098 0.014455904 -0.0025800704 24657 g
 0.5686229 1.7256209 9.848549 24661 a
 0.07524156 0.051382907 0.78005785 24665 r
 0.003944674 -0.016170448 -0.0036453349 24857 g
 0.56682724 1.7369933 9.85633 24861 a
 0.07614669 0.051795162 0.7797641 24865 r
 0.011667841 -0.05691681 -0.0023137543 25058 g
 0.5895722 1.7172412 9.898827 25062 a
 0.078341454 0.0506498 0.7795209 25066 r
 0.0023467776 -0.010311494 0.0019473034 25258 g
 0.61770403 1.7681179 9.842564 25262 a
 0.07922477 0.049916714 0.7792041 25265 r
 -0.0024469125 0.0038032604 -0.004177967 25457 g
 0.6607997 1.8016368 9.838972 25461 a
 0.080166996 0.049526624 0.77883416 25466 r
 0.012466789 -0.030817833 -0.0031127026 25657 g
 0.75836337 1.8028339 9.864111 25661 a
 0.08288503 0.048698463 0.7781964 25666 r
 -0.0021805963 -0.043068375 0.0032788839 25864 g
 0.85293436 1.7956513 9.841366 25868 a
 0.085814066 0.046646774 0.77801436 25872 r
 0.009803629 -0.025757827 -0.004976915 26063 g
 0.84096336 1.8177977 9.822811 26066 a
 0.08909832 0.044687726 0.7776037 26070 r
 0.0044773063 -0.01936624 -9.821738E-4 26261 g
 0.91817635 1.7782934 9.846753 26265 a
 0.09079299 0.044100724 0.7772508 26269 r
 -0.0011153319 -0.009512545 0.0051430967 26464 g
 0.9271546 1.7962499 9.801862 26468 a
 0.092328146 0.04260627 0.77718323 26471 r
 0.0012815131 -0.004186223 0.0022136194 26661 g
 0.9660604 1.8381484 9.849147 26665 a
 0.0939553 0.042215884 0.77700275 26669 r
 -0.003778493 -0.011376758 -0.0023137543 26861 g
 0.95468795 1.8022354 9.816227 26865 a
 0.09433399 0.041674107 0.7770329 26869 r
 4.825648E-4 -0.007648332 0.0035452 27063 g
 0.9672575 1.8052281 9.828198 27067 a
 0.09460786 0.041218378 0.77707773 27070 r
 4.825648E-4 0.005134841 6.1572285E-4 27294 g
 0.9163807 1.8142064 9.843162 27298 a
 0.09460908 0.041064166 0.77704626 27302 r
 -0.015762718 0.0639907 0.005942045 27461 g
 0.79966336 1.8189948 9.81503 27464 a
 0.09151946 0.042838015 0.777324 27468 r
 -8.490158E-4 0.052272793 0.0027462516 27664 g
 0.6392518 1.7381904 9.878476 27668 a
 0.0872241 0.04610031 0.7775691 27671 r
 -0.014431138 0.05040858 0.005675729 27862 g
 0.5662287 1.7322049 9.848549 27866 a
 0.082546294 0.048141576 0.77805895 27870 r
 -0.0077732345 0.05440332 -0.0025800704 28062 g
 0.5021838 1.7399861 9.873089 28066 a
 0.07815874 0.05087161 0.77822465 28070 r
 -0.013365873 0.05307174 -0.004177967 28264 g
 0.33518824 1.7082629 9.870096 28268 a
 0.073778585 0.053237796 0.7784818 28271 r
 0.01033626 0.054935955 -0.0017811222 28462 g
 0.38726214 1.7130513 9.840169 28466 a
 0.06777001 0.056708135 0.77890915 28470 r
 0.0068741515 -0.026823092 6.1572285E-4 28661 g
 0.46387658 1.7292122 9.835979 28673 a
 0.06891125 0.0567305 0.7787891 28677 r
 0.001015197 -0.026024144 -0.004177967 28870 g
 0.49081135 1.7244238 9.879673 28873 a
 0.07135459 0.055036858 0.7785503 28878 r
 0.0026130937 -0.030817833 -7.158577E-4 29062 g
 0.4866215 1.7591397 9.845556 29066 a
 0.0735789 0.053665183 0.7784448 29070 r
 0.016994163 -0.008180965 -0.0033790187 29261 g
 0.7086837 1.6699557 10.125677 29268 a
 0.07455072 0.05331455 0.77830654 29276 r
 -0.22828297 0.61366713 0.07944529 29465 g
 0.010175358 1.5472529 10.00477 29470 a
 0.06970443 0.053386256 0.77962095 29475 r
 0.025782594 -0.07609157 -0.022021146 29663 g
 0.090381116 1.7531542 9.956886 29667 a
 0.056698754 0.061716832 0.781486 29670 r
 0.03297313 -0.19327065 -0.050783284 29865 g
 0.3226187 1.8058267 9.860519 29869 a
 0.057384625 0.065264046 0.7806687 29872 r
 0.017793112 -0.26091495 -0.010036921 30063 g
 0.66259533 1.8207904 9.842564 30067 a
 0.0639771 0.06202597 0.7791434 30071 r
 -0.010436395 -0.10591897 0.013398896 30264 g
 0.8110358 1.7292122 9.8515415 30268 a
 0.08014892 0.04949428 0.77716976 30271 r
 0.012999422 -0.08088526 -0.009504289 30464 g
 0.7673417 1.7776948 9.882068 30468 a
 0.086373374 0.044067442 0.7764949 30471 r
 0.006607835 0.025907498 0.0016809873 30667 g
 0.6931214 1.7381904 9.832987 30670 a
 0.08971063 0.04305549 0.7759529 30674 r
 -0.0075069186 0.062925436 -0.006574812 30860 g
 0.56443304 1.7531542 9.822811 30863 a
 0.08373905 0.046315297 0.77666146 30868 r
 -0.0051100734 0.08183388 3.4940674E-4 31063 g
 0.6278794 1.8351556 9.809045 31067 a
 0.075994805 0.051940933 0.7770359 31071 r
 0.0012815131 -0.040937845 0.006208361 31264 g
 0.60932434 1.7962499 9.866506 31268 a
 0.0796586 0.050270498 0.7767709 31272 r
 0.0026130937 0.02777171 0.0027462516 31464 g
 0.27832595 1.6112977 9.946711 31467 a
 0.07850705 0.05050859 0.7768703 31471 r
 -0.06290067 0.28982675 0.022453643 31665 g
 0.5081693 1.6047137 9.925761 31668 a
 0.06501221 0.054677434 0.7788951 31672 r
 -0.015496402 0.003004312 -0.008172709 31869 g
 0.40641573 1.6609775 9.903017 31873 a
 0.06734413 0.05104196 0.7797156 31878 r
 0.021787854 -0.01883361 -0.009504289 32068 g
 0.5542577 1.5574282 9.872491 32072 a
 0.0692849 0.05101207 0.778063 32077 r
 -0.008039551 -0.016969396 0.003811516 32262 g
 0.7015011 1.6573862 9.903017 32266 a
 0.070532314 0.04872095 0.7781177 32269 r
 0.011135209 -0.041204162 -0.007107444 32469 g
 0.7218518 1.7812861 9.824008 32473 a
 0.07716823 0.04542593 0.7774593 32477 r
 0.009537312 0.011792744 -0.014297979 32666 g
 0.62488663 1.6921021 9.841366 32669 a
 0.079900235 0.045883708 0.7767988 32673 r
 -0.0024469125 -0.016436763 0.020323114 32864 g
 0.7661445 1.678934 9.816826 32868 a
 0.08101095 0.044757754 0.7777416 32872 r
 0.019124692 -0.034013625 -0.0025800704 33069 g
 0.7918822 1.821389 9.815628 33073 a
 0.08365548 0.04293128 0.777482 33077 r
 0.003145726 -0.04599785 0.023252591 33267 g
 0.842759 1.7555484 9.825804 33271 a
 0.08885403 0.04189992 0.77694327 33275 r
 -0.003512177 0.05040858 0.005942045 33466 g
 0.90979666 1.7579426 9.762956 33469 a
 0.08804266 0.04230985 0.7773313 33473 r
 0.0071404674 -0.013240971 0.011268367 33667 g
 0.7272388 1.7399861 9.789292 33680 a
 0.08758396 0.043156885 0.77764875 33683 r
 0.0042109904 0.026706446 -0.0047105993 33862 g
 0.7314286 1.7238252 9.813833 33866 a
 0.08639281 0.044068135 0.77763945 33870 r
 -0.009104815 0.036293827 0.0016809873 34068 g
 0.6536171 1.7292122 9.871294 34072 a
 0.084213406 0.0453974 0.7775373 34076 r
 -0.008039551 0.034163296 -0.0028463865 34271 g
 0.7092823 1.7483658 9.817424 34278 a
 0.08148862 0.046556257 0.7778242 34287 r
 0.012466789 -0.031350467 -0.0023137543 34466 g
 0.7194576 1.7495629 9.859921 34470 a
 0.080953434 0.04745759 0.7776975 34473 r
 4.825648E-4 -0.034279943 8.309063E-5 34666 g
 0.74998367 1.7351977 9.847352 34669 a
 0.08286106 0.04632759 0.77740175 34673 r
 0.0012815131 -0.017235711 -0.0031127026 34869 g
 0.7517793 1.7525556 9.828796 34873 a
 0.084926434 0.04488588 0.7771432 34877 r
 0.005808887 -0.009778861 8.309063E-5 35066 g
 0.85532856 1.7770962 9.8198185 35070 a
 0.08708802 0.044015773 0.77673906 35073 r
 0.012200474 -0.045198902 -0.0055095474 35264 g
 0.8774749 1.7615339 9.841965 35268 a
 0.08863979 0.043619365 0.7765953 35272 r
 -0.0107027115 0.030967504 -1.8322548E-4 35468 g
 0.7194576 1.7286136 9.850345 35472 a
 0.08925699 0.042996332 0.7762793 35476 r
 -0.0016479641 0.015254853 0.0048767803 35667 g
 0.7374141 1.7022774 9.858126 35670 a
 0.08381527 0.045279734 0.77689797 35675 r
 -0.009371131 0.039223302 0.0027462516 35868 g
 0.4782418 1.6759412 9.917382 35871 a
 0.08292381 0.045439944 0.7775325 35876 r
 -0.0043111253 0.020581175 0.008605206 36098 g
 0.45729253 1.685518 9.829395 36100 a
 0.07579131 0.04929678 0.7778525 36101 r
 -0.003778493 0.06265912 -0.009237973 36267 g
 0.37229836 1.5532384 9.906608 36271 a
 0.07240415 0.0515922 0.7780084 36275 r
 -0.0048437575 -0.0057841195 0.0030125678 36463 g
 0.5189432 1.4730326 9.93474 36467 a
 0.068878226 0.05118406 0.7781374 36471 r
 -0.020822724 0.017651698 0.0016809873 36665 g
 0.40162733 1.6741456 9.901221 36668 a
 0.068062305 0.048427753 0.77855986 36672 r
 0.011667841 -0.044133637 -0.012966398 36863 g
 0.46806642 1.584363 9.865907 36867 a
 0.06884291 0.049365394 0.7780152 36870 r
 0.008738364 -0.007914648 -0.0025800704 37064 g
 0.5446809 1.6813282 9.832987 37068 a
 0.06841322 0.049441673 0.7780846 37071 r
 0.01033626 -0.040138897 0.0046104644 37262 g
 0.65242 1.6400281 9.832987 37266 a
 0.07205022 0.04853984 0.77769166 37270 r
 4.825648E-4 -0.042269427 0.008605206 37464 g
 0.61650693 1.6885108 9.877877 37468 a
 0.07650349 0.04499098 0.7779079 37471 r
 0.010602577 -0.025225196 -0.011634818 37663 g
 0.6835446 1.7004818 9.841965 37667 a
 0.07836343 0.04433976 0.77755946 37671 r
 -5.006743E-5 -0.0063167517 0.0032788839 37864 g
 0.6123171 1.685518 9.969456 37868 a
 0.07971178 0.04381811 0.77755314 37871 r
 -0.13640392 0.31486046 0.015795741 38065 g
 0.1352724 1.5215151 9.913791 38068 a
 0.071061596 0.04522448 0.7795082 38072 r
 -0.0021805963 0.034962244 -0.0033790187 38263 g
 0.08798691 1.5735891 9.935937 38267 a
 0.05464029 0.052855365 0.78112394 38270 r
 -0.00670797 0.06665386 0.005675729 38466 g
 0.05925649 1.4431051 9.894038 38469 a
 0.04953666 0.056977235 0.780798 38473 r
 -0.019491144 0.06052859 0.012866264 38665 g
 0.090979666 1.5221137 9.828796 38677 a
 0.045660637 0.057486564 0.7815431 38681 r
 0.0159289 -0.034013625 0.0067409934 38863 g
 0.19093758 1.4867992 9.85214 38870 a
 0.047407128 0.056955315 0.78169805 38873 r
 0.021787854 -0.10565266 -0.011102186 39065 g
 0.66498953 1.54845 9.868899 39069 a
 0.057043396 0.051675662 0.7811535 39072 r
 0.05054999 -0.20818436 -0.0052432315 39265 g
 0.7356185 1.5957354 9.855731 39269 a
 0.07357377 0.043073095 0.7801123 39272 r
 0.011667841 0.005134841 -0.012966398 39464 g
 0.7200562 1.6771383 9.877279 39468 a
 0.07713236 0.04152511 0.7792111 39471 r
 0.033772077 0.012325375 0.01792627 39664 g
 0.56084174 1.6106992 9.88925 39668 a
 0.07733828 0.043473326 0.7790877 39672 r
 -0.008838499 0.03389698 -0.0055095474 39864 g
 0.5386954 1.5969325 9.881469 39868 a
 0.07378779 0.04674036 0.7796362 39871 r
 0.011934157 -0.012175706 -0.004444283 40066 g
 0.5105635 1.6466122 9.88925 40070 a
 0.072530866 0.047959335 0.7793872 40073 r
 0.006075203 0.00726537 0.008072574 40266 g
 0.54647654 1.6711528 9.871294 40270 a
 0.072025076 0.048661128 0.7797186 40273 r
 -0.008572183 -0.008180965 -0.0015148061 40465 g
 0.557849 1.6376339 9.8683 40469 a
 0.0734483 0.049619623 0.7802009 40473 r
 0.0050099385 -0.041736793 -0.005775864 40664 g
 0.587178 1.6741456 9.870695 40668 a
 0.07497531 0.047435552 0.7801116 40671 r
 0.0050099385 -0.012442023 -0.004177967 40867 g
 0.5434838 1.6214731 9.861118 40871 a
 0.07677 0.04647471 0.7797182 40875 r
 0.01859206 -4.5779737E-4 -0.0052432315 41066 g
 0.6919243 1.6124948 9.879673 41070 a
 0.076705076 0.04669808 0.7795041 41074 r
 0.003944674 -0.028420988 -0.0047105993 41267 g
 0.6344634 1.6753427 9.858126 41270 a
 0.07804316 0.046274133 0.7791429 41274 r
 -0.034404844 0.030701187 0.0032788839 41467 g
 0.6063316 1.6873137 9.8754835 41470 a
 0.07793604 0.04498686 0.7794321 41474 r
 0.017526796 -0.004186223 -0.009237973 41666 g
 0.6691794 1.6968905 9.8677025 41669 a
 0.0777699 0.045225196 0.778608 41673 r
 0.01379837 -0.01883361 -0.0015148061 41865 g
 0.7350199 1.7070658 9.836577 41868 a
 0.0792481 0.045536578 0.77807647 41872 r
 -0.0011153319 -0.014838867 0.006474677 42066 g
 0.7745243 1.7340006 9.820416 42070 a
 0.0810989 0.044460975 0.77805597 42074 r
 0.008205732 -0.026556775 -0.003911651 42266 g
 0.82240826 1.6986861 9.85633 42270 a
 0.08352872 0.04339642 0.7777173 42273 r
 0.005808887 -0.054786284 0.0014146712 42466 g
 0.82599956 1.685518 9.835381 42469 a
 0.08618879 0.041378602 0.77738196 42473 r
 -0.003512177 0.020048542 -0.006574812 42665 g
 0.7308301 1.7178397 9.860519 42669 a
 0.08637158 0.0408341 0.77731425 42672 r
 -0.0043111253 0.041886464 -0.004976915 42865 g
 0.6619968 1.7106571 9.87668 42869 a
 0.08395298 0.04288411 0.7771271 42872 r
 -0.01895851 0.044283308 -0.010036921 43067 g
 0.5793968 1.6639702 9.848549 43071 a
 0.07959674 0.044957235 0.77716047 43075 r
 0.016727848 0.016053801 -0.0047105993 43269 g
 0.516549 1.6531962 9.880871 43273 a
 0.07536487 0.0473568 0.7774934 43277 r
 -0.0107027115 0.023510652 -4.4954158E-4 43465 g
 0.54647654 1.6412252 9.878476 43471 a
 0.073349655 0.04879886 0.77785295 43475 r
 0.008738364 -0.016436763 -0.0028463865 43666 g
 0.5955577 1.6567876 9.857527 43677 a
 0.07273108 0.04869046 0.77795523 43681 r
 0.0050099385 -0.027089408 6.1572285E-4 43869 g
 0.60693014 1.6484078 9.883863 43872 a
 0.074679434 0.047780648 0.7778439 43877 r
 0.0050099385 -0.022029402 0.0030125678 44066 g
 0.6278794 1.6657659 9.868899 44070 a
 0.07608944 0.046516113 0.7777296 44073 r
 0.0026130937 -0.023627298 3.4940674E-4 44265 g
 0.7218518 1.7034745 9.837176 44269 a
 0.07859329 0.04565289 0.777492 44272 r
 0.0012815131 -0.028420988 0.0027462516 44471 g
 0.7410054 1.6807296 9.874287 44479 a
 0.080364525 0.044409573 0.77739936 44482 r
 0.0018141454 -0.030285202 0.00833889 44665 g
 0.76315176 1.6950948 9.859323 44669 a
 0.08228474 0.042719603 0.7774084 44673 r
 0.0055425707 -0.01883361 -0.007107444 44865 g
 0.79846627 1.6998832 9.835979 44869 a
 0.08408585 0.041533172 0.77716786 44873 r
 -0.0029795447 -0.016170448 0.0046104644 45067 g
 0.8750807 1.6825253 9.834184 45071 a
 0.08569244 0.040536158 0.7769545 45075 r
 2.1624868E-4 -0.016170448 3.4940674E-4 45269 g
 0.90141696 1.7154455 9.852738 45272 a
 0.08800029 0.039566204 0.7767865 45276 r
 -0.0011153319 -0.014838867 -0.0036453349 45472 g
 0.91458505 1.6831238 9.829395 45476 a
 0.08891406 0.038843215 0.7766004 45479 r
 -0.0029795447 -0.006849384 -7.158577E-4 45667 g
 0.9247604 1.6699557 9.815628 45671 a
 0.08936193 0.03823617 0.7765388 45674 r
 -0.0011153319 0.0024716798 -0.003911651 45867 g
 0.9175778 1.7292122 9.853337 45870 a
 0.08942199 0.037914872 0.77655905 45874 r
 0.0018141454 0.0032706282 0.0035452 46068 g
 0.88525605 1.6777369 9.868899 46071 a
 0.08931601 0.03799551 0.77654237 46075 r
 -0.0011153319 0.024043284 0.003811516 46267 g
 0.8110358 1.6639702 9.856929 46270 a
 0.08814666 0.038552813 0.7769657 46274 r
 -0.008305867 0.045881204 -0.0023137543 46472 g
 0.6907272 1.7058687 9.883863 46476 a
 0.08454151 0.040273726 0.777235 46480 r
 -0.0043111253 0.055202268 -0.0060421797 46667 g
 0.58897364 1.6687586 9.85633 46671 a
 0.0807135 0.04327984 0.7771848 46674 r
 -0.014164821 0.040288568 0.0019473034 46868 g
 0.5674258 1.6765398 9.837775 46872 a
 0.076515794 0.045638993 0.777582 46877 r
 -0.003778493 0.049343314 3.4940674E-4 47068 g
 0.43514615 1.6699557 9.878476 47072 a
 0.072812445 0.047754973 0.77787024 47076 r
 0.0076730996 -0.018567292 0.0022136194 47269 g
 0.480636 1.6567876 9.895834 47272 a
 0.06936386 0.050542586 0.7779929 47276 r
 0.0044773063 -0.02762204 -0.0017811222 47486 g
 0.56802434 1.666963 9.859323 47489 a
 0.071604535 0.04862494 0.7776038 47493 r
 0.0036783582 -0.010045177 0.0011483551 47667 g
 0.6356605 1.6454151 9.844957 47670 a
 0.07389596 0.047591314 0.77713925 47675 r
 -5.006743E-5 -0.038274683 0.0046104644 47868 g
 0.62368953 1.644218 9.889849 47872 a
 0.07654401 0.045729004 0.77711016 47876 r
 0.01859206 -0.016436763 -9.821738E-4 48069 g
 0.7739257 1.6555905 9.863512 48073 a
 0.078859776 0.044282004 0.7769856 48077 r
 0.00900468 -0.023627298 -0.005775864 48267 g
 0.8206126 1.6903064 9.827001 48271 a
 0.0829716 0.042580582 0.7765245 48275 r
 0.0012815131 -0.015904132 -0.0025800704 48473 g
 0.86729956 1.702876 9.837775 48477 a
 0.085042596 0.04151485 0.7764067 48481 r
 -3.1638352E-4 -0.0116430735 0.0019473034 48671 g
 0.82121116 1.7238252 9.838373 48678 a
 0.08612969 0.040732324 0.77624947 48679 r
 -0.008838499 -0.012974654 -4.4954158E-4 48868 g
 0.80086046 1.6059108 9.843162 48871 a
 0.08653859 0.040115982 0.7762212 48878 r
 -0.0107027115 0.01339064 -0.008172709 49069 g
 0.7044938 1.6861166 9.825804 49073 a
 0.08180586 0.041835345 0.77627355 49077 r
 0.005276255 -0.0052514873 -0.0028463865 49271 g
 0.7344214 1.6783354 9.911995 49276 a
 0.07976037 0.042636514 0.7766554 49279 r
 -0.0019142802 0.016586434 0.0016809873 49478 g
 0.6266823 1.7070658 9.869498 49483 a
 0.079175174 0.04314334 0.7767882 49487 r
 0.008738364 0.009662215 -0.0023137543 49668 g
 0.6781576 1.7124528 9.861118 49672 a
 0.077876076 0.045077562 0.7770279 49679 r
 -0.022686936 0.01205906 0.011268367 49876 g
 0.61112 1.6220716 9.868899 49880 a
 0.077245235 0.045360588 0.7774566 49884 r
 -0.008838499 0.038424354 -0.01083587 50069 g
 0.42556936 1.5945383 9.91798 50073 a
 0.0735821 0.046389997 0.77783567 50077 r
 0.024184698 0.041353833 -0.004444283 50270 g
 0.51355624 1.6154876 9.8677025 50273 a
 0.069729805 0.04913917 0.77783495 50278 r
 -0.0019142802 -0.023360983 0.0043441486 50475 g
 0.58538234 1.6053122 9.874885 50479 a
 0.0713005 0.048898675 0.7778304 50483 r
 0.007939416 -0.028687304 -0.004976915 50670 g
 0.59376204 1.6944963 9.844957 50674 a
 0.07372287 0.046843342 0.77763647 50678 r
 -0.0019142802 -0.034812573 0.011534683 50868 g
 0.7044938 1.6220716 9.871892 50872 a
 0.07663657 0.045434676 0.77751786 50877 r
 0.003412042 -0.010577809 3.4940674E-4 51070 g
 0.7410054 1.7112557 9.856929 51075 a
 0.07865715 0.0433985 0.77746135 51080 r
 0.016195215 -0.046264168 -0.0020474382 51272 g
 0.7954735 1.6771383 9.834782 51276 a
 0.0805749 0.04318332 0.77722067 51280 r
 -5.006743E-5 -0.027089408 6.1572285E-4 51475 g
 0.84216046 1.6759412 9.858724 51479 a
 0.08337381 0.041490138 0.7769856 51483 r
 -5.8269966E-4 -0.004718855 0.0014146712 51668 g
 0.8355764 1.7184383 9.854534 51672 a
 0.08468819 0.04035061 0.776836 51677 r
 -0.004044809 -0.0087135965 0.0032788839 51870 g
 0.8798691 1.6687586 9.848549 51873 a
 0.0857621 0.03962504 0.77677935 51878 r
 -0.010436395 -0.012708338 0.007806258 52071 g
 0.87807345 1.661576 9.849746 52075 a
 0.08614835 0.03816615 0.7768813 52079 r
 0.0023467776 -0.002055694 6.1572285E-4 52270 g
 0.8583213 1.6950948 9.800665 52274 a
 0.08607088 0.0377028 0.7774318 52278 r
 0.0026130937 0.005401157 0.0032788839 52475 g
 0.8714894 1.6663644 9.831191 52479 a
 0.08634204 0.03869459 0.7772674 52482 r
 -0.008572183 -0.0023220102 -0.0047105993 52670 g
 0.8984242 1.6831238 9.836577 52674 a
 0.08642263 0.03821384 0.7773637 52677 r
 7.488809E-4 -0.004452539 0.0046104644 52870 g
 0.88944596 1.62686 9.855731 52875 a
 0.08659431 0.037817582 0.7772748 52879 r
 -0.0016479641 0.0048685246 -1.8322548E-4 53071 g
 0.8924387 1.6328455 9.868899 53076 a
 0.08662849 0.037475675 0.77743 53079 r
 -0.0032458608 0.010194846 0.0046104644 53273 g
 0.7978677 1.6017209 9.888053 53278 a
 0.08587506 0.03776019 0.7775844 53282 r
 -0.0043111253 0.012325375 8.8203896E-4 53475 g
 0.82779527 1.638831 9.838373 53479 a
 0.085045055 0.037942596 0.7777069 53483 r
 -0.0029795447 0.011792744 -0.0055095474 53679 g
 0.81343 1.6436194 9.818023 53704 a
 0.08522028 0.038493678 0.77751404 53709 r
 -0.003778493 0.036293827 -0.0036453349 53873 g
 0.7194576 1.673547 9.85633 53877 a
 0.08348665 0.039226815 0.7774543 53881 r
 -0.005909022 0.038424354 -0.017227456 54072 g
 0.6332663 1.6184803 9.858724 54077 a
 0.0798558 0.0413829 0.77757484 54080 r
 -0.006175338 0.061061222 0.017127322 54272 g
 0.45250413 1.6017209 9.906608 54276 a
 0.075593054 0.043844536 0.77794224 54279 r
 -0.008039551 0.054669637 -0.020156933 54470 g
 0.4405331 1.5526398 9.869498 54474 a
 0.06911565 0.047763266 0.7781289 54485 r
 -0.0056427056 0.015521169 0.0072736256 54671 g
 0.46028528 1.6154876 9.890448 54679 a
 0.066076465 0.049498335 0.7780755 54682 r
 0.008738364 -0.030817833 -0.006841128 54871 g
 0.5506664 1.620276 9.8677025 54874 a
 0.06773515 0.04856544 0.7779177 54878 r
 -0.001381648 -0.036144156 0.010203103 55072 g
 0.51116204 1.5598224 9.940127 55076 a
 0.07092207 0.046692863 0.77760273 55079 r
 0.003412042 0.05786543 -0.0033790187 55273 g
 0.47165772 1.6190789 9.879673 55278 a
 0.07073166 0.04670973 0.77763623 55281 r
 0.003412042 -0.014838867 3.4940674E-4 55471 g
 0.5859809 1.6208745 9.865907 55476 a
 0.07043918 0.04812275 0.7776359 55479 r
 0.0042109904 -0.04147048 0.0016809873 55671 g
 0.59256494 1.7130513 9.832987 55675 a
 0.0723452 0.046563953 0.77750367 55679 r
 -0.0048437575 -0.036676787 0.003811516 55872 g
 0.6943185 1.6436194 9.894637 55876 a
 0.07568607 0.044724613 0.777211 55880 r
 -0.0027132286 -0.034279943 0.016328374 56072 g
 0.79008657 1.6023195 9.844358 56076 a
 0.07832254 0.042067714 0.7772903 56080 r
 0.0050099385 -0.006849384 -0.0025800704 56271 g
 0.7649474 1.6831238 9.861717 56275 a
 0.08182272 0.04013098 0.77720255 56279 r
 0.0023467776 -0.006583068 0.0011483551 56472 g
 0.8170213 1.6304513 9.849147 56476 a
 0.08224194 0.040525995 0.7769905 56480 r
 -8.490158E-4 -0.022295719 0.0016809873 56671 g
 0.8391677 1.6436194 9.830592 56675 a
 0.082837045 0.0395497 0.77703065 56679 r
 4.825648E-4 0.021380123 -0.0052432315 56870 g
 0.7517793 1.7052702 9.830592 56874 a
 0.08341844 0.039125986 0.77682596 56878 r
 -0.009371131 0.030434871 0.0016809873 57072 g
 0.66858083 1.6220716 9.877877 57077 a
 0.08133335 0.041182555 0.7767995 57080 r
 -0.0053763897 0.043750677 0.0016809873 57270 g
 0.60333884 1.620276 9.86471 57277 a
 0.07841815 0.04257658 0.7768921 57280 r
 -0.0069742864 0.04215278 -0.00124849 57472 g
 0.5955577 1.6106992 9.870695 57476 a
 0.07494095 0.04471094 0.7769733 57480 r
 -0.0107027115 0.0408212 -4.4954158E-4 57672 g
 0.55964464 1.6274586 9.895834 57676 a
 0.072221205 0.045991614 0.7772327 57680 r
 0.012733106 -0.022562034 0.0030125678 57871 g
 0.5566519 1.644218 9.864111 57876 a
 0.06997388 0.047707804 0.7774146 57879 r
 0.0020804615 -0.030817833 0.0019473034 58072 g
 0.60812724 1.6232687 9.900024 58076 a
 0.07208434 0.046852 0.7772235 58080 r
 0.0047436226 -0.030817833 0.0011483551 58271 g
 0.6793547 1.6328455 9.8754835 58276 a
 0.075131014 0.04485002 0.77690774 58279 r
 0.003412042 -0.038541 6.1572285E-4 58478 g
 0.7410054 1.6639702 9.843162 58481 a
 0.07820373 0.04290755 0.7767014 58485 r
 0.011934157 -0.059579972 0.003811516 58670 g
 0.81343 1.6304513 9.837176 58674 a
 0.08074334 0.041692138 0.7764676 58678 r
 -0.0027132286 -0.01936624 0.0030125678 58872 g
 0.908001 1.6256629 9.872491 58877 a
 0.083237015 0.03968826 0.77656144 58880 r
 0.009537312 -9.904295E-4 -0.009504289 59072 g
 0.84694886 1.6729485 9.842564 59076 a
 0.084458254 0.039019667 0.7763123 59080 r
 -0.0021805963 -0.008979913 0.0019473034 59272 g
 0.86251116 1.6591818 9.837176 59278 a
 0.08515647 0.03899955 0.7761311 59282 r
 7.488809E-4 -0.009246229 0.0014146712 59473 g
 0.8194155 1.6729485 9.821015 59483 a
 0.08573711 0.038210943 0.77618736 59487 r
 -5.006743E-5 0.031500135 -0.004976915 59672 g
 0.7703344 1.6771383 9.844358 59678 a
 0.084673814 0.039163128 0.77607256 59682 r
 -0.005909022 0.040554885 -1.8322548E-4 59871 g
 0.6727707 1.6346412 9.837176 59876 a
 0.08209787 0.041352876 0.77625865 59879 r
 -0.008305867 0.050674897 3.4940674E-4 60233 g
