 -0.052780658 -0.120832674 -0.1370697 6 g
 -0.09696517 0.26156655 9.586982 8 a
 -0.01029368 0.005967119 0.8643511 10 r
 0.05694158 -0.012974654 -0.06276751 108 g
 -0.45789108 0.7625532 10.080188 109 a
 -0.00967158 0.0011431854 0.86218184 111 r
 -0.051449075 -0.0017893779 -0.017493773 318 g
 0.5081693 -0.4237737 10.045472 322 a
 -0.010604912 0.0055623576 0.86077064 327 r
 0.13124378 -0.2254949 -0.11097073 517 g
 -0.587178 -0.18435353 9.74859 521 a
 -0.0063881315 -4.0862616E-4 0.8589806 525 r
 -0.033605896 -0.05984629 0.013931528 716 g
 0.33997664 -0.45968673 10.102933 721 a
 -0.0077030193 -8.9898333E-4 0.8541803 724 r
 0.026581543 -0.0036535906 0.046155777 921 g
 -0.2100912 -0.18136078 9.982624 925 a
 -0.0024680272 -0.013078101 0.8544244 929 r
 0.12645008 0.12897183 8.8203896E-4 1116 g
 -0.51475334 0.037110128 10.059837 1120 a
 -0.008573727 -0.0019863518 0.85278994 1124 r
 0.012200474 -0.039872583 0.010735735 1315 g
 -0.3250129 -0.06344634 10.008362 1320 a
 -0.012996012 0.0069359886 0.85024184 1323 r
 0.011135209 0.009662215 -0.0015148061 1515 g
 -0.3441665 -0.011372458 9.988609 1519 a
 -0.011010573 0.00572488 0.84731287 1523 r
 -0.0016479641 0.010461163 0.0051430967 1716 g
 -0.35673606 -0.016759412 9.997588 1720 a
 -0.0107386075 0.0061220024 0.8454854 1724 r
 0.005808887 0.018450646 -0.0028463865 1920 g
 -0.33758244 -0.006584055 10.018537 1924 a
 -0.012195159 0.006665226 0.8438265 1928 r
 -0.0011153319 0.0019390476 0.005675729 2115 g
 -0.47345337 -0.030526072 9.965266 2120 a
 -0.013862682 0.00798754 0.8428299 2124 r
 -0.004044809 0.026440129 -0.0017811222 2316 g
 -0.46387658 -0.037708677 9.996989 2320 a
 -0.016805494 0.0093874205 0.84220046 2323 r
 -8.490158E-4 0.0022053637 -4.4954158E-4 2515 g
 -0.439336 -0.076015905 10.014347 2519 a
 -0.018177625 0.009895356 0.8418495 2523 r
 -0.003512177 0.0040695765 -0.0020474382 2716 g
 -0.46387658 -0.05686229 10.020931 2720 a
 -0.018109586 0.009502277 0.84269065 2724 r
 -8.490158E-4 -0.008180965 3.4940674E-4 2920 g
 -0.43634325 -0.02873042 9.997588 2924 a
 -0.01812985 0.009483306 0.84082466 2928 r
 0.0020804615 -0.01883361 -0.00124849 3115 g
 -0.40402153 -0.05207389 10.007165 3119 a
 -0.01726598 0.009100409 0.8400703 3124 r
 0.0042109904 -0.02282835 0.0011483551 3317 g
 -0.31184477 0.01616086 10.030508 3321 a
 -0.015880665 0.008273274 0.84084076 3325 r
 -0.0043111253 -0.003919907 0.0030125678 3516 g
 -0.27353755 0.04070143 9.8916445 3520 a
 -0.013995859 0.0076405695 0.8411401 3524 r
 -0.013632189 0.10100864 -0.007906392 3718 g
 -0.6907272 -0.21787235 10.01315 3722 a
 -0.0153185325 0.008444909 0.841294 3726 r
 0.0036783582 0.010194846 0.005942045 3921 g
 -0.6278794 -0.14724341 9.990405 3925 a
 -0.02734081 0.012440601 0.84234315 3929 r
 4.825648E-4 0.022445388 -0.0025800704 4115 g
 -0.60573304 -0.077213004 9.901819 4119 a
 -0.02844049 0.013032284 0.8421286 4123 r
 -8.490158E-4 -0.036676787 0.0035452 4327 g
 -0.59256494 -0.06404489 10.010158 4331 a
 -0.028579475 0.013523396 0.84193796 4335 r
 -0.01629535 -0.023094667 0.011801 4516 g
 -0.64942724 -0.08140286 10.032304 4520 a
 -0.025909778 0.0106384065 0.841831 4524 r
 0.008472048 0.01339064 -0.00124849 4716 g
 -0.4950012 -0.19033903 10.047267 4720 a
 -0.024438808 0.009231415 0.8423167 4724 r
 0.0018141454 -0.006849384 -0.00124849 4920 g
 -0.4961983 -0.14963761 9.961675 4924 a
 -0.023558669 0.008549957 0.84258014 4927 r
 -8.490158E-4 -0.02415993 0.005675729 5109 g
 -0.5189432 -0.11791443 10.003573 5110 a
 -0.023942444 0.008750498 0.84364 5112 r
 4.825648E-4 0.005667473 0.0014146712 5316 g
 -0.50397944 -0.10354923 10.005967 5320 a
 -0.023995016 0.008764487 0.8436547 5324 r
 -3.1638352E-4 0.0075316858 0.0019473034 5517 g
 -0.3172317 -0.061052144 10.0508585 5521 a
 -0.023930423 0.008619649 0.8446478 5524 r
 0.013532054 -0.0055178036 0.01313258 5718 g
 -0.49919105 -0.1933318 9.988609 5722 a
 -0.020672701 0.008259311 0.8438415 5726 r
 0.014597318 -0.0033872745 0.015795741 5918 g
 -0.41000703 -0.06404489 10.00896 5923 a
 -0.020305466 0.008342644 0.8443902 5926 r
 0.008472048 -0.053188387 0.0027462516 6110 g
 -0.46267948 0.015562311 10.014946 6114 a
 -0.017134635 0.008054454 0.84458524 6116 r
 -0.0019142802 0.022711704 0.0011483551 6312 g
 -0.40521863 -0.11552023 10.002377 6314 a
 -0.016822256 0.008466454 0.8431198 6315 r
 -0.003512177 0.018450646 -0.0055095474 6516 g
 -0.5189432 0.006584055 10.053851 6520 a
 -0.018115096 0.0080843195 0.84178096 6524 r
 0.0044773063 0.015787486 3.4940674E-4 6717 g
 -0.48961425 -0.12749124 9.985018 6721 a
 -0.020924773 0.009963553 0.8415399 6725 r
 -0.010436395 0.034163296 0.0032788839 6916 g
 -0.6278794 -0.05327099 10.007165 6920 a
 -0.023877474 0.010517223 0.841863 6924 r
 -0.0051100734 0.01339064 -0.0020474382 7116 g
 -0.5446809 -0.12928689 10.009559 7120 a
 -0.026437232 0.011885246 0.84303635 7124 r
 0.001015197 0.010194846 8.8203896E-4 7317 g
 -0.53929394 -0.13467385 10.022128 7321 a
 -0.025045063 0.010996046 0.84408957 7325 r
 0.012466789 -0.03108415 -0.0060421797 7517 g
 -0.5033809 -0.073023155 10.006566 7521 a
 -0.024453936 0.01121486 0.8457201 7525 r
 0.0047436226 -0.015904132 -0.0025800704 7717 g
 -0.47165772 -0.05925649 9.987412 7721 a
 -0.022306135 0.010702986 0.84596926 7725 r
 -3.1638352E-4 0.0035369443 -0.0036453349 7917 g
 -1.18094 0.38307226 9.762358 7921 a
 -0.021932565 0.010474062 0.8473976 7925 r
 0.027646808 8.7378314E-4 0.051748414 8119 g
 -0.8936358 -0.37588966 10.166978 8123 a
 -0.03994012 0.026315965 0.84831315 8126 r
 0.01646153 -0.008979913 0.05228105 8317 g
 -0.97862995 0.47046062 9.829395 8321 a
 -0.025689654 0.01762472 0.8492022 8325 r
 -0.005909022 -0.06410734 0.0046104644 8517 g
 -0.46088383 0.2220622 10.014946 8521 a
 -0.038292564 0.03373193 0.8491648 8525 r
 -0.066362776 -0.06250945 -0.015895875 8718 g
 -0.50038815 0.060453594 10.040085 8723 a
 -0.02272229 0.02254409 0.8501988 8726 r
 -0.01017008 -0.004718855 0.01792627 8918 g
 -0.49200845 0.008978256 10.038289 8922 a
 -0.019712418 0.017458353 0.850491 8926 r
 -0.014697453 -0.025757827 0.008072574 9119 g
 -0.5009867 0.15322891 9.981427 9123 a
 -0.018107938 0.015836954 0.8503763 9127 r
 0.0028794098 -0.016969396 8.309063E-5 9317 g
 -0.40462008 0.022744916 9.982025 9321 a
 -0.01721131 0.015952975 0.8494435 9324 r
 0.006607835 -0.033214677 -0.009770606 9517 g
 -0.44592008 0.09816227 10.038289 9521 a
 -0.017586084 0.014566479 0.8492419 9525 r
 -0.008572183 0.040288568 0.018192586 9718 g
 -0.48123455 0.12569559 10.019135 9722 a
 -0.016955558 0.014545206 0.8483078 9725 r
 -0.001381648 -0.015637815 -0.018026404 9918 g
 -0.85293436 0.094570965 10.209475 9922 a
 -0.018195488 0.015586492 0.8486584 9926 r
 -0.05118276 -0.16930221 -0.034271687 10118 g
 -0.30825347 -0.12509704 10.0508585 10127 a
 -0.022232652 0.013256958 0.84906584 10131 r
 -0.023219569 0.00726537 0.034704186 10317 g
 -0.49919105 0.0053869537 9.98442 10321 a
 -0.02162431 0.011449626 0.8502645 10328 r
 -0.009903763 -0.016170448 0.027247334 10519 g
 -0.41838676 -0.15203181 9.974843 10523 a
 -0.023512987 0.012014022 0.8517173 10527 r
 0.0028794098 0.0325654 -0.016162192 10719 g
 -0.4285621 0.0053869537 9.986814 10723 a
 -0.021493345 0.010196386 0.85262877 10727 r
 0.015129951 0.021113807 -0.0076400763 10918 g
 -0.56443304 0.024540568 10.028712 10923 a
 -0.022261757 0.011988718 0.8530958 10926 r
 0.012999422 -0.0063167517 -0.016694823 11113 g
 -0.3824737 0.034715924 10.034698 11115 a
 -0.022908306 0.014027873 0.8533687 11117 r
 0.0036783582 -0.018300977 0.0051430967 11318 g
 -0.4866215 -0.01316811 10.037092 11322 a
 -0.019636247 0.013161408 0.85366493 11326 r
 -0.001381648 0.0062001054 -0.0047105993 11518 g
 -0.45609543 0.025737667 9.980229 11522 a
 -0.020570975 0.013517419 0.85257536 11526 r
 -5.006743E-5 -0.014039919 0.0019473034 11720 g
 -0.4854244 -0.018555064 9.996989 11724 a
 -0.02076991 0.013477011 0.8520064 11727 r
 -0.0027132286 -7.241135E-4 -0.0031127026 11920 g
 -0.45190558 -0.02813187 9.999383 11924 a
 -0.019489376 0.012584768 0.8516709 11927 r
 2.1624868E-4 -0.011110442 -0.004444283 12118 g
 -0.4441244 0.0 10.049063 12123 a
 -0.01915025 0.012111647 0.85037476 12127 r
 0.003944674 -0.019632557 -0.0052432315 12320 g
 -0.41299978 -0.0047884034 10.022128 12324 a
 -0.017946556 0.011709487 0.84960836 12328 r
 0.001015197 -0.016170448 -0.012700083 12520 g
 -0.36511576 0.024540568 10.0341 12523 a
 -0.016523428 0.010763351 0.84899205 12527 r
 0.011135209 -0.019632557 0.0051430967 12719 g
 -0.3441665 0.0 10.001179 12723 a
 -0.015406545 0.011255898 0.8484433 12726 r
 -0.0048437575 -0.021230454 -0.00124849 12920 g
 -0.37828386 -0.004189853 10.01734 12924 a
 -0.014874435 0.010950925 0.847542 12927 r
 0.0018141454 -0.0063167517 -0.0028463865 13120 g
 -0.32920274 -0.018555064 10.014347 13124 a
 -0.014587062 0.010646945 0.84606284 13128 r
 4.825648E-4 0.0046022087 0.0011483551 13320 g
 -0.30885202 0.014963761 10.010756 13323 a
 -0.014236361 0.010214567 0.84368247 13327 r
 0.010868893 -0.03241573 -0.0028463865 13520 g
 -0.3238158 0.020949265 10.02572 13523 a
 -0.01382511 0.010068791 0.8432117 13527 r
 -0.0011153319 0.015521169 0.0022136194 13720 g
 -0.3453636 -0.0023942017 10.02153 13724 a
 -0.014147013 0.010138793 0.8434785 13728 r
 -0.003512177 0.016586434 -0.0028463865 13920 g
 -0.40162733 0.0 10.020931 13924 a
 -0.015235077 0.010472285 0.8452862 13927 r
 -0.0016479641 0.010727479 0.0022136194 14119 g
 -0.41838676 0.0035913025 10.011953 14124 a
 -0.016614705 0.01104592 0.8463511 14127 r
 0.0028794098 0.01339064 -0.004976915 14320 g
 -0.44831428 -0.008978256 10.016742 14324 a
 -0.01840726 0.011870354 0.8472155 14327 r
 0.0028794098 0.007798002 0.0024799355 14520 g
 -0.4985925 -0.034117375 10.038888 14524 a
 -0.019263398 0.012172794 0.84882027 14528 r
 -0.0027132286 -9.904295E-4 -0.0028463865 14721 g
 -0.427365 -0.011372458 10.007165 14725 a
 -0.02002956 0.01237716 0.84847754 14729 r
 0.0015478292 -0.0012567457 -0.00124849 14920 g
 -0.3453636 0.0023942017 9.988609 14923 a
 -0.019381398 0.011576032 0.8499325 14927 r
 0.006075203 -0.034812573 6.1572285E-4 15127 g
 -0.40282443 0.011971008 10.028712 15135 a
 -0.01758324 0.010672325 0.85052794 15139 r
 -5.8269966E-4 -0.003919907 8.309063E-5 15321 g
 -0.36032736 -0.022744916 10.028113 15325 a
 -0.0165607 0.01014041 0.8503702 15328 r
 -0.0019142802 -0.012175706 -0.0031127026 15521 g
 -0.31304187 -0.02932897 10.036493 15525 a
 -0.015472477 0.009381358 0.8506196 15528 r
 0.0020804615 -0.017235711 3.4940674E-4 15721 g
 -0.30047232 0.03232172 9.999982 15725 a
 -0.0142394025 0.008658035 0.8510943 15729 r
 -8.490158E-4 0.02297802 -0.005775864 15931 g
 -0.320823 -0.031124622 10.0269165 15935 a
 -0.013897154 0.008982001 0.8514994 15945 r
 0.001015197 0.0043358924 0.0024799355 16133 g
 -0.37110126 -0.0077811554 10.028113 16137 a
 -0.013897154 0.008982001 0.8514994 16141 r
 -0.0019142802 6.07467E-4 8.309063E-5 16334 g
 -0.33518824 5.985504E-4 9.9951935 16339 a
 -0.0145253455 0.009093415 0.85120016 16343 r
 -0.0029795447 0.00859695 0.0019473034 16536 g
 -0.37828386 -0.06404489 10.038888 16540 a
 -0.014460493 0.009126974 0.850303 16544 r
 -0.0048437575 0.023510652 -1.8322548E-4 16739 g
 -0.40102878 -0.022744916 10.012551 16743 a
 -0.015273308 0.009246545 0.8490874 16747 r
 -0.0029795447 0.017385382 0.0016809873 16935 g
 -0.39504328 -0.0023942017 10.017939 16939 a
 -0.016992126 0.010135019 0.847297 16943 r
 0.0012815131 0.00859695 -0.0017811222 17138 g
 -0.44711718 -0.013766659 9.99639 17142 a
 -0.018501088 0.010984104 0.84559387 17145 r
 -0.0011153319 0.02510855 -0.0023137543 17335 g
 -0.46028528 -0.023942016 9.999383 17339 a
 -0.020043008 0.011689933 0.8462046 17343 r
 -0.003512177 0.016320117 -1.8322548E-4 17534 g
 -0.51475334 -0.07182605 9.9790325 17538 a
 -0.021525033 0.0122980345 0.8469054 17542 r
 -8.490158E-4 -0.006583068 -0.0017811222 17734 g
 -0.45010993 -0.004189853 10.016143 17738 a
 -0.021806037 0.012244705 0.84822756 17742 r
 0.0028794098 -0.021230454 0.0011483551 17940 g
 -0.4842273 -0.016759412 10.041881 17944 a
 -0.020679165 0.01160921 0.8498884 17947 r
 7.488809E-4 -0.009512545 -7.158577E-4 18139 g
 -0.45789108 -0.073023155 10.0269165 18143 a
 -0.019636795 0.011112345 0.85082775 18147 r
 -0.0027132286 0.0024716798 -0.0023137543 18338 g
 -0.42317516 -0.05207389 10.04607 18342 a
 -0.018926013 0.010492653 0.8521851 18345 r
 -8.490158E-4 -0.018034661 -0.00124849 18535 g
 -0.3333926 -0.023343466 9.997588 18540 a
 -0.017788205 0.009819293 0.8525068 18543 r
 0.0071404674 -0.010577809 -0.00124849 18736 g
 -0.37469256 -0.04070143 10.018537 18740 a
 -0.01593066 0.008787805 0.8527277 18743 r
 -0.0011153319 -0.0031209586 -1.8322548E-4 18937 g
 -0.338181 -0.005985504 9.965864 18940 a
 -0.015575868 0.008660955 0.8512042 18944 r
 -0.0027132286 0.014722221 -7.158577E-4 19133 g
 -0.38606504 -0.037110128 10.0269165 19139 a
 -0.015669744 0.008858552 0.8502857 19145 r
 4.825648E-4 0.017119065 -0.0023137543 19337 g
 -0.3489549 0.002992752 10.040085 19340 a
 -0.015969664 0.009169655 0.84821266 19344 r
 0.0042109904 -0.01190939 -7.158577E-4 19540 g
 -0.35075054 -0.013766659 10.007165 19543 a
 -0.015738241 0.009076934 0.8469792 19547 r
 0.001015197 0.007798002 8.309063E-5 19735 g
 -0.39803603 -0.014963761 10.034698 19739 a
 -0.01616607 0.009311814 0.8472845 19743 r
 -0.0019142802 0.016320117 3.4940674E-4 19935 g
 -0.41240123 -0.007182605 9.991004 19939 a
 -0.017332546 0.009850988 0.8484214 19943 r
 -8.490158E-4 0.018983278 0.0011483551 20148 g
 -0.48243165 -0.061650693 10.0269165 20153 a
 -0.018718481 0.010745995 0.8485306 20157 r
 -0.0053763897 0.023776969 3.4940674E-4 20337 g
 -0.4866215 -0.009576807 10.023325 20341 a
 -0.020363692 0.011337183 0.84810597 20345 r
 -0.0011153319 0.014455904 0.0024799355 20538 g
 -0.50278234 -0.015562311 10.019734 20541 a
 -0.021593971 0.011980226 0.848224 20545 r
 0.0028794098 -0.0033872745 3.4940674E-4 20740 g
 -0.46148238 -0.030526072 9.974843 20744 a
 -0.022362929 0.012477864 0.84722096 20748 r
 -0.003512177 -0.004452539 -0.004177967 20939 g
 -0.48722005 -0.03232172 10.028712 20943 a
 -0.021250628 0.011953473 0.8468638 20946 r
 -0.0019142802 -0.0031209586 -9.821738E-4 21140 g
 -0.4417302 -0.0011971008 10.026319 21144 a
 -0.020785732 0.011481436 0.84813553 21147 r
 0.0018141454 -0.007648332 0.0016809873 21340 g
 -0.4213795 -0.035913024 9.99639 21344 a
 -0.019955179 0.011065811 0.84925073 21347 r
 -5.8269966E-4 -0.013240971 8.8203896E-4 21538 g
 -0.43993455 -0.02633622 10.009559 21542 a
 -0.019036185 0.0104860775 0.8501585 21545 r
 -0.0016479641 -0.008180965 -0.00124849 21737 g
 -0.4285621 -0.022146367 10.026319 21741 a
 -0.01838233 0.010225568 0.8498815 21744 r
 0.0015478292 -0.011110442 -0.0028463865 21941 g
 -0.36152446 -0.044891283 9.988011 21944 a
 -0.017857341 0.009878885 0.85026616 21948 r
 -5.8269966E-4 -0.0055178036 -0.0015148061 22139 g
 -0.37828386 -0.021547815 10.017939 22143 a
 -0.016897194 0.009293623 0.8502212 22147 r
 0.0012815131 -0.0116430735 -0.0017811222 22338 g
 -0.3764882 0.03232172 10.004171 22342 a
 -0.016167264 0.008958226 0.84943396 22346 r
 0.0023467776 -9.904295E-4 0.0014146712 22541 g
 -0.3369839 0.005985504 10.013748 22544 a
 -0.016138531 0.009232758 0.84902686 22548 r
 -5.006743E-5 -0.003919907 3.4940674E-4 22737 g
 -0.3764882 -0.01616086 10.0341 22741 a
 -0.01625039 0.0093590915 0.8492983 22745 r
 -0.0021805963 0.0069990535 -0.0020474382 22938 g
 -0.4345476 -0.054468088 10.025121 22942 a
 -0.016236225 0.009213215 0.85137516 22946 r
 -0.008838499 0.044549625 0.004077832 23143 g
 -0.44113165 -0.023343466 10.016143 23147 a
 -0.018056922 0.009986879 0.85086745 23150 r
 -0.004044809 0.0014064154 3.4940674E-4 23338 g
 -0.4878186 -0.039504327 10.023924 23342 a
 -0.01984768 0.010837743 0.850102 23346 r
 0.0026130937 0.0011400993 -1.8322548E-4 23539 g
 -0.4973954 -0.04070143 10.047866 23542 a
 -0.021536533 0.011465957 0.8497713 23546 r
 0.010602577 -0.012175706 -0.0020474382 23741 g
 -0.5279215 -0.025139118 10.014347 23745 a
 -0.020890256 0.011232208 0.8499313 23749 r
 -0.0032458608 0.0019390476 -0.0036453349 23939 g
 -0.44711718 -0.015562311 9.976639 23944 a
 -0.021460991 0.011927264 0.8489106 23948 r
 0.0028794098 0.0069990535 -0.004444283 24127 g
 -0.3752911 -0.04369418 9.982025 24131 a
 -0.020400573 0.0113475565 0.84738404 24135 r
 -0.010969028 -0.007648332 0.01659469 24341 g
 -0.4950012 -0.061052144 10.044274 24345 a
 -0.020517537 0.010923846 0.8450189 24348 r
 -0.0021805963 -0.003919907 -0.0015148061 24538 g
 -0.45609543 0.023343466 10.020931 24542 a
 -0.020781558 0.01075362 0.8441892 24546 r
 0.008205732 -0.028687304 -0.0015148061 24739 g
 -0.38187516 -0.050278235 10.0269165 24743 a
 -0.01985075 0.010551086 0.8432674 24746 r
 -5.006743E-5 -0.007648332 8.309063E-5 24942 g
 -0.45968673 -0.039504327 10.041282 24946 a
 -0.018452158 0.0097169615 0.84279305 24949 r
 0.0044773063 8.7378314E-4 -0.0033790187 25138 g
 -0.39624038 -0.06344634 9.957485 25145 a
 -0.019692348 0.009598222 0.8422846 25156 r
 0.0055425707 -0.010311494 -0.004177967 25339 g
 -0.41299978 -0.04070143 10.00896 25343 a
 -0.019222215 0.009234974 0.8436622 25347 r
 0.0015478292 -0.004452539 0.0022136194 25542 g
 -0.42796355 -0.076614454 10.035895 25546 a
 -0.019109271 0.009220852 0.845596 25549 r
 -0.0027132286 0.010194846 -1.8322548E-4 25740 g
 -0.40880993 -0.026934769 10.031705 25744 a
 -0.019273544 0.009230984 0.84566337 25747 r
 -5.006743E-5 -4.5779737E-4 -1.8322548E-4 25940 g
 -0.39564183 -0.06344634 9.986814 25944 a
 -0.01877778 0.009130197 0.84573764 25947 r
 0.0023467776 0.0109937955 -0.0028463865 26142 g
 -0.5021838 -0.020949265 10.046669 26146 a
 -0.018528689 0.009110246 0.8460662 26150 r
 0.007939416 0.03735909 -0.011901135 26334 g
 -0.44771573 0.06943185 10.005369 26338 a
 -0.0201881 0.012873981 0.84533423 26342 r
 0.08091003 -0.015637815 0.008072574 26530 g
 -0.545878 0.0053869537 9.960478 26535 a
 -0.016827868 0.017633371 0.8450183 26539 r
 0.12698272 0.19075717 -0.10218229 26734 g
 -1.4640543 0.8972271 9.950302 26739 a
 -0.015437704 0.025351219 0.84487695 26743 r
 0.2193944 0.13136868 -0.2294814 26932 g
 -1.3090298 1.1534066 9.972448 26936 a
 -0.032642514 0.06489156 0.83351785 26940 r
 0.17465329 -0.23934335 -0.158375 27132 g
 0.18674773 1.0582372 9.740809 27136 a
 -0.016964572 0.076977015 0.8218234 27140 r
 0.0076730996 -0.098994754 0.014730477 27332 g
 -0.45669398 0.7811083 9.765948 27336 a
 0.013146786 0.057545967 0.8188178 27340 r
 0.12405324 -0.05771576 0.08850004 27535 g
 -0.045489833 1.0953473 10.1161 27539 a
 0.011692684 0.058193587 0.82163924 27543 r
 -0.07062384 -0.032149415 0.03150839 27732 g
 -0.25198972 2.0745757 10.436325 27737 a
 0.017592147 0.05518832 0.82423264 27741 r
 -0.2602409 -0.4289604 -0.07954542 27935 g
 0.5746084 1.8028339 9.7324295 27939 a
 0.025447749 0.04975509 0.82390994 27943 r
 -0.14146392 -0.16610642 -0.016428508 28133 g
 0.45429978 0.88166475 9.923966 28137 a
 0.044617496 0.02711878 0.82773 28141 r
 0.16053854 0.018983278 -0.038266428 28333 g
 0.17118542 0.90500826 10.020332 28337 a
 0.04820795 0.032844834 0.8343019 28341 r
 -0.033339582 0.11432444 0.14336115 28535 g
 0.31543607 0.8451532 10.096349 28539 a
 0.041394986 0.032432213 0.8423247 28543 r
 -0.022154305 -0.13308322 0.029910496 28734 g
 0.08499416 0.9720459 10.131064 28738 a
 0.03474004 0.030746348 0.84925336 28742 r
 0.21193755 0.026972761 0.07252107 28937 g
 0.4973954 0.6123171 9.941922 28941 a
 0.03711718 0.036527954 0.858375 28945 r
 -0.18300924 0.041087516 0.19236332 29136 g
 0.3669114 1.216853 10.14543 29141 a
 0.03996971 0.054815434 0.8665288 29145 r
 0.10727532 -0.02282835 -0.05850645 29333 g
 -0.44532153 1.839944 9.750386 29338 a
 0.037966188 0.055850066 0.87454563 29341 r
 -0.054378554 -0.06357472 -0.079811744 29536 g
 0.16220717 1.0696096 9.956287 29540 a
 0.03100888 0.06070695 0.87713414 29544 r
 -0.1955261 0.02217907 0.009936786 29734 g
 -1.4478935 0.1400608 10.811616 29738 a
 0.03136052 0.05172109 0.8794196 29742 r
 -0.086336486 -0.11444109 -0.052114867 29934 g
 0.36272156 -0.31184477 9.847352 29938 a
 0.004563269 0.038614966 0.8856717 29942 r
 0.063865796 0.08902442 -0.036402214 30134 g
 -0.90021986 0.39085343 9.941922 30138 a
 -0.008132353 0.02047512 0.88948363 30142 r
 -0.071422786 0.177974 -0.031608526 30333 g
 -0.94451255 0.32142156 9.989806 30338 a
 -0.022144873 0.033346348 0.8880748 30341 r
 0.04042998 -0.06410734 -0.026015887 30531 g
 -0.59376204 0.14903906 9.929952 30536 a
 -0.031316783 0.033965766 0.88653606 30540 r
 0.077980556 -0.029219937 -0.009770606 30737 g
 -0.83138657 0.38187516 9.961675 30741 a
 -0.024855874 0.034887373 0.88627344 30745 r
 0.0055425707 -0.1096474 0.023785224 30934 g
 -0.56203884 0.6266823 9.973646 30938 a
 -0.021680223 0.036896534 0.8841991 30942 r
 0.0159289 -0.041204162 0.058672633 31133 g
 -0.66858083 0.5398925 10.089166 31137 a
 -0.014709898 0.035957366 0.88140553 31141 r
 -0.018692195 -0.03374731 0.045623146 31333 g
 -0.374094 0.40102878 10.073604 31338 a
 -0.01303013 0.0347308 0.8804669 31341 r
 0.06253422 -0.007382016 -0.029211681 31534 g
 -0.61411273 0.80564886 10.029909 31538 a
 -0.0045571495 0.03545689 0.8791196 31542 r
 0.0159289 -0.07768947 0.029377863 31736 g
 -0.08678981 0.6781576 9.996989 31740 a
 7.4448716E-4 0.040000856 0.87678784 31743 r
 -0.01150166 -0.004452539 0.0022136194 31933 g
 -0.36032736 0.82001406 10.017939 31937 a
 0.0070563275 0.037644483 0.87586504 31941 r
 -0.015762718 -0.007914648 -0.0015148061 32135 g
 -0.16639702 0.7140707 9.943718 32139 a
 0.00539063 0.0376999 0.8750331 32143 r
 0.003412042 -1.9148127E-4 -0.01216745 32334 g
 -0.21428105 0.7404069 10.0341 32338 a
 0.006932171 0.037047714 0.87432 32342 r
 -0.004577441 0.0019390476 0.0035452 32534 g
 -0.31364042 0.74998367 10.038289 32538 a
 0.007323051 0.036684528 0.8721215 32542 r
 -0.023219569 0.045348573 -0.0028463865 32739 g
 -0.2681506 0.7374141 10.025121 32743 a
 0.0058114063 0.036594965 0.87065834 32747 r
 0.0015478292 0.018450646 -0.004177967 32934 g
 -0.30526072 0.75716627 9.968858 32939 a
 0.0041512996 0.037301347 0.8700082 32942 r
 0.0068741515 0.01685275 -0.00124849 33134 g
 -0.54049104 0.5506664 9.99639 33139 a
 0.0012677247 0.038965844 0.86923796 33142 r
 0.0063415193 0.051207528 -0.011901135 33334 g
 -0.55006784 0.770933 9.974244 33339 a
 -0.0038394276 0.040939763 0.8684234 33343 r
 0.008205732 0.016320117 -0.0060421797 33534 g
 -0.39145198 0.6374562 9.932944 33539 a
 -0.0067374352 0.042992294 0.8670481 33543 r
 -0.0051100734 -0.0052514873 -0.027613785 33733 g
 -0.29927522 0.42676646 10.22384 33738 a
 -0.0055792155 0.04175058 0.8657802 33741 r
 0.037500504 -0.088342115 -0.15411393 33937 g
 -0.2160767 0.8206126 10.032304 33941 a
 -0.0024940316 0.040617615 0.86083263 33945 r
 0.027114175 -0.09792949 -0.045989595 34134 g
 -0.08619126 0.75716627 9.887454 34138 a
 0.009834156 0.03917542 0.85562545 34142 r
 -0.0053763897 -0.09127159 0.028578915 34331 g
 -0.06823475 0.7092823 10.038289 34335 a
 0.011857829 0.03356324 0.8533552 34339 r
 0.005808887 -0.02016519 -0.0073737605 34533 g
 -0.0664391 0.635062 10.035296 34538 a
 0.015256507 0.0303832 0.85099155 34542 r
 -0.027480626 0.113525495 -0.019624302 34736 g
 -0.31663316 0.705691 9.959281 34740 a
 0.011162546 0.031164158 0.84896475 34744 r
 0.003145726 0.009662215 0.0011483551 34935 g
 -0.2208651 0.6398504 10.001778 34940 a
 0.0012120707 0.03518787 0.84748095 34943 r
 0.011667841 -0.0963316 0.025915753 35138 g
 -0.10474633 0.6452374 9.941324 35142 a
 0.0064924126 0.03276547 0.8473142 35160 r
 -0.012566924 -0.0049851714 0.036834713 35335 g
 -0.20290859 0.57520694 9.978435 35340 a
 0.0076893102 0.030785017 0.8490284 35345 r
 -0.1097723 0.11485708 0.083173715 35536 g
 -0.30645782 0.5530606 9.987412 35541 a
 0.0018932121 0.028657645 0.85174066 35547 r
 -0.019491144 0.043218043 0.006208361 35737 g
 -0.320823 0.504578 9.991602 35741 a
 -0.0022534188 0.027369305 0.8533146 35745 r
 0.0015478292 0.023244336 0.006208361 35934 g
 -0.3812766 0.46447513 10.00477 35939 a
 -0.0045423675 0.02784026 0.8550196 35943 r
 -0.0029795447 0.030701187 -0.0023137543 36135 g
 -0.55964464 0.44592008 10.038888 36140 a
 -0.007127356 0.028934758 0.8570412 36144 r
 -0.013898505 0.048011735 0.0027462516 36326 g
 -0.545878 0.40940848 10.001179 36328 a
 -0.014444194 0.031756878 0.8581354 36331 r
 -0.0021805963 0.018716963 -7.158577E-4 36536 g
 -0.5674258 0.5117606 9.952098 36540 a
 -0.013809568 0.031687662 0.86003214 36544 r
 -0.008039551 -0.017502028 0.0032788839 36736 g
 -0.47465047 0.45010993 10.017939 36741 a
 -0.011930702 0.032837056 0.86130625 36744 r
 -0.0056427056 6.07467E-4 -0.0015148061 36935 g
 -0.5243302 0.44592008 10.030508 36940 a
 -0.0100012645 0.031801857 0.8616769 36943 r
 -0.001381648 0.017918015 -0.0047105993 37137 g
 -0.4381389 0.4794389 9.998186 37141 a
 -0.01062502 0.03160999 0.8609962 37145 r
 0.0063415193 -0.021230454 0.0046104644 37339 g
 -0.45609543 0.45429978 10.003573 37343 a
 -0.009229913 0.031109978 0.8602014 37346 r
 -0.0019142802 -0.007914648 -9.821738E-4 37539 g
 -0.40462008 0.48003745 10.010756 37542 a
 -0.008883835 0.030951515 0.8586243 37546 r
 0.0042109904 -0.013240971 -0.0023137543 37737 g
 -0.3645172 0.45429978 9.970055 37741 a
 -0.0066348873 0.030168835 0.8580517 37745 r
 -0.0019142802 -0.0023220102 0.005675729 37935 g
 -0.39743748 0.5129577 9.998785 37940 a
 -0.007776197 0.03057615 0.8568731 37943 r
 0.003145726 -0.016436763 8.309063E-5 38139 g
 -0.38187516 0.4938041 10.031107 38143 a
 -0.0072780494 0.030661747 0.85619324 38146 r
 0.0018141454 -0.016170448 -1.8322548E-4 38340 g
 -0.40701428 0.4201824 9.9928 38344 a
 -0.0066918293 0.03046206 0.85654074 38348 r
 0.0026130937 -0.009778861 -0.004177967 38537 g
 -0.4961983 0.42556936 10.059238 38541 a
 -0.0060856286 0.030010197 0.85703295 38544 r
 -0.011235344 0.034695927 3.4940674E-4 38740 g
 -0.3597288 0.40162733 10.014347 38744 a
 -0.0077207116 0.030352343 0.85677046 38747 r
 -8.490158E-4 -0.017768344 0.0011483551 38937 g
 -0.37229836 0.4985925 10.004171 38941 a
 -0.0062489677 0.028802712 0.85710245 38945 r
 0.001015197 -0.004452539 0.0011483551 39135 g
 -0.3716998 0.5141548 10.029311 39140 a
 -0.0059066573 0.029137217 0.85612327 39143 r
 0.015129951 -0.053721018 -0.0060421797 39341 g
 -0.48362875 0.4902128 10.053851 39345 a
 -0.0042494982 0.02885387 0.8542178 39348 r
 -0.0032458608 0.0040695765 -0.012700083 39534 g
 -0.24420857 0.362123 9.989208 39539 a
 -0.0033272458 0.028618015 0.8532497 39543 r
 -0.018159563 0.055734903 0.012866264 39735 g
 -0.46028528 0.48243165 9.978435 39740 a
 -0.0025196495 0.027349766 0.8525682 39744 r
 -0.033605896 0.0573328 -0.0055095474 39935 g
 -0.58657944 0.46686932 10.070012 39939 a
 -0.0079738 0.029606685 0.8544448 39943 r
 -0.0075069186 0.08742652 0.0027462516 40135 g
 -0.21428105 0.54767364 9.89344 40140 a
 -0.013239024 0.031673864 0.8555209 40143 r
 0.0148636345 -0.05771576 6.1572285E-4 40341 g
 -0.47644615 0.5129577 9.978435 40362 a
 -0.0059168423 0.029392362 0.8562842 40366 r
 -0.013365873 0.096747585 0.0067409934 40523 g
 -0.50637364 0.43873745 9.965864 40524 a
 -0.010118829 0.03204014 0.8572752 40525 r
 -5.8269966E-4 0.035761192 6.1572285E-4 40735 g
 -0.56203884 0.5279215 9.980229 40739 a
 -0.016642526 0.03418082 0.8579925 40743 r
 0.015396267 -0.094201066 0.008072574 40940 g
 -0.44352585 0.36032736 9.973646 40944 a
 -0.01305536 0.03334894 0.85959584 40948 r
 0.0012815131 -0.0025883263 0.0030125678 41153 g
 -0.44592008 0.39205053 9.992201 41157 a
 -0.008315901 0.030723505 0.8608194 41161 r
 -5.8269966E-4 -0.010045177 0.004077832 41329 g
 -0.40641573 0.4770447 10.004171 41331 a
 -0.008286544 0.0307247 0.8616188 41332 r
 -0.003512177 0.0032706282 -0.00124849 41536 g
 -0.39444473 0.45669398 10.014347 41540 a
 -0.005517711 0.02988904 0.8613631 41544 r
 0.0012815131 -0.02016519 8.309063E-5 41739 g
 -0.32142156 0.48482585 10.026319 41743 a
 -0.0043442855 0.029091682 0.8611739 41747 r
 0.0063415193 -0.020697821 -1.8322548E-4 41937 g
 -0.30945057 0.45789108 9.997588 41941 a
 -0.0032372912 0.028733041 0.86155623 41946 r
 0.0023467776 -0.003919907 3.4940674E-4 42137 g
 -0.34117374 0.41599256 10.01734 42141 a
 -0.0027394425 0.028433144 0.8618056 42145 r
 -0.0019142802 8.7378314E-4 0.0011483551 42339 g
 -0.350152 0.47165772 10.01734 42343 a
 -0.0027715228 0.028142419 0.8627786 42350 r
 0.003944674 -0.0063167517 -0.0036453349 42537 g
 -0.3549404 0.57760113 9.991004 42541 a
 -0.0025350293 0.02827467 0.86360925 42545 r
 0.001015197 0.0109937955 -0.006308496 42737 g
 -0.41180268 0.4249708 9.953894 42741 a
 -0.0033824686 0.029565465 0.8644363 42745 r
 0.0012815131 0.043218043 0.0011483551 42941 g
 -0.40521863 0.44651863 9.961675 42945 a
 -0.005879606 0.030445952 0.8647271 42949 r
 -0.011767976 0.030701187 0.0048767803 43136 g
 -0.6344634 0.3669114 10.01734 43140 a
 -0.0073872935 0.030959558 0.8639335 43144 r
 -0.020556407 0.08449704 0.013665212 43336 g
 -0.63087213 0.49799395 9.993398 43340 a
 -0.016184896 0.03382545 0.8632036 43349 r
 0.023119435 0.00726537 0.0075399415 43543 g
 -0.46986207 0.47345337 9.940127 43547 a
 -0.014893736 0.034936048 0.8630598 43550 r
 -0.0077732345 -0.030285202 0.006208361 43740 g
 -0.45070848 0.49440265 9.991602 43744 a
 -0.011506017 0.033549882 0.8628134 43748 r
 0.0042109904 -0.046264168 0.005942045 43938 g
 -0.4297592 0.4285621 10.013748 43942 a
 -0.0077911215 0.03149858 0.8618172 43945 r
 -0.009104815 0.049343314 0.0075399415 44142 g
 -0.7164649 0.3453636 9.995792 44146 a
 -0.009357113 0.0317517 0.86125845 44149 r
 -0.023219569 0.07917072 -0.01083587 44339 g
 -0.5530606 0.53570265 9.974843 44345 a
 -0.018462297 0.034846626 0.86064464 44349 r
 0.012200474 -0.07582526 0.004077832 44541 g
 -0.6015432 0.43035775 9.986814 44545 a
 -0.01607693 0.0341772 0.8619992 44548 r
 -0.0016479641 -0.007382016 -0.006574812 44742 g
 -0.59855044 0.43035775 9.965266 44746 a
 -0.014827942 0.033658773 0.8626668 44749 r
 -0.010969028 0.045881204 -0.0020474382 44939 g
 -0.6183026 0.3890578 9.956287 44943 a
 -0.01617578 0.033918932 0.86301535 44946 r
 0.006607835 -0.035345208 0.0024799355 45139 g
 -0.676362 0.4177882 9.989806 45143 a
 -0.018782737 0.034383126 0.86490935 45156 r
 -0.006441654 0.01818433 -0.003911651 45343 g
 -0.6422446 0.44771573 9.952697 45346 a
 -0.018616913 0.03419525 0.86688524 45350 r
 -0.023752201 0.11086234 -0.009770606 45540 g
 -0.78769237 0.3357868 10.056845 45544 a
 -0.02079826 0.03457567 0.86855763 45548 r
 0.003944674 -0.006849384 0.004077832 45740 g
 -0.7751228 0.3309984 9.969456 45743 a
 -0.025388574 0.035620183 0.8705142 45747 r
 -0.0053763897 -0.012442023 -9.821738E-4 45938 g
 -0.7906851 0.3345897 9.996989 45942 a
 -0.02422662 0.035087615 0.87100655 45946 r
 0.003145726 -0.004718855 -0.0028463865 46139 g
 -0.7565677 0.3573346 10.003573 46143 a
 -0.02507827 0.035138093 0.871218 46147 r
 2.1624868E-4 -0.006050436 0.0011483551 46339 g
 -0.7260417 0.3812766 10.014347 46343 a
 -0.024544176 0.034861594 0.87142736 46347 r
 0.01992364 -0.13042006 0.0051430967 46538 g
 -0.48362875 0.42078096 10.010158 46541 a
 -0.019716762 0.033133134 0.872004 46545 r
 0.003412042 -0.0534547 0.011268367 46740 g
 -0.45429978 0.40701428 10.01315 46744 a
 -0.0119577935 0.029585376 0.87135476 46747 r
 0.0055425707 -0.015637815 6.1572285E-4 46939 g
 -0.46327803 0.374094 10.037092 46943 a
 -0.00999855 0.028931305 0.8708672 46947 r
 0.0055425707 -0.010844125 -0.0017811222 47142 g
 -0.43394905 0.4237737 10.011354 47146 a
 -0.0088906735 0.028619427 0.87049824 47150 r
 0.0020804615 0.00859695 8.8203896E-4 47339 g
 -0.4333505 0.42437226 10.016143 47343 a
 -0.0076743905 0.028880749 0.8699874 47347 r
 -0.0029795447 0.01685275 0.0032788839 47541 g
 -0.5177461 0.41599256 10.008362 47545 a
 -0.00877172 0.029661607 0.869533 47548 r
 -0.0043111253 0.019515911 -7.158577E-4 47742 g
 -0.50517654 0.4369418 9.992201 47746 a
 -0.010746638 0.03068193 0.86893994 47750 r
 0.0012815131 0.010461163 -0.0033790187 47938 g
 -0.53570265 0.39803603 10.027515 47942 a
 -0.01212153 0.031255215 0.8688187 47945 r
 -8.490158E-4 0.00859695 8.8203896E-4 48139 g
 -0.5614403 0.39205053 10.007763 48143 a
 -0.013305831 0.031639934 0.8693525 48147 r
 0.001015197 -0.0025883263 -0.00124849 48342 g
 -0.54767364 0.39624038 9.997588 48346 a
 -0.013819592 0.03170348 0.86961716 48349 r
 -5.006743E-5 -0.0036535906 8.309063E-5 48557 g
 -0.53450555 0.43634325 9.987412 48561 a
 -0.013444354 0.031518884 0.86979467 48573 r
 0.0018141454 -0.0049851714 -0.0023137543 48740 g
 -0.59495914 0.39085343 10.022727 48744 a
 -0.012933624 0.031364486 0.86934584 48747 r
 -0.016561667 0.05653385 -0.021488514 48943 g
 -0.6697779 0.3333926 10.036493 48947 a
 -0.014386827 0.03172537 0.867755 48950 r
 -0.004044809 0.017119065 -9.821738E-4 49139 g
 -0.7032967 0.36631286 9.934141 49143 a
 -0.021390004 0.033697993 0.8666387 49147 r
 0.009270996 -0.036144156 0.0043441486 49339 g
 -0.43514615 0.44113165 10.036493 49343 a
 -0.020220144 0.03371522 0.8665609 49347 r
 -0.0024469125 -0.03907363 -0.006841128 49543 g
 -0.6332663 0.55246204 9.961675 49547 a
 -0.016132016 0.03225057 0.8669172 49551 r
 0.016195215 -0.030018885 -0.008705341 49739 g
 -0.54767364 0.25857377 9.985018 49743 a
 -0.015986625 0.03268095 0.8665126 49746 r
 -0.0016479641 0.003004312 -0.0028463865 49938 g
 -0.44951138 0.43754035 9.943718 49942 a
 -0.015402374 0.03139171 0.8664809 49945 r
 -0.006175338 -0.0012567457 0.009137838 50142 g
 -0.7685388 0.41599256 10.010756 50155 a
 -0.014868872 0.03155578 0.8656377 50158 r
 0.006607835 -0.036144156 -0.006574812 50339 g
 -0.6775591 0.40222588 9.977836 50345 a
 -0.018169496 0.033274747 0.8659169 50361 r
 0.003145726 0.044283308 0.019790482 50541 g
 -0.78888947 0.23822308 9.993398 50550 a
 -0.019200038 0.033676244 0.8663065 50555 r
 0.0148636345 0.0075316858 -0.0076400763 50747 g
 -0.5363012 0.3633201 9.967062 50751 a
 -0.020162381 0.03321947 0.8671314 50755 r
 0.010868893 -0.052123122 -1.8322548E-4 50941 g
 -0.5931635 0.4249708 9.9712515 50945 a
 -0.018331844 0.032135002 0.8693232 50949 r
 -0.015496402 0.08449704 -0.012700083 51143 g
 -0.7044938 0.3842694 10.035895 51147 a
 -0.017665843 0.031973124 0.87056607 51150 r
 -0.009371131 0.047745418 8.309063E-5 51344 g
 -0.7158663 0.39743748 9.976639 51348 a
 -0.021501109 0.03351324 0.8706215 51352 r
 0.0036783582 0.0075316858 -0.004444283 51543 g
 -0.7374141 0.3878607 9.997588 51547 a
 -0.0219528 0.033925846 0.8707389 51550 r
 -0.001381648 0.0035369443 -0.0028463865 51744 g
 -0.75716627 0.41299978 9.961675 51748 a
 -0.022255875 0.033786736 0.87082905 51751 r
 0.0042109904 -0.00844728 -0.0031127026 51938 g
 -0.7529764 0.39564183 10.005967 51942 a
 -0.02379807 0.03422022 0.8720035 51946 r
 0.008205732 -0.028687304 -1.8322548E-4 52142 g
 -0.7332243 0.3465607 10.007165 52145 a
 -0.02389133 0.03421607 0.87178224 52149 r
 0.0071404674 -0.041736793 0.006208361 52342 g
 -0.7942764 0.27114335 10.009559 52345 a
 -0.022083953 0.033743843 0.8719652 52349 r
 -0.026681678 0.055202268 0.023252591 52546 g
 -0.6374562 0.3477578 9.952098 52550 a
 -0.024568059 0.033353835 0.871991 52555 r
 0.016195215 -0.013773602 0.020589432 52744 g
 -0.8062474 0.48961425 10.002377 52748 a
 -0.02410565 0.03367988 0.8725906 52751 r
 -0.047188018 0.009662215 -0.026015887 52943 g
 -0.682946 0.28311434 10.012551 52946 a
 -0.024053236 0.0318205 0.87446386 52950 r
 0.050283678 -0.036410473 0.0024799355 53145 g
 -0.44352585 0.3405752 9.998785 53149 a
 -0.017590947 0.029732797 0.876599 53153 r
 -0.02108904 0.0064664213 0.039764192 53343 g
 -0.4830302 0.49200845 9.935339 53346 a
 -0.011849656 0.030512162 0.8779493 53350 r
 0.003412042 0.04561489 -0.006841128 53542 g
 -0.5919664 0.39803603 9.934141 53547 a
 -0.012270396 0.031014405 0.87945956 53551 r
 -0.010436395 0.042685412 -0.01216745 53746 g
 -0.5895722 0.08619126 10.041282 53750 a
 -0.014904839 0.031472497 0.88032585 53755 r
 0.015662583 0.011526427 0.029111546 53939 g
 -0.48722005 0.37110126 10.02153 53943 a
 -0.015971938 0.030304018 0.8806502 53947 r
 -0.011767976 -0.019632557 0.006474677 54155 g
 -0.70509243 0.3681085 10.022727 54164 a
 -0.014274294 0.03013679 0.88006955 54165 r
 0.003944674 0.026173813 -0.004444283 54343 g
 -0.5279215 0.25198972 10.053253 54347 a
 -0.014246994 0.030560195 0.879082 54351 r
 0.0023467776 0.005401157 0.0048767803 54545 g
 -0.6374562 0.3369839 10.005369 54550 a
 -0.014037542 0.030093107 0.8785408 54554 r
 0.0044773063 0.018716963 0.006474677 54745 g
 -0.6332663 0.40402153 10.029909 54749 a
 -0.0161746 0.03152644 0.87787586 54753 r
 -0.001381648 0.03123382 -0.0015148061 54947 g
 -0.59615624 0.40282443 9.989208 54950 a
 -0.01804955 0.03274411 0.8774571 54954 r
 -0.004044809 0.02031486 8.309063E-5 55144 g
 -0.60573304 0.4177882 10.001179 55157 a
 -0.018809928 0.03290709 0.8772293 55160 r
 -0.0029795447 -0.028154673 0.0032788839 55344 g
 -0.5351041 0.4357447 9.998785 55348 a
 -0.01809983 0.032524332 0.8781789 55352 r
 0.0036783582 -0.030018885 3.4940674E-4 55553 g
 -0.4938041 0.41060558 10.007165 55557 a
 -0.01521275 0.031073112 0.87971205 55561 r
 -0.0032458608 -0.010311494 8.309063E-5 55749 g
 -0.55126494 0.4249708 9.991602 55753 a
 -0.013394367 0.030277807 0.8795529 55757 r
 -0.0069742864 0.03123382 -1.8322548E-4 55941 g
 -0.533907 0.41060558 9.992201 55945 a
 -0.014102432 0.03061768 0.8802088 55948 r
 -0.0027132286 0.005667473 -0.0036453349 56145 g
 -0.52492875 0.4225766 10.011354 56149 a
 -0.01546458 0.031019516 0.8802429 56153 r
 0.0071404674 -0.032149415 8.309063E-5 56345 g
 -0.47105917 0.4369418 9.989208 56348 a
 -0.014300086 0.030570071 0.8807897 56352 r
 0.0028794098 -0.025491511 0.0024799355 56544 g
 -0.46028528 0.42078096 9.999982 56548 a
 -0.012024164 0.029612225 0.88160795 56554 r
 2.1624868E-4 -0.004718855 -1.8322548E-4 56749 g
 -0.44592008 0.42796355 10.028113 56753 a
 -0.0107899085 0.029017154 0.8828481 56757 r
 -5.006743E-5 -0.0025883263 8.309063E-5 56945 g
 -0.43155485 0.4357447 10.022128 56949 a
 -0.010166095 0.028770525 0.88307923 56953 r
 -0.0011153319 7.4834825E-5 6.1572285E-4 57146 g
 -0.39863458 0.44232875 10.011953 57150 a
 -0.009982258 0.028643314 0.8834719 57153 r
 0.0023467776 -0.0049851714 0.0014146712 57347 g
 -0.48961425 0.42437226 10.065823 57351 a
 -0.009682826 0.028631981 0.8837027 57355 r
 -0.003778493 0.005134841 -7.158577E-4 57548 g
 -0.44232875 0.42796355 10.035296 57553 a
 -0.00982373 0.028744698 0.88382107 57557 r
 -3.1638352E-4 0.009928531 3.4940674E-4 57748 g
 -0.4429273 0.42078096 10.035895 57751 a
 -0.009731267 0.028818253 0.8838945 57756 r
 -0.0027132286 0.015254853 0.0019473034 57946 g
 -0.51834464 0.38367084 9.974843 57949 a
 -0.010893493 0.029447492 0.88272005 57953 r
 0.0012815131 0.021912755 -0.0025800704 58146 g
 -0.4914099 0.4782418 9.986216 58150 a
 -0.013276318 0.030506052 0.88276 58154 r
 0.110471115 -0.15039377 -0.03347274 58346 g
 -0.50278234 0.50996494 10.032902 58349 a
 -0.010795805 0.032974996 0.8823095 58353 r
 -0.01895851 0.028570658 -4.4954158E-4 58547 g
 -0.5327099 0.5201403 10.092158 58556 a
 -0.008010407 0.033120275 0.88214177 58559 r
 -0.05730803 0.023510652 0.021122063 58748 g
 -0.30885202 0.52492875 9.958083 58752 a
 -0.010185485 0.03197512 0.88190407 58756 r
 0.013532054 -0.060911555 -0.030809578 58946 g
 0.22685061 0.6859388 9.8437605 58950 a
 -0.005005438 0.028307877 0.88117975 58953 r
 0.040696297 -0.15332325 -0.05451171 59151 g
 -0.40222588 0.04189853 10.235811 59156 a
 0.0039309934 0.02824375 0.8807028 59159 r
 -0.0666291 0.5319081 0.05600947 59347 g
 -1.2761095 0.6967127 9.946113 59350 a
 -0.013789294 0.025321059 0.88005847 59354 r
 0.16586487 -0.016969396 -0.09419281 59548 g
 -1.1150994 1.3557167 9.848549 59551 a
 -0.02872459 0.05231224 0.87563425 59559 r
 0.09103004 -0.23854439 -0.027081152 59751 g
 -0.374094 0.82719666 9.450513 59755 a
 -0.017712701 0.06815466 0.87031525 59759 r
 -0.041329063 -0.506991 -0.091795966 59943 g
 0.39504328 0.8834604 10.143036 59947 a
 0.0072100163 0.049210273 0.86727697 59950 r
 -0.1691608 -0.13068637 0.11726218 60291 g
