 -0.009371131 6.07467E-4 -0.01562956 7 g
 -2.212841 -5.8604074 7.728483 9 a
 -0.3244086 -0.12704766 0.6033707 16 r
 -0.0048437575 -0.053987335 -0.0017811222 94 g
 -2.123657 -5.829881 7.8589673 96 a
 -0.32116258 -0.12881419 0.60360914 97 r
 0.0050099385 0.028038027 -0.006841128 302 g
 -2.0380642 -5.819706 8.058883 306 a
 -0.32198456 -0.12636471 0.6041661 309 r
 0.0015478292 0.003004312 0.0011483551 503 g
 -2.0141222 -5.771223 8.013991 508 a
 -0.32114625 -0.12480624 0.6053855 513 r
 -0.0077732345 0.0014064154 -4.4954158E-4 703 g
 -2.0284874 -5.7921724 7.428011 706 a
 -0.3195928 -0.124344334 0.60637015 710 r
 -0.0011153319 -0.004718855 3.4940674E-4 901 g
 -2.034473 -5.85502 7.867347 904 a
 -0.31930453 -0.12388252 0.60566694 908 r
 0.005276255 3.4115094E-4 -0.006574812 1101 g
 -1.9788077 -5.837662 7.8607626 1104 a
 -0.31885707 -0.12333137 0.60515195 1108 r
 0.003145726 0.0032706282 0.003811516 1301 g
 -2.0691888 -5.808932 7.8356237 1305 a
 -0.31817597 -0.122664705 0.60460716 1308 r
 -0.008039551 -4.5779737E-4 0.0024799355 1500 g
 -2.0278888 -5.839458 7.8170686 1504 a
 -0.31760982 -0.12172587 0.6039402 1507 r
 -5.8269966E-4 0.0016727315 -4.4954158E-4 1701 g
 -2.0093338 -5.8334723 7.8793178 1705 a
 -0.3170917 -0.12126851 0.6030894 1709 r
 -0.005909022 0.0109937955 -0.0036453349 1901 g
 -2.011728 -5.763442 7.8865004 1904 a
 -0.31616572 -0.12130104 0.6039949 1908 r
 0.0026130937 -0.004186223 -0.0025800704 2100 g
 -2.006341 -5.816713 7.849989 2104 a
 -0.3147277 -0.121495694 0.605571 2108 r
 0.00900468 0.0019390476 -0.004177967 2301 g
 -1.9626468 -5.8424506 7.873931 2305 a
 -0.3137105 -0.121938884 0.60716313 2308 r
 0.006075203 -0.0036535906 -0.010569554 2500 g
 -1.9542671 -5.768829 7.8613615 2504 a
 -0.31199622 -0.12218638 0.6077121 2508 r
 0.0026130937 -0.0028546425 -0.004444283 2700 g
 -1.9632454 -5.7790046 7.8727336 2704 a
 -0.3100472 -0.122388646 0.60812026 2708 r
 0.0071404674 -0.0057841195 -0.0020474382 2902 g
 -1.9710265 -5.8119245 7.885902 2906 a
 -0.3091498 -0.12243353 0.6090949 2909 r
 0.003412042 0.0011400993 0.005675729 3101 g
 -1.9716251 -5.8520274 7.8332295 3105 a
 -0.30890557 -0.12184255 0.60834295 3109 r
 -0.0075069186 0.005401157 -0.0028463865 3302 g
 -1.9422961 -5.7598505 7.86196 3305 a
 -0.30907544 -0.121142104 0.60694665 3309 r
 -0.008572183 0.0022053637 -0.00124849 3503 g
 -1.9608512 -5.7999535 7.9331875 3506 a
 -0.3092249 -0.12023382 0.6063697 3510 r
 -0.0021805963 0.0038032604 -0.0020474382 3700 g
 -2.0045455 -5.8029466 7.893683 3704 a
 -0.3091226 -0.11953135 0.6052615 3708 r
 -8.490158E-4 0.0014064154 -0.0033790187 3903 g
 -2.0159178 -5.781997 7.8487916 3907 a
 -0.3095224 -0.11778149 0.6022994 3911 r
 -3.1638352E-4 0.0016727315 8.8203896E-4 4114 g
 -2.0284874 -5.7748146 7.896077 4130 a
 -0.30952218 -0.11706138 0.60183424 4131 r
 -0.008838499 0.010194846 0.0043441486 4324 g
 -2.0153193 -5.769428 7.8906903 4328 a
 -0.3098144 -0.11611293 0.6016459 4329 r
 0.0047436226 0.0038032604 6.1572285E-4 4501 g
 -1.9812019 -5.7604494 7.8290396 4505 a
 -0.30952865 -0.11629425 0.602855 4508 r
 0.0063415193 8.7378314E-4 0.0019473034 4702 g
 -2.0033484 -5.7843914 7.8428063 4706 a
 -0.30924982 -0.11621937 0.60346967 4709 r
 0.009537312 -0.009246229 -0.0033790187 4902 g
 -2.0254946 -5.777209 7.8811135 4906 a
 -0.30892447 -0.116317585 0.60404867 4909 r
 0.0023467776 -0.007382016 0.004077832 5094 g
 -2.0590134 -5.7736173 7.878121 5102 a
 -0.30853122 -0.11577709 0.6035529 5104 r
 7.488809E-4 -9.904295E-4 -0.0028463865 5304 g
 -2.0679917 -5.843049 7.8769236 5309 a
 -0.3087142 -0.11511749 0.6025967 5313 r
 -0.03413853 0.041087516 0.023518909 5501 g
 -2.0733786 -5.8215013 7.8308353 5504 a
 -0.30953988 -0.11552319 0.60402423 5508 r
 -0.0069742864 0.012591692 -0.0015148061 5701 g
 -2.047641 -5.7843914 7.8547773 5704 a
 -0.31100437 -0.11478013 0.6031671 5708 r
 0.0055425707 -0.003919907 0.006474677 5904 g
 -2.0620062 -5.7825956 7.8158712 5908 a
 -0.31083295 -0.11376764 0.6014481 5912 r
 0.011401525 -9.904295E-4 -0.006841128 6102 g
 -2.0494366 -5.7885814 7.8667483 6106 a
 -0.30975363 -0.11450198 0.6027939 6110 r
 -0.003512177 0.008064318 8.309063E-5 6300 g
 -2.03148 -5.813122 7.8182654 6304 a
 -0.3091237 -0.11497885 0.60380346 6307 r
 0.0074067838 -0.008180965 -0.0033790187 6503 g
 -2.0332758 -5.8221 7.840412 6506 a
 -0.30854738 -0.11549644 0.604919 6510 r
 -0.0021805963 0.016053801 0.0032788839 6701 g
 -2.054225 -5.8149176 7.86196 6705 a
 -0.30817544 -0.11618738 0.6067458 6708 r
 0.003944674 -7.241135E-4 0.0035452 6901 g
 -2.0320787 -5.79337 7.799112 6905 a
 -0.3079673 -0.116493255 0.6083594 6909 r
 0.0015478292 -0.011110442 -0.005775864 7102 g
 -2.0506337 -5.811326 7.831434 7106 a
 -0.30746508 -0.117476106 0.61031574 7109 r
 -0.0016479641 -1.9148127E-4 0.0054094126 7302 g
 -2.0231004 -5.7736173 7.8529816 7306 a
 -0.3074956 -0.11702965 0.6096069 7309 r
 -5.006743E-5 0.002737996 0.0024799355 7502 g
 -2.054225 -5.8095303 7.827244 7505 a
 -0.30765444 -0.116491035 0.609068 7509 r
 -0.0019142802 0.0032706282 3.4940674E-4 7704 g
 -2.0709844 -5.7879825 7.905654 7714 a
 -0.30798537 -0.11582732 0.6082191 7717 r
 0.006607835 -0.011376758 -4.4954158E-4 7902 g
 -2.0655975 -5.8041434 7.873931 7908 a
 -0.3085212 -0.11447346 0.6055936 7912 r
 -8.490158E-4 -0.0017893779 -0.0033790187 8102 g
 -2.066196 -5.7963624 7.8595657 8106 a
 -0.308754 -0.11366576 0.60411984 8109 r
 -3.1638352E-4 0.0014064154 0.0024799355 8303 g
 -2.0560207 -5.801749 7.864354 8307 a
 -0.30870107 -0.11326566 0.60369974 8310 r
 -3.1638352E-4 -1.9148127E-4 0.0016809873 8503 g
 -2.0745757 -5.808932 7.840412 8507 a
 -0.30868864 -0.112970605 0.60326856 8510 r
 0.0012815131 -0.0012567457 -9.821738E-4 8702 g
 -2.0709844 -5.789778 7.8469963 8706 a
 -0.30847576 -0.11328159 0.6041315 8709 r
 -3.1638352E-4 0.0062001054 0.0019473034 8903 g
 -2.0787656 -5.793968 7.8158712 8907 a
 -0.3082094 -0.11407861 0.6063258 8911 r
 2.1624868E-4 0.0048685246 -9.821738E-4 9103 g
 -2.0859482 -5.8161144 7.8182654 9107 a
 -0.3080563 -0.1145857 0.6079528 9110 r
 -5.8269966E-4 -1.9148127E-4 0.0048767803 9302 g
 -2.0733786 -5.8005524 7.864354 9306 a
 -0.3080137 -0.11433822 0.6077276 9309 r
 0.008472048 -0.010311494 -0.0076400763 9523 g
 -1.9722236 -5.759252 7.877522 9528 a
 -0.3080137 -0.11433822 0.6077276 9532 r
 0.03696787 -0.020431506 -0.008172709 9717 g
 -1.9931729 -5.805939 7.877522 9721 a
 -0.30515507 -0.11446591 0.60750705 9724 r
 -0.014697453 0.0038032604 0.005675729 9917 g
 -2.0290859 -5.7658362 7.855974 9921 a
 -0.3044405 -0.11469413 0.6074552 9924 r
 0.014597318 -0.024426248 -0.012433766 10119 g
 -2.0380642 -5.7790046 7.897873 10130 a
 -0.30367884 -0.1148213 0.605943 10134 r
 -0.008305867 -4.5779737E-4 -0.0033790187 10314 g
 -2.0284874 -5.759252 7.917625 10318 a
 -0.30354944 -0.11374347 0.60353476 10321 r
 0.003944674 0.0011400993 8.8203896E-4 10519 g
 -1.9434932 -5.7628436 7.891887 10523 a
 -0.30399176 -0.112644345 0.601505 10527 r
 -0.0019142802 0.005134841 0.0024799355 10720 g
 -1.9746178 -5.796961 7.86196 10724 a
 -0.30443925 -0.11195548 0.59964937 10727 r
 0.0012815131 0.003004312 0.0011483551 10916 g
 -1.9835961 -5.795764 7.8529816 10920 a
 -0.30472645 -0.111874506 0.59898716 10923 r
 -0.003512177 0.005933789 8.8203896E-4 11117 g
 -1.9871874 -5.7802014 7.877522 11121 a
 -0.3048224 -0.11192806 0.59911734 11124 r
 -0.010969028 0.005401157 -4.4954158E-4 11321 g
 -1.9853917 -5.8005524 7.884106 11324 a
 -0.30462953 -0.11203323 0.59951454 11329 r
 -0.0024469125 0.0011400993 -0.0025800704 11523 g
 -1.9907787 -5.787384 7.879916 11526 a
 -0.30510828 -0.11183661 0.5987037 11531 r
 -0.0011153319 -1.9148127E-4 -7.158577E-4 11717 g
 -2.0213048 -5.7843914 7.86615 11721 a
 -0.30491942 -0.112217635 0.59951705 11724 r
 -0.0019142802 8.7378314E-4 0.0024799355 11916 g
 -1.9955671 -5.777807 7.8505874 11920 a
 -0.3049149 -0.112708345 0.60086375 11923 r
 0.0012815131 0.0014064154 -9.821738E-4 12117 g
 -1.9985598 -5.7377043 7.8463974 12121 a
 -0.30477673 -0.113363534 0.6022542 12124 r
 -0.006175338 0.0043358924 0.0043441486 12319 g
 -2.0242975 -5.7963624 7.7997108 12322 a
 -0.30465728 -0.113863766 0.6038489 12326 r
 0.016195215 -0.023627298 0.0094041545 12526 g
 -2.0219033 -5.840655 7.9008656 12530 a
 -0.30561197 -0.11405435 0.6045832 12533 r
 -0.013898505 0.00726537 -0.006841128 12723 g
 -2.1027076 -5.7921724 7.913435 12727 a
 -0.30565286 -0.11427952 0.60513717 12731 r
 -0.0107027115 -0.0031209586 -0.0028463865 12920 g
 -2.191293 -5.7365074 7.80809 12923 a
 -0.30604106 -0.114085674 0.60572666 12927 r
 -0.001381648 0.014189589 -7.158577E-4 13120 g
 -2.0679917 -5.6904187 7.8847046 13123 a
 -0.30609474 -0.113762945 0.606466 13127 r
 0.0036783582 -0.010045177 -0.01216745 13319 g
 -2.0338743 -5.871181 7.878121 13323 a
 -0.30621237 -0.113483906 0.6063041 13327 r
 0.006607835 0.005401157 -0.0103032375 13522 g
 -2.0093338 -5.805939 7.905654 13525 a
 -0.3056487 -0.113530576 0.60475487 13529 r
 0.0042109904 -0.004718855 0.0048767803 13721 g
 -1.9674352 -5.7065797 7.824251 13724 a
 -0.3048026 -0.11348505 0.60388595 13728 r
 0.008205732 -0.015637815 -0.009770606 13917 g
 -1.9764135 -5.7760115 7.852383 13921 a
 -0.3036089 -0.113890514 0.6028908 13924 r
 -0.001381648 0.0022053637 -0.004976915 14116 g
 -1.9524715 -5.79337 7.9325886 14120 a
 -0.30351704 -0.11368294 0.601111 14124 r
 7.488809E-4 0.003004312 -9.821738E-4 14317 g
 -1.9434932 -5.7963624 7.8811135 14320 a
 -0.30389285 -0.113215655 0.5996017 14324 r
 -0.01150166 0.00859695 0.0072736256 14519 g
 -1.9662381 -5.7724204 7.890092 14522 a
 -0.30364752 -0.113733456 0.60061854 14526 r
 -0.008039551 0.00859695 0.004077832 14717 g
 -1.977012 -5.7748146 7.852383 14721 a
 -0.30439976 -0.1133489 0.6009957 14724 r
 0.0015478292 0.0011400993 0.0046104644 14921 g
 -2.0500352 -5.810129 7.8571715 14925 a
 -0.30472267 -0.1138227 0.60253924 14929 r
 -8.490158E-4 0.005667473 0.0072736256 15119 g
 -2.0159178 -5.8065376 7.8972745 15122 a
 -0.30563593 -0.113761544 0.60311705 15126 r
 0.0012815131 0.0014064154 -0.0017811222 15317 g
 -2.058415 -5.761048 7.8469963 15321 a
 -0.30616352 -0.11316109 0.60187703 15325 r
 -0.003512177 -0.0033872745 0.0024799355 15523 g
 -2.0380642 -5.8083334 7.825448 15527 a
 -0.30679214 -0.11219001 0.59975654 15531 r
 -0.0029795447 0.0019390476 0.005675729 15750 g
 -1.9997569 -5.837662 7.8332295 15752 a
 -0.30733907 -0.111519486 0.59818655 15753 r
 -0.0016479641 -4.5779737E-4 -0.006308496 15901 g
 -2.0260932 -5.8149176 7.8248496 15902 a
 -0.3074248 -0.11223969 0.59910077 15903 r
 -0.0032458608 0.0075316858 0.0043441486 16121 g
 -2.0404584 -5.840655 7.825448 16124 a
 -0.30760208 -0.11279799 0.60084957 16127 r
 -0.003512177 0.010194846 -1.8322548E-4 16319 g
 -2.0380642 -5.861604 7.8368206 16323 a
 -0.30783173 -0.112856805 0.6013506 16326 r
 0.005276255 -0.006050436 -0.01216745 16522 g
 -2.0111294 -5.8023477 7.8637557 16526 a
 -0.30722982 -0.11247204 0.59936243 16530 r
 2.1624868E-4 -0.0052514873 -0.004444283 16722 g
 -1.9997569 -5.801151 7.838018 16725 a
 -0.30627808 -0.11285426 0.59970766 16729 r
 0.0044773063 0.0016727315 -0.0047105993 16921 g
 -2.0081367 -5.811326 7.8266454 16925 a
 -0.30591086 -0.11273162 0.5991127 16929 r
 -0.0077732345 0.0035369443 -0.006308496 17119 g
 -1.95307 -5.8149176 7.8266454 17122 a
 -0.30597 -0.11270629 0.59879905 17126 r
 -0.0024469125 -0.0012567457 -9.821738E-4 17322 g
 -1.9674352 -5.8143187 7.887099 17326 a
 -0.30565903 -0.113272816 0.5990867 17330 r
 -0.0019142802 -0.010844125 -0.0015148061 17523 g
 -1.9644425 -5.7843914 7.913435 17526 a
 -0.30499536 -0.11369875 0.599552 17530 r
 0.0018141454 0.009129583 -0.0025800704 17721 g
 -2.0308816 -5.767632 7.8452005 17726 a
 -0.30508962 -0.11354509 0.5989811 17733 r
 4.825648E-4 0.0019390476 0.0022136194 17920 g
 -1.9955671 -5.8119245 7.8422074 17924 a
 -0.30554053 -0.11261895 0.59763676 17931 r
 0.001015197 0.005933789 0.0011483551 18120 g
 -1.9931729 -5.771822 7.8793178 18123 a
 -0.30606994 -0.11263752 0.59820646 18127 r
 -0.001381648 7.4834825E-5 0.0024799355 18329 g
 -2.0057425 -5.815516 7.824251 18332 a
 -0.3066087 -0.11251028 0.59923786 18336 r
 -0.006441654 0.0032706282 0.006474677 18523 g
 -2.0284874 -5.795764 7.8446016 18527 a
 -0.3066087 -0.11251028 0.59923786 18531 r
 7.488809E-4 0.0048685246 0.0014146712 18720 g
 -2.0404584 -5.81791 7.8332295 18724 a
 -0.30689088 -0.11261697 0.5995799 18727 r
 -0.0029795447 0.003004312 0.0027462516 18921 g
 -2.0087352 -5.783194 7.844003 18925 a
 -0.30734962 -0.11250448 0.59961265 18929 r
 -5.006743E-5 -7.241135E-4 0.0014146712 19123 g
 -2.0350714 -5.841852 7.8158712 19126 a
 -0.30738702 -0.11270237 0.6001815 19130 r
 0.0018141454 0.005933789 0.0011483551 19320 g
 -2.0141222 -5.8119245 7.8446016 19324 a
 -0.30765224 -0.11206177 0.59901077 19327 r
 -0.0016479641 0.0011400993 -7.158577E-4 19523 g
 -2.0290859 -5.8149176 7.856573 19526 a
 -0.30813688 -0.111573935 0.5978778 19530 r
 -0.003778493 0.0014064154 0.0046104644 19717 g
 -2.0165164 -5.832874 7.8853035 19720 a
 -0.30819944 -0.11183229 0.59836763 19724 r
 0.0050099385 -0.0028546425 -0.004177967 19912 g
 -2.0308816 -5.803545 7.855376 19916 a
 -0.30775058 -0.11212209 0.5983997 19919 r
 -8.490158E-4 -0.0012567457 -0.0052432315 20113 g
 -2.0452468 -5.820903 7.85777 20117 a
 -0.30689546 -0.112139285 0.5976053 20120 r
 0.003944674 -1.9148127E-4 -0.0060421797 20313 g
 -1.9812019 -5.811326 7.855376 20325 a
 -0.30653042 -0.11221601 0.59751993 20330 r
 0.012466789 -0.007914648 -0.0028463865 20516 g
 -1.9871874 -5.7879825 7.8996687 20519 a
 -0.30604294 -0.11215289 0.5967882 20523 r
 0.0020804615 -0.0071157003 -0.005775864 20746 g
 -1.9949685 -5.817312 7.867347 20749 a
 -0.30570966 -0.11145352 0.59463197 20753 r
 -0.0011153319 -9.904295E-4 -9.821738E-4 20915 g
 -1.9871874 -5.7802014 7.8954787 20918 a
 -0.30562258 -0.11108145 0.593157 20922 r
 -0.019757459 0.009395898 0.013665212 21115 g
 -1.9829975 -5.8041434 7.855376 21118 a
 -0.30594528 -0.11066301 0.59264773 21122 r
 0.014597318 0.003004312 -0.0020474382 21313 g
 -1.99437 -5.7945666 7.8727336 21317 a
 -0.30651438 -0.110094875 0.592326 21320 r
 -0.0027132286 -0.007648332 0.0024799355 21516 g
 -2.0602105 -5.8268886 7.8092875 21519 a
 -0.3069949 -0.10945709 0.59057957 21523 r
 -0.018159563 -0.0012567457 0.015263109 21715 g
 -2.0398598 -5.825093 7.877522 21718 a
 -0.3076917 -0.109062746 0.5893801 21722 r
 -0.003778493 0.009129583 0.0043441486 21914 g
 -1.9967642 -5.8125234 7.8446016 21918 a
 -0.30857646 -0.10857105 0.58944315 21921 r
 -3.1638352E-4 -0.0063167517 0.003811516 22117 g
 -2.0248961 -5.839458 7.855974 22120 a
 -0.3085581 -0.10922691 0.59116477 22124 r
 -0.0056427056 -1.9148127E-4 0.0030125678 22314 g
 -2.010531 -5.8454432 7.836222 22318 a
 -0.30852723 -0.10945231 0.5914462 22322 r
 -0.0029795447 0.0038032604 8.309063E-5 22514 g
 -2.023699 -5.8280854 7.824251 22518 a
 -0.30861256 -0.10967015 0.5920922 22522 r
 0.001015197 -1.9148127E-4 0.004077832 22720 g
 -2.0362685 -5.831677 7.8236527 22723 a
 -0.30870143 -0.10996382 0.5932612 22732 r
 -0.0016479641 0.0014064154 0.0016809873 22914 g
 -2.0362685 -5.8304796 7.811083 22918 a
 -0.30860695 -0.1106555 0.59498507 22921 r
 -0.0029795447 -0.004452539 -0.0023137543 23112 g
 -2.0099323 -5.8322754 7.8410106 23116 a
 -0.30835202 -0.111518726 0.59695846 23120 r
 -0.004044809 0.0014064154 -0.0015148061 23317 g
 -2.046444 -5.832874 7.817667 23321 a
 -0.30831152 -0.11215298 0.5981521 23325 r
 -0.001381648 -4.5779737E-4 0.0011483551 23514 g
 -2.0494366 -5.8161144 7.835025 23518 a
 -0.30812702 -0.11293432 0.6001188 23521 r
 -0.003778493 0.0035369443 -0.0028463865 23717 g
 -2.0147207 -5.7987566 7.81647 23721 a
 -0.3078628 -0.11311585 0.6004409 23725 r
 0.0047436226 -0.0012567457 -0.0076400763 23917 g
 -1.9997569 -5.78499 7.826047 23921 a
 -0.30737692 -0.1130908 0.5997179 23924 r
 0.005276255 -0.012175706 -0.004177967 24115 g
 -2.0201077 -5.8029466 7.8787193 24119 a
 -0.3065145 -0.113580704 0.5999407 24123 r
 0.0012815131 -0.004452539 -7.158577E-4 24315 g
 -1.9536686 -5.8023477 7.880515 24319 a
 -0.306113 -0.1135577 0.5997842 24323 r
 -0.004044809 -4.5779737E-4 -0.0033790187 24518 g
 -1.9728222 -5.8292828 7.828441 24522 a
 -0.30561647 -0.11352104 0.5992549 24525 r
 0.001015197 7.4834825E-5 -0.0028463865 24713 g
 -1.9955671 -5.795165 7.829638 24717 a
 -0.305711 -0.11305398 0.59758645 24720 r
 -0.00670797 -0.004452539 0.0014146712 24918 g
 -2.007538 -5.835268 7.852383 24922 a
 -0.30612287 -0.11267975 0.59693533 24925 r
 -0.003512177 0.0016727315 0.006474677 25115 g
 -1.9752164 -5.804742 7.835025 25119 a
 -0.30701795 -0.111586764 0.595072 25123 r
 -0.0021805963 0.0035369443 6.1572285E-4 25315 g
 -2.0093338 -5.8412538 7.8050976 25327 a
 -0.30747187 -0.11111224 0.5942287 25331 r
 0.0012815131 0.0011400993 0.0014146712 25516 g
 -2.030283 -5.8095303 7.819463 25519 a
 -0.30837992 -0.110411316 0.5926028 25523 r
 -0.0021805963 8.7378314E-4 -0.0020474382 25718 g
 -2.023699 -5.827487 7.826047 25722 a
 -0.30874443 -0.10990399 0.59159297 25725 r
 -5.8269966E-4 8.7378314E-4 0.0019473034 25918 g
 -2.007538 -5.816713 7.8446016 25921 a
 -0.30883962 -0.1100321 0.5921356 25925 r
 0.001015197 -0.002055694 -9.821738E-4 26110 g
 -2.0177135 -5.8382607 7.8116817 26114 a
 -0.30868003 -0.110426724 0.5931154 26121 r
 0.0015478292 -0.0015230618 8.8203896E-4 26318 g
 -2.0213048 -5.85502 7.8649526 26322 a
 -0.30862308 -0.11099549 0.5945042 26325 r
 -5.006743E-5 0.0046022087 -4.4954158E-4 26516 g
 -2.0260932 -5.8262897 7.841609 26519 a
 -0.30856225 -0.111312225 0.5952211 26523 r
 -0.0016479641 0.0032706282 0.0011483551 26717 g
 -2.042254 -5.825691 7.8446016 26720 a
 -0.30866966 -0.11122565 0.59512895 26724 r
 0.0028794098 0.0046022087 -0.0025800704 26921 g
 -1.9955671 -5.8226986 7.851186 26924 a
 -0.3086908 -0.11137563 0.59583896 26928 r
 0.00900468 -0.0049851714 -0.0060421797 27114 g
 -2.0123265 -5.819706 7.855974 27120 a
 -0.3081652 -0.11187948 0.5966677 27124 r
 0.0047436226 -0.006849384 -0.007107444 27316 g
 -2.0099323 -5.8322754 7.817667 27320 a
 -0.30743468 -0.11180057 0.59564084 27323 r
 0.003944674 -0.011376758 -0.0055095474 27519 g
 -1.9794062 -5.7903767 7.8691425 27523 a
 -0.30694604 -0.11190373 0.594822 27527 r
 0.012999422 -0.018034661 -0.0047105993 27718 g
 -1.9554642 -5.741296 7.863157 27722 a
 -0.30630243 -0.11187567 0.5942109 27725 r
 0.009270996 -0.013240971 -0.008172709 27915 g
 -1.9656396 -5.801151 7.880515 27919 a
 -0.30492207 -0.11228566 0.5939867 27922 r
 0.0055425707 -0.002055694 0.0030125678 28118 g
 -1.9405005 -5.789778 7.8793178 28122 a
 -0.30483142 -0.1123606 0.59434146 28126 r
 -0.0016479641 0.0014064154 0.005675729 28317 g
 -1.9458874 -5.8029466 7.8906903 28321 a
 -0.3047004 -0.11263986 0.595251 28325 r
 -0.009104815 0.009662215 0.0014146712 28518 g
 -2.0296845 -5.8107276 7.8529816 28522 a
 -0.3051616 -0.11327429 0.5959808 28526 r
 -0.0075069186 0.00859695 0.0075399415 28718 g
 -1.9895816 -5.805341 7.8709383 28722 a
 -0.30597836 -0.11265597 0.5957088 28726 r
 -3.1638352E-4 0.01205906 8.8203896E-4 28917 g
 -1.9644425 -5.7975593 7.840412 28921 a
 -0.30663523 -0.11277515 0.5961998 28924 r
 -5.8269966E-4 0.003004312 0.0051430967 29118 g
 -2.0081367 -5.825691 7.7943234 29122 a
 -0.30681425 -0.1129823 0.59705967 29125 r
 0.0055425707 -0.0017893779 0.0016809873 29317 g
 -1.9895816 -5.849633 7.8529816 29321 a
 -0.3070405 -0.11288349 0.59702295 29325 r
 4.825648E-4 -0.007914648 0.0075399415 29518 g
 -1.9991584 -5.8238955 7.805696 29522 a
 -0.30755037 -0.11335631 0.5971287 29526 r
 -0.0019142802 -1.9148127E-4 8.309063E-5 29718 g
 -2.0027497 -5.8412538 7.820061 29722 a
 -0.3074647 -0.113509804 0.5980585 29725 r
 -0.0011153319 3.4115094E-4 0.0022136194 29920 g
 -2.0033484 -5.85502 7.849989 29924 a
 -0.30756012 -0.113810405 0.5990042 29927 r
 0.0015478292 -0.0028546425 -9.821738E-4 30118 g
 -1.9776106 -5.853823 7.813477 30122 a
 -0.307452 -0.11381516 0.59901315 30126 r
 0.008205732 -0.003919907 -0.008439025 30317 g
 -2.0590134 -5.889736 7.776367 30329 a
 -0.30681437 -0.114326164 0.59886664 30333 r
 -0.013898505 0.015787486 -0.018026404 30521 g
 -1.9446903 -5.8143187 7.8769236 30525 a
 -0.30640826 -0.114910886 0.5992059 30531 r
 0.009270996 -0.011110442 -0.0015148061 30718 g
 -1.9620483 -5.819107 7.880515 30722 a
 -0.3059426 -0.11619373 0.6006283 30726 r
 0.0036783582 -0.007914648 -0.009504289 30919 g
 -1.9375077 -5.7987566 7.843405 30922 a
 -0.30512613 -0.1163927 0.60039824 30926 r
 0.0047436226 -0.0055178036 -0.004177967 31117 g
 -1.9440918 -5.8268886 7.860164 31121 a
 -0.30435604 -0.11679676 0.600406 31125 r
 -0.0048437575 0.009928531 0.0024799355 31320 g
 -1.9620483 -5.8161144 7.839215 31324 a
 -0.3049944 -0.11690259 0.600884 31328 r
 -0.004044809 0.009395898 0.0067409934 31518 g
 -1.9728222 -5.85502 7.843405 31522 a
 -0.3058325 -0.11603749 0.59970814 31525 r
 -0.0021805963 0.0064664213 0.0046104644 31721 g
 -1.9608512 -5.827487 7.8452005 31724 a
 -0.30658078 -0.11592732 0.6002019 31729 r
 -0.003778493 0.005933789 0.006208361 31918 g
 -2.0045455 -5.866991 7.78355 31922 a
 -0.30676293 -0.1160686 0.600938 31926 r
 -0.010436395 0.010194846 -7.158577E-4 32120 g
 -2.0003555 -5.861006 7.80809 32124 a
 -0.3072154 -0.116199344 0.60129315 32128 r
 -0.012566924 0.014189589 0.0035452 32323 g
 -2.0141222 -5.849633 7.849989 32327 a
 -0.3076405 -0.11602813 0.6010199 32331 r
 -0.0029795447 0.0024716798 -0.00124849 32519 g
 -2.0009542 -5.861604 7.843405 32523 a
 -0.30767643 -0.11656241 0.60296947 32527 r
 -0.003778493 -4.5779737E-4 8.8203896E-4 32719 g
 -2.0153193 -5.869984 7.7823524 32722 a
 -0.30751044 -0.11721891 0.6047515 32726 r
 -3.1638352E-4 0.0046022087 -0.0023137543 32922 g
 -2.0021513 -5.837662 7.8332295 32931 a
 -0.3073597 -0.11775875 0.6057226 32935 r
 -0.0056427056 0.005401157 0.0014146712 33118 g
 -2.0135236 -5.8759694 7.8248496 33122 a
 -0.30724135 -0.118221566 0.6067615 33128 r
 0.0023467776 -9.904295E-4 0.0019473034 33322 g
 -1.9913772 -5.829881 7.8326306 33325 a
 -0.30704895 -0.1188567 0.60810167 33329 r
 0.0055425707 -0.0052514873 -0.010036921 33522 g
 -2.0021513 -5.8723783 7.854179 33526 a
 -0.30583167 -0.1196952 0.60923475 33530 r
 0.011401525 -0.010844125 -0.004976915 33720 g
 -1.9596541 -5.819706 7.8469963 33723 a
 -0.30503896 -0.11998892 0.6093244 33727 r
 0.0012815131 -0.0071157003 -0.006841128 33918 g
 -1.9482816 -5.7628436 7.8984714 33922 a
 -0.3036253 -0.12062749 0.61012334 33926 r
 0.0076730996 0.0016727315 0.0032788839 34119 g
 -1.9728222 -5.8454432 7.8876977 34124 a
 -0.30222848 -0.120854124 0.61064523 34128 r
 0.0018141454 0.0048685246 0.0032788839 34308 g
 -1.9829975 -5.783793 7.845799 34310 a
 -0.3022819 -0.120499566 0.6100485 34311 r
 0.008738364 -0.0049851714 0.003811516 34519 g
 -1.941099 -5.771822 7.8966756 34523 a
 -0.30192906 -0.1199709 0.6099703 34526 r
 -0.006175338 0.02217907 0.009137838 34718 g
 -1.9841946 -5.843049 7.891887 34722 a
 -0.30224374 -0.119017825 0.6103993 34726 r
 -0.01017008 -0.002055694 0.014996792 34921 g
 -1.839944 -5.8143187 7.8954787 34925 a
 -0.303246 -0.118336394 0.6105173 34929 r
 0.0018141454 0.0040695765 0.029644178 35120 g
 -2.1470003 -5.9837084 7.7248917 35124 a
 -0.30455092 -0.11825687 0.6097397 35128 r
 0.011401525 0.005667473 0.006474677 35320 g
 -2.0135236 -5.787384 7.833828 35333 a
 -0.30779502 -0.11612466 0.6091445 35337 r
 0.031375233 -0.036943104 0.013665212 35524 g
 -1.939902 -5.7365074 7.7470384 35531 a
 -0.30651075 -0.115531415 0.6083241 35535 r
 0.022320485 -0.017502028 0.03710103 35721 g
 -1.9907787 -5.6904187 7.793725 35725 a
 -0.30295473 -0.11480111 0.60785526 35729 r
 -0.026947994 0.033630665 0.014197844 35925 g
 -2.019509 -5.6670756 7.989451 35929 a
 -0.30020717 -0.11420554 0.6132185 35933 r
 -0.026415361 0.04561489 0.0024799355 36120 g
 -2.054225 -5.7137623 7.917625 36123 a
 -0.29805955 -0.11421485 0.6136456 36127 r
 0.034038395 -0.050791543 -0.0015148061 36321 g
 -2.119467 -5.8125234 7.843405 36325 a
 -0.30325866 -0.113055155 0.6134402 36329 r
 -0.29113358 0.46692696 -0.035603266 36527 g
 -2.2679076 -5.7963624 7.792528 36531 a
 -0.31115207 -0.11083582 0.610665 36535 r
 0.018059427 -0.013507287 -0.009237973 36722 g
 -2.1888988 -5.8280854 7.813477 36726 a
 -0.3124771 -0.11262041 0.61523515 36730 r
 0.010602577 -0.010045177 -0.004976915 36923 g
 -2.1703439 -5.8454432 7.832032 36926 a
 -0.31088665 -0.1143443 0.6163811 36930 r
 -0.021887988 0.031766452 0.014197844 37123 g
 -2.0500352 -5.78918 7.7787614 37126 a
 -0.30994847 -0.11536801 0.6166294 37130 r
 0.0018141454 -0.047063116 0.0123336315 37322 g
 -2.1829133 -5.7598505 7.790134 37326 a
 -0.31186062 -0.1140715 0.6141018 37330 r
 -0.017360615 -0.034013625 0.02538312 37519 g
 -2.2427685 -5.849035 7.764396 37523 a
 -0.31222436 -0.11294928 0.61148626 37527 r
 -0.0011153319 0.021912755 -0.020156933 37727 g
 -2.195483 -5.8484364 7.8050976 37731 a
 -0.31360772 -0.11246422 0.6097011 37735 r
 0.0036783582 -0.007648332 0.007806258 37922 g
 -2.2517467 -5.864597 7.7709804 37926 a
 -0.31383958 -0.11214386 0.6090756 37930 r
 -0.0024469125 0.0014064154 -0.004444283 38121 g
 -2.1739352 -5.899313 7.709928 38125 a
 -0.3140315 -0.11188334 0.60839313 38129 r
 -0.003512177 -0.004186223 0.0030125678 38324 g
 -2.1883004 -5.8478374 7.788338 38329 a
 -0.31452075 -0.1118031 0.60765046 38333 r
 4.825648E-4 -0.0023220102 6.1572285E-4 38522 g
 -2.1829133 -5.8364654 7.763199 38525 a
 -0.31428325 -0.11167917 0.6077278 38529 r
 -5.8269966E-4 -0.0017893779 -0.004444283 38725 g
 -2.1906946 -5.85921 7.726089 38729 a
 -0.31443152 -0.11140832 0.60698026 38733 r
 0.010868893 -0.009512545 -0.0103032375 38926 g
 -2.1733365 -5.853823 7.7494326 38930 a
 -0.31451938 -0.11089979 0.6055245 38934 r
 0.013265738 -0.014306235 -0.014031663 39123 g
 -2.1631613 -5.855619 7.744644 39127 a
 -0.31278402 -0.111215666 0.6047099 39131 r
 0.0068741515 -0.002055694 -0.0055095474 39323 g
 -2.1212628 -5.9160724 7.790134 39328 a
 -0.31225783 -0.11093521 0.6031802 39332 r
 -0.0051100734 0.009662215 -0.011634818 39526 g
 -2.110489 -5.8478374 7.792528 39530 a
 -0.31243518 -0.110908315 0.60234815 39533 r
 0.0020804615 -0.0036535906 -1.8322548E-4 39726 g
 -2.1332338 -5.819706 7.7530236 39730 a
 -0.31199962 -0.11174831 0.6033297 39733 r
 -0.011767976 0.0043358924 0.007806258 39924 g
 -2.166154 -5.852626 7.7254906 39928 a
 -0.3118995 -0.11181708 0.6043075 39932 r
 -0.00670797 0.0069990535 0.005675729 40125 g
 -2.1619642 -5.8095303 7.7745714 40129 a
 -0.31241316 -0.11202082 0.6053404 40133 r
 -5.006743E-5 0.0011400993 0.0022136194 40331 g
 -2.1775265 -5.875371 7.719505 40344 a
 -0.3129925 -0.11192635 0.6055415 40347 r
 -0.0072406023 -0.0017893779 0.013398896 40523 g
 -2.1978772 -5.892729 7.7266874 40527 a
 -0.31306517 -0.112316236 0.6071897 40531 r
 -0.0075069186 0.011260111 0.0035452 40725 g
 -2.1547816 -5.8604074 7.7530236 40729 a
 -0.3139851 -0.112369314 0.60781306 40733 r
 -0.006175338 0.007798002 0.0032788839 40926 g
 -2.2062569 -5.846042 7.723695 40930 a
 -0.3147377 -0.11204077 0.6075186 40934 r
 -0.0069742864 -7.241135E-4 0.0019473034 41123 g
 -2.1942859 -5.8280854 7.765593 41127 a
 -0.31495586 -0.1120621 0.60808235 41131 r
 -0.0021805963 0.0046022087 0.0051430967 41328 g
 -2.1721394 -5.903503 7.730279 41332 a
 -0.31510955 -0.1119691 0.6081447 41336 r
 0.0012815131 -0.013240971 -0.0023137543 41524 g
 -2.2361844 -5.9011087 7.7506294 41528 a
 -0.3163501 -0.11089873 0.60663706 41532 r
 -0.0051100734 0.017385382 -0.006841128 41724 g
 -2.248754 -5.86759 7.77517 41728 a
 -0.31666273 -0.11022879 0.6051906 41732 r
 -0.009371131 -0.003919907 -0.0036453349 41929 g
 -2.2816741 -5.861604 7.7907324 41933 a
 -0.31614262 -0.10969542 0.604381 41937 r
 -0.0032458608 0.011260111 -0.01216745 42123 g
 -2.2122424 -5.861604 7.6560583 42127 a
 -0.31591955 -0.110099494 0.605225 42131 r
 -3.1638352E-4 0.0109937955 0.007806258 42326 g
 -2.2391772 -5.8783636 7.751228 42331 a
 -0.3158915 -0.111012995 0.6064728 42334 r
 -0.0072406023 0.010727479 -0.006841128 42527 g
 -2.2894554 -5.871181 7.7368627 42531 a
 -0.31685245 -0.110526815 0.60674924 42535 r
 0.024451014 -0.02282835 -0.0132327145 42725 g
 -2.2547395 -5.856816 7.730279 42729 a
 -0.31608805 -0.11109446 0.60759085 42733 r
 0.012200474 -0.013507287 -7.158577E-4 42928 g
 -2.1894975 -5.8244944 7.7679873 42932 a
 -0.31424996 -0.11236283 0.60929424 42936 r
 0.006607835 0.0048685246 -0.005775864 43130 g
 -2.167351 -5.866991 7.753622 43134 a
 -0.31247845 -0.11347635 0.6104638 43138 r
 -5.8269966E-4 0.011260111 0.006208361 43324 g
 -2.1332338 -5.8520274 7.781754 43333 a
 -0.3126101 -0.11339575 0.6105946 43339 r
 -0.008039551 0.0048685246 0.009670471 43525 g
 -2.156577 -5.887342 7.752425 43529 a
 -0.31269082 -0.11334723 0.61036545 43533 r
 -0.0011153319 0.005401157 0.0022136194 43727 g
 -2.1619642 -5.8304796 7.814076 43731 a
 -0.31327194 -0.1130916 0.6101354 43735 r
 7.488809E-4 3.4115094E-4 -9.821738E-4 43928 g
 -2.1817162 -5.8634 7.736264 43932 a
 -0.31329226 -0.11249152 0.6087733 43936 r
 0.0044773063 0.0011400993 0.0035452 44124 g
 -2.1817162 -5.8520274 7.7667904 44127 a
 -0.31390527 -0.11139937 0.6061054 44131 r
 -0.0021805963 0.005933789 0.0027462516 44327 g
 -2.1811178 -5.8723783 7.7733746 44331 a
 -0.3145373 -0.11053778 0.60458595 44335 r
 0.0018141454 0.0022053637 0.0048767803 44525 g
 -2.1984756 -5.8651958 7.747637 44530 a
 -0.31496757 -0.11016795 0.6039991 44533 r
 -0.0021805963 0.0011400993 0.0024799355 44726 g
 -2.1960814 -5.8801594 7.780557 44730 a
 -0.31528276 -0.10997407 0.6038087 44733 r
 -5.006743E-5 -0.0012567457 0.0014146712 44931 g
 -2.2170308 -5.851429 7.7081323 44934 a
 -0.31535837 -0.11035314 0.6047514 44938 r
 -0.0072406023 -0.0017893779 0.0022136194 45125 g
 -2.1996727 -5.8837504 7.724293 45129 a
 -0.31535578 -0.111141875 0.606944 45133 r
 -0.005909022 -0.0023220102 0.0067409934 45326 g
 -2.2188265 -6.1489086 7.597999 45330 a
 -0.31533295 -0.11195026 0.608833 45333 r
 -0.051715393 -0.009246229 -0.012966398 45529 g
 -2.179322 -5.921459 7.726089 45533 a
 -0.31596708 -0.11389558 0.6089979 45539 r
 -0.04239433 0.014189589 0.02405154 45726 g
 -2.2547395 -5.946 7.740454 45730 a
 -0.3179268 -0.114134386 0.60848516 45734 r
 -0.01895851 0.0032706282 0.015263109 45945 g
 -2.420538 -5.9771247 7.6967597 45961 a
 -0.31919545 -0.11368188 0.60835284 45979 r
 -0.0056427056 0.0062001054 0.017393637 46113 g
 -2.3104045 -5.855619 7.7189064 46114 a
 -0.31890813 -0.11261022 0.6089553 46115 r
 -0.0043111253 0.015254853 -0.008705341 46313 g
 -2.3080103 -6.002862 7.6626425 46314 a
 -0.3183789 -0.11243045 0.6092896 46318 r
 -0.010436395 0.014455904 0.015529425 46526 g
 -2.2840683 -5.9651537 7.633912 46530 a
 -0.31955722 -0.11208755 0.6077493 46534 r
 -0.014164821 0.003004312 0.0043441486 46728 g
 -2.2266076 -5.9064956 7.6351094 46732 a
 -0.31992 -0.11134672 0.6062761 46736 r
 0.022853117 3.4115094E-4 -0.016428508 46927 g
 -2.2631192 -5.969343 7.6321163 46931 a
 -0.3212502 -0.11087473 0.6053563 46934 r
 0.003412042 -0.030551517 -0.033739056 47126 g
 -2.1092918 -5.8574142 7.815273 47130 a
 -0.3206269 -0.1119585 0.60522276 47134 r
 0.013532054 -0.009512545 -0.0103032375 47328 g
 -2.1865046 -5.871181 7.7452426 47332 a
 -0.3176519 -0.1122604 0.60435504 47335 r
 0.013265738 -0.008979913 -0.014830612 47526 g
 -2.1757307 -5.852626 7.757812 47530 a
 -0.31616077 -0.1121493 0.6031619 47534 r
 0.010868893 -0.008979913 -0.008705341 47724 g
 -2.156577 -5.8484364 7.776367 47728 a
 -0.31524315 -0.11237736 0.6037896 47732 r
 0.0028794098 0.0019390476 -0.004444283 47929 g
 -2.1308396 -5.8544216 7.7452426 47933 a
 -0.31417957 -0.11316076 0.6059621 47936 r
 0.009537312 0.0038032604 -0.0023137543 48123 g
 -2.1332338 -5.866991 7.7769656 48127 a
 -0.31394202 -0.1135471 0.60736185 48131 r
 -0.008039551 0.005134841 0.004077832 48328 g
 -2.0847511 -5.884948 7.8757267 48332 a
 -0.31362748 -0.11378305 0.6077729 48339 r
 -0.01017008 0.021912755 0.0011483551 48527 g
 -2.1547816 -5.885546 7.745841 48531 a
 -0.31287867 -0.11497693 0.6094921 48535 r
 0.008472048 0.002737996 -0.004444283 48725 g
 -2.142212 -5.8598084 7.7829514 48730 a
 -0.3129316 -0.11494492 0.61070544 48733 r
 0.010069945 -9.904295E-4 -0.0025800704 48928 g
 -2.1535845 -5.8717794 7.7919292 48932 a
 -0.31305927 -0.11454953 0.6099332 48936 r
 -0.0043111253 -0.0036535906 0.0030125678 49127 g
 -2.1799207 -5.85502 7.7584105 49131 a
 -0.31304675 -0.11437407 0.6096644 49135 r
 -0.004577441 -0.0028546425 0.0030125678 49330 g
 -2.156577 -5.889736 7.707534 49334 a
 -0.31335753 -0.11381422 0.6087828 49337 r
 -0.0043111253 -0.013507287 0.0070073092 49528 g
 -2.147599 -5.9005103 7.778163 49532 a
 -0.31340563 -0.11411807 0.6096844 49536 r
 -0.0029795447 0.0069990535 0.005942045 49724 g
 -2.167351 -5.876568 7.748235 49729 a
 -0.3136709 -0.11452399 0.61078805 49733 r
 -0.0011153319 0.005134841 -0.0017811222 49928 g
 -2.1577742 -5.9011087 7.727286 49932 a
 -0.31364524 -0.11474468 0.61118454 49936 r
 -0.0043111253 0.0032706282 0.004077832 50127 g
 -2.1936872 -5.9047 7.724293 50131 a
 -0.3138542 -0.1146615 0.61115307 50135 r
 -5.006743E-5 0.007798002 0.0043441486 50331 g
 -2.1655555 -5.85921 7.7201033 50336 a
 -0.31410006 -0.114981666 0.61222833 50340 r
 7.488809E-4 7.4834825E-5 -0.0017811222 50530 g
 -2.19249 -5.8723783 7.7344685 50544 a
 -0.31407848 -0.11504927 0.61257833 50548 r
 -0.001381648 -0.0015230618 -0.00124849 50729 g
 -2.224812 -5.869984 7.730279 50733 a
 -0.3142064 -0.11495429 0.6126408 50739 r
 -0.0011153319 -0.002055694 6.1572285E-4 50931 g
 -2.2170308 -5.8622026 7.7452426 50934 a
 -0.31419477 -0.11476892 0.61242276 50938 r
 0.0063415193 -0.006583068 -0.006574812 51124 g
 -2.1631613 -5.868787 7.7320743 51128 a
 -0.3138175 -0.11495383 0.61280686 51132 r
 0.010602577 -0.014838867 -0.008705341 51328 g
 -2.166154 -5.869984 7.7877398 51332 a
 -0.31275383 -0.11568987 0.61330754 51336 r
 -0.0011153319 0.0038032604 -0.0023137543 51533 g
 -2.1787236 -5.791574 7.7889366 51537 a
 -0.3122383 -0.1156753 0.6125112 51541 r
 0.0018141454 -0.006050436 -4.4954158E-4 51728 g
 -2.167351 -5.869984 7.759608 51732 a
 -0.3117701 -0.115372285 0.61232275 51736 r
 0.003412042 0.0014064154 -0.0020474382 51928 g
 -2.1739352 -5.8759694 7.752425 51932 a
 -0.31224576 -0.11511682 0.61192673 51936 r
 2.1624868E-4 -0.0017893779 3.4940674E-4 52127 g
 -2.1757307 -5.8268886 7.7727757 52132 a
 -0.3124192 -0.114315 0.60980684 52135 r
 -0.0053763897 0.011792744 0.0027462516 52330 g
 -2.1523874 -5.840655 7.804499 52334 a
 -0.31282812 -0.11368655 0.6088616 52338 r
 0.0015478292 -1.9148127E-4 0.0027462516 52531 g
 -2.1751323 -5.8604074 7.7374616 52535 a
 -0.31289145 -0.11303979 0.6085784 52539 r
 -0.004044809 -0.007914648 -0.0033790187 52732 g
 -2.1643584 -5.8909335 7.7129207 52736 a
 -0.31340486 -0.11250816 0.6078487 52739 r
 -0.009371131 3.4115094E-4 -0.0055095474 52929 g
 -2.15538 -5.885546 7.7703815 52933 a
 -0.31390506 -0.1123666 0.6064839 52936 r
 -0.0011153319 0.0048685246 0.005942045 53128 g
 -2.2038627 -5.8705826 7.77936 53132 a
 -0.31450537 -0.11180273 0.604909 53136 r
 -8.490158E-4 -0.0017893779 0.003811516 53331 g
 -2.1775265 -5.880758 7.7649946 53338 a
 -0.3146365 -0.11139983 0.6045819 53345 r
 -5.8269966E-4 0.0064664213 -0.0031127026 53531 g
 -2.1733365 -5.872977 7.7368627 53535 a
 -0.31476107 -0.11160752 0.6055309 53541 r
 0.0023467776 -0.0015230618 3.4940674E-4 53727 g
 -2.1811178 -5.884948 7.7266874 53731 a
 -0.31478325 -0.11195734 0.6064959 53735 r
 -0.0016479641 7.4834825E-5 -1.8322548E-4 53929 g
 -2.2104468 -5.876568 7.7063365 53933 a
 -0.3150143 -0.11199531 0.60670227 53936 r
 -0.004577441 -0.0036535906 -4.4954158E-4 54128 g
 -2.2158337 -5.85921 7.714118 54133 a
 -0.31511497 -0.112195045 0.6066696 54136 r
 -8.490158E-4 3.4115094E-4 -4.4954158E-4 54329 g
 -2.2104468 -5.892729 7.73387 54333 a
 -0.3148298 -0.11339143 0.60958296 54337 r
 0.0012815131 -4.5779737E-4 -0.003911651 54535 g
 -2.1763294 -5.8693852 7.740454 54539 a
 -0.31452835 -0.1143274 0.6118285 54543 r
 0.0012815131 -0.007914648 -7.158577E-4 54728 g
 -2.1440077 -5.889736 7.750031 54732 a
 -0.3135981 -0.11486855 0.6121449 54736 r
 7.488809E-4 0.0019390476 -0.005775864 54931 g
 -2.2625206 -5.8508306 7.704541 54934 a
 -0.3130851 -0.11494005 0.61178666 54938 r
 -0.012300609 -0.006583068 0.0030125678 55129 g
 -2.087744 -5.843648 7.73387 55133 a
 -0.3135246 -0.11515634 0.6096819 55137 r
 0.008205732 -0.0145725515 -0.006308496 55331 g
 -2.1410148 -5.8759694 7.763199 55334 a
 -0.31316647 -0.114619896 0.60881037 55338 r
 -0.012034292 0.005134841 0.008605206 55533 g
 -2.1320367 -5.919664 7.721899 55546 a
 -0.31354278 -0.11467147 0.6090514 55550 r
 -0.013898505 -0.0023220102 0.0011483551 55733 g
 -2.3511062 -5.813122 7.6985555 55740 a
 -0.31436116 -0.114343286 0.6083215 55744 r
 -0.016029034 0.0062001054 8.309063E-5 55931 g
 -2.046444 -5.9202623 7.776367 55935 a
 -0.3156386 -0.113333866 0.60761756 55939 r
 0.012200474 -0.014838867 -0.010569554 56129 g
 -2.2631192 -5.852626 7.727885 56133 a
 -0.31588054 -0.113634005 0.6071443 56137 r
 -0.0072406023 -0.0033872745 -0.0015148061 56334 g
 -2.231396 -5.7885814 7.668628 56338 a
 -0.3159953 -0.11333327 0.60829157 56341 r
 0.024717331 -0.0028546425 -0.00124849 56533 g
 -2.2026656 -5.969942 7.6770077 56536 a
 -0.3155782 -0.11359067 0.6100264 56540 r
 -5.8269966E-4 0.0046022087 -0.0031127026 56732 g
 -2.2290018 -5.901707 7.7386584 56735 a
 -0.31619775 -0.113456324 0.6113513 56739 r
 -0.003778493 0.01205906 -0.0017811222 56933 g
 -2.2361844 -5.899313 7.7368627 56937 a
 -0.31703496 -0.112623945 0.61082095 56941 r
 -0.0019142802 0.011792744 0.009137838 57130 g
 -2.212841 -5.90889 7.7290816 57133 a
 -0.31674984 -0.11234258 0.61031 57137 r
 0.0018141454 -0.010577809 -0.0103032375 57332 g
 -2.143409 -5.8442464 7.77517 57336 a
 -0.3164052 -0.11283597 0.6109939 57339 r
 0.0071404674 -0.0055178036 -0.01083587 57535 g
 -2.1936872 -5.8532248 7.7368627 57539 a
 -0.31488374 -0.11299203 0.60953575 57542 r
 0.0042109904 6.07467E-4 -0.006841128 57732 g
 -2.2164323 -5.8651958 7.6943655 57735 a
 -0.314736 -0.112045705 0.60727495 57739 r
 -0.0019142802 -0.0063167517 -0.0047105993 57932 g
 -2.1709423 -5.883152 7.7290816 57936 a
 -0.31450605 -0.11208831 0.6066863 57939 r
 0.003145726 0.0062001054 0.0035452 58130 g
 -2.1505916 -5.898116 7.805696 58134 a
 -0.31472808 -0.11142862 0.6047401 58138 r
 -0.0053763897 0.013656956 0.0016809873 58332 g
 -2.1697452 -5.8466406 7.7757688 58336 a
 -0.31508243 -0.11066726 0.6029746 58340 r
 -0.008572183 0.005401157 0.0043441486 58534 g
 -2.1877017 -5.840655 7.7189064 58541 a
 -0.31497788 -0.11072993 0.6031838 58544 r
 -5.006743E-5 -0.004452539 0.0022136194 58736 g
 -2.156577 -5.8771667 7.8086886 58740 a
 -0.31505716 -0.11035998 0.6026253 58744 r
 -0.0019142802 -0.004718855 0.0027462516 58933 g
 -2.1972785 -5.889736 7.7224975 58937 a
 -0.31482023 -0.11083914 0.6035622 58940 r
 -0.004044809 0.0046022087 0.004077832 59131 g
 -2.2062569 -5.8759694 7.759608 59134 a
 -0.3151376 -0.11061169 0.6033073 59138 r
 -0.0043111253 0.009395898 3.4940674E-4 59331 g
 -2.2122424 -5.861006 7.8039002 59334 a
 -0.31511274 -0.11110854 0.605166 59338 r
 0.0047436226 0.0019390476 0.0011483551 59532 g
 -2.2062569 -5.889736 7.72968 59538 a
 -0.31513336 -0.11114897 0.6057225 59542 r
 -0.004577441 0.0038032604 0.004077832 59737 g
 -2.1775265 -5.887342 7.764396 59741 a
 -0.31529015 -0.111466154 0.6067683 59745 r
 7.488809E-4 0.005134841 0.0019473034 59935 g
 -2.2122424 -5.899313 7.790134 59939 a
 -0.31518635 -0.11226709 0.608699 59942 r
 0.001015197 0.002737996 -0.0017811222 60267 g
