 0.0076730996 -0.0036535906 -0.02042325 2 g
 0.40462008 -6.327875 7.7709804 3 a
 -0.28945237 -0.18075621 0.4415675 6 r
 -0.0011153319 -0.0052514873 -0.014564295 105 g
 0.54527944 -6.3542113 7.820061 109 a
 -0.28908768 -0.17996413 0.4409397 115 r
 0.008205732 -0.052123122 -0.017760089 314 g
 0.45310268 -6.0609217 7.8942814 318 a
 -0.287979 -0.18049335 0.43913236 322 r
 0.0050099385 -0.013240971 0.008871522 513 g
 0.5177461 -6.1542954 7.8942814 517 a
 -0.28465933 -0.18105713 0.43842408 521 r
 0.037766818 -0.020697821 -0.011102186 714 g
 0.4938041 -6.2674217 7.3699512 718 a
 -0.2837257 -0.18026859 0.43921837 721 r
 0.014064686 0.005401157 -0.022021146 915 g
 0.56563014 -6.209362 7.7985134 919 a
 -0.28389135 -0.1805642 0.4379581 923 r
 0.013532054 -0.065438926 -0.01696114 1125 g
 0.49200845 -6.142923 7.8769236 1128 a
 -0.283094 -0.18037844 0.43571243 1130 r
 0.013532054 -0.009246229 -0.008439025 1302 g
 0.6715736 -5.976526 7.9984293 1303 a
 -0.28410405 -0.17866504 0.43500367 1303 r
 0.034837343 -0.0145725515 -0.0015148061 1511 g
 0.6488287 -6.203975 7.763199 1514 a
 -0.28128317 -0.17881384 0.43329963 1517 r
 0.023918383 0.016053801 0.0032788839 1713 g
 0.4357447 -6.329671 7.6710224 1717 a
 -0.28258216 -0.17642468 0.43187222 1721 r
 -0.008838499 0.0032706282 -0.006308496 1913 g
 0.5482722 -6.132149 7.77517 1916 a
 -0.28471622 -0.17470366 0.4311535 1923 r
 -0.0077732345 -0.011376758 -0.0028463865 2113 g
 0.480636 -6.1890116 7.7308774 2117 a
 -0.28397605 -0.17358571 0.43018433 2121 r
 0.006075203 0.03869067 0.026981017 2313 g
 0.4345476 -6.4541693 7.7051396 2316 a
 -0.28474146 -0.17249015 0.42899022 2320 r
 -0.026681678 0.030701187 0.020056799 2515 g
 0.54288524 -6.1836243 7.839215 2518 a
 -0.28973687 -0.1707626 0.42780766 2522 r
 0.0020804615 -0.0071157003 0.030443126 2714 g
 0.3842694 -6.51582 7.6093717 2718 a
 -0.2894086 -0.17013106 0.42536536 2722 r
 -0.005909022 0.056800164 -0.014830612 2913 g
 0.44831428 -6.2769985 7.6985555 2917 a
 -0.29303774 -0.1677146 0.4238313 2923 r
 -0.009903763 0.012591692 0.053346314 3114 g
 0.3633201 -6.2243257 7.754221 3118 a
 -0.292603 -0.16801101 0.424418 3122 r
 -0.01017008 0.005134841 0.008072574 3314 g
 0.29388827 -6.2404866 7.823054 3318 a
 -0.2922185 -0.16856739 0.4263849 3322 r
 0.006075203 -0.0012567457 -0.05051697 3514 g
 0.39624038 -6.163274 7.7608047 3518 a
 -0.2905773 -0.16980809 0.42891702 3522 r
 0.011667841 -0.030285202 0.0035452 3714 g
 0.44711718 -6.093243 7.765593 3717 a
 -0.28981766 -0.17028224 0.42961046 3721 r
 -0.01629535 -0.017502028 -0.0023137543 3915 g
 0.46088383 -6.201581 7.785944 3919 a
 -0.28890735 -0.17093545 0.43063363 3928 r
 0.0044773063 -0.036676787 -0.017227456 4113 g
 0.50278234 -6.3601966 7.790134 4117 a
 -0.28939384 -0.17084005 0.43023655 4120 r
 -0.038665902 0.059197012 -0.0025800704 4322 g
 0.4381389 -6.0477533 7.587225 4326 a
 -0.28757992 -0.17228624 0.43039814 4329 r
 0.024983646 -0.0467968 0.039497875 4514 g
 0.26515785 -6.181829 7.6428905 4517 a
 -0.2889208 -0.17177391 0.43056485 4521 r
 0.01646153 -0.026823092 -0.0278801 4713 g
 -0.08080431 -6.497265 7.8475947 4717 a
 -0.2866062 -0.17154199 0.43243608 4720 r
 0.04708788 -0.007382016 -0.10191598 4915 g
 0.35434186 -6.2368956 7.675212 4918 a
 -0.28753105 -0.17027941 0.43402758 4924 r
 0.01033626 0.021912755 8.309063E-5 5108 g
 0.46866497 -6.3769565 7.769783 5110 a
 -0.2854947 -0.17036393 0.4343702 5112 r
 -0.01895851 0.041087516 -0.020955881 5314 g
 0.4854244 -6.302736 7.6931686 5318 a
 -0.28318292 -0.17153415 0.4341534 5321 r
 -0.006441654 -0.0031209586 0.020323114 5515 g
 0.6254852 -6.277597 7.619547 5518 a
 -0.2860258 -0.1707581 0.43266365 5522 r
 -0.0029795447 0.013124324 0.013931528 5714 g
 0.44831428 -6.121375 7.9182234 5718 a
 -0.28587914 -0.17159095 0.43150857 5722 r
 -0.06263435 -0.025225196 -0.12721601 5915 g
 0.7625532 -6.1507044 7.6045833 5919 a
 -0.2830206 -0.17414016 0.4287692 5923 r
 -0.022686936 -0.08967369 0.0054094126 6115 g
 1.632247 -6.151303 7.3687544 6119 a
 -0.2742608 -0.19501448 0.41109088 6123 r
 0.11153638 -0.092070535 -0.29472885 6316 g
 1.858499 -6.3033347 7.7608047 6319 a
 -0.2750997 -0.20896822 0.41742882 6324 r
 0.2604071 -0.28861183 -0.010569554 6515 g
 2.3714569 -5.6018333 7.5321584 6519 a
 -0.2611384 -0.22575006 0.40019944 6523 r
 0.053213153 -0.17596011 -0.012966398 6715 g
 2.0009542 -6.105214 7.735666 6719 a
 -0.24494857 -0.23868415 0.39287326 6723 r
 -0.030676419 0.034429614 0.11033796 6916 g
 2.086547 -5.999271 7.5644803 6920 a
 -0.2470675 -0.23715183 0.39690217 6924 r
 0.01033626 -0.0015230618 -0.0047105993 7114 g
 1.8626889 -6.2165446 7.417835 7117 a
 -0.2523391 -0.23426431 0.40040323 7121 r
 -0.003512177 0.07091492 -0.09951913 7315 g
 1.7902644 -6.320094 7.5136037 7318 a
 -0.24315824 -0.23801598 0.38954154 7322 r
 -0.11350073 0.17104977 0.20328228 7516 g
 1.3000516 -6.2991447 7.551911 7520 a
 -0.255987 -0.23251528 0.40058538 7524 r
 -0.04905223 0.08396441 0.09302741 7715 g
 1.3066356 -6.385336 7.37055 7719 a
 -0.26530543 -0.22068235 0.4063715 7723 r
 -0.01762693 -0.025491511 0.024584172 7919 g
 1.5939398 -6.1423244 7.5668745 7923 a
 -0.27119994 -0.21841463 0.4113209 7926 r
 0.0028794098 0.0032706282 -0.0278801 8116 g
 1.5598224 -6.3578024 7.581838 8120 a
 -0.26861247 -0.22006074 0.41129425 8124 r
 -0.020822724 0.042685412 0.023252591 8315 g
 1.4748282 -6.27221 7.603386 8318 a
 -0.2697877 -0.21905622 0.41252443 8322 r
 -0.013365873 0.0040695765 0.014730477 8516 g
 1.4664485 -6.3045316 7.5944076 8519 a
 -0.27077237 -0.21794486 0.41464397 8524 r
 -0.0027132286 0.019249594 0.005675729 8715 g
 1.4460979 -6.2380924 7.7189064 8719 a
 -0.27061486 -0.21765146 0.41577896 8723 r
 0.0036783582 -0.012708338 0.020056799 8915 g
 1.4281414 -6.327875 7.4950485 8918 a
 -0.27001014 -0.21727282 0.41736373 8922 r
 -0.014963769 0.0109937955 -0.006574812 9116 g
 1.5071499 -6.287772 7.551312 9120 a
 -0.26921347 -0.219062 0.41704944 9124 r
 0.011667841 0.018716963 0.0016809873 9315 g
 1.3329718 -6.2985463 7.5770497 9319 a
 -0.2688393 -0.21893916 0.4170579 9323 r
 0.0047436226 0.017119065 -4.4954158E-4 9515 g
 1.3784616 -6.2512608 7.653664 9519 a
 -0.26991692 -0.21704644 0.41730878 9523 r
 -0.009371131 -7.241135E-4 0.01446416 9716 g
 1.3204023 -6.2728086 7.6111674 9720 a
 -0.2691655 -0.21649104 0.4168186 9724 r
 -0.0024469125 0.026972761 0.014730477 9915 g
 1.3748703 -6.295553 7.711125 9919 a
 -0.26942545 -0.21547917 0.41773 9923 r
 -0.014431138 0.039755933 0.022453643 10116 g
 1.2126632 -6.3392477 7.5082164 10123 a
 -0.27102837 -0.21244597 0.41793296 10127 r
 0.005808887 0.012858008 -0.0443917 10319 g
 1.2443863 -6.30513 7.6410947 10323 a
 -0.27285692 -0.21061677 0.4181538 10327 r
 -0.0029795447 -0.046530485 0.06399896 10517 g
 1.520318 -6.1076083 7.374141 10521 a
 -0.27340692 -0.21024138 0.4167072 10525 r
 0.06759422 -0.08168421 0.2070107 10716 g
 0.9588778 -6.2608376 7.669825 10720 a
 -0.27211797 -0.2090621 0.425732 10724 r
 -0.0666291 0.041353833 -0.04039696 10916 g
 0.95588505 -6.4505777 7.586028 10920 a
 -0.27324945 -0.20873445 0.42646274 10924 r
 -0.0043111253 0.0011400993 0.01313258 11118 g
 1.1653777 -6.30513 7.553706 11121 a
 -0.27520394 -0.2091544 0.42669055 11125 r
 -0.0107027115 0.0048685246 -0.02255378 11316 g
 1.1959038 -6.3584013 7.607576 11320 a
 -0.27532503 -0.209358 0.42669353 11324 r
 0.0036783582 0.011526427 -0.028945366 11517 g
 0.84455466 -6.3889275 7.6249337 11521 a
 -0.27604055 -0.21022514 0.42697546 11525 r
 -0.009371131 0.030168556 -0.03959801 11717 g
 1.2545617 -6.203377 7.651869 11721 a
 -0.27493963 -0.20870775 0.41977188 11725 r
 0.024184698 0.0040695765 -0.053712763 11918 g
 1.2395979 -6.367978 7.595605 11921 a
 -0.27374113 -0.20818958 0.41924152 11925 r
 -0.004577441 -0.0071157003 0.013665212 12116 g
 1.2683283 -6.2315083 7.6189485 12120 a
 -0.2723875 -0.20858777 0.4148403 12124 r
 0.0036783582 0.011526427 -0.039331693 12318 g
 1.4634558 -6.1884127 7.595605 12321 a
 -0.27216884 -0.20848408 0.41377947 12325 r
 -0.02108904 0.0011400993 0.032839973 12518 g
 1.340753 -6.3248825 7.61835 12523 a
 -0.27298802 -0.20940399 0.41288057 12526 r
 0.0050099385 0.0139232725 -0.009237973 12717 g
 1.2952632 -6.2746043 7.575254 12721 a
 -0.27291375 -0.20893872 0.41365466 12725 r
 0.0071404674 0.0024716798 -0.009237973 12918 g
 1.2838906 -6.2674217 7.6333137 12922 a
 -0.27292147 -0.20883888 0.41413763 12926 r
 0.0026130937 -0.0033872745 -0.013499031 13118 g
 1.3108255 -6.284181 7.6243353 13121 a
 -0.27247036 -0.20909518 0.41428718 13125 r
 -0.003512177 0.0064664213 -0.0052432315 13318 g
 1.3042414 -6.2889695 7.6351094 13321 a
 -0.27185166 -0.2096467 0.41413847 13325 r
 4.825648E-4 0.0022053637 -0.0033790187 13519 g
 1.2773066 -6.253655 7.595605 13523 a
 -0.27146164 -0.21051127 0.41588172 13526 r
 -0.001381648 0.005134841 0.0043441486 13718 g
 1.2886791 -6.30513 7.6387005 13721 a
 -0.27153596 -0.21053511 0.41662607 13725 r
 0.0044773063 -0.004452539 -0.0036453349 13918 g
 1.3054385 -6.265626 7.6410947 13921 a
 -0.27230442 -0.20999378 0.414413 13925 r
 0.0047436226 0.0040695765 0.005942045 14119 g
 1.2683283 -6.2404866 7.617751 14123 a
 -0.27202255 -0.20891267 0.41168353 14127 r
 -0.004577441 -0.0052514873 0.011268367 14318 g
 1.2976574 -6.217143 7.6267295 14322 a
 -0.27175176 -0.20819616 0.4108332 14326 r
 0.010069945 0.01818433 -0.0055095474 14519 g
 1.2731167 -6.249465 7.65127 14523 a
 -0.27217034 -0.20682138 0.408546 14526 r
 0.003145726 0.0040695765 -0.016162192 14719 g
 1.2425907 -6.260239 7.6464815 14723 a
 -0.27244794 -0.2060529 0.40743306 14726 r
 7.488809E-4 0.005933789 0.006208361 14918 g
 1.1851299 -6.2446766 7.6584525 14922 a
 -0.273436 -0.20500475 0.40623704 14926 r
 -5.8269966E-4 3.4115094E-4 0.0019473034 15124 g
 1.2306197 -6.3859344 7.6351094 15132 a
 -0.2743506 -0.20390898 0.40533325 15135 r
 0.001015197 0.005933789 -0.0015148061 15319 g
 1.3934253 -6.1237693 7.6985555 15326 a
 -0.2757716 -0.20323232 0.40487787 15329 r
 -0.03680169 0.01339064 0.028312597 15519 g
 1.2868834 -6.329671 7.6165543 15523 a
 -0.27414086 -0.20363885 0.4053063 15527 r
 0.005808887 -0.019099925 -0.01083587 15719 g
 1.258153 -6.2195373 7.60578 15723 a
 -0.27415138 -0.20478162 0.4040657 15726 r
 -0.008039551 0.0062001054 -0.004177967 15919 g
 1.2880806 -6.2392898 7.615956 15924 a
 -0.273727 -0.20479959 0.40240827 15927 r
 0.003145726 -0.0012567457 0.0011483551 16141 g
 1.3132197 -6.269217 7.626131 16145 a
 -0.2741779 -0.20485091 0.402284 16149 r
 -5.006743E-5 0.005134841 0.0051430967 16319 g
 1.252766 -6.335656 7.5626845 16323 a
 -0.27397174 -0.20521948 0.40294114 16327 r
 -0.0019142802 0.009395898 0.013931528 16520 g
 1.3724761 -6.1848216 7.7207017 16524 a
 -0.2745959 -0.20563805 0.40546653 16528 r
 -0.0075069186 0.0014064154 0.015263109 16730 g
 1.1659763 -6.332065 7.602189 16734 a
 -0.2745959 -0.20563805 0.40546653 16738 r
 2.1624868E-4 0.0046022087 -0.0060421797 16933 g
 1.2449849 -6.2763996 7.626131 16936 a
 -0.2753063 -0.20543689 0.40716103 16940 r
 0.008205732 -0.0033872745 -0.012433766 17135 g
 1.3036429 -6.225523 7.6722193 17139 a
 -0.27469787 -0.2057629 0.4082531 17143 r
 0.003145726 0.008330634 -1.8322548E-4 17333 g
 1.1677719 -6.2704144 7.6404963 17337 a
 -0.27277842 -0.20572117 0.4083152 17341 r
 -0.00670797 -0.0052514873 -0.0025800704 17536 g
 1.2144588 -6.2626333 7.589619 17541 a
 -0.27343857 -0.20482695 0.40743753 17545 r
 0.0028794098 0.0022053637 -0.0076400763 17736 g
 1.3174095 -6.3141084 7.554305 17740 a
 -0.27555418 -0.20400602 0.4045712 17744 r
 -0.01629535 0.008330634 0.0094041545 17932 g
 1.2850877 -6.2662244 7.6111674 17936 a
 -0.2760734 -0.2044214 0.40245095 17940 r
 -0.0053763897 -0.0017893779 0.0075399415 18134 g
 1.2090719 -6.349423 7.586028 18138 a
 -0.2759405 -0.20437166 0.40088543 18142 r
 0.0042109904 8.7378314E-4 0.005942045 18324 g
 1.2240356 -6.30513 7.65127 18328 a
 -0.2763352 -0.20412317 0.40083805 18332 r
 0.006075203 -0.01190939 -0.010036921 18537 g
 1.2467805 -6.2626333 7.61416 18542 a
 -0.27628374 -0.20399714 0.4015772 18545 r
 0.0015478292 3.4115094E-4 0.0022136194 18732 g
 1.2210429 -6.307524 7.6123643 18736 a
 -0.27573597 -0.20428547 0.40288046 18740 r
 0.0028794098 -9.904295E-4 -0.0031127026 18931 g
 1.2449849 -6.2847795 7.6291237 18935 a
 -0.27557084 -0.20455703 0.40395036 18939 r
 -0.0027132286 0.0024716798 0.0011483551 19138 g
 1.2300211 -6.3105173 7.60997 19143 a
 -0.2756103 -0.20449421 0.40408823 19146 r
 -0.0016479641 0.0022053637 0.0027462516 19334 g
 1.2509704 -6.261436 7.639299 19338 a
 -0.27619293 -0.20390967 0.4026989 19342 r
 -0.0029795447 0.009662215 0.007806258 19537 g
 1.252766 -6.291962 7.6171527 19542 a
 -0.2759524 -0.20408979 0.40355107 19545 r
 -0.0056427056 0.005401157 0.0014146712 19736 g
 1.1492168 -6.3009405 7.643489 19740 a
 -0.27575186 -0.20467383 0.40546408 19744 r
 0.018858377 -0.009512545 0.0432263 19923 g
 1.210269 -6.2045736 7.701548 19927 a
 -0.2758732 -0.20418352 0.40591386 19932 r
 0.0050099385 0.018716963 -0.020955881 20145 g
 1.2629414 -6.297349 7.6506715 20150 a
 -0.27464378 -0.20397493 0.40536663 20154 r
 0.0050099385 0.005401157 -0.004177967 20335 g
 1.3449428 -6.1926026 7.6764092 20340 a
 -0.2738292 -0.20403102 0.40521845 20344 r
 -3.1638352E-4 0.0043358924 0.0019473034 20538 g
 1.2096704 -6.287772 7.631518 20543 a
 -0.27298167 -0.2039989 0.4047034 20546 r
 0.003944674 0.0048685246 -0.0031127026 20738 g
 1.2641385 -6.229114 7.680599 20743 a
 -0.27309212 -0.20355654 0.4050171 20746 r
 2.1624868E-4 6.07467E-4 -0.004177967 20935 g
 1.2360066 -6.208165 7.668628 20938 a
 -0.27296796 -0.20314792 0.40456328 20943 r
 -0.001381648 -4.5779737E-4 0.0046104644 21139 g
 1.2162545 -6.261436 7.6590514 21143 a
 -0.2731051 -0.20278838 0.4036692 21149 r
 7.488809E-4 -0.0036535906 0.0030125678 21336 g
 1.3329718 -6.369175 7.547721 21341 a
 -0.2737502 -0.20242819 0.40269646 21344 r
 -0.025350098 -0.013507287 0.012866264 21537 g
 1.2216414 -6.282984 7.611766 21542 a
 -0.27496713 -0.20320481 0.40183833 21546 r
 -0.0032458608 0.02164644 8.8203896E-4 21735 g
 1.276708 -6.233304 7.5824366 21739 a
 -0.27560487 -0.20313054 0.40302524 21743 r
 0.0063415193 -0.0071157003 -0.004976915 21937 g
 1.3054385 -6.2644286 7.6309195 21941 a
 -0.27457544 -0.20393747 0.40330002 21945 r
 -0.0051100734 -0.0023220102 0.011268367 22137 g
 1.2545617 -6.2542534 7.679402 22142 a
 -0.27502328 -0.20391643 0.40331146 22146 r
 -0.001381648 0.0069990535 -4.4954158E-4 22336 g
 1.186327 -6.287772 7.6093717 22340 a
 -0.27547428 -0.20344424 0.40330824 22343 r
 -0.00670797 0.0019390476 0.0027462516 22540 g
 1.1976994 -6.302736 7.627927 22544 a
 -0.27590337 -0.20343757 0.40375748 22547 r
 0.003412042 -9.904295E-4 6.1572285E-4 22736 g
 1.2078748 -6.277597 7.6051817 22740 a
 -0.27655256 -0.2032688 0.40411523 22744 r
 -0.0048437575 0.009662215 -1.8322548E-4 22936 g
 1.1899183 -6.3165026 7.6309195 22940 a
 -0.2760343 -0.20358452 0.40488777 22944 r
 0.0074067838 -0.009512545 -0.009770606 23138 g
 1.2330139 -6.308123 7.6524673 23144 a
 -0.2756757 -0.20378184 0.40575215 23147 r
 0.008205732 -0.0049851714 -0.011368502 23336 g
 1.2605472 -6.2781954 7.6560583 23340 a
 -0.27452978 -0.20403862 0.4051734 23344 r
 0.0042109904 -0.0057841195 0.006474677 23537 g
 1.2629414 -6.2488666 7.6488757 23541 a
 -0.27354792 -0.20380378 0.40479586 23545 r
 0.0020804615 3.4115094E-4 -0.013499031 23739 g
 1.2491747 -6.2512608 7.7009497 23743 a
 -0.27262738 -0.20460585 0.40559152 23747 r
 0.0026130937 0.009928531 -0.0020474382 23936 g
 1.2725182 -6.237494 7.674015 23940 a
 -0.27175817 -0.20487916 0.4067746 23944 r
 -0.0024469125 0.0040695765 -0.0023137543 24136 g
 1.2294226 -6.2123547 7.656657 24142 a
 -0.27189934 -0.20447281 0.40674195 24145 r
 0.0018141454 -0.0055178036 0.0048767803 24341 g
 1.2497733 -6.2883706 7.647679 24345 a
 -0.27242935 -0.20444608 0.4067048 24349 r
 -0.003512177 0.0062001054 3.4940674E-4 24532 g
 1.2868834 -6.2225304 7.635708 24536 a
 -0.27242935 -0.20444608 0.4067048 24541 r
 -0.0011153319 -0.004186223 0.0019473034 24736 g
 1.276708 -6.269217 7.677606 24741 a
 -0.2722997 -0.20487413 0.40616247 24745 r
 -0.008039551 -0.0023220102 0.0035452 24937 g
 1.3305776 -6.241684 7.6680293 24942 a
 -0.27305245 -0.20460126 0.40603998 24946 r
 -0.00670797 0.0043358924 0.0072736256 25135 g
 1.2623428 -6.269816 7.602189 25139 a
 -0.27334526 -0.2045145 0.40433314 25153 r
 0.0044773063 -0.0025883263 -0.0020474382 25334 g
 1.210269 -6.245275 7.6853876 25337 a
 -0.27474374 -0.20367008 0.40305206 25345 r
 -0.008572183 0.005667473 0.008605206 25536 g
 1.1683705 -6.315904 7.6105685 25542 a
 -0.275377 -0.20264944 0.40197733 25545 r
 0.0012815131 -0.0017893779 0.0014146712 25737 g
 1.1492168 -6.261436 7.6201453 25741 a
 -0.27627394 -0.20226869 0.40148345 25745 r
 -0.0072406023 0.007798002 8.8203896E-4 25936 g
 1.2497733 -6.321291 7.6285253 25940 a
 -0.27638432 -0.20195693 0.4022518 25944 r
 -0.0032458608 0.010461163 0.011268367 26139 g
 1.1504139 -6.295553 7.577648 26143 a
 -0.27709925 -0.20182171 0.40156052 26148 r
 -5.006743E-5 0.005134841 6.1572285E-4 26337 g
 1.1923125 -6.302736 7.60578 26341 a
 -0.27844572 -0.20058209 0.40245107 26345 r
 -0.0021805963 0.002737996 -0.00124849 26536 g
 1.1941081 -6.2752028 7.608773 26541 a
 -0.2784338 -0.2006202 0.40235868 26545 r
 -0.0043111253 -0.006583068 0.0016809873 26740 g
 1.1917139 -6.2650275 7.5830355 26744 a
 -0.27772027 -0.20069933 0.40169272 26747 r
 0.0015478292 0.010461163 -0.0031127026 26929 g
 1.228824 -6.269816 7.6321163 26933 a
 -0.27690247 -0.20101964 0.40222374 26936 r
 4.825648E-4 0.0019390476 -0.007107444 27129 g
 1.1563994 -6.273407 7.6129627 27132 a
 -0.2761788 -0.20134568 0.4026074 27136 r
 4.825648E-4 0.0014064154 -0.0028463865 27332 g
 1.1941081 -6.254852 7.657854 27336 a
 -0.2758724 -0.20133227 0.40323713 27340 r
 0.003944674 0.0016727315 -0.0060421797 27528 g
 1.2114661 -6.2404866 7.639898 27532 a
 -0.27537635 -0.2012581 0.40318367 27535 r
 -3.1638352E-4 -7.241135E-4 0.0027462516 27733 g
 1.1707647 -6.2339025 7.6602483 27737 a
 -0.27579448 -0.20058611 0.4010733 27741 r
 0.0074067838 -0.0057841195 -0.007107444 27933 g
 1.2264298 -6.2781954 7.668628 27937 a
 -0.27574527 -0.20034331 0.39877638 27941 r
 0.0012815131 -4.5779737E-4 -0.004444283 28131 g
 1.216853 -6.225523 7.641693 28134 a
 -0.27503693 -0.20073393 0.39772096 28138 r
 -0.003778493 0.003004312 0.008871522 28331 g
 1.2108675 -6.247071 7.65546 28334 a
 -0.27615777 -0.19964573 0.39550856 28338 r
 -0.0069742864 -0.004718855 0.012599948 28533 g
 1.2276269 -6.2650275 7.6829934 28536 a
 -0.27707806 -0.19872853 0.39269218 28541 r
 -0.0021805963 0.0011400993 0.008072574 28733 g
 1.2677298 -6.2303114 7.6482773 28737 a
 -0.27751002 -0.19858015 0.39320567 28741 r
 -0.0069742864 0.0046022087 0.006208361 28931 g
 1.1821371 -6.2644286 7.6321163 28935 a
 -0.27750665 -0.19893518 0.39400992 28938 r
 -0.0051100734 0.0011400993 0.0022136194 29133 g
 1.2192472 -6.303933 7.666234 29136 a
 -0.27783853 -0.19938731 0.39693454 29142 r
 -0.009903763 -7.241135E-4 0.0072736256 29331 g
 1.1546037 -6.26802 7.6524673 29335 a
 -0.27769193 -0.1999203 0.39824405 29338 r
 -0.0048437575 0.0019390476 0.010203103 29531 g
 1.1534066 -6.2967505 7.603386 29535 a
 -0.27818626 -0.19952604 0.3982747 29539 r
 -5.8269966E-4 0.0038032604 -1.8322548E-4 29736 g
 1.1605892 -6.2883706 7.623737 29741 a
 -0.27831733 -0.1996162 0.39939728 29744 r
 -5.006743E-5 0.0016727315 -0.0033790187 29931 g
 1.18094 -6.273407 7.6410947 29934 a
 -0.27786148 -0.19998917 0.40074793 29938 r
 0.011934157 0.0024716798 -0.013765347 30132 g
 1.2515689 -6.254852 7.65546 30136 a
 -0.2773239 -0.19972971 0.3993679 30140 r
 0.012999422 3.4115094E-4 -0.005775864 30334 g
 1.1139023 -6.282984 7.608773 30337 a
 -0.27608678 -0.1994429 0.39756182 30342 r
 -0.013365873 0.030434871 0.012866264 30531 g
 1.1893197 -6.2380924 7.7440453 30535 a
 -0.27593213 -0.19883087 0.3959466 30538 r
 -0.006175338 -0.007914648 0.0046104644 30730 g
 1.578976 -6.5744777 7.764396 30734 a
 -0.27703866 -0.19780293 0.39483938 30737 r
 -0.018159563 0.024043284 0.06772738 30937 g
 1.2006922 -6.2542534 7.599196 30941 a
 -0.27579072 -0.20074397 0.40011743 30945 r
 -0.013898505 -0.03241573 0.035769448 31132 g
 1.1180922 -6.467337 7.5561004 31136 a
 -0.27522302 -0.20125657 0.39960656 31140 r
 0.0044773063 -0.002055694 -0.022287462 31346 g
 1.2635399 -6.2458735 7.651869 31350 a
 -0.2773298 -0.20168072 0.39936218 31366 r
 -0.040263798 -0.026556775 -0.0031127026 31535 g
 1.5304934 -6.408081 7.6590514 31538 a
 -0.279051 -0.20213997 0.40160778 31544 r
 -0.003512177 -0.016436763 0.026448386 31731 g
 1.2509704 -6.206968 7.581838 31735 a
 -0.28011075 -0.20451513 0.4029946 31740 r
 -3.1638352E-4 -0.04945996 0.0067409934 31934 g
 1.3204023 -6.3703723 7.6165543 31938 a
 -0.2777397 -0.2092959 0.40335807 31942 r
 0.0012815131 -0.0049851714 3.4940674E-4 32134 g
 1.2096704 -6.279991 7.7105265 32138 a
 -0.2756765 -0.21193564 0.40591303 32142 r
 -0.01762693 0.062126487 -0.0020474382 32332 g
 1.3503298 -6.4445925 7.4806833 32336 a
 -0.27405155 -0.21099463 0.40963903 32341 r
 0.0012815131 -0.017502028 -0.11736231 32531 g
 1.4664485 -6.133346 7.675811 32535 a
 -0.27241886 -0.21200693 0.41125348 32538 r
 7.488809E-4 0.038956985 -0.0055095474 32735 g
 1.4820108 -6.241085 7.6470804 32739 a
 -0.2682067 -0.21315277 0.4115527 32743 r
 -0.008039551 0.02297802 0.03150839 32935 g
 1.2180501 -6.3260794 7.567473 32939 a
 -0.26794696 -0.2124129 0.4107603 32943 r
 0.0012815131 0.03602751 -0.0073737605 33133 g
 1.2150574 -6.2303114 7.6680293 33136 a
 -0.2708203 -0.20924622 0.41074535 33141 r
 0.010069945 -0.036943104 0.0030125678 33334 g
 1.276708 -6.250662 7.6770077 33338 a
 -0.2715237 -0.20833501 0.40758017 33342 r
 0.0015478292 0.008064318 -0.019624302 33532 g
 1.2737153 -6.2752028 7.627927 33536 a
 -0.27180144 -0.20756015 0.40458903 33542 r
 0.0012815131 7.4834825E-5 8.8203896E-4 33733 g
 1.335366 -6.291962 7.6410947 33737 a
 -0.27284777 -0.2064124 0.40212825 33741 r
 -0.0011153319 0.0014064154 -0.006841128 33934 g
 1.2791022 -6.251859 7.6201453 33938 a
 -0.27313945 -0.20620018 0.40182784 33943 r
 0.0023467776 0.01205906 0.004077832 34133 g
 1.2503718 -6.260239 7.639299 34137 a
 -0.27291885 -0.20611915 0.40275618 34141 r
 0.021787854 -0.004452539 -0.017760089 34336 g
 1.2533646 -6.245275 7.5950065 34340 a
 -0.27263406 -0.20514554 0.40213147 34344 r
 0.0042109904 -0.0015230618 -0.011901135 34535 g
 1.3257892 -6.239888 7.6644382 34539 a
 -0.27149796 -0.20578152 0.40418002 34544 r
 0.0044773063 0.008064318 -0.0052432315 34733 g
 1.282095 -6.2362967 7.6255326 34737 a
 -0.270509 -0.20655191 0.40684113 34741 r
 0.0028794098 -0.0025883263 -0.0023137543 34934 g
 1.352724 -6.2075663 7.669825 34937 a
 -0.2698353 -0.20719624 0.40838853 34942 r
 -0.0051100734 0.008863267 0.0011483551 35136 g
 1.2611457 -6.2303114 7.6351094 35141 a
 -0.26916814 -0.20767763 0.41054627 35162 r
 2.1624868E-4 -0.003919907 0.0051430967 35330 g
 1.0289081 -6.153697 7.4561424 35335 a
 -0.2688655 -0.20826939 0.4125609 35339 r
 0.011934157 -0.004452539 0.017393637 35533 g
 1.2898762 -6.227319 7.619547 35537 a
 -0.26948753 -0.20815131 0.41514513 35545 r
 -8.490158E-4 0.012591692 -0.029477997 35736 g
 1.2467805 -6.2913637 7.6351094 35741 a
 -0.27017885 -0.20836207 0.41596267 35744 r
 -0.013099557 -0.012974654 0.007806258 35935 g
 1.2054806 -6.2542534 7.6345105 35941 a
 -0.2711619 -0.20864975 0.41650918 35944 r
 -0.0170943 0.0032706282 0.056542106 36137 g
 0.98581254 -6.329072 7.5692687 36142 a
 -0.27308828 -0.20777357 0.41821292 36146 r
 -0.03813327 0.041353833 0.09089688 36335 g
 1.3335704 -6.356007 7.578247 36339 a
 -0.27822402 -0.20484942 0.42371276 36364 r
 0.0020804615 0.030967504 0.12844746 36535 g
 0.12808979 -6.6720414 7.267599 36539 a
 -0.28338215 -0.20014963 0.4360967 36543 r
 -0.035203792 0.24694987 0.042959984 36734 g
 0.5518635 -6.5924344 7.4603324 36738 a
 -0.2929678 -0.19072604 0.43928477 36743 r
 -0.23520719 0.3745153 -0.03134221 36936 g
 0.49320555 -6.813898 7.27957 36941 a
 -0.30252776 -0.18455464 0.44656113 36944 r
 0.04708788 -0.14480112 -0.0025800704 37133 g
 0.47105917 -6.849811 7.6470804 37137 a
 -0.30453283 -0.185287 0.43702963 37142 r
 0.13097745 0.07411071 -0.07155594 37338 g
 0.28191724 -6.367379 7.7230964 37345 a
 -0.29980782 -0.18769562 0.4362029 37349 r
 0.042027876 -0.011110442 0.067461066 37536 g
 0.6596026 -6.5098343 7.6267295 37541 a
 -0.2957707 -0.18335211 0.42742673 37544 r
 0.0026130937 0.012325375 -0.053712763 37735 g
 0.51475334 -6.323685 7.5644803 37739 a
 -0.29648358 -0.18169034 0.42608586 37744 r
 0.043625776 -0.009512545 -0.018292721 37936 g
 0.61291564 -6.4086795 7.631518 37941 a
 -0.29446363 -0.17953864 0.42278454 37945 r
 0.01033626 0.046680152 -0.031874843 38134 g
 0.6733692 -6.451775 7.6363063 38137 a
 -0.2914193 -0.17862883 0.41727838 38142 r
 0.037500504 0.0040695765 -0.01696114 38339 g
 0.6374562 -6.2195373 7.7967176 38343 a
 -0.29207236 -0.17679611 0.41597942 38347 r
 -0.004044809 -0.022295719 -0.0028463865 38535 g
 0.64942724 -6.327875 7.656657 38538 a
 -0.28955123 -0.17760456 0.4129645 38544 r
 2.1624868E-4 0.0022053637 -0.0015148061 38734 g
 0.7110779 -6.2728086 7.74225 38738 a
 -0.2890752 -0.1777375 0.410193 38742 r
 0.010868893 0.0040695765 -0.016162192 38934 g
 0.56682724 -6.253655 7.6644382 38937 a
 -0.28855726 -0.17773664 0.4079794 38942 r
 -0.008039551 0.0035369443 0.010469419 39136 g
 0.53689975 -6.3362546 7.741651 39140 a
 -0.28905433 -0.17642906 0.40714726 39144 r
 -0.039198536 0.013124324 0.011002051 39341 g
 0.80325466 -6.175245 7.795521 39345 a
 -0.2907045 -0.17571303 0.40477 39348 r
 0.026315227 0.011526427 0.02192101 39536 g
 0.7356185 -6.3787518 7.6530657 39540 a
 -0.2932497 -0.17521837 0.40342608 39544 r
 0.015129951 0.020048542 -0.0023137543 39737 g
 0.6344634 -6.361394 7.6734166 39741 a
 -0.2915975 -0.1766232 0.40375844 39745 r
 0.009537312 0.008330634 -0.011368502 39937 g
 0.6452374 -6.315904 7.665635 39941 a
 -0.29090744 -0.17632288 0.40359756 39945 r
 -0.001381648 0.0040695765 0.0046104644 40136 g
 0.66738373 -6.3260794 7.6823945 40141 a
 -0.29073474 -0.17605063 0.40358552 40153 r
 0.0050099385 0.0032706282 -0.005775864 40335 g
 0.6003461 -6.371569 7.6440873 40338 a
 -0.29116097 -0.17621237 0.40340456 40347 r
 -0.003512177 -0.010311494 0.013931528 40544 g
 0.6428431 -6.320094 7.6919713 40548 a
 -0.29155815 -0.1761783 0.40338102 40552 r
 -0.0019142802 0.0038032604 -1.8322548E-4 40737 g
 0.65780693 -6.321291 7.66384 40741 a
 -0.29156116 -0.17592102 0.40348104 40745 r
 -0.001381648 -4.5779737E-4 0.0019473034 40937 g
 0.6206968 -6.3350577 7.6255326 40941 a
 -0.29147896 -0.17593452 0.40339896 40945 r
 -0.0024469125 -0.003919907 -4.4954158E-4 41137 g
 0.635062 -6.344036 7.651869 41142 a
 -0.29124433 -0.17680588 0.40591952 41145 r
 7.488809E-4 3.4115094E-4 0.0024799355 41354 g
 0.6715736 -6.3721676 7.6524673 41364 a
 -0.29033706 -0.17849398 0.410861 41367 r
 4.825648E-4 0.002737996 -9.821738E-4 41540 g
 0.6584055 -6.3584013 7.6823945 41544 a
 -0.28992558 -0.17963433 0.4131547 41547 r
 0.0015478292 -0.0017893779 -0.004177967 41736 g
 0.66738373 -6.3141084 7.65546 41741 a
 -0.29000944 -0.1794357 0.41261318 41745 r
 0.0026130937 0.0046022087 -0.0031127026 41937 g
 0.61650693 -6.3392477 7.6488757 41942 a
 -0.2894916 -0.17899138 0.41145822 41946 r
 -5.8269966E-4 0.012325375 0.0067409934 42137 g
 0.5931635 -6.353014 7.6482773 42142 a
 -0.29016635 -0.17812869 0.4099438 42146 r
 0.0063415193 0.011526427 -0.009504289 42341 g
 0.6967127 -6.2805896 7.654263 42344 a
 -0.29058546 -0.17708382 0.40918937 42348 r
 0.0020804615 0.003004312 -0.0028463865 42541 g
 0.64583594 -6.335656 7.681796 42544 a
 -0.29030573 -0.17654917 0.40765598 42548 r
 0.0020804615 3.4115094E-4 0.0035452 42738 g
 0.65301853 -6.327875 7.6428905 42743 a
 -0.29034612 -0.17606008 0.40627775 42746 r
 -0.0032458608 0.0019390476 0.0032788839 42941 g
 0.6775591 -6.3248825 7.6746135 42945 a
 -0.2908463 -0.17528245 0.4037719 42948 r
 -0.0072406023 0.003004312 0.0046104644 43137 g
 0.66738373 -6.3619924 7.669825 43142 a
 -0.29132226 -0.17488196 0.40230063 43145 r
 7.488809E-4 6.07467E-4 0.0027462516 43337 g
 0.6218939 -6.293758 7.6428905 43342 a
 -0.29176 -0.17451698 0.40024337 43345 r
 -0.0019142802 8.7378314E-4 6.1572285E-4 43536 g
 0.6607997 -6.321291 7.6375036 43541 a
 -0.2921982 -0.1739296 0.39861187 43545 r
 -0.0032458608 0.0011400993 0.0022136194 43739 g
 0.6398504 -6.329072 7.635708 43743 a
 -0.29233834 -0.17402652 0.398685 43747 r
 -0.003512177 0.0016727315 8.8203896E-4 43938 g
 0.64583594 -6.3141084 7.6907744 43942 a
 -0.29250214 -0.17399123 0.39851537 43946 r
 -0.003778493 -0.0028546425 -1.8322548E-4 44141 g
 0.623091 -6.331466 7.6710224 44145 a
 -0.29204652 -0.17479742 0.40085647 44149 r
 -0.0043111253 0.005134841 0.0043441486 44339 g
 0.64823014 -6.329671 7.65546 44343 a
 -0.29176965 -0.17534614 0.4027063 44347 r
 -0.001381648 0.005134841 0.004077832 44537 g
 0.65301853 -6.3182983 7.6614456 44543 a
 -0.2920127 -0.1751799 0.40262625 44546 r
 -0.0011153319 -0.0025883263 0.0019473034 44742 g
 0.6302736 -6.3601966 7.6734166 44746 a
 -0.29202148 -0.17495331 0.40261814 44749 r
 -0.0032458608 0.0014064154 0.0048767803 44936 g
 0.61112 -6.342839 7.6213427 44941 a
 -0.29256094 -0.17456353 0.40157077 44944 r
 0.005808887 -0.0055178036 -0.009237973 45140 g
 0.60094464 -6.363788 7.703344 45151 a
 -0.29260713 -0.17452502 0.40126356 45155 r
 0.0018141454 7.4834825E-5 -9.821738E-4 45345 g
 0.61770403 -6.349423 7.674015 45348 a
 -0.29257667 -0.17469579 0.40201208 45356 r
 -3.1638352E-4 0.0014064154 8.309063E-5 45538 g
 0.6500258 -6.339846 7.6345105 45544 a
 -0.29275498 -0.17451605 0.40157643 45547 r
 0.0063415193 -0.007648332 -0.0028463865 45740 g
 0.6727707 -6.315904 7.704541 45744 a
 -0.2924875 -0.17487812 0.40210286 45747 r
 0.024717331 -0.010045177 -0.018559037 45942 g
 0.75596917 -6.2542534 7.7440453 45946 a
 -0.29072773 -0.17595464 0.40211377 45950 r
 0.0018141454 0.010461163 -0.009237973 46130 g
 0.7206547 -6.297349 7.7081323 46132 a
 -0.28890914 -0.17649797 0.4021305 46133 r
 0.0063415193 -0.0023220102 -0.0020474382 46340 g
 0.66259533 -6.30932 7.665635 46344 a
 -0.2888581 -0.17581198 0.4001321 46347 r
 0.0015478292 7.4834825E-5 -4.4954158E-4 46541 g
 0.6775591 -6.2859764 7.7027454 46544 a
 -0.28901997 -0.17495656 0.397828 46548 r
 0.0036783582 -9.904295E-4 -0.0031127026 46741 g
 0.6853402 -6.2991447 7.679402 46745 a
 -0.28877255 -0.17479265 0.39775333 46748 r
 0.0018141454 -0.0012567457 8.8203896E-4 46939 g
 0.6733692 -6.3141084 7.700351 46944 a
 -0.28895044 -0.17478025 0.39774385 46947 r
 -0.006441654 0.003004312 0.0043441486 47143 g
 0.66618663 -6.293758 7.6692266 47147 a
 -0.2890661 -0.17514163 0.39937738 47150 r
 -0.006441654 0.0040695765 0.003811516 47341 g
 0.6895301 -6.303933 7.6853876 47344 a
 -0.28940302 -0.17554784 0.40130493 47348 r
 -0.0029795447 -0.0015230618 0.0051430967 47541 g
 0.6404489 -6.2979474 7.6668324 47544 a
 -0.28940028 -0.17630664 0.40346107 47548 r
 -0.0029795447 -0.003919907 0.0011483551 47743 g
 0.6488287 -6.342839 7.6452847 47746 a
 -0.28946033 -0.17697656 0.4056429 47750 r
 -0.0021805963 0.0022053637 0.0022136194 47941 g
 0.6536171 -6.289568 7.6488757 47945 a
 -0.28969464 -0.17746896 0.40732428 47948 r
 -0.0011153319 0.0014064154 0.0035452 48141 g
 0.6392518 -6.3380504 7.675811 48145 a
 -0.28958493 -0.17792895 0.40874436 48148 r
 -0.0024469125 -0.0017893779 -0.0015148061 48344 g
 0.62129533 -6.330868 7.6506715 48347 a
 -0.28952754 -0.17842194 0.41047582 48351 r
 -3.1638352E-4 3.4115094E-4 -0.0015148061 48537 g
 0.6697779 -6.3284736 7.6387005 48542 a
 -0.28982407 -0.17819148 0.41025028 48545 r
 -0.001381648 0.0024716798 0.0016809873 48742 g
 0.58897364 -6.3446345 7.6728177 48745 a
 -0.29026848 -0.17789388 0.409188 48749 r
 4.825648E-4 -0.002055694 0.0016809873 48944 g
 0.65421563 -6.3607955 7.6722193 48948 a
 -0.29084164 -0.17732331 0.40850464 48951 r
 2.1624868E-4 0.0019390476 -0.0031127026 49141 g
 0.6206968 -6.3446345 7.667431 49145 a
 -0.29065707 -0.17761815 0.4093643 49148 r
 0.0036783582 -0.002055694 -0.004444283 49342 g
 0.6183026 -6.3380504 7.5866265 49345 a
 -0.29036817 -0.17780244 0.409923 49349 r
 0.013532054 -0.006050436 -0.012700083 49541 g
 0.6751649 -6.301539 7.7105265 49545 a
 -0.28994876 -0.17811802 0.40934733 49549 r
 0.0023467776 0.002737996 -7.158577E-4 49741 g
 0.6655881 -6.317101 7.699753 49745 a
 -0.28939 -0.17781186 0.4084154 49748 r
 -0.0024469125 -0.002055694 0.003811516 49948 g
 0.63087213 -6.2769985 7.69257 49952 a
 -0.28961375 -0.1771419 0.40712067 49954 r
 0.0023467776 8.7378314E-4 -0.0031127026 50143 g
 0.60932434 -6.339846 7.7266874 50154 a
 -0.28960598 -0.1764147 0.4054261 50159 r
 -0.0027132286 -1.9148127E-4 -0.005775864 50341 g
 0.65421563 -6.3153057 7.713519 50344 a
 -0.28984457 -0.175742 0.404569 50348 r
 -3.1638352E-4 -7.241135E-4 0.0030125678 50543 g
 0.6907272 -6.318897 7.6823945 50547 a
 -0.28978053 -0.17558208 0.40395913 50551 r
 -0.0021805963 -7.241135E-4 0.0030125678 50745 g
 0.62488663 -6.302736 7.6770077 50748 a
 -0.2895783 -0.17606786 0.4050819 50752 r
 -0.003512177 -0.0017893779 0.0030125678 50942 g
 0.6135142 -6.301539 7.6590514 50945 a
 -0.28983566 -0.17590684 0.40502486 50949 r
 0.0012815131 -0.0023220102 -0.004177967 51141 g
 0.6344634 -6.333262 7.6764092 51145 a
 -0.28992942 -0.1760242 0.40512916 51148 r
 -8.490158E-4 0.0035369443 0.0022136194 51344 g
 0.6326678 -6.3248825 7.679402 51348 a
 -0.29013044 -0.17596513 0.40519598 51352 r
 -3.1638352E-4 -0.0028546425 -0.00124849 51544 g
 0.6536171 -6.3218894 7.6746135 51547 a
 -0.29046217 -0.17577362 0.4047704 51551 r
 -8.490158E-4 -4.5779737E-4 0.0019473034 51741 g
 0.6422446 -6.3248825 7.6668324 51745 a
 -0.2903843 -0.17607924 0.40546432 51749 r
 -0.006441654 -1.9148127E-4 0.0016809873 51944 g
 0.6290765 -6.3123126 7.674015 51948 a
 -0.29031637 -0.17647323 0.40685537 51952 r
 -0.0019142802 0.005134841 0.0022136194 52141 g
 0.65301853 -6.345233 7.6548615 52145 a
 -0.29004344 -0.17703629 0.40847394 52148 r
 -5.006743E-5 0.0019390476 3.4940674E-4 52342 g
 0.63206923 -6.3326635 7.6734166 52346 a
 -0.29059672 -0.17707661 0.40893218 52349 r
 -8.490158E-4 0.0016727315 -0.0020474382 52543 g
 0.6362591 -6.3350577 7.665635 52547 a
 -0.29137477 -0.17592907 0.40583435 52553 r
 -5.006743E-5 8.7378314E-4 0.0014146712 52742 g
 0.6398504 -6.330868 7.6369047 52745 a
 -0.29197752 -0.17492333 0.4028497 52749 r
 0.008738364 -0.007914648 -0.003911651 52942 g
 0.62368953 -6.290765 7.654263 52946 a
 -0.29211122 -0.174492 0.40097126 52949 r
 0.010602577 -0.0031209586 -0.006841128 53144 g
 0.6404489 -6.3206925 7.679402 53147 a
 -0.29169223 -0.17390749 0.3990768 53151 r
 4.825648E-4 0.0040695765 -7.158577E-4 53342 g
 0.65182143 -6.318897 7.7051396 53346 a
 -0.29162872 -0.17325196 0.39747128 53349 r
 0.003412042 0.0019390476 -1.8322548E-4 53541 g
 0.6536171 -6.318897 7.675811 53545 a
 -0.2917146 -0.1725648 0.3960949 53548 r
 0.0047436226 0.003004312 -0.00124849 53744 g
 0.6907272 -6.329671 7.7093296 53748 a
 -0.29103458 -0.17322475 0.39844635 53751 r
 -8.490158E-4 7.4834825E-5 0.0027462516 53941 g
 0.6428431 -6.3338604 7.714118 53945 a
 -0.29069313 -0.17350519 0.3988165 53948 r
 -0.0032458608 -0.0031209586 0.0011483551 54142 g
 0.6434417 -6.3033347 7.697957 54146 a
 -0.29081452 -0.17372987 0.39938477 54149 r
 -0.004577441 0.0016727315 0.0067409934 54344 g
 0.6715736 -6.5457473 7.709928 54347 a
 -0.29087886 -0.17385602 0.40005472 54351 r
 -0.06689541 0.029902238 0.023518909 54545 g
 0.82121116 -6.2650275 7.621941 54549 a
 -0.2925386 -0.17461729 0.40168133 54553 r
 -0.0011153319 -0.0025883263 0.009137838 54742 g
 0.6362591 -6.4146647 7.5704656 54745 a
 -0.29394245 -0.17573148 0.40356395 54749 r
 -0.0077732345 8.7378314E-4 0.00833889 54945 g
 -0.58298814 -6.0465565 7.9104424 54948 a
 -0.29361862 -0.17690977 0.40571436 54955 r
 -0.012566924 0.0035369443 0.058140002 55142 g
 0.717662 -6.4068837 7.677606 55146 a
 -0.2928513 -0.1773696 0.41006842 55149 r
 -0.023485884 0.012325375 -0.018026404 55343 g
 0.87567925 -6.395511 7.375937 55347 a
 -0.29210025 -0.1784066 0.41643628 55352 r
 0.003145726 -0.022029402 0.00833889 55545 g
 0.049679685 -6.285378 7.654263 55548 a
 -0.29173532 -0.1793451 0.4162841 55556 r
 0.03989735 -0.04892733 -0.02654852 55742 g
 0.61291564 -6.3871317 7.607576 55746 a
 -0.2893316 -0.17837384 0.4180781 55749 r
 -0.0027132286 0.03309803 -0.025483256 55942 g
 0.7613561 -6.3512187 7.680599 55946 a
 -0.29049605 -0.17791569 0.41783252 55950 r
 0.006075203 -0.011110442 -0.011368502 56144 g
 0.6362591 -6.344036 7.690176 56147 a
 -0.2895553 -0.17830518 0.417398 56151 r
 -5.006743E-5 -9.904295E-4 -0.0060421797 56342 g
 0.7152678 -6.31351 7.6333137 56346 a
 -0.2896066 -0.17755541 0.41541788 56349 r
 -0.00670797 0.008064318 0.0072736256 56544 g
 0.6619968 -6.405088 7.6853876 56548 a
 -0.28923604 -0.17760876 0.41369125 56553 r
 0.0047436226 -0.013773602 -4.4954158E-4 56745 g
 0.59735334 -6.261436 7.8571715 56749 a
 -0.28935012 -0.17762417 0.41285828 56752 r
 -0.025350098 0.008863267 0.036302082 56944 g
 0.6679823 -6.3589997 7.657854 56948 a
 -0.28928468 -0.1767425 0.413726 56952 r
 0.03297313 -0.047595747 -0.040663272 57147 g
 0.7445967 -6.22672 7.607576 57150 a
 -0.2868313 -0.17947462 0.411266 57154 r
 -0.01150166 -0.0012567457 -0.018559037 57347 g
 0.7930793 -6.257246 7.621941 57350 a
 -0.28431648 -0.18296 0.4104227 57354 r
 0.04309314 -0.029219937 -0.027613785 57545 g
 0.92057055 -6.299743 7.690176 57549 a
 -0.2843735 -0.1848259 0.4095945 57552 r
 0.0018141454 -0.0063167517 -0.018825352 57745 g
 0.91937345 -6.2985463 7.675811 57748 a
 -0.28339237 -0.18663007 0.4087815 57752 r
 -0.0027132286 0.0032706282 -0.003911651 57949 g
 0.931943 -6.2644286 7.675811 57953 a
 -0.2827038 -0.18774205 0.40828708 57957 r
 -0.0019142802 0.010727479 0.011534683 58144 g
 0.9498995 -6.3721676 7.6823945 58148 a
 -0.28301358 -0.187228 0.4084489 58152 r
 -0.0048437575 -7.241135E-4 0.010203103 58344 g
 0.80804306 -6.215946 7.643489 58348 a
 -0.2838334 -0.18717748 0.40796885 58351 r
 0.010069945 -0.004718855 -0.012966398 58549 g
 0.7918822 -6.3380504 7.6506715 58553 a
 -0.28394422 -0.186764 0.4077992 58557 r
 0.01033626 0.0040695765 -7.158577E-4 58744 g
 0.8774749 -6.3344593 7.5968018 58748 a
 -0.2850752 -0.18563434 0.40579924 58751 r
 0.01859206 -0.0055178036 -0.006574812 58947 g
 0.9684546 -6.2123547 7.6985555 58951 a
 -0.28566766 -0.18544015 0.4037191 58955 r
 -0.01629535 0.009129583 0.025116805 59147 g
 0.86490536 -6.379949 7.621941 59151 a
 -0.2857963 -0.18482807 0.40324268 59155 r
 0.0036783582 0.0048685246 0.00833889 59344 g
 0.8972271 -6.3601966 7.711724 59348 a
 -0.2867811 -0.18433899 0.4029698 59351 r
 -0.008572183 -0.004186223 0.0019473034 59544 g
 0.81043726 -6.2380924 7.6644382 59548 a
 -0.28625154 -0.18535915 0.40501133 59551 r
 0.011934157 -0.0023220102 -0.003911651 59747 g
 0.88944596 -6.3206925 7.6189485 59751 a
 -0.28537714 -0.18594223 0.40649673 59754 r
 -0.003778493 0.0075316858 0.005675729 59947 g
 0.8762778 -6.364985 7.6883802 59950 a
 -0.28610933 -0.186355 0.40857938 59954 r
 -0.0069742864 0.014722221 0.0094041545 60292 g
