 -5.8269966E-4 0.03948962 0.02538312 2 g
 -1.4867992 -6.7324953 7.264008 4 a
 -0.3391029 -0.17415994 0.5910805 6 r
 0.014331003 -0.023627298 -0.032407474 109 g
 -1.4478935 -6.7241154 7.125743 116 a
 -0.33918336 -0.17179558 0.5898139 120 r
 0.01859206 -0.04466627 -0.024950624 315 g
 -1.3611037 -6.595427 7.1089835 320 a
 -0.3362629 -0.1718378 0.5860192 323 r
 -0.020822724 0.02031486 0.028578915 515 g
 -1.4544775 -6.7522473 7.025785 519 a
 -0.33561435 -0.17066616 0.58208734 522 r
 -0.016827982 -0.01190939 -0.015895875 716 g
 -1.3275849 -6.7103486 7.595605 720 a
 -0.33694947 -0.17048502 0.5805816 723 r
 -0.003512177 -0.019632557 -0.02308641 913 g
 -1.3910311 -6.743868 7.217321 918 a
 -0.33536088 -0.17148554 0.5785057 922 r
 -0.009371131 -0.012708338 0.017393637 1114 g
 -1.2707225 -6.75524 7.150882 1118 a
 -0.33504385 -0.17216006 0.57703394 1122 r
 0.009270996 0.06372438 0.06293369 1314 g
 -1.7788919 -6.546346 7.185598 1319 a
 -0.33679175 -0.17070219 0.57688445 1322 r
 0.07824687 0.15294027 0.19103174 1515 g
 -2.528277 -6.3284736 7.3388267 1520 a
 -0.34379524 -0.15731192 0.5806052 1523 r
 0.010602577 0.038424354 0.18357489 1714 g
 -2.4169466 -6.3751607 6.995259 1718 a
 -0.34942478 -0.13502318 0.59005183 1722 r
 2.1624868E-4 0.018983278 0.09036425 1914 g
 -3.7253778 -6.25964 7.3807254 1919 a
 -0.35379595 -0.12409122 0.6042432 1922 r
 0.048153147 0.2043393 -0.028679049 2115 g
 -1.1282675 -6.215946 6.8970966 2120 a
 -0.35725355 -0.10973658 0.598447 2123 r
 0.31926295 -0.19353698 -0.28487515 2315 g
 -2.7431567 -6.5804634 7.2101383 2319 a
 -0.3468418 -0.11435619 0.6056418 2323 r
 -0.05118276 -0.12136531 0.16812855 2517 g
 -1.1061212 -6.2464724 7.739257 2520 a
 -0.3522927 -0.105186254 0.5846644 2524 r
 0.267065 -0.14293692 -0.29499516 2715 g
 -1.6035166 -6.3769565 7.307702 2719 a
 -0.34383008 -0.10913734 0.5887119 2723 r
 -0.088999644 -0.13947481 0.22725073 2915 g
 -2.8413188 -6.3925185 7.3322425 2920 a
 -0.34123924 -0.11085658 0.57998735 2923 r
 -0.005909022 0.10713391 -0.25238457 3117 g
 -1.1845313 -6.0285997 7.2993226 3121 a
 -0.34515965 -0.108491644 0.57266945 3126 r
 0.0390984 -0.23188649 -0.05744119 3315 g
 -1.3018472 -6.3111157 7.256227 3320 a
 -0.33928508 -0.11816764 0.57233554 3324 r
 -0.0019142802 -0.10245687 0.11300112 3514 g
 -2.0153193 -6.3218894 7.1646485 3519 a
 -0.33704302 -0.12275651 0.5656375 3523 r
 -0.013898505 -0.08274947 0.14202957 3720 g
 -1.910573 -6.2123547 7.45734 3724 a
 -0.34317303 -0.12071808 0.5670331 3728 r
 0.019657325 -0.07848842 0.010203103 3915 g
 -2.180519 -6.303933 7.321469 3919 a
 -0.3407148 -0.122024655 0.56749004 3923 r
 0.044158407 -0.07848842 0.10980532 4115 g
 -2.2284033 -6.245275 7.3525934 4119 a
 -0.33937907 -0.12359686 0.56891423 4123 r
 0.04682157 -0.040937845 0.10847375 4321 g
 -2.505532 -6.2662244 7.474099 4325 a
 -0.33849445 -0.12446988 0.57149774 4329 r
 0.025516279 0.032299083 0.1489538 4515 g
 -2.8904 -6.213552 7.6440873 4519 a
 -0.33959585 -0.12416613 0.5737483 4523 r
 0.08117635 -0.0782221 -0.011368502 4716 g
 -2.6809072 -6.0405707 7.6572556 4720 a
 -0.33953905 -0.12529957 0.5740015 4723 r
 0.035369974 -0.066504195 -0.052381184 4917 g
 -1.8986019 -6.2620344 7.4106526 4920 a
 -0.33308765 -0.13259003 0.57242006 4924 r
 -0.0056427056 0.03735909 -0.06676225 5108 g
 -2.0416555 -6.615179 7.439982 5110 a
 -0.324389 -0.14224508 0.5689345 5112 r
 -0.0567754 0.093818106 0.33031505 5316 g
 -1.2671312 -6.8827314 8.297705 5320 a
 -0.33155435 -0.13585475 0.573065 5324 r
 0.26573342 0.21925299 -0.52615756 5517 g
 -1.3090298 -5.8292828 7.5321584 5521 a
 -0.3348064 -0.12833172 0.5831892 5525 r
 -0.0567754 0.1630603 0.014996792 5715 g
 -3.9372647 -6.587646 7.939771 5720 a
 -0.33386418 -0.12957564 0.59666497 5724 r
 -0.35851154 0.2754457 0.6080828 5916 g
 -3.3854012 -6.3883286 6.6732388 5921 a
 -0.3441274 -0.12060185 0.5940015 5924 r
 -0.01017008 -0.1807538 -0.07714858 6116 g
 -1.8920178 -6.1938 7.1766195 6120 a
 -0.33834153 -0.11931917 0.584858 6124 r
 0.15441327 0.20380665 -0.5490607 6316 g
 -1.3664906 -6.637326 7.4896617 6320 a
 -0.3391729 -0.12513113 0.5996166 6323 r
 -0.018159563 -0.2236307 0.40807936 6516 g
 -2.3056161 -6.344036 6.633734 6520 a
 -0.339379 -0.12732565 0.60120445 6523 r
 -0.053579606 -0.07982 0.024850488 6717 g
 -1.8016368 -6.4547677 7.2741833 6721 a
 -0.33545008 -0.12655011 0.58944947 6724 r
 0.09635636 0.059197012 -0.2856741 6917 g
 -2.4756045 -6.289568 7.825448 6921 a
 -0.33776453 -0.12974063 0.5977207 6924 r
 -0.08793438 -0.04892733 0.20621176 7117 g
 -3.2483332 -5.7598505 7.3867106 7122 a
 -0.33937642 -0.12942925 0.5957176 7126 r
 -0.001381648 0.009928531 -0.030809578 7317 g
 -2.0057425 -6.593033 7.1167645 7321 a
 -0.3398562 -0.12195769 0.5856685 7324 r
 0.05347947 0.07730651 -0.11283494 7518 g
 -1.460463 -6.5858502 7.2592196 7522 a
 -0.3401632 -0.123038456 0.5868922 7525 r
 -0.04638907 -0.044133637 0.08903267 7716 g
 -2.801216 -6.1938 7.1622543 7720 a
 -0.33797106 -0.12427963 0.5840238 7724 r
 0.0055425707 -0.0963316 -0.26356986 7917 g
 -1.4921862 -6.691794 7.45734 7921 a
 -0.3483647 -0.12175043 0.58196145 7925 r
 -0.0666291 -0.0028546425 -0.069958046 8117 g
 -1.3221979 -6.7013707 7.3657618 8121 a
 -0.3424893 -0.13667879 0.5760457 8124 r
 0.012999422 0.025907498 -0.03666853 8341 g
 -1.7723078 -6.741473 7.128137 8343 a
 -0.34808138 -0.14226568 0.5814424 8344 r
 0.019391008 -0.04892733 -0.03294011 8519 g
 -1.8130093 -6.483498 6.983288 8523 a
 -0.34638745 -0.14734235 0.5700889 8526 r
 0.085703716 -0.07183051 -0.15544552 8718 g
 -1.6537948 -7.20954 7.2364745 8722 a
 -0.34450614 -0.1511302 0.56537193 8725 r
 -0.030410103 0.033364348 0.21153808 8931 g
 -0.6817489 -6.737882 7.591415 8932 a
 -0.3443807 -0.15034375 0.56200856 8937 r
 0.1365701 -0.098994754 -0.1850066 9108 g
 -0.9259575 -6.679224 6.986879 9109 a
 -0.34250364 -0.15086192 0.56675154 9110 r
 0.14722274 -0.035345208 -0.13893391 9318 g
 -1.3144168 -6.8001313 7.2831616 9322 a
 -0.3309562 -0.1582956 0.55326456 9325 r
 -0.0021805963 0.02217907 0.04748736 9518 g
 -1.0851719 -6.8342485 7.3699512 9522 a
 -0.33149302 -0.15778962 0.5493056 9525 r
 0.033772077 -0.024426248 0.10820743 9719 g
 -0.97623575 -6.7600284 7.395689 9723 a
 -0.33067927 -0.15527058 0.5531551 9726 r
 -0.04958486 -0.04333469 0.1968907 9918 g
 -1.323395 -6.657676 7.1909847 9922 a
 -0.33241677 -0.15730819 0.566029 9926 r
 -0.0107027115 -0.0012567457 -0.027347468 10118 g
 -2.2906525 -6.63134 7.0449386 10127 a
 -0.33324653 -0.15808344 0.57422096 10131 r
 -0.12734917 -0.10219055 0.21606545 10320 g
 -2.0308816 -6.918046 7.015011 10325 a
 -0.3406165 -0.16217446 0.577185 10329 r
 0.03856577 -0.034279943 -0.07448542 10519 g
 -1.0672154 -6.2351 7.5016327 10523 a
 -0.34110013 -0.16617948 0.58059376 10527 r
 0.02817944 -0.016969396 -0.19512662 10719 g
 -1.0875661 -6.4924765 6.8282633 10723 a
 -0.33433196 -0.16100931 0.58648115 10726 r
 0.0012815131 0.045348573 0.16946013 10919 g
 -1.5149311 -6.238691 6.9120603 10923 a
 -0.33103007 -0.16296199 0.58514243 10926 r
 0.099818476 -0.04812838 0.124985345 11119 g
 -1.2264298 -6.6600704 7.150882 11123 a
 -0.33233374 -0.16128325 0.5820387 11126 r
 -0.03680169 -0.016170448 0.03363892 11317 g
 -2.3104045 -7.1167645 7.0467343 11321 a
 -0.33316427 -0.16161984 0.58438414 11325 r
 0.07025739 -0.015637815 0.044291563 11521 g
 -1.4616601 -5.953781 6.7067575 11524 a
 -0.33589643 -0.15644848 0.58190125 11528 r
 0.020456273 -0.032682046 0.019524166 11720 g
 -1.7345991 -6.9988503 7.557896 11723 a
 -0.33584234 -0.15478116 0.58175355 11727 r
 -0.04931855 0.022711704 -0.0076400763 11920 g
 -2.5779567 -6.3045316 7.2298903 11923 a
 -0.33921888 -0.15506878 0.5817259 11927 r
 -8.490158E-4 -0.06890104 -0.12641706 12122 g
 -0.7320272 -6.4008985 6.7324953 12126 a
 -0.34069264 -0.15278998 0.58463925 12130 r
 0.010868893 -0.13840954 0.010203103 12319 g
 -1.951873 -7.1395097 6.8121023 12323 a
 -0.33737472 -0.15898699 0.5865919 12326 r
 0.061202638 0.07837177 0.09489162 12521 g
 -1.4640543 -6.4457893 7.095815 12525 a
 -0.3417023 -0.15855566 0.5868252 12528 r
 -0.043459594 0.025374865 0.017659953 12722 g
 -3.1489737 -7.4124484 8.119935 12725 a
 -0.34014177 -0.15937734 0.5898817 12729 r
 0.10274795 0.17744136 -0.04039696 12920 g
 -0.9624691 -5.807136 5.9519854 12924 a
 -0.34305796 -0.15537924 0.5914139 12927 r
 0.23670495 -0.12056636 -0.096589655 13123 g
 -0.76315176 -6.5086374 6.3763576 13126 a
 -0.3419807 -0.14610997 0.5935326 13135 r
 -0.014697453 -0.17809065 0.02138838 13320 g
 -2.0763714 -7.491457 7.8290396 13324 a
 -0.34048 -0.15652421 0.5899151 13328 r
 0.06865949 0.058664378 -0.024151675 13520 g
 -2.36188 -6.325481 7.228095 13524 a
 -0.34252846 -0.15654114 0.5858919 13528 r
 -0.06689541 -0.114174776 0.06506422 13720 g
 -0.9475053 -6.928221 7.165846 13723 a
 -0.3449641 -0.15643057 0.59237236 13727 r
 0.099552155 0.043750677 -0.094725445 13941 g
 -1.9141643 -7.7027454 7.0569096 13943 a
 -0.34453315 -0.16414171 0.5867942 13944 r
 0.08836688 0.27970675 -0.042793803 14121 g
 -1.1803415 -6.7492547 7.1047935 14124 a
 -0.3505618 -0.16579983 0.58374184 14128 r
 0.051881574 0.12923814 -0.16263606 14320 g
 -2.167351 -6.689998 7.3298483 14324 a
 -0.3445271 -0.16091597 0.5852962 14327 r
 -0.078347005 0.21978562 0.098087415 14521 g
 -3.0520086 -6.7588315 7.00723 14525 a
 -0.3588 -0.1542885 0.5917719 14529 r
 -0.025350098 -0.13015375 0.30341715 14720 g
 -1.9955671 -6.421249 6.6229606 14724 a
 -0.36816373 -0.13275918 0.59915334 14727 r
 -0.3164336 -0.25905073 -0.08753491 14921 g
 -1.2958617 -7.9732904 7.305308 14925 a
 -0.36177415 -0.15255988 0.6199028 14928 r
 0.020456273 0.23869407 -0.44067007 15121 g
 -1.9015948 -6.819285 6.7121444 15129 a
 -0.36038482 -0.1747806 0.61327726 15132 r
 0.0159289 -0.020964138 -1.8322548E-4 15324 g
 -1.757344 -6.481104 6.949769 15327 a
 -0.35840678 -0.17790559 0.61399394 15331 r
 0.08943214 0.009662215 -0.016162192 15522 g
 -1.7130513 -6.649895 7.0982094 15525 a
 -0.356116 -0.17329049 0.6199991 15529 r
 -0.08074385 -0.35891926 0.5183342 15722 g
 0.34117374 -6.315904 6.9144545 15726 a
 -0.3570175 -0.17759994 0.62195677 15729 r
 -0.044524856 -0.22123384 0.21713072 15922 g
 -0.9588778 -6.393117 6.555324 15926 a
 -0.34516966 -0.18268171 0.62111515 15930 r
 0.022320485 0.18889296 -0.35917735 16134 g
 -0.7679402 -6.0501475 6.5786676 16138 a
 -0.34516966 -0.18268171 0.62111515 16149 r
 0.045223672 -0.039872583 -0.1320097 16338 g
 -1.0199299 -6.951565 6.813898 16342 a
 -0.34215477 -0.1841684 0.6218508 16346 r
 -0.11536494 -0.21644016 0.33457613 16538 g
 -1.922544 -6.0501475 6.657078 16542 a
 -0.34280834 -0.18847063 0.6217175 16545 r
 -0.08873333 -0.22735912 0.32179296 16736 g
 -3.9438488 -7.0132155 6.3105173 16740 a
 -0.34123966 -0.18473744 0.6154539 16743 r
 0.003145726 -0.11390846 0.08264109 16937 g
 -3.525462 -7.7129207 6.895301 16941 a
 -0.34065607 -0.17883328 0.6041686 16945 r
 0.1416301 0.31512678 -0.585546 17136 g
 -2.4450784 -6.359598 6.6666546 17142 a
 -0.3466182 -0.17796364 0.60677856 17146 r
 0.21619861 0.3846353 -0.7384115 17336 g
 -0.81522566 -6.5361705 7.053318 17340 a
 -0.35138288 -0.17264882 0.6038087 17344 r
 0.15547854 0.15879923 -0.31017518 17541 g
 -1.3706805 -6.6265516 7.0371575 17544 a
 -0.35125428 -0.1726518 0.60421425 17548 r
 0.0020804615 0.0024716798 0.03150839 17735 g
 -2.1404164 -6.5655 6.64391 17739 a
 -0.3490164 -0.17138064 0.5989329 17743 r
 -0.059704874 -0.17702538 0.13164325 17937 g
 -1.4838065 -6.704962 6.283582 17940 a
 -0.35791272 -0.16926053 0.6009943 17944 r
 0.003944674 0.0871602 0.0051430967 18138 g
 -2.6569653 -6.4140663 7.001843 18142 a
 -0.3666548 -0.16817653 0.60291654 18146 r
 0.1416301 0.24694987 0.20594545 18336 g
 -2.8628666 -6.7324953 6.578069 18340 a
 -0.36451516 -0.14846021 0.6171939 18343 r
 0.031907864 0.24535197 0.1060769 18539 g
 -4.2066126 -6.26383 6.8001313 18543 a
 -0.37011933 -0.12356846 0.62950736 18546 r
 -0.119093366 0.028836975 0.30980873 18739 g
 -4.074931 -6.615778 5.881955 18743 a
 -0.37932435 -0.10583702 0.62400717 18747 r
 0.119525865 -0.45798886 -0.24253088 18937 g
 -2.6342204 -6.381745 6.6175733 18941 a
 -0.37763336 -0.1037869 0.61840886 18944 r
 -0.050650127 -0.13654533 -0.013499031 19137 g
 -3.056797 -6.489484 7.0371575 19141 a
 -0.37608382 -0.108897045 0.6180797 19145 r
 -0.050916445 -0.035345208 0.0035452 19338 g
 -3.3865983 -6.4469867 6.9090676 19342 a
 -0.37486836 -0.10862306 0.61482424 19345 r
 -0.009903763 0.0075316858 -0.09339386 19538 g
 -3.2208 -6.3548098 6.8707604 19542 a
 -0.37541845 -0.10677111 0.6130201 19545 r
 0.003944674 0.010727479 -0.13094443 19736 g
 -3.105878 -6.4068837 6.980295 19740 a
 -0.37646735 -0.10541299 0.6117299 19744 r
 -0.01762693 -0.0145725515 -0.087801225 19938 g
 -3.1184478 -6.682217 6.7205243 19943 a
 -0.37595424 -0.10543528 0.6097835 19946 r
 0.0068741515 -0.04253574 -0.13174339 20143 g
 -3.4249055 -6.223129 7.1927805 20147 a
 -0.37605715 -0.10612713 0.60647184 20153 r
 -0.016827982 0.036293827 -0.09712229 20338 g
 -3.441665 -6.6786256 6.9222355 20341 a
 -0.37640035 -0.10193032 0.60393673 20345 r
 -0.022154305 0.048810683 -0.056375924 20540 g
 -3.4039562 -6.687604 7.0395517 20544 a
 -0.38008863 -0.09995802 0.6019866 20548 r
 0.0047436226 0.034429614 -0.054245394 20737 g
 -3.052607 -6.5601125 6.7199254 20741 a
 -0.37975758 -0.09858766 0.60019344 20744 r
 -0.113234416 0.1350971 0.14123063 20938 g
 -3.4733882 -7.553706 7.1101804 20942 a
 -0.3802297 -0.09794775 0.6002529 20945 r
 0.011135209 0.09195389 -0.12881391 21141 g
 -3.2010477 -6.741473 6.9707184 21144 a
 -0.38352653 -0.10197914 0.5998425 21148 r
 -0.006441654 -0.07502631 -0.023352727 21337 g
 -3.2321723 -6.8132997 7.0168066 21341 a
 -0.38410112 -0.10726035 0.59682435 21345 r
 0.0012815131 0.0046022087 -0.02441799 21539 g
 -2.938284 -6.577471 6.901885 21543 a
 -0.38146797 -0.11233841 0.5960906 21547 r
 -0.03467116 -0.016170448 -0.014031663 21741 g
 -3.2549171 -6.587646 6.8079123 21744 a
 -0.38038012 -0.113725945 0.5957565 21748 r
 -0.024018517 0.053338055 0.005942045 21938 g
 -3.1130607 -6.918046 6.8569937 21942 a
 -0.3799757 -0.11698003 0.59708315 21946 r
 -0.0069742864 0.059463326 -9.821738E-4 22138 g
 -3.6074634 -6.691195 6.915652 22142 a
 -0.38125804 -0.11779064 0.59806484 22145 r
 0.0071404674 0.031766452 -0.0073737605 22340 g
 -2.6366146 -7.1951747 6.938995 22344 a
 -0.38280755 -0.11560798 0.598584 22347 r
 0.040696297 0.13083604 -0.04385907 22536 g
 -3.0711622 -6.801927 7.055114 22541 a
 -0.37814367 -0.12075567 0.6001615 22545 r
 0.06093632 0.066920176 0.049884204 22742 g
 -3.3261447 -6.7564373 6.8863225 22746 a
 -0.37174183 -0.12560287 0.59986764 22750 r
 0.012466789 -0.18448223 -0.17302237 22941 g
 -3.0370448 -6.1117983 7.5082164 22945 a
 -0.36322403 -0.13893709 0.59419364 22948 r
 0.012733106 -0.08541264 -0.26570037 23138 g
 -3.2501287 -6.699575 7.0365586 23142 a
 -0.36322403 -0.13893709 0.59419364 23146 r
 -0.008572183 -0.11657162 -0.40338582 23337 g
 -2.2906525 -5.6245785 6.8228765 23341 a
 -0.36204287 -0.14356837 0.585543 23345 r
 -0.01150166 0.25680357 0.22405493 23539 g
 -3.1082723 -8.031948 6.528988 23543 a
 -0.35848415 -0.14612493 0.58488923 23546 r
 -0.013632189 0.07144755 -0.100584395 23741 g
 -2.9101522 -6.1620765 7.1023993 23744 a
 -0.37309584 -0.1330879 0.58829063 23748 r
 0.12698272 -0.14480112 -0.081675954 23937 g
 -2.6982653 -6.3913217 7.141904 23941 a
 -0.37309584 -0.1330879 0.58829063 23945 r
 0.016195215 0.15507081 0.006208361 24140 g
 -2.6156654 -6.8557963 6.835446 24143 a
 -0.37162417 -0.13054842 0.5926427 24147 r
 0.028978389 -0.053188387 -0.092594914 24340 g
 -2.2170308 -6.7145386 6.7929487 24343 a
 -0.37196705 -0.13325742 0.59093064 24347 r
 0.018325744 0.0022053637 -7.158577E-4 24539 g
 -2.0895395 -7.0186024 6.8785415 24543 a
 -0.36690944 -0.13708699 0.58896977 24546 r
 0.006607835 0.019515911 0.030443126 24741 g
 -2.066196 -6.4870896 7.381324 24744 a
 -0.3727206 -0.12428345 0.58909196 24748 r
 -0.05198171 -0.04147048 0.17931382 24938 g
 -2.1751323 -6.968324 6.9569516 24942 a
 -0.3727206 -0.12428345 0.58909196 24945 r
 0.061202638 -0.020964138 0.0024799355 25138 g
 -2.1242554 -6.7265096 6.9545574 25150 a
 -0.37234583 -0.12432812 0.58983916 25154 r
 0.039364718 -0.0017893779 -0.04652223 25339 g
 -2.420538 -6.7648168 6.9437833 25343 a
 -0.37227365 -0.12144825 0.5895557 25346 r
 0.020722589 -0.011376758 0.05760737 25539 g
 -3.1717186 -6.9545574 7.144298 25542 a
 -0.37227365 -0.12144825 0.5895557 25546 r
 -0.033605896 -0.028154673 0.07198844 25738 g
 -3.2722752 -6.6744356 7.3100963 25742 a
 -0.37178928 -0.12424469 0.5909063 25745 r
 -0.032540634 0.026440129 0.035236817 25940 g
 -2.8113914 -6.743868 7.1395097 25944 a
 -0.37242556 -0.119165495 0.59090525 25947 r
 -0.0024469125 0.02910329 -0.08007806 26138 g
 -2.5061307 -7.0862384 7.0329676 26142 a
 -0.37242556 -0.119165495 0.59090525 26145 r
 -0.06316698 -0.030018885 0.008871522 26332 g
 -2.441487 -6.9288197 6.976105 26336 a
 -0.37188515 -0.12076819 0.5939831 26339 r
 -0.07887963 -0.015637815 -0.007107444 26534 g
 -2.6150668 -6.6415157 7.067683 26538 a
 -0.372317 -0.124448165 0.594204 26542 r
 0.051881574 -0.006583068 -0.0742191 26731 g
 -2.5025394 -6.799533 7.091625 26735 a
 -0.37031657 -0.12899101 0.5958771 26739 r
 0.04868578 0.03309803 -0.1850066 26930 g
 -1.7034745 -5.7239375 6.75524 26934 a
 -0.36025962 -0.13160911 0.5923045 26937 r
 -0.028812207 -0.1442685 0.006474677 27130 g
 -2.4774003 -7.4058642 6.7265096 27136 a
 -0.35381702 -0.13087094 0.59250516 27141 r
 0.08064371 0.07810546 -0.023619043 27334 g
 -2.3139958 -6.7253127 7.3244615 27338 a
 -0.36494583 -0.12844932 0.5931061 27341 r
 -0.05997119 0.010461163 0.29516134 27533 g
 -3.1507695 -6.297349 7.047333 27537 a
 -0.36382884 -0.12066609 0.6027003 27541 r
 -0.073286995 0.1649245 0.2168644 27724 g
 -2.947861 -6.294955 7.1155677 27728 a
 -0.37850794 -0.10573818 0.61537474 27735 r
 0.06333317 0.0067327376 -0.0028463865 27933 g
 -3.145981 -6.296152 6.951565 27937 a
 -0.3715472 -0.10784359 0.6180468 27940 r
 0.038033135 0.055468585 -0.042793803 28131 g
 -2.9442697 -6.099229 7.1125746 28135 a
 -0.3657838 -0.1082135 0.6178952 28139 r
 0.013265738 0.06878439 0.0027462516 28334 g
 -3.0765493 -6.2781954 7.173627 28340 a
 -0.36383373 -0.1052227 0.6188292 28344 r
 0.016195215 0.0243096 0.05228105 28530 g
 -2.815581 -6.2632318 7.1987658 28534 a
 -0.3650161 -0.10062252 0.6180003 28538 r
 -0.0077732345 0.060262274 0.042693667 28732 g
 -3.1609447 -6.505645 7.3765354 28736 a
 -0.36641952 -0.09667942 0.6133304 28740 r
 -0.05118276 0.003004312 0.109006375 28934 g
 -2.991555 -6.9581485 6.673837 28938 a
 -0.375284 -0.09329899 0.61365217 28942 r
 0.0012815131 0.033364348 0.11699586 29132 g
 -2.3080103 -6.206968 6.974908 29136 a
 -0.3804729 -0.09003948 0.61087066 29140 r
 0.23883548 -0.1740959 -0.27368987 29338 g
 -3.1902738 -6.151303 7.013814 29342 a
 -0.38083225 -0.08463052 0.60390145 29345 r
 0.040962614 0.014722221 -0.004976915 29536 g
 -1.9602526 -6.5265937 6.7306995 29540 a
 -0.37515104 -0.08864553 0.60311157 29543 r
 0.12511851 -0.19327065 0.06772738 29733 g
 -3.3039982 -6.6846113 6.955156 29737 a
 -0.36743972 -0.0940339 0.60005695 29741 r
 -0.009637447 0.1284392 -0.018026404 29935 g
 -3.7606924 -5.8598084 7.5351515 29939 a
 -0.37235174 -0.09110075 0.5959626 29942 r
 -0.07595016 0.22910668 0.13830115 30134 g
 -3.233968 -6.257845 6.938995 30138 a
 -0.37625876 -0.07732342 0.59371537 30148 r
 -0.015496402 -0.13255058 0.06027053 30336 g
 -3.2788591 -6.151303 7.1861963 30339 a
 -0.3789426 -0.07129708 0.59400064 30343 r
 4.825648E-4 -0.14986113 -0.2875383 30533 g
 -3.651756 -6.18542 7.009624 30537 a
 -0.3712433 -0.08059831 0.5912413 30541 r
 -0.050916445 0.047212787 0.016861005 30736 g
 -3.2249897 -6.408081 7.016208 30739 a
 -0.37002245 -0.08476001 0.5891774 30743 r
 -0.036535375 0.0014064154 0.00833889 30936 g
 -2.9634233 -6.136339 7.067085 30939 a
 -0.37648925 -0.08169687 0.5935306 30943 r
 0.005808887 -0.019099925 -0.03693485 31132 g
 -3.264494 -6.2207346 7.067683 31136 a
 -0.3736034 -0.08601336 0.5949859 31140 r
 0.013532054 0.029369606 0.02405154 31336 g
 -3.4290953 -6.3302693 7.0862384 31340 a
 -0.37467444 -0.08611278 0.59777814 31343 r
 0.03856577 0.009928531 -0.13653708 31533 g
 -4.0216603 -5.8741736 7.3819222 31537 a
 -0.37457162 -0.087554306 0.60126 31541 r
 0.10594374 0.17477821 -0.09499176 31734 g
 -5.7179523 -5.382764 6.789956 31738 a
 -0.378142 -0.07325055 0.5977375 31742 r
 -0.46610326 0.02777171 0.4000899 31938 g
 -4.9338512 -6.479308 5.997475 31942 a
 -0.39370432 -0.057182766 0.6019829 31946 r
 -0.3063136 0.14122237 0.17132434 32132 g
 -5.0266266 -6.8043213 5.542577 32136 a
 -0.4271925 -0.057747602 0.6150102 32140 r
 -0.092195444 0.07917072 0.10154953 32337 g
 -5.181651 -6.279991 6.1566896 32341 a
 -0.45771933 -0.05238285 0.62327427 32344 r
 0.018059427 0.033364348 -0.074751735 32535 g
 -4.6459484 -6.349423 5.9501896 32539 a
 -0.45713082 -0.046245754 0.62719053 32543 r
 0.10088374 -0.13548006 0.009137838 32733 g
 -3.9079356 -6.3781533 6.4547677 32737 a
 -0.44548878 -0.0546142 0.63000816 32740 r
 0.11313428 -0.15811694 -0.19778977 32934 g
 -3.7074213 -6.5607114 6.537368 32938 a
 -0.42737073 -0.062677264 0.6311683 32942 r
 0.13204272 -0.38102353 -0.21323611 33133 g
 -3.3925838 -6.815694 6.3751607 33137 a
 -0.4110123 -0.075380236 0.6265394 33141 r
 0.24176496 -0.62683326 -0.4771554 33333 g
 -1.1300632 -6.55712 7.4603324 33338 a
 -0.37230366 -0.11495106 0.61844426 33341 r
 -0.12095758 0.5662629 0.19582543 33571 g
 -2.0853498 -6.357204 5.9142766 33573 a
 -0.35343266 -0.11622086 0.5997496 33574 r
 0.055077367 -0.13255058 0.08503793 33738 g
 -3.888782 -6.694188 7.7560163 33742 a
 -0.3752359 -0.10853009 0.5879826 33746 r
 -0.11749547 0.31778994 0.28876975 33938 g
 -4.3568487 -5.817312 7.056311 33942 a
 -0.38281092 -0.086869806 0.57792944 33945 r
 -0.019757459 -0.007382016 0.14815484 34135 g
 -3.2148144 -5.591658 7.133524 34139 a
 -0.38880834 -0.0674741 0.580622 34142 r
 0.027114175 -0.2587844 0.070124224 34339 g
 -2.2667105 -6.23091 6.6870055 34343 a
 -0.3795264 -0.06578031 0.57506007 34346 r
 0.02738049 -0.098994754 -0.087801225 34536 g
 -2.9586349 -6.6744356 7.314286 34539 a
 -0.3756831 -0.070778534 0.5848864 34543 r
 0.096889 -0.04812838 -0.19246346 34736 g
 -3.7642837 -6.5936313 7.305308 34740 a
 -0.37571913 -0.070812345 0.57714933 34744 r
 -0.06556383 0.16945188 0.23204441 34940 g
 -2.9765913 -5.421071 6.7773867 34944 a
 -0.37643382 -0.07186942 0.58184296 34947 r
 0.040962614 -0.19167276 -0.004444283 35135 g
 -2.2008698 -5.683835 7.20954 35139 a
 -0.37182775 -0.07323794 0.5843161 35158 r
 0.044424724 -0.28035602 -0.21083927 35333 g
 -3.669114 -6.8360443 6.955156 35337 a
 -0.36453894 -0.08184764 0.5865385 35341 r
 -0.05118276 0.5185923 -0.1668971 35540 g
 -5.199009 -7.3388267 7.928399 35543 a
 -0.36410442 -0.08346017 0.59091765 35547 r
 -0.13587128 0.74922204 0.21713072 35737 g
 -3.7960067 -5.2678423 6.743269 35741 a
 -0.37801343 -0.07124968 0.5975767 35745 r
 -0.048785914 -0.17196538 0.2070107 35939 g
 -1.8375498 -5.628768 7.2963295 35943 a
 -0.37487456 -0.07078363 0.59758776 35946 r
 0.057740528 -0.52083945 0.008605206 36140 g
 -1.4700398 -7.325659 7.2729864 36144 a
 -0.36866373 -0.07664502 0.6001398 36148 r
 0.14988591 0.028304342 -0.16423395 36337 g
 -3.9366663 -5.919065 6.225523 36341 a
 -0.3660781 -0.08255251 0.5954843 36345 r
 -0.12548496 0.40860376 -0.012966398 36538 g
 -3.5152867 -5.635352 7.361572 36541 a
 -0.37241095 -0.0766733 0.5930193 36545 r
 0.060670003 -0.20152646 -0.08860017 36740 g
 -4.4765587 -7.0587053 6.9449806 36744 a
 -0.3797799 -0.072042465 0.5896533 36747 r
 0.0771816 0.18915927 -0.01216745 36939 g
 -3.164536 -5.3887496 7.2699933 36942 a
 -0.37954527 -0.07012935 0.5881353 36946 r
 -0.075417526 -0.34187505 0.16919382 37136 g
 -3.103484 -6.623559 6.919243 37139 a
 -0.37941426 -0.06924391 0.59026843 37143 r
 0.034571026 0.06745281 -0.07022436 37340 g
 -3.2028434 -5.876568 7.169437 37344 a
 -0.37538016 -0.07374017 0.590143 37347 r
 -0.043193277 0.049343314 0.081309505 37536 g
 -3.5302503 -5.486912 6.421249 37540 a
 -0.3769023 -0.07393141 0.59216136 37543 r
 0.010868893 0.078638084 -0.09712229 37736 g
 -5.085883 -6.7869635 7.2179193 37740 a
 -0.37615463 -0.072561994 0.591739 37744 r
 -0.041861698 0.35720474 -0.07927911 37942 g
 -4.506486 -5.368997 7.639299 37945 a
 -0.38054675 -0.070349485 0.5944776 37949 r
 -0.13453971 0.0043358924 0.12338745 38135 g
 -2.9239187 -6.4601545 6.693589 38139 a
 -0.3814888 -0.069068044 0.5954061 38143 r
 0.17651752 -0.3408098 -0.081675954 38337 g
 -4.2161894 -6.457162 7.2382703 38341 a
 -0.37371215 -0.07749677 0.60257405 38345 r
 -0.023485884 0.42245218 0.021122063 38533 g
 -4.115034 -5.8837504 7.3298483 38537 a
 -0.3824838 -0.06757744 0.6026924 38541 r
 -0.1113702 -0.02629046 0.11459902 38741 g
 -3.1471782 -5.056554 6.5696893 38743 a
 -0.38925576 -0.058591396 0.60081154 38744 r
 0.06626264 -0.0015230618 0.11300112 38934 g
 -3.679888 -7.599196 7.144298 38936 a
 -0.38267896 -0.06090299 0.60265285 38938 r
 0.119525865 0.188094 -0.08460543 39135 g
 -4.257489 -6.253655 6.8121023 39138 a
 -0.38758427 -0.059009016 0.5956581 39142 r
 -0.088200696 0.06558859 0.26453498 39338 g
 -2.3277626 -5.301361 7.1047935 39342 a
 -0.38924772 -0.05639731 0.59466785 39346 r
 0.08783425 -0.62976277 0.050949465 39538 g
 -2.372654 -6.682217 6.6762314 39542 a
 -0.38396773 -0.06019207 0.59934276 39546 r
 0.12245534 -0.0015230618 -0.20551294 39743 g
 -4.0282445 -6.880337 6.7887588 39747 a
 -0.3770173 -0.06925906 0.59602374 39751 r
 -0.021355355 0.53590286 -0.067827515 39940 g
 -5.017648 -4.8799815 7.338228 39944 a
 -0.38123196 -0.065404296 0.5907096 39947 r
 -0.27755144 0.2671899 0.15880749 40135 g
 -3.5296519 -5.939416 6.999449 40139 a
 -0.39021078 -0.05348985 0.5913542 40153 r
 0.1365701 -0.62496907 -0.06330014 40340 g
 -2.918532 -7.1407065 7.1448965 40344 a
 -0.38550723 -0.055411175 0.590723 40348 r
 0.040163666 0.028304342 -0.018292721 40539 g
 -3.5972881 -6.177639 6.7749925 40543 a
 -0.38135514 -0.059827127 0.5880545 40546 r
 -0.022686936 0.17424557 0.061335795 40741 g
 -4.1252093 -5.544971 6.929418 40744 a
 -0.38337442 -0.057678506 0.58663505 40748 r
 0.03164155 -0.038807318 -0.049451705 40943 g
 -3.6774938 -6.0142345 7.079056 40947 a
 -0.38330352 -0.057842314 0.5902913 40951 r
 -0.029611155 -0.040937845 -0.026282204 41135 g
 -3.5093012 -6.397307 7.0485296 41139 a
 -0.38074687 -0.061832562 0.59162205 41143 r
 0.03297313 -0.023893615 -0.011102186 41338 g
 -3.675698 -5.6580973 6.6588736 41342 a
 -0.37991983 -0.0654241 0.5933632 41346 r
 -0.21416822 0.045348573 0.02405154 41542 g
 -3.459023 -6.0124393 7.2089415 41546 a
 -0.38118836 -0.06800681 0.5929224 41549 r
 -0.008572183 0.04987595 -0.02441799 41741 g
 -5.1241903 -5.686229 6.8869214 41745 a
 -0.3813768 -0.06576593 0.59527713 41749 r
 -0.0170943 0.033364348 -0.022820095 41939 g
 -4.373009 -6.302736 6.6103907 41944 a
 -0.38954252 -0.053595886 0.5959571 41948 r
 -0.040530115 0.09621495 -0.041195907 42136 g
 -3.4159272 -6.181829 6.979098 42139 a
 -0.39464918 -0.05053749 0.5949641 42143 r
 0.06253422 -0.17649275 -0.02042325 42339 g
 -4.06715 -6.509236 6.863578 42343 a
 -0.39024597 -0.052785493 0.5978332 42347 r
 -0.10098387 0.0970139 -0.053180132 42540 g
 -3.3770216 -6.411672 6.889914 42544 a
 -0.38589224 -0.0633654 0.5973169 42547 r
 0.031375233 -0.06597156 -0.026814837 42743 g
 -3.180697 -6.253655 6.9306154 42747 a
 -0.38338935 -0.07111122 0.6006771 42750 r
 0.008205732 -0.050791543 0.08210845 42939 g
 -2.9011738 -6.564901 6.6361284 42945 a
 -0.3818255 -0.07291843 0.60376877 42948 r
 -0.0170943 -0.19353698 0.13510536 43134 g
 -4.896741 -5.819107 7.2969284 43138 a
 -0.38333255 -0.078145966 0.6106023 43142 r
 -0.00670797 0.20140982 0.06479791 43342 g
 -3.970185 -6.327875 7.138911 43345 a
 -0.38750812 -0.076496586 0.60263246 43349 r
 0.033239447 0.05307174 -0.020955881 43541 g
 -3.618836 -6.443994 6.7654157 43545 a
 -0.38274363 -0.078093395 0.6054626 43549 r
 0.0018141454 -0.021496769 0.078380026 43738 g
 -3.8271315 -6.2823853 6.9611416 43740 a
 -0.38630795 -0.077226 0.60934013 43742 r
 -0.036269058 0.04215278 0.09382636 43945 g
 -3.887585 -5.715558 7.137714 43948 a
 -0.38684487 -0.076300934 0.6087635 43953 r
 -0.040530115 -0.011376758 -0.049185388 44136 g
 1.0378864 -6.8492126 4.9637785 44140 a
 -0.3928029 -0.07056488 0.6204259 44144 r
 0.49263474 -0.3658435 0.018725218 44341 g
 -9.747394 -2.7868507 6.3153057 44345 a
 -0.3950852 -0.09897989 0.608046 44348 r
 -0.15904078 0.65973985 0.15827486 44541 g
 1.8387469 -8.051701 2.8161798 44546 a
 -0.41743794 -0.04967711 0.6058646 44549 r
 0.8396446 -1.2814382 -0.71923673 44741 g
 -2.146402 -5.825093 9.509171 44745 a
 -0.36557224 -0.10527179 0.6082353 44748 r
 -0.117229156 -1.2255119 0.20088543 44942 g
 -5.86759 -6.9557543 6.1758432 44948 a
 -0.41866085 -0.062387697 0.6047042 44953 r
 -1.115382 1.2229984 1.3385879 45142 g
 -2.9514523 -6.9581485 6.281787 45154 a
 -0.36036065 -0.082872525 0.5756461 45158 r
 -0.33214626 0.5651976 -0.4278869 45341 g
 -4.635773 -7.023391 6.862979 45345 a
 -0.39437416 -0.077979594 0.59190744 45349 r
 -0.2668988 0.26639095 0.35934353 45544 g
 -4.1299977 -7.15986 7.436989 45548 a
 -0.41268533 -0.06659709 0.59100205 45552 r
 0.06972475 0.1068676 -0.28966883 45744 g
 -3.9510314 -6.4068837 6.8330517 45748 a
 -0.40577108 -0.07818885 0.5970263 45752 r
 -0.024018517 0.0805023 0.14442642 45943 g
 -3.4231098 -6.4685345 7.3657618 45948 a
 -0.39644146 -0.08065355 0.6032805 45953 r
 -0.003512177 0.10500338 0.08077687 46138 g
 -3.347094 -6.1985884 7.2550297 46142 a
 -0.3940842 -0.08192116 0.6112539 46146 r
 -0.05384592 0.188094 0.081309505 46344 g
 -3.964798 -6.415862 7.211934 46348 a
 -0.3932959 -0.08287509 0.6176985 46352 r
 -0.027480626 0.009662215 -0.06942541 46542 g
 -2.5821466 -6.385336 7.7709804 46546 a
 -0.3949919 -0.09651682 0.6129953 46552 r
 0.101682685 -0.06783577 0.10288111 46742 g
 -3.5416229 -6.3470287 6.915053 46746 a
 -0.37662464 -0.10365012 0.61010844 46750 r
 0.018858377 0.21898668 -0.03267379 46946 g
 -2.8700492 -6.421249 6.5445504 46952 a
 -0.376787 -0.097362354 0.6129311 46955 r
 0.056408945 -0.0033872745 -0.003911651 47141 g
 -2.7485435 -6.4308257 7.539341 47145 a
 -0.3762402 -0.08573881 0.6105513 47149 r
 -0.1494534 -0.10591897 0.44349942 47343 g
 -3.6529531 -6.133346 6.8647747 47346 a
 -0.37414053 -0.082285166 0.60160667 47350 r
 0.029777337 0.102606535 0.026448386 47543 g
 -2.8119898 -4.7638626 6.0118403 47547 a
 -0.37838334 -0.07486498 0.59829336 47553 r
 0.02951102 -0.64441013 -0.079811744 47743 g
 -4.981735 -7.505822 6.779781 47746 a
 -0.37774602 -0.07085559 0.6081638 47750 r
 0.10727532 -0.01190939 -0.025216939 47943 g
 -2.4881742 -4.147356 7.021595 47947 a
 -0.37873897 -0.07042396 0.59395975 47952 r
 -0.1262839 -0.30352554 0.18171068 48143 g
 -3.3716345 -7.4226236 7.4465656 48147 a
 -0.37862685 -0.067188725 0.6039774 48150 r
 0.24842286 0.060262274 -0.28673935 48343 g
 -4.446631 -5.9920883 6.875549 48346 a
 -0.3727134 -0.07425442 0.59524745 48350 r
 -0.19952083 0.2690541 0.41979727 48543 g
 -2.3511062 -4.51307 7.013814 48547 a
 -0.37867707 -0.06354304 0.59471625 48550 r
 0.008205732 -0.40472564 -0.20950769 48742 g
 -4.6136265 -8.605359 7.499837 48746 a
 -0.37670794 -0.06435846 0.5959484 48750 r
 0.17358804 0.1532066 -0.11097073 48946 g
 -3.3812113 -4.8745947 6.899491 48949 a
 -0.3766771 -0.066588 0.5882413 48955 r
 -0.29592726 0.13776027 0.4978279 49143 g
 -2.6437972 -5.1529207 7.0754647 49147 a
 -0.3801426 -0.059066273 0.5924532 49151 r
 0.11979218 -0.23987597 -0.4758238 49345 g
 -4.9266686 -8.054693 7.029975 49349 a
 -0.37504384 -0.06278147 0.591875 49353 r
 0.06759422 0.16838661 0.079178974 49543 g
 -2.9867666 -4.192846 7.100005 49547 a
 -0.37839133 -0.06271367 0.58807856 49551 r
 -0.18886818 0.10740022 0.24243075 49744 g
 -3.3291376 -6.3631897 7.2981253 49747 a
 -0.37977484 -0.053938545 0.5877016 49751 r
 0.14828801 -0.08488 -0.37382472 49949 g
 -4.5603557 -6.92044 6.7719994 49954 a
 -0.37699372 -0.058046453 0.5846321 49958 r
 -0.013898505 0.16172871 0.21180439 50142 g
 -2.902371 -4.4765587 7.0347633 50146 a
 -0.37898713 -0.056618974 0.58076674 50150 r
 -0.10364703 -0.004186223 0.11459902 50344 g
 -3.4219127 -6.3344593 7.165247 50348 a
 -0.37957826 -0.052538574 0.5852596 50351 r
 0.10301427 -0.060911555 -0.2971257 50547 g
 -4.4681787 -7.117962 6.8851256 50550 a
 -0.37594044 -0.058380388 0.5842114 50554 r
 -0.07967858 0.23842774 0.2216581 50744 g
 -3.4650085 -4.6860514 7.056311 50748 a
 -0.38117272 -0.05719626 0.5855406 50752 r
 -0.102049135 -0.08860843 0.28690553 50947 g
 -2.7024553 -5.5790887 6.919243 50950 a
 -0.3816777 -0.05323805 0.58898467 50956 r
 0.031108918 -0.30645502 -0.30804464 51146 g
 -4.8907557 -7.4004774 7.173627 51150 a
 -0.37579662 -0.063553944 0.59368366 51154 r
 -0.06556383 0.35773736 0.18996647 51344 g
 -3.0310593 -4.610634 6.736685 51347 a
 -0.38128328 -0.058662318 0.59243864 51351 r
 -0.04638907 -0.21271174 0.10554427 51544 g
 -3.645172 -7.062895 7.597999 51547 a
 -0.3820195 -0.054778457 0.59702164 51551 r
 0.09742163 0.13909185 -0.09339386 51743 g
 -4.0054994 -6.5044475 6.670246 51747 a
 -0.37899134 -0.061318517 0.59568125 51750 r
 0.009270996 0.25174356 0.20168439 51942 g
 -3.5434184 -4.3879733 6.7318964 51946 a
 -0.38236508 -0.05645556 0.5934146 51949 r
 -0.0485196 -0.118968464 -0.027613785 52143 g
 -3.8229415 -6.5385647 7.3472066 52147 a
 -0.38207662 -0.05252362 0.59144396 52150 r
 0.08410582 0.16279398 -0.25717828 52343 g
 -4.2838254 -6.752846 6.9222355 52347 a
 -0.37836805 -0.055803955 0.588553 52351 r
 -0.086336486 0.15107606 0.18703699 52543 g
 -3.9175124 -5.5324016 7.0395517 52547 a
 -0.38168454 -0.05524385 0.58698744 52551 r
 0.094758466 -0.11923478 -0.12109074 52745 g
 -2.855684 -5.9747305 6.977901 52749 a
 -0.38498667 -0.05001238 0.58908683 52753 r
 -0.044524856 -0.23907703 -0.25824353 52949 g
 -4.293402 -7.8086886 7.536947 52953 a
 -0.38058102 -0.05498085 0.592014 52958 r
 0.112601645 0.3052731 0.050416835 53145 g
 -3.245939 -5.1822495 7.1071877 53149 a
 -0.38659272 -0.05298148 0.5898872 53153 r
 -0.06316698 -0.09047264 0.21073914 53341 g
 -3.115455 -5.7664347 6.6391215 53345 a
 -0.38720748 -0.050104238 0.59493726 53352 r
 0.016994163 -0.18794434 -0.18447398 53548 g
 -3.8863878 -6.8007298 7.0371575 53552 a
 -0.37898776 -0.058617875 0.5942692 53556 r
 0.0020804615 0.13909185 -0.08753491 53762 g
 -3.9618053 -6.1040173 6.9407907 53766 a
 -0.38153654 -0.061672606 0.59037095 53778 r
 -0.05118276 0.111394964 0.16599803 53947 g
 -3.354875 -5.793968 7.1083846 53951 a
 -0.38360506 -0.057669215 0.58954376 53955 r
 -0.005909022 -0.101125285 0.13057798 54147 g
 -2.098518 -5.725135 7.1023993 54150 a
 -0.38345414 -0.055084117 0.5876437 54154 r
 0.023119435 -0.34879926 -0.09286123 54346 g
 -3.2273839 -6.1884127 6.8408327 54350 a
 -0.37501028 -0.06484598 0.5899423 54354 r
 -0.032806948 0.1284392 0.029111546 54546 g
 -4.3263226 -6.197391 7.016208 54550 a
 -0.37312362 -0.066177756 0.5891519 54554 r
 0.05214789 0.12577604 -0.061702248 54749 g
 -3.496133 -6.0878563 7.089231 54753 a
 -0.37748966 -0.06417929 0.5915982 54756 r
 -0.01017008 -0.066237874 0.110071644 54948 g
 -3.5045128 -6.0088477 7.0706763 54952 a
 -0.3787293 -0.06494205 0.59270483 54955 r
 -0.013632189 0.0064664213 0.0011483551 55145 g
 -3.5535939 -6.097433 7.0012445 55148 a
 -0.3770155 -0.06779328 0.5963927 55159 r
 0.011934157 -0.023627298 0.0094041545 55348 g
 -3.6337996 -5.9603653 6.9767036 55352 a
 -0.37809393 -0.0674196 0.5977053 55356 r
 0.062800534 0.09408442 -0.032141156 55547 g
 -4.045004 -6.0716953 7.121553 55551 a
 -0.37812576 -0.062160015 0.59829813 55555 r
 -0.021621672 0.011260111 0.00833889 55747 g
 -3.9055414 -5.781399 7.0006456 55751 a
 -0.38014105 -0.059322245 0.598466 55755 r
 -0.009371131 -0.02975257 0.04935157 55951 g
 -3.447052 -6.084265 7.0886326 55955 a
 -0.38120183 -0.055270486 0.5986629 55959 r
 -0.017360615 -0.02762204 -0.111769676 56146 g
 -3.9636009 -6.0848637 6.971317 56150 a
 -0.37900642 -0.059715904 0.5973156 56154 r
 -0.026415361 0.022711704 0.030709444 56347 g
 -3.4494462 -5.319318 6.9970546 56351 a
 -0.37928584 -0.062080182 0.5973614 56355 r
 -0.010969028 -0.10751687 0.016062057 56549 g
 -3.38181 -6.3099184 7.1472907 56554 a
 -0.37902266 -0.058489747 0.59734434 56557 r
 -0.013632189 -0.019099925 -0.07208858 56746 g
 -4.2461166 -6.1728506 6.95336 56750 a
 -0.377449 -0.06184748 0.59568566 56754 r
 -0.015230086 0.10846549 0.07198844 56950 g
 -3.4871547 -5.805341 6.965331 56954 a
 -0.37985486 -0.059602357 0.5956963 56958 r
 -0.016029034 -0.11657162 -0.024684308 57149 g
 -3.8738184 -6.269217 7.111976 57154 a
 -0.37988156 -0.05923622 0.5942401 57157 r
 0.0324405 0.09834548 -0.02255378 57348 g
 -3.5272577 -5.85502 7.0515227 57351 a
 -0.37862775 -0.058919556 0.5928759 57355 r
 -0.020556407 -0.03374731 0.059205268 57548 g
 -3.4153287 -6.003461 7.195773 57552 a
 -0.37893227 -0.057450093 0.59165555 57556 r
 -0.018692195 -0.051057857 -0.050250653 57746 g
 -3.8486793 -6.077681 7.023391 57748 a
 -0.37685043 -0.060658373 0.59094757 57749 r
 0.010069945 0.0573328 0.012866264 57943 g
 -3.489549 -5.866991 7.153875 57947 a
 -0.37748674 -0.05927886 0.5913411 57953 r
 0.009270996 -0.024958879 0.09089688 58149 g
 -3.3369186 -5.7335143 6.944382 58153 a
 -0.37708494 -0.05943358 0.5918459 58157 r
 0.016195215 -0.047862064 0.0075399415 58350 g
 -3.7582982 -6.3907228 7.08564 58354 a
 -0.37746665 -0.05575999 0.59337884 58357 r
 0.058006845 -0.055318914 -0.12561812 58548 g
 -3.90614 -5.9639564 7.067085 58551 a
 -0.378225 -0.057779826 0.5923577 58555 r
 -0.030676419 -0.006583068 0.09142952 58751 g
 -3.807978 -6.250662 7.091027 58755 a
 -0.37769127 -0.05873687 0.5921021 58759 r
 0.031375233 0.17584346 0.07065686 58948 g
 -3.5942953 -5.5443726 6.9210386 58952 a
 -0.3806189 -0.057270825 0.5919698 58956 r
 -0.061302774 -0.027089408 0.18144436 59150 g
 -3.1962593 -5.756858 6.843227 59154 a
 -0.37836626 -0.05533062 0.59117156 59158 r
 0.028712071 -0.09846213 -0.07634963 59349 g
 -3.4380736 -6.0238113 7.141305 59353 a
 -0.37852085 -0.052716635 0.5878981 59356 r
 -0.012566924 -0.076357886 -0.04412538 59551 g
 -3.8013937 -5.8945246 7.0090256 59555 a
 -0.3762408 -0.054383792 0.5840253 59558 r
 -0.10551125 -0.10378845 -0.017493773 59754 g
 -3.7588966 -6.435614 7.079056 59758 a
 -0.37451488 -0.05939225 0.5815801 59761 r
 0.08969846 0.23070459 -0.07794753 59949 g
 -3.122039 -5.2606597 7.1131735 59953 a
 -0.37724662 -0.053246237 0.58463246 59957 r
 -0.09672281 0.04827805 0.078380026 60315 g
