 -0.004388623 0.015018631 -0.023710655 118 g
 -1.6849195 1.6502035 9.459491 120 a
 0.057929613 -0.17380188 -0.15926369 332 g
 -1.3186066 1.572392 9.87668 333 a
 -0.0014588797 -0.46248853 -0.7369033 522 g
 -1.5406688 2.5755625 6.6307416 525 a
 -0.09839794 -0.63479507 -1.3923073 721 g
 0.19991584 3.2740707 8.223484 725 a
 -0.11118112 -0.2963057 -0.8181311 931 g
 1.5622166 1.881244 9.273342 935 a
 -0.009714679 -0.44757324 -1.2021589 1121 g
 0.6218939 0.99299514 8.528147 1125 a
 -0.24833392 -0.23718353 -0.88684064 1321 g
 4.2461166 3.5769374 8.243237 1324 a
 -0.3351535 -0.5714068 -0.5957593 1527 g
 3.8923733 0.49320555 8.892664 1531 a
 -0.29840186 -1.9290863 -2.9116442 1719 g
 10.986992 5.6138043 5.561132 1723 a
 -1.9261259 -3.4228532 -4.1460195 1920 g
 6.000468 6.5032506 4.164714 1924 a
 1.03451 -0.31067985 -0.39176324 2125 g
 5.9687448 4.7800236 0.6452374 2128 a
 1.3394419 -0.9197448 0.07322468 2320 g
 7.428011 6.980295 -0.004189853 2324 a
 -0.035281826 -0.7234698 -0.7028205 2527 g
 -0.0011971008 9.828796 0.6194997 2532 a
 -0.54394615 -1.4076293 -2.1728897 2725 g
 -1.4101849 10.622475 -0.22325931 2729 a
 -0.33302376 -0.17245513 -1.7616975 2914 g
 -1.9165585 4.301183 -0.3788824 2915 a
 0.24168639 -0.9695392 -1.3382549 3113 g
 -2.741361 9.879075 0.49320555 3114 a
 0.11278886 0.13967428 -0.011472365 3327 g
 -2.119467 8.011598 1.3299791 3347 a
 -0.2685758 -0.111994445 0.08972775 3517 g
 -0.5530606 8.834604 2.907758 3521 a
 0.08482567 -0.16712187 0.47348925 3721 g
 -1.7902644 9.448717 -0.33399114 3725 a
 0.18096526 0.14687094 -0.20162606 3928 g
 -2.202067 9.461885 -1.3347675 3932 a
 0.24248427 0.6243757 -0.16380918 4118 g
 -1.1587936 9.950901 -1.0815806 4122 a
 0.17910105 0.48935345 -0.15155864 4318 g
 -2.4013844 12.158355 -0.99538934 4322 a
 0.008392153 0.48989114 -0.26554513 4528 g
 -0.99538934 10.326791 0.90021986 4532 a
 -1.6230603 -0.3343572 1.1890734 4718 g
 -0.86969376 6.908469 2.843713 4722 a
 -0.551138 0.6097334 0.7797456 4917 g
 2.6360161 7.9595237 4.5435963 4921 a
 0.073905386 0.39695027 0.20050594 5128 g
 -0.7224504 12.783241 -4.5286326 5132 a
 0.13435914 0.33063757 -0.25622618 5317 g
 0.27712885 9.8042555 -1.6675615 5321 a
 1.4188017 -1.7141376 -0.6564993 5517 g
 -1.2611457 8.698134 -0.57520694 5521 a
 0.7479512 -0.5657766 -0.3552995 5725 g
 0.5626374 12.579136 -1.8267759 5729 a
 0.5103972 0.13037372 -0.6317356 5916 g
 -1.2018893 12.00752 1.7040731 5920 a
 -2.0377152 0.30161497 0.64711434 6117 g
 -2.556409 5.985504 0.9876082 6120 a
 -0.79162306 0.53411585 1.3099706 6325 g
 4.1479545 12.21402 3.269881 6328 a
 0.17989813 0.78898036 0.07453016 6516 g
 -0.3645172 9.403227 -5.581483 6520 a
 0.30559933 0.16180594 -0.15609959 6720 g
 0.30406362 9.58818 -0.9235633 6724 a
 1.047822 -0.3138285 -0.6722239 6925 g
 -0.90979666 9.636064 -0.76195467 6930 a
 0.9785799 -0.13726091 -0.37687936 7115 g
 -2.544438 11.600506 0.8607155 7119 a
 0.11997674 -0.18013781 -0.31296352 7315 g
 -1.721431 8.347384 -0.8230068 7319 a
 -2.0979044 -0.61342824 1.0151511 7523 g
 -0.24959552 7.2071457 1.899799 7527 a
 -0.2571274 0.20709166 0.6050244 7713 g
 -5.403115 19.612701 2.2296004 7718 a
 0.29308167 0.6462469 0.11979644 7919 g
 -2.0883424 8.793902 0.33638534 7922 a
 0.54927725 -0.2126164 -0.58834183 8122 g
 -0.90381116 9.634268 -0.58119243 8127 a
 1.1391674 -0.11141627 -0.2903341 8314 g
 -2.565387 10.930129 0.6326678 8319 a
 0.6739132 -0.3351218 -0.35238573 8511 g
 -5.469554 11.080365 -1.6849195 8523 a
 -1.1444937 -0.61661285 0.27105707 8724 g
 -2.179322 5.463568 1.3652935 8727 a
 -0.99082935 -1.3263453 0.8500283 8913 g
 0.6159084 11.380837 2.5528176 8918 a
 0.59268624 -0.6962414 -0.3918037 9112 g
 0.0724246 11.57836 -1.0660183 9116 a
 0.42943418 -0.98891854 -0.46477726 9321 g
 -1.9351135 10.559627 -0.7679402 9325 a
 0.484029 -1.8970565 -0.20165695 9514 g
 -2.7724855 10.5045595 2.1883004 9519 a
 0.23688765 -2.5543246 0.19888248 9713 g
 1.0133458 8.990826 2.433706 9718 a
 -0.5016075 -2.0640323 -0.6762349 9921 g
 -3.0765493 7.877522 3.2507274 9925 a
 -0.27310824 -0.70582026 -0.79687613 10112 g
 -0.4417302 8.909423 2.7263973 10117 a
 0.67577606 -0.6935697 -0.31084922 10312 g
 -1.8255788 9.7803135 -0.108337626 10317 a
 0.9066719 -0.6996907 0.22417718 10519 g
 -1.2491747 9.785102 -1.1540052 10522 a
 0.99961615 -0.83764243 0.20793189 10712 g
 -1.8166006 9.998785 -0.75477207 10717 a
 0.75726855 -0.81394035 -0.0011262508 10912 g
 -1.5071499 12.143391 -0.27712885 10916 a
 0.19187915 -0.4626651 -0.1976702 11121 g
 -0.75118077 9.169194 -0.14903906 11125 a
 -1.9516991 -0.392624 0.5280412 11311 g
 -1.809418 7.2286935 2.6360161 11315 a
 -0.6126618 0.29260737 0.8145973 11512 g
 0.36870706 6.724714 4.654927 11517 a
 0.111717746 0.3879512 0.1858234 11721 g
 1.9710265 13.889961 -1.8297687 11727 a
 0.3476738 -0.04747564 -0.3135193 11909 g
 -0.3633201 9.229049 -0.89603 11912 a
 1.0440904 -0.34814653 -0.4722437 12111 g
 -1.7938557 9.831191 0.28670564 12115 a
 0.85820127 0.08648642 -0.33908886 12321 g
 -2.019509 10.812814 0.12629414 12325 a
 -0.06005668 -0.072237976 -0.11751384 12511 g
 0.1352724 10.48002 -1.4053963 12515 a
 -2.0113547 -0.4301668 0.9488158 12712 g
 -0.5710171 6.621165 2.529474 12717 a
 -0.7133303 1.0300479 0.85640174 12922 g
 -0.15562311 10.646417 5.4288526 12926 a
 0.20918864 0.3695839 -0.3516081 13111 g
 -1.5568297 3.3464954 -0.76554596 13115 a
 0.13675065 0.21432161 -0.28982276 13310 g
 -1.3401544 9.886257 -0.97743285 13314 a
 1.4108067 -1.3481516 -0.28875962 13522 g
 -1.0827777 8.531737 -1.3736732 13534 a
 1.1109347 -0.9587974 -0.16545527 13709 g
 -2.80361 9.385271 -1.6244658 13712 a
 0.8017417 -0.46744415 -0.21126164 13908 g
 -2.1254525 13.245921 0.025737667 13912 a
 0.19720387 -0.33561528 -0.3374971 14117 g
 -0.15442601 12.011111 0.52492875 14121 a
 -2.4603646 -0.43575016 0.94614655 14309 g
 -0.93254155 4.3406878 3.539827 14313 a
 -1.918145 0.75734603 1.2891617 14509 g
 0.40761283 8.849568 6.305729 14513 a
 0.35859144 0.7400373 0.07502551 14717 g
 0.59855044 10.010756 6.443994 14721 a
 0.51252216 0.7509563 -0.089025214 14908 g
 -2.043451 9.020155 0.6799533 14912 a
 0.88429946 -0.45359147 -0.29781705 15111 g
 -1.9668367 9.299079 0.480636 15115 a
 1.506147 -0.118028104 -0.28663495 15319 g
 -2.7682958 9.55885 -0.6961141 15322 a
 0.91892 -0.24159877 -0.24535596 15499 g
 -1.5490485 10.156802 -2.6324248 15500 a
 -1.1112077 0.18770279 0.07448968 15702 g
 -2.0003555 7.5082164 1.7549498 15706 a
 -1.6145457 0.033510823 0.9152464 15905 g
 2.4247277 12.600085 7.1089835 15910 a
 0.027559455 1.1453806 0.17675187 16108 g
 -4.601057 0.5093664 1.0660183 16112 a
 -0.10187017 1.17867 0.4585143 16308 g
 -3.151368 9.436746 0.8511387 16311 a
 0.62357515 1.3043697 -0.3846414 16517 g
 -2.3008277 8.640674 -1.6256629 16521 a
 1.1218526 0.5653425 -0.20194857 16707 g
 1.6681601 12.353482 -1.4401124 16711 a
 0.46884552 -0.014427675 -0.31566554 16907 g
 -2.5151088 9.869498 0.6356605 16919 a
 -2.1005723 0.5064874 0.47982013 17106 g
 -1.99437 5.943606 1.3162124 17107 a
 -0.90348136 0.620737 1.1075271 17308 g
 1.0390835 3.9384618 5.751471 17312 a
 -0.24008797 0.9877206 0.1567787 17505 g
 1.9800048 15.780782 0.11432313 17510 a
 0.13381958 0.9088937 -0.10394637 17711 g
 -0.770933 9.31105 -1.2737153 17715 a
 1.5282507 -0.20457391 -0.19316226 17904 g
 -1.903989 11.41735 -0.92535895 17908 a
 1.174583 -0.22774342 -0.33484244 18107 g
 -4.8201265 10.7990465 -1.797447 18111 a
 -0.8139994 0.0116747655 0.11629705 18304 g
 -2.0177135 7.611766 0.37948096 18309 a
 -1.7751343 -0.062361114 0.9211043 18504 g
 1.91596 12.469601 7.751228 18509 a
 -0.09148385 0.5911786 0.2574446 18701 g
 -6.603807 0.6955156 -0.04070143 18705 a
 0.01637418 0.48412034 0.1988545 18907 g
 -3.205836 9.155427 -0.62967503 18911 a
 1.0467511 -0.3265459 -0.5436348 19104 g
 -1.780089 8.584411 -1.4407109 19108 a
 1.2592715 -0.1430541 -0.3002219 19307 g
 -0.09696517 12.334329 -1.5269021 19311 a
 0.6448802 -0.22880788 -0.3039503 19504 g
 -1.894412 10.609905 0.8265981 19509 a
 -2.0438473 -0.097780354 0.53840756 19703 g
 -1.9201498 5.7802014 1.6418238 19707 a
 -0.8677953 0.15015994 0.87290055 19907 g
 0.29867667 2.7982233 3.799598 19911 a
 0.06351186 0.6822611 0.112034395 20108 g
 2.492364 13.977349 -0.5267244 20112 a
 0.38069436 0.16480893 -0.4168694 20304 g
 -0.39923313 9.244612 -1.0989386 20309 a
 1.3034797 -0.0687503 -0.3031524 20502 g
 -2.9113493 11.168352 -0.92057055 20508 a
 0.9436866 0.011678227 -0.333513 20710 g
 -4.968567 8.829217 0.63087213 20714 a
 -0.47045192 -0.020013388 -0.021390509 20903 g
 -0.8499416 8.620922 -0.51954174 20908 a
 -1.9607569 -0.2482463 0.85558844 21103 g
 0.688333 8.851364 3.7630866 21107 a
 -0.056330383 0.70703036 0.4308137 21309 g
 -3.7672763 9.287108 4.0276456 21313 a
 -0.024372451 0.9387254 0.21722819 21503 g
 -3.17531 9.059659 0.09636662 21507 a
 0.4379523 0.7152862 -0.5910412 21703 g
 -2.132635 8.971074 -0.88944596 21707 a
 1.042756 0.8199519 -0.2871769 21908 g
 -0.095768064 12.158954 -1.608305 21911 a
 0.6217102 0.17573321 -0.32446116 22097 g
 -2.130241 11.671135 0.08319851 22103 a
 -1.9133528 0.51182413 0.31762695 22302 g
 -1.9506758 6.523601 0.95109665 22306 a
 -0.7993529 0.27853283 1.1445374 22508 g
 1.1019313 12.998719 2.486977 22512 a
 -0.020378241 1.0913296 0.09658353 22702 g
 -2.429516 6.854001 -1.436521 22705 a
 0.09866506 0.8652272 0.17940784 22900 g
 -1.6430209 8.750807 -0.86131406 22904 a
 0.872047 0.72860706 -0.4576203 23104 g
 -2.373851 9.401431 -0.33638534 23109 a
 1.0286409 0.24471068 -0.17239574 23301 g
 0.6063316 14.491505 -2.7886465 23305 a
 0.41132018 -0.26155624 -0.2150063 23502 g
 -2.3157916 10.481216 1.0372878 23505 a
 -1.9548985 -0.23492277 0.5067093 23708 g
 -1.6813282 6.1237693 2.2068555 23720 a
 -0.85714346 0.08225972 0.77435696 23899 g
 -1.6400281 3.4099417 2.6856956 23903 a
 0.070435554 0.6338004 0.12427934 24101 g
 1.2024878 11.914146 -0.16519992 24105 a
 0.48961684 0.06282104 -0.42992607 24309 g
 -0.7314286 10.181343 -1.3485341 24313 a
 1.2797767 -0.31721205 -0.19104053 24500 g
 -2.1817162 10.4171715 -1.7483658 24504 a
 0.85127413 -0.25942144 -0.24749954 24700 g
 -3.1142578 10.262147 -0.6183026 24704 a
 0.056053948 -0.42240503 -0.026191922 24909 g
 -0.7236475 9.188946 0.0077811554 24912 a
 -2.0246737 -0.46901035 0.43586653 25100 g
 -2.2026656 7.3178773 2.7988217 25103 a
 -0.3005433 0.50623924 0.7591743 25298 g
 -2.309806 5.6628857 2.3056161 25302 a
 0.029688653 0.5834725 0.15197249 25508 g
 1.3670892 11.918935 0.5674258 25512 a
 0.6145188 -0.042636678 -0.443244 25691 g
 -0.7248446 10.01315 -1.0905589 25693 a
 1.0715172 -0.08418199 -0.24430588 25899 g
 -1.2850877 9.923966 -1.6214731 25902 a
 0.7900209 -0.17659287 -0.24643694 26108 g
 -1.9003977 10.392631 -0.5315128 26111 a
 0.04726525 -0.26714036 -0.117007315 26299 g
 -1.2587515 9.354146 -0.94570965 26303 a
 -1.9932488 -0.35608995 0.55171245 26499 g
 -1.7543513 7.068282 3.0466216 26503 a
 -0.6470208 0.4585729 0.6156272 26705 g
 -5.6431336 10.200497 2.5677812 26709 a
 0.07442949 0.65431523 0.17913513 26896 g
 -0.7182605 9.993398 -0.3477578 26901 a
 0.5157153 -0.022127673 -0.41368452 27096 g
 -0.79367787 10.298658 -0.6799533 27101 a
 1.2171917 -0.23730949 -0.20675798 27305 g
 -2.207454 10.159196 -1.3221979 27310 a
 0.8467459 -0.08817247 -0.24723803 27495 g
 -3.887585 7.7248917 0.7140707 27499 a
 -0.2153227 -0.026653448 0.032926526 27695 g
 -2.1978772 8.377312 0.5243302 27699 a
 -2.2590325 0.24845189 0.23585887 27902 g
 -2.3810337 8.848969 3.4554317 27906 a
 -0.38603133 0.7869431 0.28486103 28095 g
 -6.605004 13.107656 1.6903064 28099 a
 -0.20973006 0.9605812 0.16901352 28293 g
 -1.7788919 9.897031 0.33638534 28297 a
 0.40892226 1.336088 -0.002760899 28499 g
 -1.8507179 10.226832 -0.130484 28503 a
 0.7346268 0.8665726 0.19111723 28695 g
 -2.3882163 10.454282 0.25677812 28699 a
 -1.0928342 1.2202405 0.005228584 28895 g
 -2.4253263 7.1311297 0.516549 28907 a
 -0.84809005 1.1834904 0.62893987 29103 g
 -3.6391866 9.857527 -1.5699978 29109 a
 0.41691148 2.4498234 -0.092776805 29293 g
 -0.6823475 9.467871 -1.7190368 29300 a
 0.20598912 1.4748403 -0.11301684 29491 g
 -1.9698294 9.445126 -1.371279 29495 a
 -0.1697829 1.104129 0.06967548 29705 g
 -1.5304934 9.473258 -1.2000936 29710 a
 -0.05739751 0.67216426 -0.19477642 29891 g
 -1.6609775 10.28549 -0.90740246 29895 a
 -0.06751753 0.45032296 -0.3172818 30091 g
 -3.6762967 9.935937 -0.037708677 30094 a
 -1.3048224 0.73182255 -0.22274174 30301 g
 -4.1683054 7.7649946 2.0362685 30305 a
 -0.96447045 -0.19229434 1.1125672 30491 g
 -0.260968 7.501034 3.0364463 30494 a
 -0.40627187 0.96618074 0.4342601 30691 g
 -5.097255 14.6441345 3.5098996 30694 a
 0.11304453 0.6050553 -0.008356733 30899 g
 -1.5616181 8.628104 1.1192893 30903 a
 0.5348892 -0.10840557 -0.33885503 31091 g
 -1.228824 9.685743 -1.0714053 31094 a
 0.9420866 -0.12624875 -0.2160833 31291 g
 -1.7082629 9.689334 -0.5590461 31294 a
 0.81798327 -0.0476839 -0.15030429 31503 g
 -0.6171055 12.649166 -0.48602295 31508 a
 0.31118372 -0.2740526 -0.12340636 31689 g
 -0.9588778 9.758766 -0.039504327 31693 a
 -1.9799337 -0.35474637 0.5037681 31891 g
 -1.4532804 6.3368535 2.8179753 31894 a
 -0.71892726 0.23647805 0.6616919 32099 g
 -3.0172927 5.3624134 2.6844985 32103 a
 0.111446366 0.45618883 0.02413117 32291 g
 1.2108675 11.155185 -0.5351041 32294 a
 0.46538046 -0.015190671 -0.34205347 32491 g
 -1.299453 8.841188 -1.0001777 32494 a
 1.0259758 0.07508969 -0.22860229 32699 g
 -1.8028339 9.7324295 -0.04129998 32703 a
 0.9133242 -0.0950863 -0.21342227 32890 g
 -1.371279 12.250531 0.53091425 32894 a
 0.31970558 -0.35101607 -0.17800222 33089 g
 -1.2312182 10.337564 -0.9415198 33093 a
 -1.9032352 -0.6319761 0.7077628 33298 g
 -1.0821792 6.5325794 1.9722236 33302 a
 -0.65980536 0.15765114 0.806566 33490 g
 -1.8776526 6.136339 3.478775 33494 a
 0.19347146 0.42929357 -0.13432878 33690 g
 3.004723 13.540408 -0.3645172 33693 a
 0.4456728 -0.16166186 -0.41635755 33890 g
 -0.93134445 9.238028 -1.3239936 33894 a
 0.9977461 -0.14621553 -0.31728795 34089 g
 -1.9387048 9.568427 -0.4381389 34102 a
 0.8193143 0.032482576 -0.28639528 34288 g
 -0.6254852 13.63438 -2.0572178 34291 a
 0.41025278 -0.25300908 -0.23179995 34497 g
 -1.8064252 10.900801 0.7978677 34501 a
 -1.9288015 -0.105736285 0.4499693 34689 g
 -1.9440918 7.2382703 2.067393 34693 a
 -0.7546139 0.098261856 0.8619603 34887 g
 0.97623575 8.531737 3.2082303 34891 a
 0.18335119 0.42769727 0.049161952 35099 g
 -2.2098482 7.438186 -1.4131776 35103 a
 0.19719963 0.21837282 -0.12527509 35288 g
 -2.3008277 8.871116 -0.9307459 35292 a
 1.0571343 -0.33822784 -0.3883954 35488 g
 -2.123657 9.078813 -1.0654198 35492 a
 0.85926145 -0.18403003 -0.19318624 35696 g
 -0.86370826 10.296863 -1.1372458 35701 a
 0.6081254 -0.49402198 -0.22913891 35889 g
 -5.430648 10.999561 -1.2545617 35893 a
 -1.1181357 -0.23489639 0.14157312 36089 g
 -2.806603 7.128137 1.5155296 36093 a
 -1.3458359 -0.7917623 0.877404 36299 g
 1.7411832 10.128671 4.6363716 36303 a
 0.07336263 0.23142417 0.09842937 36487 g
 -2.9454668 13.003508 5.1840453 36491 a
 0.17296486 0.35233167 0.0097461045 36689 g
 -2.6641479 9.258378 0.28491 36692 a
 0.77377397 -0.57897496 -0.44325814 36899 g
 -1.7770962 9.566033 -0.6703765 36903 a
 0.9663205 -0.44688216 -0.20916627 37088 g
 -1.0408791 10.7912655 -1.3377602 37092 a
 0.61425066 -0.6764466 -0.23579788 37288 g
 -5.099051 8.939949 -0.60573304 37292 a
 -0.37644553 -1.0711247 0.058213506 37498 g
 -2.3690627 7.7464395 0.66020113 37502 a
 -1.2686045 -1.5025568 0.4499645 37688 g
 0.7649474 8.421006 3.0268695 37692 a
 0.2459352 -0.345147 0.3671402 37888 g
 -5.281609 9.737817 2.6126726 37891 a
 0.11410873 0.16964203 -1.09722234E-4 38088 g
 -0.19033903 10.439917 -0.11492168 38092 a
 0.5782977 -0.39841023 -0.46376607 38286 g
 -1.3174095 9.926959 -1.5047557 38289 a
 0.83928746 -0.3483428 -0.17454678 38487 g
 -1.7046716 9.968259 -1.0636241 38491 a
 0.66671467 -0.27776903 -0.23366895 38690 g
 -1.417966 12.547413 -2.2062569 38693 a
 0.40572485 -0.66552526 -0.17694362 38887 g
 -2.5851393 10.179547 0.037708677 38891 a
 -1.5458395 -0.4905556 0.1623431 39087 g
 -2.5875335 8.075044 2.4875755 39091 a
 -0.6424956 -0.5121253 0.64836895 39293 g
 0.43035775 10.160394 3.071761 39303 a
 0.06457367 0.3187809 0.35462227 39484 g
 -1.6968905 15.664663 3.8881836 39488 a
 0.32529715 0.52251273 0.17432626 39686 g
 -1.6514006 8.9040365 -0.44472298 39690 a
 0.5260995 -0.4258381 -0.4909319 39894 g
 -1.4718355 9.92636 -0.75956047 39899 a
 0.65126806 0.23675635 -0.30930433 40087 g
 -1.8010383 10.287885 -0.80564886 40091 a
 0.63129437 -0.019439744 -0.21636 40285 g
 -2.9993362 10.372879 0.2633622 40289 a
 0.18335065 -0.4008036 -0.10690461 40495 g
 -1.6334441 9.276933 -0.04070143 40499 a
 -1.8827296 -0.5214448 0.46088132 40684 g
 -1.1653777 7.5441294 2.92751 40687 a
 -0.528246 -0.08681692 0.5314551 40885 g
 -2.0165164 5.971139 3.728969 40889 a
 0.2006612 0.16192153 0.19350049 41095 g
 1.2258313 11.669339 0.25378537 41098 a
 0.5348879 -0.31371903 -0.417695 41283 g
 -1.7770962 9.36492 -1.1779473 41287 a
 0.9673853 -0.07882824 -0.28000954 41484 g
 -2.3349452 9.753978 -0.4902128 41488 a
 0.81611747 -0.14833248 -0.26882693 41694 g
 -2.533664 11.296442 0.45908818 41698 a
 0.19373672 -0.44234547 -0.1127657 41884 g
 -1.79206 9.289502 0.035913024 41888 a
 -1.8798004 -0.67244256 0.4707329 42075 g
 -1.5448587 7.487866 2.6880898 42077 a
 -0.4861683 -0.04819842 0.5769935 42278 g
 -1.7555484 5.623381 3.7535098 42280 a
 0.07975342 0.0761712 0.06433505 42480 g
 0.6913257 12.328343 -1.0055647 42485 a
 0.5785635 -0.44660732 -0.4275508 42684 g
 -0.9660604 8.656237 -1.2617443 42688 a
 1.055003 -0.5267669 -0.30318224 42893 g
 -1.4562732 9.71986 -0.83976626 42897 a
 0.75646263 -0.251396 -0.2363369 43083 g
 -0.09816227 12.482769 -2.2254105 43087 a
 0.4137138 -0.60426486 -0.2115695 43283 g
 -0.95468795 9.937134 1.1145009 43287 a
 -1.7775351 -0.6934832 0.362077 43497 g
 -2.348712 7.395689 1.9111716 43503 a
 -0.38443556 0.0013355752 0.8686102 43683 g
 1.757344 8.572439 3.8935704 43687 a
 0.36231482 0.20906214 0.25555053 43883 g
 -2.1625626 9.482835 -3.0520086 43886 a
 0.20172647 0.051667456 -0.35724175 44092 g
 -1.7208325 9.43914 -1.1270704 44096 a
 0.9247747 -0.66738605 -0.3596386 44282 g
 -1.4431051 9.376891 -1.2844892 44286 a
 0.6853565 -0.76592296 -0.15271099 44481 g
 -1.7256209 11.267712 -0.22744916 44489 a
 0.46990678 -0.7355619 -0.23100846 44674 g
 -3.4272997 9.927557 0.96187055 44675 a
 -1.4670103 -1.0146612 0.1335783 44872 g
 -1.5813702 7.1664443 2.582745 44873 a
 -0.46353117 -1.0721854 0.51094824 45072 g
 0.25378537 9.920973 3.7373488 45073 a
 0.47097203 -0.30759376 -0.007834488 45273 g
 -2.2062569 8.057686 -4.6273932 45274 a
 0.44327518 -0.0748335 -0.34445804 45477 g
 -1.1031284 9.694721 -1.0839748 45481 a
 0.6786986 -0.4119897 -0.24299161 45681 g
 -1.3090298 9.299079 -0.64583594 45685 a
 0.46990705 -0.15579705 -0.13992515 45890 g
 -1.2372037 11.708843 -0.7284359 45894 a
 0.4227691 -0.31931514 -0.20277575 46080 g
 -4.493318 9.442732 0.7212533 46084 a
 -1.1495612 -0.23222977 -0.024610272 46280 g
 -3.7140055 7.86196 2.0500352 46284 a
 -0.8688632 -0.4700578 0.2598204 46492 g
 -0.20949265 9.362526 3.781043 46499 a
 -0.15673396 -0.052740443 0.23984668 46678 g
 -2.280477 7.141305 3.0813377 46682 a
 -0.39295635 0.6093214 0.18338767 46879 g
 -2.1906946 10.68652 4.617218 46883 a
 0.6645855 0.24419536 -0.02673148 47078 g
 -2.3493104 9.126099 -0.623091 47083 a
 0.6885539 -0.224521 -0.13059476 47277 g
 -0.9923966 10.306439 0.25857377 47280 a
 0.73595816 -0.41227385 -0.07866312 47474 g
 -0.7068881 9.735423 -0.55485624 47478 a
 0.6169151 -0.11107379 -0.12499999 47688 g
 1.0007763 13.541605 -3.7457285 47692 a
 0.3503327 0.08440223 -0.35882553 47874 g
 -2.2403743 10.548853 0.99299514 47878 a
 -1.8813963 0.16909075 0.32960162 48079 g
 -2.5318682 7.719505 2.0141222 48082 a
 -0.5330381 0.20158292 1.0886015 48288 g
 0.24181437 9.150639 2.8951883 48292 a
 -0.16312501 0.5211623 0.15090244 48478 g
 -3.3925838 15.50485 4.495114 48482 a
 0.21344596 0.45698005 -0.104761034 48677 g
 -2.1380222 9.4457245 0.092176765 48681 a
 0.54181397 -0.8650139 -0.3777345 48888 g
 -0.6428431 10.276512 -0.12330139 48892 a
 0.78762376 -0.868476 -0.339385 49078 g
 -1.8154035 9.609129 -0.09935937 49081 a
 0.26830736 -1.917476E-5 -0.2815944 49279 g
 -1.395221 9.985617 -0.8265981 49284 a
 0.33009243 -0.15261485 -0.40250403 49487 g
 -5.369596 8.759786 1.4305356 49491 a
 -0.53729916 0.022621157 -0.41928196 49675 g
 -3.1441853 8.522161 1.1252748 49679 a
 -0.89655954 -0.47698787 0.46009383 49878 g
 -1.0289081 9.16261 1.9428947 49881 a
 -0.05686515 0.44899404 1.0020466 50087 g
 1.3814543 9.898229 1.5310919 50091 a
 -0.19055583 1.3621919 0.6872609 50277 g
 -2.8335378 6.679224 2.3211784 50289 a
 0.11277822 0.9589894 0.04197701 50473 g
 -2.6048915 9.5798 -0.6925228 50479 a
 0.59481037 -0.010398579 -0.6192875 50685 g
 -2.256535 9.176376 -0.6380547 50689 a
 0.65260094 0.35738397 -0.23312913 50874 g
 -2.7419596 11.587936 0.44711718 50878 a
 0.590283 -0.35341373 -0.31621975 51074 g
 -5.8442464 9.738416 0.08200141 51078 a
 -1.072595 -0.7606087 0.13704866 51282 g
 -3.221997 7.5016327 2.4732103 51286 a
 -0.7921642 -1.1297228 0.56848073 51474 g
 1.347337 10.165182 3.5739446 51478 a
 0.35299507 -0.10360682 0.35169944 51674 g
 -3.6367924 15.708358 2.0853498 51678 a
 0.09786398 0.71957815 -0.0035673042 51881 g
 -2.3732524 9.669582 0.46567222 51886 a
 0.34926638 -0.19388612 -0.38972566 52073 g
 -2.5719712 9.056666 -2.3822308 52077 a
 0.7266363 -1.2130779 -0.10583269 52273 g
 -0.6727707 10.317812 -4.4328647 52277 a
 0.89468175 -2.349447 0.120534934 52481 g
 -1.8291701 9.707291 -1.858499 52485 a
 0.14713246 -2.621622 0.07259804 52672 g
 -2.1679497 8.337209 2.0482395 52675 a
 -0.39641872 -1.7363874 -0.8736231 52873 g
 -5.0505686 7.2687964 1.9728222 52876 a
 0.14020798 -0.3981479 -0.55670744 53080 g
 -1.9494787 5.1301756 -2.1242554 53085 a
 0.7639203 -1.1414362 0.07632593 53272 g
 -2.2571337 9.40203 -1.2934675 53276 a
 1.1990808 -1.4335849 0.30322725 53472 g
 -1.9069817 8.630499 -0.9840169 53476 a
 1.0448838 -0.8538132 0.22546189 53677 g
 -0.6183026 10.915166 -1.5664065 53681 a
 0.7657845 -0.8626016 0.051557466 53872 g
 -3.4261026 10.111911 -1.6095021 53876 a
 -0.92052907 -0.26152614 0.01853427 54071 g
 -3.086126 8.215105 0.6787562 54075 a
 -1.5317248 -0.6836356 0.74238014 54277 g
 0.9175778 8.850166 4.5262384 54281 a
 -0.2629949 0.52251005 0.35196072 54477 g
 -5.957372 18.999786 5.2983685 54481 a
 -0.084563084 0.84927994 0.18125208 54670 g
 -3.594894 7.4926543 -0.15023616 54674 a
 0.820379 -0.4487437 -0.38759965 54879 g
 -0.39085343 10.025121 -0.40402153 54884 a
 1.2829701 -0.46925005 -0.20677102 55073 g
 -1.608305 11.098322 -1.7154455 55077 a
 0.8179822 -0.19680867 -0.2443216 55272 g
 -4.3185415 9.217676 0.55006784 55275 a
 -0.5018804 -0.2724435 0.050224554 55479 g
 -3.9312792 7.0287776 2.3241713 55483 a
 -2.1431866 -0.5547386 1.1948512 55669 g
 -0.7398083 5.7227407 4.2664676 55674 a
 -0.55967104 0.7781735 0.22918898 55872 g
 -9.664195 19.612701 4.5777135 55877 a
 0.5351542 0.08389091 -0.44379395 56081 g
 -2.054225 7.9128366 -0.029927522 56085 a
 1.2278425 -1.4349098 -0.40597707 56271 g
 -1.7417817 9.476849 0.31004912 56274 a
 1.2781762 -0.46099186 -0.3367349 56470 g
 -2.9993362 11.182119 -0.45429978 56474 a
 0.85819566 -0.28495583 -0.39479232 56674 g
 -8.292916 10.547656 15.131953 56678 a
 -1.6763347 -0.41065705 0.48484978 56870 g
 -1.7441759 4.3538556 1.7866731 56874 a
 -1.8052317 -0.04820082 1.0169494 57069 g
 0.31004912 14.961367 7.1790137 57072 a
 0.4123825 0.5701852 -0.09465407 57271 g
 0.43873745 8.525752 -2.8137856 57275 a
 0.11730426 0.57817465 0.0022849923 57469 g
 -1.2138603 9.695918 0.22625206 57472 a
 1.1796392 -0.028493427 -0.37242177 57669 g
 -2.3666685 8.932767 -1.359308 57672 a
 1.1471486 0.3456815 -0.2152958 57875 g
 0.29807812 13.58889 -2.297835 57879 a
 0.4419436 -0.046602122 -0.25231373 58069 g
 -1.875857 10.736199 -0.4902128 58072 a
 -2.1192183 0.16485287 0.26513845 58269 g
 -2.1051018 7.1407065 1.2030864 58272 a
 -0.88564223 0.9193272 0.84437543 58477 g
 0.49919105 7.9487495 2.6521769 58480 a
 -0.12131497 0.9494209 0.23824 58669 g
 -0.6183026 11.172543 -2.8832173 58672 a
 0.06031261 0.88896716 0.18018308 58867 g
 -2.3588872 9.646238 -1.06123 58870 a
 0.96845055 0.32837176 -0.24858585 59071 g
 -2.171541 9.181764 -1.2060791 59074 a
 0.94874316 0.092682 -0.13593413 59264 g
 0.65301853 10.772112 -1.3994108 59268 a
 0.58495533 -0.13768144 -0.22009002 59464 g
 -3.0142999 11.743559 -1.9524715 59468 a
 -1.4283947 0.52624625 -0.058170896 59668 g
 -2.9586349 7.781754 0.99778354 59673 a
 -1.4382484 0.25114167 0.84251016 59867 g
 0.7793127 10.159196 5.2768207 59871 a
 -0.17377952 1.0674006 0.34529802 60204 g
