 0.056848902 0.015460982 -0.037670948 33 g
 -0.04249708 5.0278234 8.617929 34 a
 0.14872795 -0.016230635 -0.12049525 234 g
 0.82599956 3.9695864 8.499416 236 a
 -0.022513298 -0.20824455 -0.009974071 433 g
 1.0564415 4.0384197 7.565677 437 a
 0.2848155 -0.13740446 0.15381034 638 g
 1.299453 8.256405 5.7227407 644 a
 2.1247935 -0.3312826 1.2377169 836 g
 3.7828386 9.506777 0.6955156 839 a
 2.0297186 -1.5914904 0.51786447 1033 g
 7.1646485 4.748899 -3.1028855 1036 a
 3.246783 0.15501489 1.2667427 1247 g
 9.434352 2.984971 4.4143095 1251 a
 1.0605941 4.6360497 2.5266843 1435 g
 13.229161 2.9819782 14.325108 1439 a
 1.6992201 3.1785016 0.46486488 1636 g
 6.3021374 7.3406224 3.311181 1639 a
 2.3239977 -1.0175738 -0.048593104 1845 g
 4.406528 5.5000796 4.1060557 1849 a
 0.6715062 -0.7291535 0.065656506 2034 g
 3.0244753 6.4906807 2.0901382 2038 a
 0.16630456 -0.8729642 -1.4715201 2232 g
 2.7868507 4.0336313 0.22984336 2233 a
 -0.008931443 -1.3097245 -1.357802 2444 g
 0.40641573 4.301782 -7.632715 2448 a
 1.4837704 1.4751431 -2.3306549 2635 g
 -4.624999 14.735114 -3.594894 2639 a
 0.12156345 -1.3163824 0.5828435 2835 g
 -0.2160767 10.214263 -1.7040731 2839 a
 0.26324362 -2.0247831 0.33889788 3036 g
 0.712275 11.722012 -1.5047557 3041 a
 0.22063304 -1.050599 0.118654475 3234 g
 -1.7657237 10.858303 1.5855601 3238 a
 -1.7346598 -0.4383382 9.4275904E-4 3434 g
 -2.56419 6.479907 2.532467 3438 a
 -1.3458381 0.6953668 0.24036254 3645 g
 -1.4203602 7.6267295 4.1258082 3649 a
 -0.20201035 0.50974447 -0.0046482813 3834 g
 -0.4890157 9.337985 -0.54049104 3837 a
 0.14473322 0.43783912 0.07870866 4033 g
 -1.2808979 9.298481 -0.35075054 4036 a
 1.4102674 -0.853794 0.085632876 4235 g
 -1.5161282 9.215282 -0.80325466 4238 a
 1.1716481 -0.5541884 0.11918871 4435 g
 2.047641 12.413936 -0.56443304 4439 a
 0.6022643 -0.79227495 -0.14393161 4633 g
 -0.207697 10.992977 1.8830396 4637 a
 -2.0656905 0.30254894 0.05447496 4843 g
 -2.7982233 6.159084 0.4357447 4847 a
 -1.1668736 1.6266726 0.6813831 5033 g
 0.8391677 5.120599 5.517438 5047 a
 -0.041155428 1.3113544 0.27897945 5231 g
 1.3084313 15.593435 -3.502717 5234 a
 0.24806386 0.6455649 -0.021425663 5435 g
 -0.82480246 8.805275 -1.620276 5437 a
 0.95752996 0.92599577 0.19375776 5631 g
 -1.8644845 9.792884 -0.99299514 5635 a
 0.95513314 0.26819497 -0.022490928 5832 g
 2.6689363 14.223353 -1.958457 5836 a
 0.086409986 -0.19119951 -0.24273488 6039 g
 -0.78170687 8.99322 -2.6162639 6045 a
 -2.2041748 0.6772573 0.3769827 6232 g
 -2.7934349 5.844845 2.959832 6235 a
 -1.1682051 1.9246819 0.8105453 6432 g
 -1.8626889 3.8684313 6.980295 6437 a
 -0.035829104 0.7041552 0.013993846 6634 g
 2.4187422 13.541006 -3.615843 6638 a
 0.5247663 -0.4319493 -0.09492944 6831 g
 -0.3854665 8.687361 -2.167351 6835 a
 1.5439581 -1.038351 -0.20571694 7031 g
 -0.7703344 9.655217 -1.3928268 7035 a
 0.90373415 0.09908504 -0.12475684 7233 g
 1.3431472 13.5930805 -3.0998926 7237 a
 0.184148 -0.082542546 -0.11969684 7431 g
 -3.3063924 8.652645 -0.47285482 7435 a
 -2.2225506 0.24422732 0.12078661 7630 g
 -2.2744915 7.668628 3.9707835 7634 a
 -0.83983743 0.5984277 0.2909626 7833 g
 -2.3427265 4.023456 5.7945666 7836 a
 0.09599737 0.47432443 0.03023913 8029 g
 -0.27114335 13.429676 -1.9003977 8034 a
 0.45685568 -0.09106466 -0.19399904 8229 g
 -0.7266402 9.038112 -1.2072762 8233 a
 1.118385 -0.4223619 0.07418129 8432 g
 -1.7304093 9.509171 -0.86370826 8438 a
 0.7860224 0.20454621 -0.042731486 8629 g
 -0.7625532 13.232753 -2.9783869 8633 a
 0.42756093 -0.20291743 -0.09865787 8828 g
 -2.463035 10.734404 -2.3828292 8833 a
 -1.4861866 0.16300197 -0.18734166 9036 g
 -4.7046065 8.09719 0.7703344 9040 a
 -0.7996237 0.2098736 0.013726997 9230 g
 -2.484583 9.224859 2.556409 9234 a
 -0.31040102 0.45834655 -0.1878743 9428 g
 -4.353257 9.749189 3.163339 9433 a
 -0.15114425 0.5454335 0.07870706 9638 g
 -0.86251116 12.141596 0.84216046 9644 a
 0.31144685 0.3486259 0.2198546 9826 g
 -1.055843 9.97185 -1.5765818 9831 a
 0.9231749 -0.44792557 0.36446425 10026 g
 -0.82121116 9.384672 -1.2737153 10030 a
 0.7463413 -0.74460334 0.30694103 10233 g
 -0.9959879 10.583569 -1.5412674 10239 a
 0.69440967 -0.7664412 0.028907016 10426 g
 -2.938284 9.284714 0.32441434 10439 a
 -0.006534332 -0.43594295 0.06938706 10625 g
 -0.7691373 9.882068 -0.11252748 10629 a
 -1.9519738 -0.38827157 -0.05631467 10837 g
 -1.9847932 7.2849574 2.677316 10841 a
 -0.7769871 0.5571506 0.47871438 11026 g
 -1.3700819 7.491457 3.9725792 11030 a
 -0.032100946 0.33317876 0.079240225 11226 g
 -4.2383356 4.88058 0.3250129 11233 a
 0.23821017 0.43038228 -0.015300926 11436 g
 -2.6144683 9.482835 -0.2873042 11441 a
 1.1431524 -0.54033995 -0.1553832 11626 g
 -1.8926164 8.978855 -0.45789108 11631 a
 0.87843406 -0.18374267 0.0512781 11826 g
 -2.123657 10.985794 -1.5436616 11831 a
 0.69813806 -0.36270604 -0.113305785 12036 g
 -3.697246 8.640674 -0.22625206 12039 a
 -0.5764508 -0.06336672 -0.016100407 12225 g
 -2.1176715 8.653243 -0.27353755 12229 a
 -1.7511711 -0.23593956 0.10107868 12425 g
 -1.6861166 8.388085 2.7844565 12429 a
 -0.5386342 0.57712513 0.31519577 12635 g
 -2.0745757 7.5495167 3.8025908 12639 a
 3.8962046E-4 0.34303325 0.15327558 12859 g
 -1.8561049 5.805939 -0.5967548 12872 a
 0.48881337 0.22372364 -0.00731304 13016 g
 -1.7842789 9.321226 -0.8595184 13017 a
 0.9226423 -0.51210856 -0.11650211 13224 g
 -1.7944542 9.214684 -1.4616601 13227 a
 0.6597883 -0.24525982 0.026509637 13419 g
 -1.115698 10.196306 -1.1671734 13424 a
 0.5833556 -0.2316777 -0.088805236 13620 g
 -3.614646 8.6496525 0.20410569 13624 a
 0.0033190977 -0.41250554 0.046482813 13822 g
 -2.5659857 9.340978 0.439336 13825 a
 -1.710425 -0.72995436 -0.16577113 14018 g
 -2.6270378 8.198944 1.536479 14022 a
 0.10052448 -0.7509933 0.08536497 14219 g
 -4.681263 7.785944 0.48722005 14223 a
 0.47789466 -1.0455424 -0.042464636 14421 g
 -1.9213469 10.043676 -1.1994951 14425 a
 0.75406444 -1.1379541 -0.10451629 14618 g
 -2.1823149 9.773131 -0.45370123 14622 a
 0.5601863 -1.5281072 0.03982704 14818 g
 0.32202014 10.208278 -1.0085574 14822 a
 0.46378016 -1.8708595 0.2651326 15021 g
 -2.7252002 9.633071 0.01436521 15025 a
 -0.13915949 -1.2599304 0.075781845 15218 g
 -1.4460979 9.715671 2.2930467 15222 a
 -0.49575675 -1.5480844 -0.64833164 15417 g
 -2.9861681 8.230068 2.7138276 15424 a
 -0.0621936 -0.9744445 -0.49706063 15623 g
 -3.1022868 9.346365 3.8121676 15626 a
 0.32742685 -0.59920514 -0.362571 15819 g
 -2.6402059 9.459491 0.66618663 15823 a
 0.5343545 -0.42849648 0.23291181 16021 g
 -1.7561469 9.330803 -1.8171991 16025 a
 1.0398227 -1.0210533 0.3679362 16219 g
 -0.31004912 9.368511 -0.9528923 16222 a
 0.7713761 -0.95820266 0.27792138 16417 g
 -1.0660183 11.048642 -1.5502456 16421 a
 0.59267795 -0.76698774 -0.0062379222 16617 g
 -3.3033998 8.024766 0.04070143 16621 a
 -0.18789427 -0.5890918 0.049424276 16818 g
 0.3238158 9.425972 1.316811 16825 a
 -1.814553 -0.7534088 0.20415394 17022 g
 -1.3856442 7.153276 2.5001452 17026 a
 -0.6049453 0.82637835 0.542908 17222 g
 -3.1639376 4.9338512 1.2695254 17225 a
 0.06856841 0.56911355 0.08724329 17432 g
 1.3916297 11.805809 -0.27353755 17435 a
 0.75859344 -0.25380325 -0.31729087 17619 g
 -1.5041572 8.6017685 -0.18854338 17623 a
 0.87790304 -0.14780943 -0.11542326 17821 g
 -1.5873557 9.268554 -0.7254431 17825 a
 0.6805631 0.01943362 0.002556901 18027 g
 0.29448682 12.904149 -3.2920272 18032 a
 0.61398405 -0.584305 -0.13432957 18218 g
 -3.393781 11.353903 -0.38367084 18222 a
 -1.7772683 -0.20533718 0.11680651 18421 g
 -2.3840263 7.0341644 1.5676036 18425 a
 -1.0126747 0.28575054 0.6395845 18626 g
 -0.5386954 9.3661175 3.6924577 18631 a
 -0.17164846 0.73262894 0.122398615 18818 g
 -4.1814733 16.328455 6.7306995 18822 a
 0.22090149 0.6527341 0.05235748 19018 g
 -2.0895395 9.656414 0.3453636 19022 a
 0.7458108 -0.46952355 -0.22194704 19224 g
 -1.353921 10.0341 -0.37349546 19228 a
 0.9799027 -0.34195814 0.08671332 19419 g
 -0.8355764 9.745598 -1.3156139 19424 a
 0.7362234 -0.39948243 -0.0011709919 19619 g
 0.7218518 12.794015 -1.7070658 19624 a
 0.22649412 -0.5656621 -0.017949972 19818 g
 -1.0121487 9.878476 -1.9351135 19822 a
 -2.0883255 -0.26552382 0.13784495 20019 g
 -2.6420016 6.861782 3.1735144 20023 a
 -0.69229645 0.8524712 0.66621614 20219 g
 -0.4890157 5.1882353 4.88896 20223 a
 0.075226575 0.47483495 0.09203858 20419 g
 -2.8844144 7.9128366 0.7703344 20433 a
 0.33568373 0.2340852 -0.15643434 20618 g
 -1.5173253 9.32781 -1.4676456 20623 a
 1.1924226 -0.80561286 -0.17800595 20818 g
 -1.0702082 8.958505 -1.1097125 20823 a
 0.83236325 -0.09321543 0.022795327 21021 g
 1.4143747 11.792641 -1.9219455 21024 a
 0.6515346 -0.47431377 -0.11915116 21218 g
 -2.3762453 11.723208 -1.2940661 21222 a
 -1.7849914 0.19254175 -0.031799477 21418 g
 -3.0454245 6.0369797 1.6759412 21423 a
 -1.2590173 0.4612555 0.60389656 21624 g
 1.021127 12.563574 5.5976434 21628 a
 0.03980627 0.37896383 0.051556934 21817 g
 -4.2784386 5.804742 3.2345665 21822 a
 0.048062067 0.6783031 0.085112765 22017 g
 -2.480393 8.931569 0.28191724 22022 a
 1.0414212 -0.8602026 -0.23393553 22223 g
 -0.97982705 9.091382 -0.48003745 22227 a
 1.0315675 -0.4663211 0.092301704 22417 g
 -1.328782 10.994773 -1.5544355 22421 a
 0.7514029 -0.44688 -0.117289074 22617 g
 -4.2078094 8.726267 -0.19752164 22621 a
 -0.56339973 -0.1422144 0.026521621 22819 g
 -1.0103531 8.352173 0.8702923 22823 a
 -1.8150854 -0.4482116 0.13890702 23016 g
 -0.89782566 8.024766 3.4290953 23021 a
 -0.2605983 0.3075935 0.28964195 23216 g
 -4.052785 8.992023 2.0452468 23221 a
 0.030218888 0.05752268 0.0691322 23418 g
 1.0055647 13.237541 -1.3904326 23423 a
 0.7303639 -0.59095705 -0.30131352 23616 g
 -0.8936358 9.340978 -2.4426842 23619 a
 1.3093351 -1.3214622 0.108280666 23816 g
 -0.5919664 9.711481 -1.0163386 23820 a
 0.8659186 -0.85354203 0.025721075 24024 g
 0.51235914 12.917316 -2.328361 24028 a
 0.47603178 -1.1781814 -0.054972704 24215 g
 -2.9071593 11.054029 -0.3549404 24219 a
 -1.7029666 -0.849281 0.01586738 24416 g
 -2.134431 5.653309 1.8842367 24420 a
 -0.9476941 -0.48416162 0.5618154 24618 g
 1.4634558 11.555614 2.9640217 24622 a
 0.37270114 -0.06178427 0.09656116 24815 g
 -3.7660792 3.6996403 -0.7290344 24819 a
 0.13328296 0.30599827 -0.18626654 25015 g
 -1.9405005 9.534908 -1.1408371 25019 a
 1.0717807 -0.96512693 -0.32528463 25221 g
 -1.210269 8.678383 -0.30825347 25225 a
 0.92291 -0.21305022 -0.05097903 25414 g
 -0.7565677 11.821371 -1.168969 25418 a
 0.5415453 -0.54195064 -0.20038237 25614 g
 -3.7828386 10.204087 0.50996494 25618 a
 -1.463815 -0.60054016 0.045960035 25817 g
 -2.621651 5.632958 2.3116016 25821 a
 -0.9378407 -0.49294844 0.6206702 26015 g
 0.9498995 11.30961 3.0603883 26018 a
 0.22063437 0.25779665 0.25448555 26240 g
 -4.1533413 2.6168625 -0.5327099 26256 a
 0.091737114 0.39575106 -0.16602919 26424 g
 -1.9458874 9.655217 -0.7733272 26428 a
 1.2440869 -1.0785749 -0.26722932 26614 g
 -1.1683705 9.330803 -1.6573862 26618 a
 0.94075286 -0.41278464 -0.026479544 26814 g
 -0.6512229 10.30225 -0.98341835 26818 a
 0.6043956 -0.59254724 -0.13939811 27022 g
 -4.6058455 10.66557 -0.8391677 27026 a
 -1.4012309 -0.46711233 -0.0235506 27212 g
 -3.4973302 5.3540335 2.8491 27216 a
 -1.1082833 -0.91052866 0.4214636 27415 g
 1.6711528 10.939706 3.9839516 27418 a
 0.37855956 -0.07296449 0.20148651 27608 g
 -2.8921957 3.0502129 1.2773066 27614 a
 0.061909705 0.67138904 -0.0765475 27811 g
 -2.9466639 9.181764 -1.0857705 27815 a
 0.9439486 -0.5211745 -0.34153202 28009 g
 -1.5795746 9.542689 -0.14065935 28014 a
 0.7612558 -0.19467095 0.08377479 28213 g
 -0.6799533 10.732608 -1.3162124 28217 a
 0.5854872 -0.5147829 -0.15271391 28409 g
 -2.6527755 9.367912 -2.191293 28416 a
 -0.3202539 -0.6564631 -0.064829595 28609 g
 -0.7811083 9.348161 -0.02813187 28614 a
 -1.6241375 -0.9422203 0.26007605 28813 g
 -0.16101007 8.398261 2.7934349 28817 a
 -0.04435042 0.0061313957 0.46380788 29009 g
 -3.9959226 9.151836 1.6921021 29014 a
 0.09253606 0.3898929 0.18444228 29209 g
 -1.3844471 11.771092 0.036511578 29214 a
 0.551665 -0.26471102 -0.29572618 29421 g
 -1.3814543 9.167398 -0.66139823 29425 a
 0.8720433 -0.7036 -0.10850597 29607 g
 -0.9127894 9.583989 -1.4449008 29612 a
 0.6464736 -0.6561957 -0.05577538 29807 g
 -1.4748282 11.408371 -1.5179238 29811 a
 0.4893468 -0.91638416 -0.09199597 30012 g
 -4.0174704 10.314221 0.7386112 30016 a
 -1.1602151 -1.4357005 -0.1090402 30207 g
 -2.6270378 7.3328414 2.2266076 30211 a
 -0.5647324 -1.1986792 0.4499573 30406 g
 0.12629414 10.712257 2.0308816 30409 a
 0.7593916 -0.08681106 0.1495538 30611 g
 0.5303157 11.251551 0.20470424 30619 a
 0.26111415 -0.21411017 -0.34925628 30805 g
 -0.8798691 9.6923275 -0.46028528 30809 a
 0.2848163 0.02797118 -0.09492438 31008 g
 -0.61112 9.6049385 -0.4902128 31011 a
 0.26510888 -0.13954166 -0.06802645 31206 g
 -1.6208745 9.767744 0.50158525 31210 a
 0.25498888 0.04661331 -0.18014553 31406 g
 -2.4073699 9.849147 0.016759412 31409 a
 -0.3415592 -0.16670589 -0.054976966 31606 g
 -2.095525 9.149442 2.2559366 31609 a
 -1.251828 -0.515045 -0.023553263 31812 g
 -0.8912416 8.872911 3.0879216 31816 a
 -0.3058731 0.3195897 0.6238612 32006 g
 -0.6087258 7.472902 3.7840357 32009 a
 -0.112261295 0.8351777 0.30561346 32207 g
 -5.275025 6.865972 2.5019407 32211 a
 0.4746994 0.441828 0.19988649 32412 g
 -1.3844471 9.127894 0.024540568 32416 a
 0.7442113 -0.98988736 -0.23660561 32606 g
 -2.0763714 9.333796 0.7386112 32609 a
 0.6467396 0.0029390645 -0.22994772 32806 g
 -1.6502035 9.66659 -0.415394 32809 a
 0.5953406 0.05354099 -0.27202672 33012 g
 -3.9282866 8.980052 -1.2898762 33016 a
 -0.40893742 0.22638014 -0.1923982 33207 g
 -1.9123687 10.876859 -1.525705 33211 a
 -1.7061632 0.054606255 0.5666027 33406 g
 -0.54408234 7.632715 1.8273745 33409 a
 -0.65634537 1.5462435 0.8153411 33611 g
 -1.2802993 10.828376 4.859631 33616 a
 0.16231035 0.7233268 0.10986978 33805 g
 1.9632454 13.27944 -0.320823 33809 a
 0.605993 -0.68388754 -0.37109712 34005 g
 -0.7966706 9.618107 0.0047884034 34009 a
 0.6691099 -0.11583526 -0.2584454 34204 g
 -0.5255273 9.557653 -0.4369418 34209 a
 0.678431 -0.44207248 -0.2320801 34405 g
 -5.872977 10.534488 1.1013328 34408 a
 -0.1359637 -0.5499305 -0.4469972 34604 g
 -2.7341783 6.7600284 1.3575124 34608 a
 -1.3149451 -1.2253073 0.15514298 34813 g
 -0.4961983 8.831013 3.478775 34817 a
 0.27336416 -0.7858858 0.56100875 35004 g
 -7.754221 12.217611 2.3953989 35008 a
 0.3402095 -0.15338503 0.09309133 35204 g
 -2.682703 8.474875 0.13946225 35209 a
 0.84887326 -1.592558 -0.7330207 35412 g
 -0.42556936 9.697116 0.021547815 35416 a
 0.56231713 -1.7390319 -0.31517074 35604 g
 -1.9602526 8.701726 -0.7386112 35607 a
 -0.042753056 -1.7361025 -0.30744755 35803 g
 -3.304597 7.07726 -0.5979519 35807 a
 -0.0930868 -1.8588734 -0.7905455 36011 g
 -3.776853 10.475231 1.8034325 36016 a
 1.4313066 -1.9227892 -0.3801524 36209 g
 -1.1737574 8.186374 -2.6180596 36221 a
 1.460335 -1.4993466 0.15887141 36402 g
 -1.4359225 12.70543 -1.3186066 36406 a
 0.56897503 -0.65618986 0.2747189 36603 g
 -1.7340006 9.284714 1.0755951 36607 a
 -0.40201348 0.029307822 0.16899142 36802 g
 -0.943914 9.730635 -0.3681085 36806 a
 -0.5535473 0.475121 -0.17349109 37002 g
 -2.5420437 9.239224 -0.5279215 37006 a
 -0.90881306 1.6671519 -0.3188997 37203 g
 -5.1888337 9.3733 4.300585 37206 a
 -0.53410625 0.66207486 -0.064834125 37403 g
 -1.6681601 10.242993 2.1583729 37406 a
 0.18894196 -0.46470857 0.21719463 37604 g
 -2.0278888 8.938153 2.4067712 37608 a
 -0.37378398 0.058870506 0.3767169 37809 g
 -2.7736826 7.714118 3.781043 37814 a
 -0.39935032 0.21972543 -0.18467744 38004 g
 -5.04578 12.271481 4.185663 38007 a
 0.29600102 -0.15657923 -0.19879219 38203 g
 -1.2000936 9.606734 -0.02932897 38207 a
 0.6430109 -0.67110276 -0.05498096 38408 g
 -0.79248077 9.204509 -1.2797008 38413 a
 1.105602 -1.238356 0.24888572 38603 g
 -0.8283938 8.732252 -0.51954174 38607 a
 0.64860356 -0.38401398 0.13090768 38803 g
 -0.87089086 11.03727 -1.0779893 38807 a
 0.70745915 -0.6103808 -0.050987285 39008 g
 -3.9264908 9.458294 -0.59855044 39012 a
 -0.94103754 -0.031409588 -0.046992544 39194 g
 -3.696049 8.267179 0.06404489 39196 a
 -1.5378519 -0.5390081 0.19428985 39403 g
 -0.6895301 7.4681134 4.104859 39406 a
 -0.439298 0.86394674 0.20014773 39612 g
 -5.006874 18.544289 2.9113493 39615 a
 -0.09335338 1.0999029 0.16020033 39802 g
 -2.779668 9.518747 0.38606504 39805 a
 0.7556624 -0.418099 -0.09120208 40002 g
 -0.87807345 10.296265 -0.18734628 40005 a
 1.1290375 -0.2764204 0.20520881 40209 g
 -1.234211 9.616311 -0.8750807 40215 a
 0.67630017 -0.15125184 0.09442131 40401 g
 0.05686229 13.071144 -2.4588451 40405 a
 0.4949389 -0.6199682 -0.07362416 40599 g
 -1.6250644 11.38383 -2.4247277 40603 a
 -2.0153568 -0.14672366 -0.032079373 40808 g
 -2.0242975 5.866991 1.4903905 40816 a
 -1.6968427 1.024002 0.8102785 41001 g
 -2.3732524 11.798626 7.241862 41005 a
 0.48029152 0.5552856 -0.06829836 41201 g
 -2.124854 1.6777369 -1.2246342 41205 a
 0.33994293 -0.039663788 -0.07069574 41408 g
 -1.0827777 10.388441 -0.97862995 41412 a
 1.5412949 -1.7741807 -0.012106198 41600 g
 -1.460463 8.714894 -1.8800468 41604 a
 0.8273014 -0.32781783 -0.015035675 41799 g
 -1.8166006 10.518925 -0.35254622 41804 a
 0.7580592 -0.6236966 -0.12369158 42005 g
 -5.533599 8.428188 0.94810385 42009 a
 -0.49815387 -0.08547176 0.0049390984 42199 g
 -2.6749218 9.005191 1.821389 42204 a
 -2.41057 0.088698976 0.19721933 42399 g
 -1.7585411 6.621165 3.638588 42403 a
 -0.77219343 0.84264416 0.36393055 42606 g
 -0.31423897 4.83928 6.229114 42611 a
 0.33328477 0.3512909 0.078706 42798 g
 0.08020575 9.532514 -0.9828198 42803 a
 0.4882807 0.4152068 -0.05471837 42998 g
 -0.5303157 9.449316 -0.30166942 43003 a
 1.3721842 -0.39679527 -0.012904081 43203 g
 -1.5209166 9.577405 -2.3409307 43206 a
 0.95060575 -0.21250454 0.11812344 43397 g
 2.291251 14.876971 -3.6607344 43401 a
 0.5117168 -0.42928585 -0.14419793 43598 g
 -2.0907366 10.009559 -0.6733692 43602 a
 -2.1916583 0.3739278 0.007066964 43802 g
 -3.122039 7.451953 2.4157495 43805 a
 -1.0550212 1.220813 0.665933 43998 g
 1.1061212 7.9074497 4.4298716 44002 a
 -0.03183463 1.1017697 0.3399621 44197 g
 -1.1240777 7.687183 0.33039984 44202 a
 0.10238869 0.9014992 0.027840152 44405 g
 -1.1881226 8.74542 -1.1246762 44409 a
 1.046213 0.23970367 -0.04859257 44597 g
 -1.8315643 9.46009 -0.4961983 44602 a
 0.9793676 0.038102377 0.12584448 44797 g
 1.9285295 14.801554 -2.5354595 44802 a
 0.35032898 -0.35631177 -0.08481156 44994 g
 0.7589619 9.837775 1.2330139 44995 a
 -2.3487847 0.2186647 0.030236999 45194 g
 -3.107674 7.129933 2.554613 45195 a
 -0.9357115 1.7015128 0.6238556 45394 g
 -1.0534488 3.3859997 5.609016 45395 a
 -0.3024118 1.3039036 0.28456834 45604 g
 1.2802993 13.308768 -2.023699 45607 a
 0.29280472 0.49616688 -0.016368853 45794 g
 -0.23582886 8.274361 -2.1027076 45798 a
 1.2550048 0.23331289 0.35274526 45993 g
 -2.6809072 9.709685 -1.1055226 45998 a
 1.0036024 -0.26203507 0.13303448 46195 g
 2.2218192 12.501324 -2.0679917 46201 a
 0.13541189 -0.53421015 0.0068006483 46394 g
 -0.4818331 8.870518 -1.0516531 46398 a
 -2.2835374 -0.20397817 0.07604284 46594 g
 -2.4343045 7.389105 3.66253 46598 a
 -0.63717085 1.1800631 0.36180216 46804 g
 -2.9921536 5.358822 2.6114755 46808 a
 -0.15726925 0.76753956 0.2669936 46992 g
 0.75477207 11.337144 -0.89423436 46995 a
 0.52263576 0.07085659 -0.20332062 47194 g
 -0.5943606 9.173384 -1.210269 47198 a
 1.3077357 -0.08973282 0.20973618 47404 g
 -1.489792 9.61272 -0.5315128 47408 a
 0.9945479 -0.3917353 0.06832233 47593 g
 2.034473 13.198635 -2.6862943 47598 a
 0.17802273 -0.41490477 -3.872236E-4 47792 g
 -1.7645266 8.723274 -1.0175357 47795 a
 -2.2771454 0.1768496 -0.02595357 47989 g
 -2.6240451 7.2670007 3.128623 47994 a
 -0.7420994 0.82692724 0.28696784 48189 g
 -3.3207579 6.0519433 2.5821466 48193 a
 -0.16419347 0.820802 0.22198673 48389 g
 1.0522517 12.023681 0.23523031 48393 a
 0.4850852 0.100152165 -0.15724848 48597 g
 -0.23523031 9.332599 -0.9636662 48602 a
 1.3844347 -0.049517486 0.25607413 48789 g
 -2.0231004 10.004171 -0.52253455 48793 a
 1.0576649 -0.52782124 0.052608617 48989 g
 -0.4249708 10.548853 -1.6095021 48993 a
 -0.003871171 -0.4021216 0.012129634 49197 g
 -0.6326678 8.682572 -2.504335 49202 a
 -2.312033 0.18137698 0.022515962 49389 g
 -2.445677 7.5848308 4.2957964 49393 a
 -0.7482247 1.1142823 0.2725868 49589 g
 -6.1489086 16.937181 1.3856442 49592 a
 0.01184148 0.74676687 0.25474307 49797 g
 -1.3347675 9.734225 0.4177882 49802 a
 0.59454113 -0.1821437 -0.22542487 49991 g
 -0.12449849 10.332177 -0.58777654 49995 a
 1.1889586 0.41467068 0.16845666 50189 g
 -0.7751228 10.893618 -1.0809821 50193 a
 0.9119899 0.009604691 -0.08640839 50397 g
 -2.2535424 9.123106 -0.7314286 50402 a
 -0.93304807 0.5172032 -0.1146379 50589 g
 -2.6024973 8.879496 0.6218939 50593 a
 -1.7112237 0.1933628 0.2789773 50789 g
 -1.501763 8.643068 3.107674 50793 a
 -0.43077588 1.2346598 0.40281376 50997 g
 -4.956596 15.309124 0.8607155 51010 a
 0.024624653 0.9579574 0.35168108 51189 g
 -1.5298948 9.634866 0.8774749 51193 a
 0.591079 0.23783866 -0.24167122 51389 g
 -1.5652094 9.585785 -0.14185645 51393 a
 0.67603356 0.47379553 0.25873622 51597 g
 -1.027711 9.366715 -1.347337 51602 a
 0.55699027 0.03943396 0.10826762 51788 g
 0.8774749 10.681132 -1.9740193 51793 a
 0.5575229 -0.46044138 -0.042200983 51988 g
 -3.1812954 9.544485 -1.1085154 51993 a
 -0.8701977 0.45169368 -0.17163222 52196 g
 -3.0597897 8.540716 -0.84216046 52201 a
 -1.5588912 -0.12994069 0.1410229 52388 g
 -0.90381116 9.039907 3.283049 52392 a
 -0.4017477 0.82986253 0.30320942 52588 g
 -2.4522612 8.135497 2.5504234 52592 a
 -0.1785748 0.52200115 0.11305971 52788 g
 1.055843 11.741764 -2.391209 52792 a
 0.5601861 0.013071061 -0.076823674 52987 g
 -0.6344634 8.604761 -2.248754 52992 a
 1.1303688 -0.78907305 0.04541542 53187 g
 -1.1079168 9.280524 -0.7032967 53191 a
 0.85446537 -0.3549778 0.07790598 53395 g
 1.3575124 11.36348 -1.7483658 53400 a
 0.60599244 -0.47828215 -0.0805521 53587 g
 -3.0753522 11.537658 -1.0600328 53591 a
 -1.6177471 0.35661885 -0.0805521 53787 g
 -2.9831753 5.8364654 1.4939818 53791 a
 -1.4089552 0.1424999 0.31652576 53995 g
 -0.13826515 12.492945 6.087258 53999 a
 0.009710684 0.39496756 0.12717499 54186 g
 -4.1784806 2.5833437 0.88765025 54193 a
 0.06190864 0.46740553 0.219853 54386 g
 -2.6354175 9.091382 -1.0935516 54390 a
 1.2395585 -1.0868144 -0.24114071 54591 g
 -1.0187328 8.991425 -1.2952632 54594 a
 0.9495402 -0.2654956 -0.0067825387 54786 g
 -1.7776948 10.457873 -1.5741876 54790 a
 0.674702 -0.24711977 -0.16364272 54986 g
 -4.0503907 8.932168 0.50996494 54990 a
 -0.7013536 0.28870928 -0.040605217 55194 g
 -1.8171991 9.02614 -0.23104046 55198 a
 -1.9573003 0.07246062 0.11252654 55387 g
 -1.9315223 8.182783 3.6314054 55392 a
 -0.4566091 0.8929805 0.3796416 55587 g
 -3.5781345 8.742428 2.071583 55591 a
 -0.13862738 0.5560896 0.21239562 55793 g
 0.7230489 11.248558 0.41120413 55798 a
 0.63102615 -0.2622998 -0.2326186 55987 g
 -0.049081136 9.129689 -2.0847511 55991 a
 1.3325028 -0.78241515 0.12903868 56186 g
 -0.6733692 9.895834 -0.81163436 56191 a
 0.9135873 -0.37974334 0.0478112 56381 g
 1.1055226 13.496714 -3.0520086 56383 a
 0.3053213 -0.5674962 -0.031284686 56586 g
 -1.7818847 9.877877 -0.9684546 56589 a
 -2.311767 0.3997639 -0.040339433 56785 g
 -2.6144683 7.836222 1.6992847 56789 a
 -0.7048157 1.3324037 0.3178552 56994 g
 -2.980781 8.969278 0.04129998 56999 a
 -0.07178231 1.4762144 0.022510635 57186 g
 -1.8447324 9.57142 1.6340426 57189 a
 0.14926006 1.101774 0.14528236 57386 g
 -1.8680758 9.815628 -0.44232875 57389 a
 0.53728265 0.11826779 0.15646817 57591 g
 -1.8112136 9.524135 -0.33399114 57595 a
 0.24034017 0.35102805 -0.065639466 57785 g
 -3.2968156 9.9233675 1.0534488 57789 a
 -1.2049574 1.2056365 -0.1388764 57985 g
 -3.693056 7.9068513 0.6967127 57989 a
 -0.7431652 0.92094374 0.44941643 58192 g
 -6.215348 6.6247563 -1.555034 58196 a
 0.31331077 1.7984554 0.31599206 58385 g
 -1.6645688 9.730635 -0.4782418 58388 a
 0.32316446 1.1611608 0.059263323 58584 g
 -1.8608932 9.490017 -0.5859809 58588 a
 -0.0534065 1.0272063 0.118916534 58792 g
 -1.5077485 9.92636 -0.6326678 58796 a
 -0.13196975 0.91482085 -0.032883648 58982 g
 -1.7812861 10.304645 -0.66259533 58986 a
 -0.057134926 0.8487745 -0.29706922 59179 g
 -2.03567 10.050261 1.2671312 59186 a
 -0.23210461 0.7611549 -0.33461872 59392 g
 -0.8265981 10.21546 2.831742 59396 a
 -1.5825936 0.6282631 -0.105320565 59582 g
 -2.0560207 8.355764 2.48578 59586 a
 -0.8291853 0.74917066 0.82731843 59778 g
 -1.174356 11.374852 4.471172 59783 a
 -0.030503314 0.7712741 0.24328776 59986 g
 -2.5743654 6.769605 4.0563765 59991 a
 0.13274845 0.612816 0.04781173 60315 g
