 -0.014788534 0.03462429 -0.029407157 114 g
 1.0444705 1.7998412 8.715493 115 a
 -0.13090235 -0.14647067 -0.031537686 317 g
 1.8590976 2.3900118 9.074024 321 a
 -0.28856176 -0.3917462 -0.7886754 523 g
 0.38845924 2.1990743 9.813833 527 a
 -0.23769538 -0.13634905 -1.8400915 717 g
 1.5664065 2.0967221 8.441357 721 a
 0.07389446 -0.0031909996 -1.5476763 917 g
 0.4249708 -1.5580268 6.011242 921 a
 -0.8646032 -0.8663223 -1.3700429 1125 g
 2.6473885 0.46746787 3.2465374 1129 a
 -0.8142695 -1.2572744 -2.9612818 1317 g
 8.793304 -0.5722142 11.712435 1321 a
 -0.44968274 -0.95607084 -4.479816 1517 g
 8.525752 8.2995 11.170148 1521 a
 -0.07364439 -3.6954 -4.438536 1723 g
 3.7493198 8.20433 0.19632454 1727 a
 0.07788947 -0.38775384 -0.6038505 1916 g
 3.7511156 7.1125746 4.766257 1920 a
 0.5388827 -0.1355525 0.961023 2116 g
 3.1214404 3.9031472 5.051167 2120 a
 0.6153154 0.20986108 0.23104946 2321 g
 -0.27234045 5.616797 -0.047285482 2325 a
 0.19373699 -0.19973308 -1.3452755 2516 g
 8.031349 -0.22325931 -2.0021513 2520 a
 1.1993465 -1.3739208 -0.42595237 2715 g
 2.4271219 4.2999864 -5.1966147 2719 a
 0.23102124 -0.7342295 -0.65498424 2918 g
 -2.0901382 6.597821 -0.415394 2921 a
 0.9828316 -0.3219722 -0.22621529 3116 g
 6.1261635 11.8339405 -0.57161564 3119 a
 -1.8686149 1.4676721 1.2395886 3313 g
 2.1158757 5.770026 1.2180501 3317 a
 -0.27151752 1.895644 1.2289349 3523 g
 9.124303 6.1764417 4.5262384 3534 a
 0.63528883 0.88311005 0.16606727 3716 g
 13.459603 6.7719994 -3.2369606 3720 a
 0.4765644 0.25806618 -0.1756163 3915 g
 0.6410475 8.39886 0.3298013 3919 a
 1.691232 1.2234645 -1.6765754 4123 g
 3.4967315 11.307815 -1.9333179 4127 a
 1.1862966 -0.29933104 -0.1955916 4314 g
 2.9442697 12.8832 0.079008654 4318 a
 -1.5181435 1.3829879 0.047288686 4523 g
 -0.97144735 5.78499 0.6536171 4527 a
 -1.259018 1.3710036 0.8912444 4717 g
 3.7122097 5.182848 3.816956 4720 a
 0.20465541 0.9646052 0.1532825 4915 g
 6.566098 12.13142 -3.0855274 4919 a
 0.2989313 0.46819198 -0.112767294 5115 g
 2.130241 8.424597 -0.80684596 5118 a
 1.6478224 -0.7147815 0.082174495 5320 g
 1.6639702 11.672332 -2.758719 5327 a
 0.98522794 -0.8284985 -0.06509831 5511 g
 0.27353755 13.420099 -0.30945057 5515 a
 -1.2936391 0.74942446 0.124252446 5711 g
 -0.62488663 7.354389 1.4095862 5716 a
 -1.6912493 1.0759296 0.18683566 5917 g
 2.4905684 14.033613 8.748413 5921 a
 0.22462885 0.25807282 0.10427767 6113 g
 -1.7465701 6.787562 2.3517046 6117 a
 0.04459916 0.047416784 0.14023034 6311 g
 1.0528502 9.746197 0.98700964 6316 a
 1.318389 -1.6772463 -0.38787448 6514 g
 1.2066777 10.791864 -0.004189853 6518 a
 1.2440869 -0.87563485 -0.01343405 6711 g
 -1.9542671 9.880272 -1.4586674 6715 a
 -0.46646145 0.10174527 0.046487074 6910 g
 0.7200562 7.475895 1.0139444 6915 a
 -2.191125 1.3739392 0.1258482 7117 g
 -0.36990416 11.499351 7.095815 7121 a
 0.1652401 1.6541038 0.03343652 7311 g
 0.5303157 4.7830167 0.84096336 7315 a
 -0.14528449 1.4727424 0.27631682 7511 g
 1.009156 8.587403 0.66618663 7515 a
 1.1383592 -1.1384846 0.48537335 7720 g
 0.9283517 8.990826 -1.7417817 7724 a
 1.0994769 -1.590423 0.2928268 7912 g
 5.6126075 12.962807 -0.9660604 7916 a
 0.24327071 -1.0482035 0.024113858 8114 g
 0.09636662 9.584588 -0.11911154 8118 a
 -2.2806072 1.1004368 -0.080549434 8320 g
 -1.3700819 8.298902 2.1230583 8324 a
 -0.4337051 1.3150876 0.08270234 8511 g
 0.12988544 5.3396683 4.859032 8516 a
 -0.17351426 0.051683966 0.102143414 8711 g
 2.8395233 12.372037 1.0247183 8724 a
 0.41584328 -1.0338197 -0.39267245 8914 g
 1.899799 8.441357 -0.25378537 8918 a
 1.6603384 -1.6463467 0.09947972 9111 g
 -0.1388637 11.447277 -1.4514848 9118 a
 0.9436818 -0.6780214 -0.13834056 9311 g
 1.1558008 13.830106 0.9307459 9315 a
 -1.6853908 1.0996394 0.037161216 9516 g
 -1.8848352 5.8843493 -0.16400282 9520 a
 -1.1106807 2.1744912 0.8092116 9711 g
 -13.143569 10.8864355 -5.7496753 9715 a
 1.3841686 2.9103227 0.22677828 9912 g
 -2.0691888 10.419566 5.985504E-4 9916 a
 0.5050589 2.7649148 -0.318105 10119 g
 0.4345476 9.746197 0.37349546 10129 a
 0.2286228 1.8368032 -0.007580422 10307 g
 1.2455834 10.436924 -1.2707225 10311 a
 0.20625223 0.9550306 -0.33701345 10507 g
 -0.9983821 10.848726 1.039682 10511 a
 -0.61053926 1.3619635 -0.7292981 10713 g
 0.82121116 10.809821 0.54288524 10717 a
 -1.6955111 1.0162852 0.76819736 10909 g
 -1.3251907 7.1514807 3.0376434 10915 a
 -0.8225269 2.5217702 1.0374429 11107 g
 -7.101202 3.4608185 -0.6781576 11110 a
 -0.23902856 1.1824691 0.20813297 11313 g
 -1.2054806 8.663419 -0.54408234 11316 a
 1.6518158 -1.61385 -0.41984043 11506 g
 -0.18555063 10.436924 -1.6597804 11510 a
 1.6502179 -0.82741857 0.25953197 11706 g
 0.7882909 11.20247 -1.2018893 11710 a
 -0.6001532 -0.0937177 -0.030219954 11911 g
 0.641646 5.119402 -1.0546459 11917 a
 -2.4286797 1.1790069 0.3064036 12108 g
 -0.29628247 14.347254 9.850943 12112 a
 -0.26566017 1.4256157 0.2004098 12307 g
 1.7447745 11.810597 -2.2182279 12310 a
 0.1274224 -0.06895137 -0.09147213 12513 g
 -0.5105635 8.654441 -0.4369418 12517 a
 2.07659 -1.2812223 0.18043663 12707 g
 2.7222073 12.594698 -3.4087446 12710 a
 1.3868313 -1.1762937 -0.07868895 12908 g
 -1.4796166 14.546571 0.88525605 12911 a
 -1.8185496 0.002425607 0.24887693 13113 g
 -2.5121162 2.9873652 0.40222588 13116 a
 -1.7045664 0.8674203 0.63290477 13306 g
 -3.8121676 3.839701 2.2421699 13310 a
 0.20678434 0.8466477 0.14980733 13504 g
 1.1414356 13.552379 -1.6591818 13509 a
 0.81851244 -1.0543183 -0.53009635 13712 g
 0.5566519 8.988432 -0.7134721 13724 a
 1.7202588 -0.637001 0.11545389 13906 g
 -0.54408234 12.546215 -2.903568 13910 a
 0.92929995 -0.8428633 -0.12449692 14107 g
 -2.4791958 11.222222 -0.80684596 14111 a
 -2.3431923 -0.08226185 0.3133249 14312 g
 -1.858499 4.2341456 0.9576807 14316 a
 -1.1570204 0.59870845 0.40946501 14504 g
 -6.679224 18.977041 3.4985273 14508 a
 0.3612477 0.18725005 0.108261496 14704 g
 0.44113165 10.14124 -1.775899 14708 a
 1.1085306 -2.05966 -0.49707448 14913 g
 0.4794389 7.900267 -1.2880806 14916 a
 1.5090702 -0.9528503 0.11465361 15104 g
 3.394978 13.172299 -2.1559787 15108 a
 0.38335192 -1.1959969 -0.07123503 15304 g
 -3.6122518 8.057087 -2.1709423 15309 a
 -2.710975 -0.2979779 0.18575948 15512 g
 0.19512744 7.7560163 2.3235726 15516 a
 -0.44462487 0.20615849 0.2850954 15704 g
 -2.80361 11.680712 2.4660277 15708 a
 0.012906211 0.31960917 0.0049308427 15904 g
 -1.3772645 7.60997 0.7679402 15908 a
 1.6038786 -1.6758975 -0.42516968 16104 g
 0.7649474 10.603919 -1.2264298 16109 a
 1.3676562 -0.70197946 -0.011048123 16301 g
 -3.4518404 9.907207 0.037708677 16305 a
 -0.23263724 -0.65643936 -0.03661447 16501 g
 1.6154876 7.0712748 -2.2577322 16506 a
 -2.4246855 -0.06335181 0.26538694 16706 g
 5.4312468 12.610859 8.740033 16710 a
 -0.21346274 0.7795387 0.3969471 16899 g
 -6.317101 2.1888988 -1.3934253 16903 a
 -0.044085704 0.38725504 0.054464575 17099 g
 -2.207454 7.1407065 -0.41240123 17103 a
 1.563132 -1.649265 -0.37430382 17307 g
 1.0851719 10.138845 -1.8351556 17311 a
 1.3346328 -1.2705635 0.021175593 17499 g
 -3.1226375 10.470443 0.6655881 17503 a
 -0.08429944 -0.58959323 -0.19826888 17698 g
 0.26994625 7.4310036 -4.5406036 17703 a
 -2.5216243 0.28818706 0.3420849 17903 g
 1.9841946 12.008119 6.129755 17908 a
 -0.2408933 1.0778143 0.5072009 18098 g
 -4.8638206 9.193136 0.694917 18103 a
 0.08640919 0.18245956 0.13329308 18298 g
 0.58657944 9.11293 -3.0603883 18303 a
 1.3242464 -2.500409 -0.3735065 18499 g
 0.31783026 8.67958 -0.8858546 18503 a
 1.1737778 -0.46708542 -0.16604623 18698 g
 1.9835961 12.071565 -0.8678981 18703 a
 0.59320873 -0.88413644 -0.16285044 18898 g
 -3.3039982 11.625645 0.22266077 18911 a
 -2.2965877 -0.22074196 0.19427893 19111 g
 -0.79726917 4.542998 1.8620903 19115 a
 -1.1682062 0.1539648 0.25233585 19298 g
 -6.4547677 17.062279 3.5104983 19303 a
 0.2893418 0.49671364 0.121840954 19498 g
 -0.24779987 11.456255 0.48003745 19503 a
 0.7940106 -1.1456543 -0.44275132 19705 g
 -0.088585466 9.485229 -0.2148796 19710 a
 1.4094671 -0.3232702 0.025166074 19900 g
 -0.17956513 12.413936 0.56323594 19904 a
 0.7359536 -1.0188879 -0.12636779 20093 g
 -2.919729 10.985794 0.93373865 20094 a
 -1.4217395 -1.0774775 0.17350414 20304 g
 -1.8608932 6.5984197 3.5098996 20308 a
 -1.2265297 -0.46681458 0.46006027 20499 g
 0.729633 11.2689085 5.795764 20502 a
 -0.14715056 0.323079 0.12237145 20700 g
 -3.7379475 0.49200845 -1.9835961 20704 a
 0.062973104 0.22880042 -0.30826008 20905 g
 0.5069722 9.367912 -0.83138657 20909 a
 1.6025466 -2.40693 -0.29787377 21100 g
 1.3461399 7.792528 -1.1941081 21104 a
 1.0155858 -0.73632914 -0.05952085 21298 g
 3.9761705 12.787432 -1.6968905 21302 a
 0.74793786 -0.3594892 -0.40786391 21506 g
 -1.5221137 11.759122 1.09834 21510 a
 -2.3107026 0.9702271 0.2637853 21698 g
 -3.2932243 3.8061821 1.5801731 21702 a
 -1.3322573 1.8266997 0.8590018 21899 g
 -2.8508956 4.6483426 4.408324 21903 a
 -0.0068019796 0.85331595 0.12849566 22108 g
 0.88405895 10.848128 -0.30107087 22111 a
 0.97111076 -1.5512521 -0.42917028 22299 g
 0.3890578 6.766014 -0.12509704 22303 a
 1.5772462 -0.9315346 -0.072573006 22499 g
 -0.065242 14.129381 -2.0895395 22503 a
 1.0004056 -0.5546973 -0.40067443 22698 g
 0.05686229 12.486361 0.8194155 22701 a
 -1.8113599 0.79232955 0.065911375 22896 g
 -3.6511576 3.9019501 0.38606504 22900 a
 -1.6246723 1.4764956 1.0169262 23097 g
 1.2479776 4.663306 5.7724204 23101 a
 0.08188102 1.1465307 0.2454079 23305 g
 2.9706059 11.394006 -0.1364695 23309 a
 0.5260963 -0.79890835 -0.34741175 23497 g
 0.5590461 9.091981 0.44831428 23500 a
 1.8209252 -0.74058515 -0.011054515 23697 g
 -1.0642227 11.689092 -1.0217255 23700 a
 0.8619209 -0.8545684 -0.13542414 23897 g
 -1.8417397 11.874641 1.5676036 23901 a
 -2.171686 0.0019041601 0.25792477 24094 g
 -1.5699978 3.9833531 1.7705121 24099 a
 -1.2656785 0.13319801 0.20332995 24295 g
 -5.557541 7.997831 3.9067385 24299 a
 0.32209814 0.29165876 0.062979765 24504 g
 -1.6047137 10.20289 0.35434186 24508 a
 0.37163293 -0.72700036 -0.12850152 24708 g
 1.1821371 10.126875 -1.4514848 24713 a
 1.3665899 -2.2601821 -0.029964557 24898 g
 -2.4821887 10.991181 -2.2266076 24901 a
 0.37988847 -2.311047 0.034482878 25101 g
 -2.719813 8.819042 0.09816227 25105 a
 -0.99270475 -2.06577 -0.43849453 25299 g
 -2.5001452 9.485229 2.0111294 25303 a
 0.17908613 -1.687601 -0.6547432 25496 g
 -2.6910827 8.134899 2.0805612 25499 a
 0.042199653 -0.9230082 -0.56179833 25701 g
 1.560421 6.988076 1.6873137 25705 a
 0.24406727 -1.1733453 -0.129301 25897 g
 -0.4405331 9.4972 -1.086369 25900 a
 1.1000072 -2.333152 0.4312944 26094 g
 0.24779987 8.978256 -0.40821138 26098 a
 1.2416874 -1.3879943 0.3197069 26305 g
 2.759916 13.009494 -1.2641385 26310 a
 0.676032 -1.1989099 0.14420457 26496 g
 -1.0474633 12.264896 0.9888053 26500 a
 -1.7788699 0.4948606 0.03394971 26696 g
 -1.9333179 4.0743327 1.3030443 26700 a
 -1.6422497 0.7454641 0.38282382 26896 g
 -0.84934306 3.7008374 5.6940103 26900 a
 0.007045925 0.7270883 0.17110251 27096 g
 3.425504 12.430097 -0.59136784 27099 a
 0.5229002 -0.8023652 -0.2619275 27298 g
 0.8343793 9.2069025 0.19931729 27301 a
 1.6310415 -0.49130902 -0.16205841 27500 g
 0.2669535 12.65994 -0.4938041 27505 a
 1.0227755 -0.5142122 -0.10693098 27695 g
 0.51116204 14.127585 1.8219875 27699 a
 -2.0739481 0.3292109 0.23501891 27895 g
 -2.4235306 3.3734303 1.0348936 27899 a
 -1.7152206 1.4221756 0.73489213 28099 g
 -0.374094 11.490373 5.569512 28102 a
 0.5679074 0.36676496 -0.052870937 28295 g
 0.38187516 12.680889 -4.8823757 28298 a
 0.4043893 -0.7171416 -0.22650903 28495 g
 2.3630772 10.186729 -2.19249 28498 a
 1.8851068 -2.2633722 -0.0930852 28698 g
 1.8064252 10.699089 -0.93613285 28702 a
 0.9583268 -0.7565556 -0.057931475 28894 g
 -3.9815574 11.950059 2.6569653 28898 a
 -0.6419667 -0.0225884 -0.057931475 29091 g
 -1.5496471 4.914099 1.0486604 29096 a
 -3.03748 0.56676835 0.19879778 29301 g
 0.3842694 9.554062 7.2472486 29305 a
 -0.18044089 0.9830204 0.20705359 29493 g
 -4.4921207 -0.004189853 -2.144606 29497 a
 0.36337662 0.552121 0.12103348 29693 g
 -0.18614918 9.030929 -0.23044191 29697 a
 1.4038737 -0.97520006 -0.22730905 29900 g
 -0.37110126 9.952098 -0.6194997 29905 a
 1.6355686 0.09832018 0.09386817 30093 g
 1.5867572 10.864887 -1.6041151 30099 a
 0.002518285 0.020555874 -0.13356578 30293 g
 1.276708 7.385514 -3.4231098 30296 a
 -2.5495892 1.3310982 0.23448254 30500 g
 0.736217 16.013618 9.107543 30509 a
 -0.36846033 1.4152541 0.47443336 30690 g
 -6.461352 -0.002992752 4.179079 30695 a
 -0.24275911 1.0357537 0.47469968 30891 g
 -2.191293 6.2404866 1.1306617 30896 a
 1.4078681 0.56597364 -0.20600536 31098 g
 -0.39743748 12.091317 -2.1559787 31102 a
 1.563663 -0.11739347 -0.066722035 31291 g
 0.108337626 13.184869 -1.1737574 31296 a
 -1.517348 1.0352226 0.0014548849 31491 g
 -3.3327289 4.4316673 0.08798691 31496 a
 -1.9370619 1.4836966 0.6611215 31699 g
 2.0380642 1.453879 5.844845 31703 a
 -0.3309095 1.3782353 0.5370182 31891 g
 4.672883 15.633538 -2.8030117 31895 a
 0.5969358 -0.56480694 -0.16818687 32091 g
 0.48722005 8.273763 -0.99898064 32095 a
 1.9644688 -0.42126095 0.04566389 32299 g
 1.4826094 12.108675 3.0214825 32303 a
 1.0797666 -0.663076 -0.13170263 32490 g
 -3.639785 12.975376 -0.43155485 32495 a
 -2.4678302 0.83868057 0.2275578 32688 g
 -3.105878 2.903568 0.7649474 32694 a
 -1.2318572 1.4232436 0.5375503 32891 g
 -3.5613751 19.612701 -0.34237084 32901 a
 -0.034766234 0.70285857 0.29626787 33088 g
 -1.2599486 7.697957 1.5801731 33092 a
 1.5364988 -0.9413771 -0.46939093 33288 g
 0.20350714 11.723208 -0.919972 33293 a
 1.6898968 -0.32272318 0.107182376 33498 g
 -1.809418 13.627796 -3.0573955 33501 a
 -0.76447237 0.10258363 0.004118046 33687 g
 -0.9744401 4.336498 -0.88166475 33692 a
 -2.3676953 1.0906163 0.411848 33887 g
 0.7793127 6.603807 6.4224463 33892 a
 -0.12637898 1.3297675 0.45499176 34097 g
 2.7491422 13.713388 -5.153519 34112 a
 0.29599836 0.06316805 -0.07098256 34287 g
 0.4357447 8.795698 -0.760159 34292 a
 1.9972256 -0.72352976 -9.414274E-4 34487 g
 2.0219033 13.627197 -0.2813187 34492 a
 1.0619235 -0.56453717 -0.21000063 34698 g
 -0.66858083 11.884817 1.4101849 34701 a
 -2.4494543 1.3207146 0.031281758 34886 g
 -3.7792473 6.0483522 1.839944 34890 a
 -1.0140105 1.9452258 0.7431447 35087 g
 -5.418677 17.344793 -0.7038953 35092 a
 -0.16020112 1.4075336 0.51943916 35288 g
 -0.5518635 7.8571715 1.0791864 35292 a
 0.9245044 -0.4694623 -0.49123046 35483 g
 1.0761937 10.723031 -1.4059949 35487 a
 1.7506169 0.34493235 0.23767674 35685 g
 -2.147599 12.2002535 -1.2940661 35689 a
 -0.2992184 0.26184332 -0.050212037 35890 g
 0.31064767 5.2205567 -2.0015526 35895 a
 -2.3498523 1.091418 0.38894323 36083 g
 0.61112 16.098013 11.125257 36087 a
 -0.49149862 1.3747784 0.30318943 36288 g
 1.3958195 11.5951185 -4.284424 36305 a
 0.19612956 -0.0974179 0.04113492 36488 g
 0.9864111 9.375694 0.65900403 36490 a
 2.146096 -1.0604169 -0.011595669 36683 g
 0.53450555 13.905523 -0.98102415 36687 a
 1.233697 -1.0353832 -0.03290096 36883 g
 -1.4197617 13.438654 1.4838065 36887 a
 -2.3362703 0.2578486 0.36497477 37090 g
 -2.1057005 2.5887306 0.39324763 37095 a
 -1.4025661 1.3465488 0.40705273 37283 g
 -3.9354692 19.612701 2.3139958 37287 a
 0.13008317 0.85945666 0.20838091 37483 g
 1.0414777 9.015965 -1.0576386 37487 a
 1.2456816 -1.4031676 -0.37884453 37690 g
 0.6386533 8.942942 -0.7272388 37695 a
 1.8731223 -0.5943656 0.2382099 37883 g
 1.714847 11.464635 -2.882619 37887 a
 0.21610354 -0.7493616 -0.097614706 38083 g
 1.0708067 7.455544 -3.2489316 38087 a
 -2.6904707 0.49380386 0.32715842 38291 g
 1.2868834 15.008652 8.423999 38296 a
 -0.4675302 1.2642564 0.2773573 38483 g
 -7.4812818 1.1258733 0.97384155 38487 a
 -0.14289084 0.45199224 0.18867405 38683 g
 -1.5586253 7.2987237 0.29508537 38687 a
 1.7612693 -1.4242032 -0.43876776 38890 g
 0.06284779 10.8864355 0.17118542 38895 a
 1.4395595 -0.26812494 -0.051810466 39083 g
 -2.4983494 11.283873 -0.45848963 39087 a
 -0.6363746 0.18461245 -0.054739945 39283 g
 0.48003745 8.0606785 0.14903906 39295 a
 -2.4127028 1.3958157 0.5482013 39490 g
 -4.631583 17.425598 3.9055414 39494 a
 0.46937016 3.3947845 0.5793603 39681 g
 -1.079785 10.62846 0.95349085 39686 a
 -0.5128037 2.931128 -0.07284784 39881 g
 -1.5747862 9.505579 -1.0402806 39886 a
 0.2744265 2.33325 0.41424325 40088 g
 -0.26396075 9.487623 -0.8170213 40093 a
 0.05338413 1.2139235 -0.09974683 40281 g
 -2.5659857 10.409989 1.9680338 40286 a
 -0.14795084 1.2003413 -0.5684632 40481 g
 -8.771158 12.373235 -12.649166 40485 a
 -1.8707497 0.91591567 0.20758195 40681 g
 -2.722806 4.744709 2.1021092 40686 a
 -1.5482409 2.134312 1.0193135 40880 g
 -5.505467 17.809269 4.818331 40885 a
 -0.08802973 1.0621232 0.28348204 41081 g
 -0.7254431 9.6528225 -0.5614403 41086 a
 1.0685811 -1.2526964 -0.41293457 41283 g
 -0.19572599 8.497022 0.33638534 41286 a
 1.6318398 0.17422533 0.22782198 41479 g
 2.4390929 13.021464 0.3842694 41483 a
 0.9162483 -0.5498882 0.06270599 41681 g
 -4.5364137 11.368268 1.8860323 41685 a
 -2.3421292 0.5779613 0.2006572 41887 g
 -2.0410569 2.147599 1.8626889 41892 a
 -1.5245388 1.0256387 0.18867297 42079 g
 -1.8860323 12.100894 1.423353 42083 a
 0.11170736 0.4962023 -0.048082042 42279 g
 -2.2457612 7.896077 1.5729905 42283 a
 1.3317014 -1.1211355 -0.28403813 42480 g
 -0.3573346 9.8677025 -0.80564886 42484 a
 1.833441 -0.49289572 0.25072464 42679 g
 -3.2124202 9.597756 -2.6378117 42684 a
 -0.11838976 -0.5336421 -0.061397847 42879 g
 1.2437878 6.758233 -1.1611878 42883 a
 -2.388202 0.033610426 0.54127604 43085 g
 2.8604724 19.612701 12.582727 43089 a
 -0.17831089 0.8663809 0.29466733 43279 g
 -6.3685765 0.6913257 3.074155 43283 a
 -0.08696446 0.380354 0.027818581 43479 g
 -1.7597382 7.4244194 1.027711 43483 a
 1.765264 -1.0305868 -0.35381347 43686 g
 -1.2802993 12.671911 0.012569559 43689 a
 1.5450207 -0.5395 -0.029440446 43879 g
 -0.14844051 14.478336 -4.2700586 43883 a
 -1.2739353 0.011508051 0.15671451 44078 g
 -3.454833 1.8525136 2.2349873 44081 a
 -2.1117659 0.5758319 0.64673615 44275 g
 2.1152773 4.5633483 6.1465144 44279 a
 0.13620844 0.6932773 0.15777978 44475 g
 2.7449522 13.391369 -4.647744 44488 a
 0.5846848 -0.8590793 -0.31892607 44676 g
 0.5093664 9.433753 -0.42796355 44680 a
 2.0385041 -1.4524308 0.036072783 44895 g
 -3.3327289 11.899182 -1.2683283 44899 a
 1.0209103 -1.3994339 0.04086647 45075 g
 -4.1437645 11.77229 0.6326678 45079 a
 -2.4920654 -0.33869684 0.32609102 45275 g
 -1.6364368 2.4133554 1.5861586 45279 a
 -1.3178778 0.33534923 0.11756551 45478 g
 -4.758476 12.140398 1.8070238 45482 a
 0.25658306 0.027487816 -0.111998975 45675 g
 0.12210429 8.582615 -0.31603462 45679 a
 1.7080058 -2.2372644 -0.47232467 45875 g
 0.5686229 9.634866 -1.0169371 45879 a
 1.5625973 -0.71979356 0.022755912 46087 g
 -2.983774 8.263587 1.6436194 46092 a
 -0.093622625 -0.75388205 0.056844372 46275 g
 1.0432734 7.4495587 0.415394 46279 a
 -2.748528 -0.06119385 0.20305191 46475 g
 1.4915876 19.612701 16.737265 46479 a
 -0.27258733 0.7364237 0.2493904 46681 g
 -0.38367084 9.19972 0.3776853 46685 a
 0.07042783 -0.21112902 -0.17618275 46875 g
 -0.65900403 8.207922 -0.3441665 46879 a
 2.0467596 -1.5187411 -0.32771662 47075 g
 1.2354081 12.436681 -1.5532384 47079 a
 1.355137 -0.58503926 -0.1223853 47281 g
 -2.1051018 14.188638 -3.2094274 47285 a
 -1.4100231 -0.042020686 0.14446343 47475 g
 -2.698864 3.3435028 1.4305356 47479 a
 -1.9975165 0.349464 0.41104585 47672 g
 0.09636662 1.3844471 5.6485205 47677 a
 0.12449026 0.5433437 0.24433091 47880 g
 2.8927941 13.555371 -3.0520086 47887 a
 0.66271514 -0.9735928 -0.43903622 48075 g
 0.61291564 9.793482 0.13347675 48079 a
 1.8845735 -0.9975613 -0.041159954 48275 g
 -1.6376339 12.355278 -0.12509704 48279 a
 1.0310303 -0.97066253 -0.06938999 48483 g
 -0.9427169 14.292187 3.6086605 48486 a
 -2.0728838 -0.13070156 0.29999045 48675 g
 -2.0135236 2.4959552 1.4395138 48679 a
 -1.6142876 0.47996128 0.12342287 48875 g
 -8.756194 11.434109 1.9021933 48879 a
 0.2768228 0.4264336 0.12155759 49083 g
 0.30526072 13.037026 -0.24181437 49086 a
 0.82756454 -1.2846473 -0.58977276 49275 g
 -0.7212533 8.5473 0.3800795 49279 a
 1.8350383 -0.7730541 0.16097237 49475 g
 -1.6430209 10.915764 -1.1438298 49479 a
 0.7314244 -0.9059459 0.025950108 49677 g
 -2.2158337 11.249755 0.5267244 49688 a
 -2.1559749 -1.0207281 0.15218394 49874 g
 -0.58418524 4.948815 2.7940333 49878 a
 -1.2038947 -0.20766504 0.01769431 50067 g
 -5.2636523 7.1909847 4.5382094 50069 a
 0.3505921 -0.012720056 0.0033119072 50269 g
 0.56563014 9.681553 0.7068881 50270 a
 0.7790947 -1.5046229 -0.45102337 50475 g
 1.4389153 10.486005 -0.6194997 50479 a
 1.6640631 -1.9472402 -0.21799678 50676 g
 -1.0366893 10.784083 -1.5867572 50680 a
 0.7498002 -0.5895615 -0.063532904 50886 g
 -2.5408466 9.551667 -1.2814964 50894 a
 -0.1615335 -0.07317461 -0.24010049 51069 g
 1.4083891 9.2907 0.130484 51075 a
 -2.415633 0.97477925 0.47043088 51275 g
 -1.2419921 7.171831 2.3888147 51279 a
 -0.51200575 1.806219 0.7069191 51485 g
 -5.450999 19.612701 3.5643678 51488 a
 0.13487606 0.6820987 0.13167627 51676 g
 -0.7368156 8.186973 -1.7830818 51679 a
 1.0970762 -1.8732044 -0.441436 51874 g
 0.17657238 7.5016327 -0.79966336 51878 a
 1.3138574 -0.48702905 -0.02358602 52076 g
 2.7365725 13.224972 0.2777274 52080 a
 0.78521997 -0.37304574 -0.3655359 52274 g
 -2.0039468 12.586917 -0.93613285 52278 a
 -2.5378723 0.7007408 0.24406166 52474 g
 -3.5128925 4.3478703 1.9255368 52478 a
 -1.071536 2.0866508 1.1692433 52683 g
 -1.0133458 7.6788034 3.518878 52687 a
 0.3439342 0.7207156 0.34739178 52873 g
 -0.2124854 7.5920134 -0.0053869537 52877 a
 0.65392613 -0.96107066 -0.35594904 53070 g
 -0.21308395 8.070854 -1.2725182 53075 a
 1.4012091 -0.051602207 -0.17245673 53283 g
 -1.8962077 11.146805 -0.044891283 53287 a
 1.0286329 -0.5557386 -0.2049473 53470 g
 -1.9608512 11.716624 2.5791538 53475 a
 -2.1210878 -0.108061224 0.35618076 53669 g
 -1.5993267 4.847061 2.022502 53673 a
 -1.3695437 -0.13016546 0.09359307 53873 g
 -4.3101616 6.8486137 3.6774938 53877 a
 0.45898277 -0.1440139 0.03660142 54070 g
 -0.682946 11.484387 0.0700304 54075 a
 0.5830861 -1.1434983 -0.45874655 54269 g
 -0.25917232 10.062231 -1.3910311 54273 a
 1.4725819 -2.149373 0.12315362 54477 g
 -1.8369513 10.450092 -1.2707225 54481 a
 0.4350143 -1.9573592 0.071221985 54669 g
 -3.016694 9.270349 0.01436521 54673 a
 -1.1189401 -2.1573627 -0.3436985 54869 g
 -1.7010803 8.249222 2.6821043 54883 a
 -0.51227236 -2.1930466 -0.73678267 55075 g
 -1.4526819 8.552089 5.065532 55079 a
 0.306916 -1.3695972 -0.53784454 55269 g
 -5.4737434 10.2974615 3.9498343 55273 a
 0.2424675 -0.46705186 -0.33943906 55469 g
 -1.3628993 9.209297 0.01436521 55473 a
 0.852864 -1.1674625 0.15910417 55675 g
 0.6464345 9.976639 -0.41838676 55679 a
 1.4446185 -1.9943739 0.38201076 55869 g
 -0.9283517 10.71525 -1.2491747 55873 a
 0.775366 -1.1363034 0.18520315 56069 g
 -1.809418 9.276933 -0.9475053 56073 a
 0.036871467 -0.405531 -0.083244026 56272 g
 0.23942018 9.030929 -5.589264 56277 a
 -2.318162 0.10073593 0.15564153 56468 g
 -1.0199299 7.7248917 3.29502 56472 a
 -0.80202425 1.3785206 0.4033155 56667 g
 -6.567894 19.612701 2.5133133 56670 a
 0.10131996 0.5771763 0.25444427 56869 g
 -0.015562311 7.418434 -2.5025394 56873 a
 1.3705826 -2.0385807 -0.35808277 57068 g
 0.8619126 7.6243353 -0.6985083 57072 a
 1.1660517 -0.16318253 -0.05155294 57268 g
 3.7738605 14.311939 -0.19572599 57272 a
 0.6390119 -0.4832929 -0.10854565 57469 g
 0.7793127 10.282497 -2.1978772 57473 a
 -2.7424037 0.6325716 0.3122338 57663 g
 -2.1823149 4.084508 1.30484 57670 a
 -1.1804597 2.054167 0.7258227 57863 g
 -9.514558 8.457518 1.3221979 57868 a
 0.48588017 0.3928863 -0.02705239 58073 g
 1.8471266 11.6430025 -0.7763199 58078 a
 1.5095993 -2.495312 -0.20947893 58267 g
 1.0660183 6.987478 -1.6897079 58271 a
 1.4286392 -0.91845423 0.01609082 58467 g
 2.9532478 13.3386965 0.3184288 58471 a
 0.7045254 -0.63775355 -0.2797885 58671 g
 -3.822343 10.278308 -2.3570917 58678 a
 -2.839343 0.13003576 0.32421643 58866 g
 -1.6543933 4.074931 2.1625626 58870 a
 -1.0941736 1.6110196 0.65870947 59066 g
 -4.4274774 15.889119 1.845331 59069 a
 0.30851364 0.94762355 0.17747785 59269 g
 -0.41240123 9.0016 -0.0047884034 59273 a
 1.0821619 -0.89049023 -0.4480987 59466 g
 0.15861586 8.953716 -0.80445176 59470 a
 1.6057394 0.11698361 0.02887346 59666 g
 6.218939 13.201628 -3.5811272 59670 a
 0.3268892 0.020579843 -0.24223794 59869 g
 1.2156559 10.793061 -4.321534 59874 a
 -2.6398723 1.3678731 0.1963847 60221 g
