 -0.17368737 -0.20160635 -0.34138903 141 g
 -1.8854338 1.1803415 9.535507 143 a
 0.1592589 -0.093705386 -0.92222244 147 r
 0.05188237 -0.23516218 -1.1187657 340 g
 -2.8933928 1.287482 8.70831 344 a
 0.13565207 -0.04489313 -0.95337456 350 r
 -0.25704378 -0.150214 -2.9640658 546 g
 -2.297835 -0.7858967 9.628283 550 a
 0.09458421 -0.03167355 -0.99348897 554 r
 -0.5300178 -0.94170547 -0.55949765 741 g
 0.9708488 2.2619221 8.265383 745 a
 -0.07505683 0.020585638 0.97761947 749 r
 2.117697 -0.96620655 -4.170744 939 g
 5.140351 2.059612 7.7087307 943 a
 0.060570173 -0.03370715 0.93364304 947 r
 1.1725416 -2.7707698 -3.5009558 1148 g
 5.4300494 6.555923 8.684967 1152 a
 0.30729327 0.01661139 0.6858193 1156 r
 -0.44719294 -1.912433 -0.74911153 1337 g
 5.228338 8.758589 1.6819267 1343 a
 0.4427987 -0.124966994 0.3390492 1346 r
 1.3120912 0.44339928 0.8913957 1537 g
 4.5561657 7.6722193 0.6679823 1542 a
 0.49291047 -0.13545462 0.27220258 1545 r
 0.70329237 -1.7518401 -0.32860106 1748 g
 3.3446999 7.4806833 1.1522095 1752 a
 0.59968346 -0.08520214 0.31842086 1755 r
 -0.15211497 -0.18696669 -0.41888222 1937 g
 4.9895163 6.679823 0.9516952 1942 a
 0.6552881 -0.06951654 0.28926364 1945 r
 0.18051384 -0.14595401 -0.5507087 2138 g
 2.5342624 10.314819 2.7569232 2143 a
 0.6755841 -0.061506286 0.273967 2146 r
 0.0673303 -0.41228023 0.55291164 2348 g
 3.2022448 5.819107 -1.7022774 2352 a
 0.6288798 0.0021706596 0.2491168 2356 r
 1.3064991 0.6793495 0.32095033 2539 g
 1.2677298 5.879561 0.587178 2544 a
 0.67147326 -0.0034770798 0.23277564 2547 r
 0.9669461 2.328379 -1.4854718 2734 g
 -0.7278373 10.168773 -1.9901801 2736 a
 0.69496024 0.10634388 0.23990525 2737 r
 -1.6283046 -0.7172095 0.14810957 2934 g
 -0.9552865 8.16722 -0.22266077 2943 a
 0.6964675 0.2634101 0.1994903 2947 r
 0.091564804 -0.18510993 -0.3741363 3136 g
 -0.81283146 9.441534 -0.86610246 3141 a
 0.678748 0.25424707 0.18600394 3144 r
 -0.088198565 0.07374932 -0.101694934 3334 g
 -0.7703344 9.752781 0.8451532 3339 a
 0.6899633 0.20891094 0.14215185 3345 r
 -0.71643746 0.10969427 -0.08065117 3544 g
 -3.1741128 5.142745 3.810372 3549 a
 0.6551978 0.22429383 0.1535549 3553 r
 -1.6575986 0.15576696 -0.6415129 3734 g
 -1.9183542 6.711546 9.958083 3739 a
 0.46100885 0.25036323 0.21774264 3746 r
 -1.6956818 -0.7678173 0.0775406 3934 g
 -0.8882488 6.825869 8.0606785 3939 a
 0.39283806 0.19033611 0.23809685 3943 r
 -1.1188406 -0.62481064 -0.40581995 4145 g
 -0.18914193 3.6511576 9.939528 4149 a
 0.27052784 0.11169247 0.21059613 4152 r
 -0.67409265 0.6268751 -0.9523006 4334 g
 -3.6888664 3.21661 8.495825 4339 a
 0.168346 0.11145949 0.14692463 4343 r
 -0.4895356 0.8226174 -0.014068947 4535 g
 -4.1012673 2.9167361 9.178771 4540 a
 0.112669736 0.17734647 0.1065587 4544 r
 0.46174607 0.5320612 -0.042561576 4746 g
 -4.161721 3.5523968 6.797737 4750 a
 0.099264495 0.24627626 0.09561106 4753 r
 1.8607045 0.8987785 0.019756394 4934 g
 -4.5005007 6.7067575 3.1112652 4939 a
 0.20368867 0.3356157 0.1005334 4943 r
 1.6828054 0.76695204 -1.4625591 5136 g
 -6.9587474 2.7024553 1.858499 5149 a
 0.27162987 0.49426752 0.048613567 5155 r
 0.6468366 -1.7635921 -1.3064924 5337 g
 -7.687782 -0.6721721 5.140351 5342 a
 0.26499248 0.4903825 -0.113357924 5349 r
 0.45322475 -3.0043588 -2.0082355 5536 g
 -5.805341 -5.93343 9.794081 5540 a
 0.17777874 0.38631034 -0.34586838 5544 r
 0.3482962 0.21806602 -1.8186184 5734 g
 -2.5372553 -5.097854 11.639412 5739 a
 0.08532356 0.33971375 -0.56433517 5743 r
 0.7352543 -1.1225778 -0.29501858 5942 g
 -2.321777 -1.074398 7.017405 5946 a
 0.019389633 0.22319013 -0.7144049 5949 r
 0.5120814 -1.2448169 0.23761362 6136 g
 -0.15741876 -1.8321629 9.297284 6140 a
 0.004836616 0.09991673 -0.7544063 6144 r
 -0.32867855 -0.593674 -0.14588158 6334 g
 1.3096284 -2.4133554 7.757812 6339 a
 -0.0504241 0.07096471 -0.74595505 6343 r
 0.26973295 0.48118553 0.12682132 6546 g
 -0.94092125 -2.7012582 7.047333 6549 a
 -0.08389859 0.054243334 -0.7027841 6553 r
 -0.4647669 0.22339155 0.16304033 6734 g
 0.427365 -1.7609353 8.845378 6739 a
 -0.068306744 0.077962294 -0.66079575 6743 r
 -1.0416076 0.2609421 0.24772884 6934 g
 -0.40581718 -4.231153 8.89446 6939 a
 -0.09916785 0.123799294 -0.62843496 6943 r
 0.2726632 0.6090087 -0.017250359 7146 g
 -2.0141222 -3.180697 7.047931 7150 a
 -0.09261737 0.18612638 -0.63092715 7153 r
 0.5416425 0.908348 -0.4316382 7334 g
 2.2547395 -2.9059622 5.1571107 7339 a
 -0.040585134 0.21435428 -0.69275063 7344 r
 -0.8306844 -0.39660087 0.04693182 7534 g
 -4.666898 -5.197213 11.795034 7539 a
 -0.08799445 0.13495788 -0.7412732 7543 r
 0.24230371 -0.16331382 1.1713221 7744 g
 -2.9999347 -4.011485 5.740697 7749 a
 -0.04399673 0.2772202 -0.69813555 7752 r
 -0.11322829 -1.7593462 -0.46172822 7933 g
 1.8992004 -3.9348705 9.379884 7938 a
 -0.099356174 0.25121856 -0.69125897 7942 r
 1.3112966 -1.5755881 0.4959445 8139 g
 2.119467 -0.46507367 11.056423 8141 a
 -0.16899762 0.11904681 -0.69271916 8142 r
 0.49050954 0.22738123 -0.19461901 8326 g
 3.763685 -0.005985504 9.822212 8328 a
 -0.14821252 -0.013064612 -0.71532243 8329 r
 0.57013804 0.16532958 0.051723383 8528 g
 0.90740246 -0.9756372 10.168175 8533 a
 -0.11747042 -0.06658876 -0.72635394 8538 r
 0.44017577 0.9557558 0.051457066 8728 g
 0.8146271 0.7799112 9.633669 8732 a
 -0.04712817 -0.055763543 -0.7211669 8738 r
 0.14003833 0.3333665 -0.48196876 8934 g
 2.7922378 1.4808137 9.148843 8938 a
 -0.017177634 -0.07378028 -0.7164344 8948 r
 -0.1052388 -0.31404793 -0.20926107 9132 g
 1.0510546 2.110489 9.73662 9139 a
 -0.020650957 -0.1128819 -0.71500176 9144 r
 -0.009897638 0.07983358 -0.051069308 9330 g
 1.3227965 1.632247 9.77792 9334 a
 -0.007826957 -0.11461514 -0.70198196 9344 r
 -0.08260114 -0.08369223 -0.029759226 9529 g
 1.7609353 1.5693992 9.551667 9532 a
 -0.0048106024 -0.11092991 -0.6904003 9541 r
 0.019397933 0.021502629 -0.009252887 9727 g
 1.6053122 1.5646108 9.309255 9730 a
 -0.0065672183 -0.11298482 -0.6882369 9733 r
 -0.0016410399 -0.021906897 -0.03641713 9929 g
 1.5592239 1.484405 9.390657 9933 a
 -0.002478459 -0.11356725 -0.692462 9943 r
 0.009544237 4.628574E-4 -0.015910257 10135 g
 1.5795746 1.6244658 9.428965 10150 a
 -8.2363933E-4 -0.11391406 -0.6986764 10153 r
 0.002886334 0.025762888 -0.005523929 10325 g
 1.5460558 1.6184803 9.43495 10329 a
 -1.2610294E-4 -0.11367886 -0.70592386 10332 r
 0.0047505465 -6.0240703E-4 6.870955E-5 10528 g
 1.4185646 1.5993267 9.431957 10532 a
 -0.0012153871 -0.113668874 -0.71424896 10536 r
 -0.0053694653 0.01191445 -0.001262871 10726 g
 1.5334862 1.6358383 9.487024 10730 a
 -0.001525146 -0.11284025 -0.7214158 10734 r
 -8.420915E-4 0.0025933862 -0.0023281353 10929 g
 1.5574282 1.4862007 9.456498 10932 a
 -0.0024862923 -0.112777665 -0.72743505 10942 r
 0.0010221212 0.0060554957 0.00140029 11129 g
 1.3760674 1.6382325 9.510367 11137 a
 -0.003368806 -0.11212054 -0.7323255 11143 r
 -0.0011073424 -0.011799668 -0.0025869946 11328 g
 1.4694413 1.5370775 9.4535055 11332 a
 -0.0030270927 -0.11155893 -0.73576087 11339 r
 0.011143198 -0.012864932 0.011261443 11527 g
 1.4401124 1.353921 9.377489 11531 a
 -0.0039959056 -0.11213702 -0.73804075 11534 r
 0.002621083 0.040131975 0.0048698564 11730 g
 1.5215151 1.6262615 9.554661 11733 a
 -0.0037291776 -0.110872135 -0.73925596 11743 r
 0.01513794 0.0060443105 0.016853549 11929 g
 1.448492 1.6334441 9.475652 11932 a
 -0.0032646693 -0.1106088 -0.7402019 11942 r
 -0.0043031354 -0.0035430696 0.0069998526 12132 g
 1.4562732 1.5640123 9.455301 12136 a
 -0.0031417934 -0.11066611 -0.7407469 12139 r
 0.0036863475 -6.1359233E-4 0.006200904 12330 g
 1.5053543 1.6376339 9.512163 12334 a
 -0.003453251 -0.11069512 -0.74097604 12337 r
 -3.0652984E-4 -0.00675857 0.006745787 12539 g
 1.5741876 1.5873557 9.491813 12543 a
 -0.0038549649 -0.11147712 -0.74083513 12547 r
 -0.0013717943 0.010285661 -0.0044394895 12727 g
 1.2880806 1.5652094 9.467871 12733 a
 -0.0037779594 -0.11155303 -0.74082595 12736 r
 -0.007497065 -0.015280685 8.8683265E-4 12929 g
 1.5879543 1.6633717 9.440337 12933 a
 -0.0019455375 -0.109855756 -0.74141675 12936 r
 -0.0035036546 0.014561365 -0.009242234 13137 g
 1.3946224 1.6017209 9.466674 13141 a
 -0.0029719127 -0.11122683 -0.74105567 13144 r
 -5.7417754E-4 -0.008075504 0.0022093584 13329 g
 1.459266 1.6160861 9.438541 13331 a
 -0.0017967867 -0.11014214 -0.74105006 13333 r
 -3.0786142E-4 0.0057729343 0.0014104102 13529 g
 1.4640543 1.6232687 9.534309 13532 a
 -0.002102686 -0.11064614 -0.740509 13536 r
 -0.002171808 -0.0016881778 0.003543602 13733 g
 1.4395138 1.5921441 9.533113 13737 a
 -0.002058005 -0.11040363 -0.74066514 13743 r
 7.5766933E-4 9.7498327E-4 0.0048751826 13928 g
 1.4239515 1.6190789 9.510966 13932 a
 -0.0019351309 -0.11021584 -0.73997253 13935 r
 -0.002438124 -0.0030197583 0.0024783376 14129 g
 1.4335283 1.5975311 9.482236 14132 a
 -0.0018190136 -0.11009586 -0.7395342 14136 r
 -0.0037689055 0.006027266 -0.003375823 14334 g
 1.4359225 1.5412674 9.490017 14337 a
 -0.0017496254 -0.110124096 -0.7394275 14341 r
 -0.0011057445 -0.008353803 0.007010505 14530 g
 1.4227544 1.5759833 9.5013895 14533 a
 -0.0017542802 -0.10980974 -0.7395479 14537 r
 -0.0013720606 0.0046956856 0.0022168152 14727 g
 1.4478935 1.6065093 9.476849 14731 a
 -0.0016007461 -0.10970612 -0.73925894 14734 r
 -0.0019046929 -0.0022277343 0.003281547 14937 g
 1.435324 1.6364368 9.464878 14941 a
 -0.0016663941 -0.10977824 -0.7395311 14944 r
 -0.0037689055 0.0036312202 -0.004974252 15128 g
 1.4580688 1.5921441 9.4696665 15131 a
 -0.0014914265 -0.10990368 -0.7399079 15135 r
 -0.002703641 0.0022996396 -4.4687843E-4 15325 g
 1.4191631 1.6220716 9.478644 15329 a
 -0.0015228204 -0.109852105 -0.7399773 15332 r
 -0.0032370724 -8.892295E-4 0.0016793894 15536 g
 1.4263457 1.6238673 9.464279 15540 a
 -0.0013590166 -0.109854504 -0.74012774 15544 r
 -8.402273E-4 0.0033718282 -0.00178272 15726 g
 1.4449008 1.6334441 9.488221 15729 a
 -0.0011324892 -0.10983598 -0.7398831 15733 r
 -0.0032370724 0.0023065638 -0.0028479844 15926 g
 1.4215573 1.6005238 9.486425 15930 a
 -8.13568E-4 -0.110008225 -0.73937994 15933 r
 -5.733786E-4 -0.0022242721 0.0027470507 16137 g
 1.3982137 1.6184803 9.4774475 16141 a
 -6.9175474E-4 -0.10999435 -0.73939246 16145 r
 0.0028887307 9.7152113E-4 0.003279683 16326 g
 1.411382 1.6573862 9.46847 16329 a
 -5.601905E-4 -0.10992217 -0.73973066 16333 r
 -0.00456812 0.0015041534 -9.813749E-4 16525 g
 1.4449008 1.6220716 9.4696665 16528 a
 -3.3706147E-4 -0.10988498 -0.73940104 16532 r
 7.5820193E-4 7.028082E-4 0.0016833841 16738 g
 1.4173675 1.6065093 9.497798 16742 a
 -4.228754E-4 -0.11001988 -0.73964006 16745 r
 -0.0013723269 0.0015017565 0.0030149648 16924 g
 1.423353 1.6106992 9.441534 16929 a
 -4.9780216E-4 -0.10988784 -0.7400678 16932 r
 -0.0035028558 1.7017599E-4 3.5180358E-4 17126 g
 1.4077905 1.5819688 9.473258 17130 a
 -5.3812284E-4 -0.1097987 -0.7400183 17133 r
 -0.0021720743 -6.2025024E-4 0.003275688 17334 g
 1.4137762 1.6035166 9.522937 17338 a
 -6.415881E-4 -0.1096528 -0.7404447 17342 r
 -0.0051015513 0.0039071236 -9.853696E-4 17524 g
 1.4466964 1.6041151 9.470863 17529 a
 -6.2035024E-4 -0.10961385 -0.7406122 17532 r
 -0.0011068097 4.4501422E-4 0.0043409527 17724 g
 1.4167689 1.6047137 9.466075 17728 a
 -6.199023E-4 -0.109540135 -0.7402577 17732 r
 -0.0011068097 0.0012447615 8.7857683E-4 17937 g
 1.4095862 1.5939398 9.507375 17941 a
 -5.68443E-4 -0.10947205 -0.7402734 17944 r
 0.0023552997 0.0028426582 0.0024764736 18124 g
 1.4149733 1.6053122 9.48882 18128 a
 -6.899936E-4 -0.109272614 -0.74125284 18131 r
 4.910869E-4 -0.0062120897 7.962852E-5 18323 g
 1.4317327 1.5969325 9.500193 18328 a
 -7.945243E-4 -0.10937953 -0.74158424 18331 r
 -3.0839405E-4 0.002581402 -0.0012554141 18531 g
 1.3970166 1.6023195 9.467871 18534 a
 -6.4852927E-4 -0.10927944 -0.7406991 18539 r
 -5.7471014E-4 0.0023150858 -7.2278193E-4 18723 g
 1.400608 1.6065093 9.494805 18728 a
 -4.3364335E-4 -0.10918857 -0.7401224 18731 r
 0.0010231865 0.004179299 8.7511475E-4 18921 g
 1.4460979 1.6059108 9.562442 18926 a
 -1.3723504E-4 -0.10918921 -0.7394529 18929 r
 -3.075951E-4 -8.8683264E-5 0.0019449065 19131 g
 1.3826514 1.5813702 9.492412 19135 a
 8.272007E-5 -0.109192014 -0.73884994 19138 r
 -0.0011065435 4.4394896E-4 0.0014122743 19321 g
 1.4024036 1.6166847 9.485229 19325 a
 3.0551292E-4 -0.10910991 -0.7387673 19329 r
 -5.7391124E-4 0.0017755295 -0.0023161513 19540 g
 1.4095862 1.6095021 9.46009 19544 a
 4.6007615E-4 -0.10908528 -0.73850507 19547 r
 0.0018221348 0.0020487697 -9.888317E-4 19732 g
 1.3976152 1.6573862 9.505579 19736 a
 4.9599446E-4 -0.10913916 -0.73864216 19740 r
 -0.0011073424 0.0036466664 3.4274883E-4 19918 g
 1.423353 1.6166847 9.47206 19923 a
 5.197972E-4 -0.109141916 -0.7393666 19926 r
 0.0015558187 -8.175905E-5 0.0067343353 20119 g
 1.395221 1.6316484 9.469068 20123 a
 1.9101892E-4 -0.109314114 -0.74054235 20126 r
 -5.7444384E-4 1.8375811E-4 0.0011422298 20321 g
 1.4101849 1.6160861 9.502586 20331 a
 2.8386712E-5 -0.10931343 -0.7415771 20336 r
 -0.0019060244 0.0012490225 0.0019411781 20520 g
 1.3922282 1.6005238 9.4535055 20523 a
 -5.5899844E-5 -0.10921194 -0.74220365 20527 r
 -0.0021723404 -0.0016804546 0.0019411781 20718 g
 1.407192 1.6274586 9.543288 20721 a
 -1.6277563E-4 -0.10914639 -0.74247235 20726 r
 -0.0045691854 0.0036440033 -7.209177E-4 20920 g
 1.4107834 1.5903485 9.478046 20923 a
 -7.939804E-5 -0.10920125 -0.7422189 20928 r
 4.9082056E-4 0.003111371 0.004339088 21119 g
 1.3934253 1.6208745 9.494206 21123 a
 -1.236219E-4 -0.10910837 -0.7419537 21127 r
 -0.0024386565 0.0015134744 0.0011432951 21317 g
 1.4221559 1.6011224 9.491813 21321 a
 4.6407804E-5 -0.109031394 -0.74136215 21325 r
 -0.0021720743 0.0012463594 7.856325E-5 21520 g
 1.38325 1.6130934 9.500791 21524 a
 2.1620654E-5 -0.108988896 -0.7412023 21528 r
 -0.001905758 -0.0038136467 -0.0023182817 21717 g
 1.4131776 1.620276 9.503783 21721 a
 8.730497E-5 -0.10908392 -0.7411049 21725 r
 -0.004036287 -8.522115E-5 3.4487937E-4 21917 g
 1.3976152 1.6172832 9.498397 21921 a
 2.2101961E-4 -0.10898201 -0.74018675 21924 r
 0.0026205506 4.5779737E-4 0.0014037522 22121 g
 1.3880384 1.6190789 9.483433 22125 a
 2.9984023E-4 -0.1089509 -0.74021083 22129 r
 -3.5792886E-4 0.0024634239 -6.743124E-4 22316 g
 1.3826514 1.608305 9.475652 22320 a
 3.2365602E-4 -0.10888998 -0.7407324 22323 r
 0.0012399678 -0.005792375 -0.0014732607 22518 g
 1.3892355 1.5981296 9.505579 22522 a
 4.0558167E-4 -0.1091205 -0.7406185 22526 r
 -0.0014231933 0.00272974 -0.0033374734 22717 g
 1.3868413 1.6286557 9.500791 22721 a
 6.335424E-4 -0.10913028 -0.73992234 22725 r
 -8.905611E-4 8.6552737E-4 -0.0014732607 22915 g
 1.4131776 1.6124948 9.476251 22919 a
 9.4752293E-4 -0.109247655 -0.7389119 22923 r
 4.4101948E-4 0.0024634239 -0.002272209 23116 g
 1.3700819 1.5837644 9.476849 23120 a
 0.0012210635 -0.10939461 -0.7378053 23123 r
 1.7470337E-4 -0.0065913238 3.9095205E-4 23316 g
 1.401805 1.6047137 9.489418 23319 a
 0.0015273476 -0.109441966 -0.7364221 23323 r
 -0.0027547737 -0.0020639498 -0.0028048411 23514 g
 1.3946224 1.6280571 9.473856 23519 a
 0.0016786745 -0.10961044 -0.73525494 23522 r
 -0.0022221415 -0.0015313176 -0.0014732607 23714 g
 1.4036007 1.5999253 9.489418 23718 a
 0.0016899426 -0.10963616 -0.7348229 23722 r
 -9.161274E-5 -0.0017976337 0.0019888487 23916 g
 1.3664906 1.6178818 9.486425 23919 a
 0.0015751682 -0.10962772 -0.7351993 23923 r
 0.0023052322 -0.0020639498 -0.0017395768 24115 g
 1.3946224 1.6184803 9.498995 24119 a
 0.0015389575 -0.1097562 -0.735697 24122 r
 -0.0051516187 0.0024634239 -0.0014732607 24314 g
 1.388637 1.632247 9.494805 24318 a
 0.0012517953 -0.10975157 -0.7370545 24321 r
 -0.0011568771 0.0019307918 -1.4168017E-4 24514 g
 1.3838485 1.6071079 9.515156 24520 a
 9.394549E-4 -0.1097828 -0.7389565 24525 r
 -9.161274E-5 -0.0012650015 9.235843E-4 24713 g
 1.5855601 1.3335704 9.3260145 24718 a
 7.0807524E-4 -0.10974796 -0.7402881 24721 r
 -0.008081096 0.07729825 0.040871 24913 g
 1.5310919 1.4508862 9.474455 24917 a
 -0.006899829 -0.107534096 -0.7405054 24921 r
 0.004968393 0.030692931 0.026223615 25116 g
 1.42455 1.4945804 9.5253315 25119 a
 -0.009553128 -0.105526626 -0.74062234 25123 r
 0.028670527 0.0104529075 0.0057172743 25313 g
 1.429937 1.5239093 9.592968 25317 a
 -0.0073608495 -0.10599531 -0.7407808 25329 r
 0.019615779 8.6552737E-4 -0.002538525 25512 g
 1.2791022 1.5041572 9.469068 25517 a
 -0.005721107 -0.10720101 -0.74106044 25520 r
 0.04571476 0.06291718 0.03527836 25713 g
 1.3664906 1.4736311 9.452907 25717 a
 -0.0037901113 -0.1071651 -0.7413388 25721 r
 -6.24245E-4 0.0037950044 0.0041193776 25912 g
 1.4371196 1.5753847 9.634268 25916 a
 -0.0020828862 -0.10634066 -0.7412824 25920 r
 0.0031041806 0.00752343 -0.024642762 26113 g
 1.3215994 1.4867992 9.548675 26117 a
 -0.0017644092 -0.106934845 -0.741108 26120 r
 0.02574105 0.009121327 0.00465201 26313 g
 1.3682863 1.6214731 9.554062 26318 a
 -0.002276604 -0.10731235 -0.7409262 26321 r
 7.073356E-4 0.011518172 -0.010528008 26512 g
 1.4885949 1.54845 9.48463 26516 a
 -0.0013631796 -0.10736166 -0.7405167 26522 r
 -0.0019558256 -0.008455536 -0.006799583 26711 g
 1.4131776 1.5185224 9.4774475 26715 a
 -0.0012838664 -0.1077041 -0.74028677 26720 r
 0.011359979 0.0019307918 -0.0038701056 26912 g
 1.3718776 1.5759833 9.475053 26916 a
 -6.091902E-4 -0.107874945 -0.74007267 26920 r
 0.0047020772 0.0043276367 0.0049183257 27112 g
 1.3700819 1.5855601 9.507375 27116 a
 3.0405913E-4 -0.10807541 -0.7394678 27120 r
 0.0057673417 0.005392901 -0.0020058928 27310 g
 1.3736732 1.6053122 9.530719 27314 a
 9.416705E-4 -0.108369574 -0.73954314 27317 r
 -0.0051516187 8.6552737E-4 -0.0041364217 27512 g
 1.3623008 1.5861586 9.490616 27516 a
 0.0012392271 -0.108570054 -0.7395626 27519 r
 0.0025715483 5.9921126E-4 3.9095205E-4 27710 g
 1.3700819 1.5891514 9.5385 27714 a
 0.0014813403 -0.108566925 -0.73905784 27718 r
 -0.0024884576 8.6552737E-4 -9.4062847E-4 27910 g
 1.3533225 1.5598224 9.518148 27914 a
 0.0016420102 -0.108592406 -0.73835355 27918 r
 0.0015062839 -7.323693E-4 0.0011899003 28113 g
 1.371279 1.5939398 9.519346 28118 a
 0.0017247163 -0.10850088 -0.7379177 28122 r
 -0.0024884576 -7.323693E-4 -0.0028048411 28310 g
 1.3874398 1.578976 9.48882 28313 a
 0.0016201446 -0.10882257 -0.7376128 28317 r
 -0.0024884576 -7.323693E-4 -1.4168017E-4 28510 g
 1.3569138 1.5837644 9.4972 28513 a
 0.0015848419 -0.10874914 -0.7374652 28517 r
 0.0012412993 -7.4781565E-4 0.0014658038 28713 g
 1.3826514 1.584363 9.5385 28717 a
 0.0016808817 -0.10866691 -0.7366372 28721 r
 -3.5659727E-4 5.1132694E-5 -0.0014636733 28912 g
 1.3437457 1.5568297 9.534309 28916 a
 0.0017174454 -0.10862003 -0.7361731 28919 r
 -0.087175645 -0.050016295 0.009721603 29111 g
 1.4335283 1.4083891 9.808446 29114 a
 -0.0010403739 -0.1078535 -0.73547906 29118 r
 -0.33378437 0.032541696 0.062185876 29309 g
 1.9524715 0.6147113 9.5809965 29313 a
 -0.015747676 -0.09946968 -0.7346358 29317 r
 -0.18038629 0.06130384 0.48163375 29509 g
 1.435324 -0.038307227 9.167398 29513 a
 -0.03909421 -0.06639399 -0.71295303 29516 r
 0.36343122 0.082609124 0.17909865 29709 g
 0.6548142 1.0534488 9.712079 29713 a
 -0.037340447 -0.061309226 -0.69658 29716 r
 0.015355786 0.120694995 -0.33995304 29912 g
 1.5634137 2.1535845 10.263344 29916 a
 -0.012174854 -0.0768421 -0.6985523 29919 r
 0.04252003 -0.08170525 -0.4036026 30109 g
 0.52492875 1.5101427 10.105926 30113 a
 0.0028121928 -0.104026645 -0.72512156 30116 r
 -0.06507168 -0.022316758 -0.0019979035 30308 g
 1.1390414 1.5275006 9.493608 30312 a
 0.011603155 -0.09840159 -0.7269322 30315 r
 -0.01793266 -0.0148702925 -0.0153073175 30511 g
 0.7846996 1.7298107 9.772532 30514 a
 0.012006899 -0.09625302 -0.7275649 30519 r
 0.012427375 0.02747397 -0.09573478 30708 g
 1.1043255 1.6106992 9.711481 30711 a
 0.011150586 -0.09688763 -0.73045 30715 r
 0.029471606 -0.0446977 -0.06111369 30908 g
 1.2599486 1.7741034 9.576807 30912 a
 0.009606485 -0.10325749 -0.73282844 30915 r
 0.030004505 0.079403214 -0.012908874 31112 g
 1.283292 1.6142905 9.405622 31115 a
 0.012638419 -0.10571565 -0.7363166 31119 r
 -0.0062144864 -0.02845481 -0.015305719 31307 g
 1.1617863 1.6472107 9.482835 31311 a
 0.014202698 -0.10542846 -0.7370058 31315 r
 -0.0024860608 0.0027041738 0.0012058794 31507 g
 1.2018893 1.7046716 9.500791 31511 a
 0.014207355 -0.10543819 -0.7374236 31514 r
 -0.0019544938 0.0021808627 0.0012000204 31709 g
 1.1779473 1.6747441 9.5385 31713 a
 0.014110148 -0.105720446 -0.7370307 31717 r
 -0.0014218617 -7.4861455E-4 -0.002262089 31907 g
 1.2096704 1.6837224 9.513959 31911 a
 0.014101281 -0.10557632 -0.7364449 31914 r
 -3.5659727E-4 -0.001813879 4.0107206E-4 32108 g
 1.1953052 1.6484078 9.496601 32111 a
 0.013948953 -0.10564029 -0.7361247 32115 r
 -6.2238076E-4 -2.2024343E-4 6.700513E-4 32310 g
 1.1563994 1.6873137 9.52174 32313 a
 0.013834918 -0.10554145 -0.7365729 32317 r
 4.428837E-4 -0.0020844562 -0.0022594258 32506 g
 1.18094 1.6861166 9.505579 32510 a
 0.01377927 -0.10574643 -0.73715025 32513 r
 1.7656758E-4 5.787049E-4 -0.0033246903 32706 g
 1.1881226 1.6627731 9.520543 32710 a
 0.013746436 -0.10567702 -0.73744196 32713 r
 -3.5633094E-4 0.0013792511 -0.0014615428 32917 g
 1.1719618 1.6579847 9.507375 32921 a
 0.013561369 -0.105687276 -0.7379913 32970 r
 0.002040514 3.139867E-4 6.6898606E-4 33103 g
 1.1587936 1.6466122 9.521142 33107 a
 0.013465184 -0.10563555 -0.73853594 33111 r
 0.0012415657 -0.003947071 -9.2891057E-4 33306 g
 1.1785458 1.661576 9.51336 33310 a
 0.013153656 -0.105732515 -0.74023646 33313 r
 -0.0030197583 -2.1598236E-4 -0.0030610373 33509 g
 1.1797429 1.6436194 9.532514 33512 a
 0.012894597 -0.10565773 -0.74088556 33516 r
 -6.2291336E-4 -0.0010149307 4.0107206E-4 33705 g
 1.192911 1.661576 9.510966 33709 a
 0.012759328 -0.10548848 -0.74075955 33712 r
 9.7498327E-4 5.0333743E-5 0.0012000204 33905 g
 1.1749545 1.6382325 9.490616 33909 a
 0.012633931 -0.10547006 -0.7404817 33912 r
 -0.0016879115 -0.006874684 0.0017331853 34109 g
 1.2012907 1.6645688 9.51336 34112 a
 0.012469468 -0.10547556 -0.7401963 34115 r
 -0.0043510725 0.0011147992 -3.9734363E-4 34304 g
 1.1845313 1.6765398 9.476251 34308 a
 0.012125166 -0.10546358 -0.7406717 34312 r
 -9.0014844E-5 3.158509E-4 -3.9734363E-4 34504 g
 1.1755531 1.6597804 9.498995 34508 a
 0.0119757615 -0.10543516 -0.7410471 34511 r
 -0.0016881778 5.845639E-4 4.000068E-4 34708 g
 1.2006922 1.6454151 9.542689 34711 a
 0.01187243 -0.10540722 -0.74115115 34715 r
 -0.002487126 -0.006872287 0.003063168 34904 g
 1.1833342 1.6244658 9.536105 34908 a
 0.011679853 -0.1054443 -0.7410212 34912 r
 -0.0054166033 -0.003676494 0.012117916 35104 g
 1.2084733 1.6130934 9.547478 35108 a
 0.009803388 -0.104768306 -0.74084276 35112 r
 -0.0011560782 -0.0026069684 0.0025278726 35307 g
 1.2084733 1.614889 9.496601 35311 a
 0.0096354075 -0.10458961 -0.7407722 35314 r
 -0.0038192393 -0.0023406523 6.636597E-4 35503 g
 1.198298 1.6364368 9.552266 35506 a
 0.009268659 -0.10452509 -0.74106807 35510 r
 0.0033712955 0.0051161987 0.0051910337 35703 g
 1.2150574 1.6196774 9.475053 35706 a
 0.0088439025 -0.10420722 -0.7411838 35710 r
 -9.054747E-5 -0.0034067156 9.305085E-4 35915 g
 1.2108675 1.5939398 9.513959 35919 a
 0.008498768 -0.104422435 -0.7412116 35922 r
 -9.054747E-5 -0.0023414511 0.0030610373 36104 g
 1.2060791 1.6304513 9.510966 36107 a
 0.008443177 -0.104205206 -0.74107665 36111 r
 -0.012341089 0.0011206581 0.012914733 36302 g
 1.2384008 1.5981296 9.487024 36306 a
 0.008005373 -0.103951216 -0.74062485 36310 r
 -0.01660188 -0.004742557 0.004927913 36505 g
 1.1761516 1.4478935 10.311228 36509 a
 0.0067802966 -0.102947965 -0.74003357 36513 r
 -0.5676099 0.25837776 0.24381346 36702 g
 0.9684546 0.4345476 9.99639 36706 a
 -1.656171E-4 -0.08119075 -0.73853236 36709 r
 -0.7292638 0.46024537 0.3090609 36902 g
 -0.7110779 -1.9243397 9.411008 36906 a
 -0.030263025 -0.03249818 -0.7181365 36909 r
 -0.9247393 0.609111 0.15966104 37106 g
 -0.17477672 -3.0909145 9.115923 37110 a
 -0.0588379 0.07132614 -0.684751 37114 r
 0.049711365 -0.07638665 -0.0608487 37301 g
 -0.046686932 -4.459201 10.064626 37306 a
 -0.09023462 0.11934893 -0.68440133 37309 r
 0.12827462 0.29752117 0.32717386 37501 g
 -1.3491327 -1.3030443 5.8125234 37505 a
 -0.08029394 0.12930834 -0.6778695 37509 r
 0.35970357 0.58540726 0.57032156 37704 g
 -3.4249055 -1.9668367 9.8437605 37708 a
 0.005538742 0.16375348 -0.6708527 37712 r
 -0.3175383 0.036796097 -0.020101273 37901 g
 -3.970185 -2.19249 9.455301 37904 a
 0.03808952 0.2085686 -0.64712423 37908 r
 -0.13724227 -0.61328155 0.23449692 38101 g
 -2.3959973 -2.9999347 9.330803 38105 a
 0.01259803 0.20398852 -0.62208253 38109 r
 -0.26640612 0.11323202 -0.033152893 38304 g
 -3.5194764 -3.8839936 8.39886 38308 a
 -0.022042133 0.20289573 -0.6263569 38312 r
 -0.3388441 0.11669412 0.22650531 38500 g
 -3.7541082 -2.1757307 8.556877 38504 a
 -0.031242613 0.23890427 -0.60305387 38507 r
 -0.042700592 0.079143554 0.2858938 38700 g
 -4.1180267 -2.1733365 7.0371575 38704 a
 -0.019113371 0.2595352 -0.5749257 38707 r
 0.10111011 0.28687277 -0.19054732 38903 g
 -5.0703206 -2.3265655 7.719505 38907 a
 0.006945545 0.27714908 -0.56387335 38911 r
 0.34532198 0.7598502 -0.039279763 39101 g
 -7.6524673 -1.632247 6.6241574 39104 a
 0.09734997 0.3263945 -0.5733958 39108 r
 0.45344633 1.9143305 -0.09307562 39300 g
 -4.9536033 -0.6727707 3.5194764 39303 a
 0.17552379 0.37551093 -0.6073417 39307 r
 0.3261475 0.9641104 0.7663291 39503 g
 -11.340137 0.19153613 -1.3557167 39506 a
 0.2697786 0.39697987 -0.61575204 39510 r
 -0.3319196 0.0037744981 0.62571424 39699 g
 -5.8442464 0.6374562 -0.26635495 39703 a
 0.3776752 0.48581845 -0.51517314 39706 r
 -0.1532215 -0.43325022 -0.5617893 39899 g
 -8.193557 -0.99778354 1.4951789 39903 a
 0.34044993 0.51570094 -0.5036376 39906 r
 -0.034444526 0.15344416 0.20759793 40114 g
 -9.24521 1.1749545 1.8740613 40118 a
 0.34044993 0.51570094 -0.5036376 40121 r
 -0.113806725 0.1047083 0.6560743 40303 g
 -10.320805 0.7469909 1.1976994 40316 a
 0.39908838 0.516973 -0.46231768 40328 r
 0.073946126 -0.6100841 -0.03847815 40514 g
 -9.226056 0.7128736 3.2040405 40521 a
 0.4002959 0.5017365 -0.45246813 40525 r
 0.44119525 -0.5613406 0.011850534 40720 g
 -8.3821 0.31783026 4.392163 40723 a
 0.36035064 0.40813875 -0.5107004 40727 r
 -0.010476876 -0.30434552 0.118110664 40902 g
 -8.367136 0.6751649 4.349067 40915 a
 0.36035064 0.40813875 -0.5107004 40919 r
 0.048378985 -0.110201076 -0.026765302 41103 g
 -8.785523 0.49320555 4.335301 41116 a
 0.3459676 0.40087277 -0.5133546 41120 r
 -0.039504 0.101505585 0.030501982 41315 g
 -8.860941 -0.45669398 4.083311 41319 a
 0.3435942 0.40137786 -0.51142424 41322 r
 -0.3617465 0.015485482 -0.025158083 41501 g
 -9.183559 -0.35075054 3.8594532 41515 a
 0.32503137 0.42248607 -0.4984857 41519 r
 -0.2877106 0.06741712 -0.35086268 41701 g
 -8.495226 -0.97264445 4.6058455 41708 a
 0.2998919 0.45173997 -0.4969242 41718 r
 0.23932764 -0.25347754 -0.06378431 41917 g
 -7.923012 -0.88944596 4.6220064 41921 a
 0.2766341 0.45153815 -0.5102748 41925 r
 0.16236228 -0.13816267 -0.04008217 42102 g
 -8.665813 -0.45010993 4.4035354 42115 a
 0.27811286 0.43803328 -0.5150257 42119 r
 0.0734127 0.074357584 0.04407372 42301 g
 -8.444349 -0.6063316 4.2898107 42304 a
 0.29173216 0.43355054 -0.5123039 42318 r
 0.084598504 0.22641903 0.04407718 42518 g
 -8.924985 -0.015562311 4.220379 42521 a
 0.30119213 0.43800932 -0.50992316 42525 r
 0.20896813 0.3201623 0.22677003 42700 g
 -9.108142 0.362123 2.966416 42704 a
 0.33004123 0.4400968 -0.49957332 42717 r
 0.0033720946 0.28634015 0.14154887 42902 g
 -9.572019 0.30047232 2.2655134 42914 a
 0.35947105 0.45803005 -0.4806979 42918 r
 -0.008079232 0.2123 0.045411423 43118 g
 -9.461287 0.80564886 2.4349031 43122 a
 0.3785567 0.47397935 -0.46804336 43126 r
 0.0073671024 0.04398823 0.0028008465 43301 g
 -9.515755 0.31902736 2.327164 43304 a
 0.38886106 0.47616285 -0.46644565 43317 r
 -0.008611864 -0.11180669 -0.0227655 43500 g
 -9.409811 0.25917232 2.6850972 43504 a
 0.3875956 0.47232574 -0.47171953 43517 r
 -0.004350806 -0.08304535 -0.031020766 43718 g
 -9.240421 0.5626374 2.9454668 43722 a
 0.38265178 0.46628684 -0.47836724 43726 r
 -0.0046171225 -0.08837167 -0.016906014 43900 g
 -9.1751795 0.1945289 3.0669725 43903 a
 0.37868845 0.46077043 -0.48327634 43916 r
 0.045450307 -0.041766357 -0.0062533687 44102 g
 -9.1512375 0.3693056 2.9951463 44115 a
 0.3753341 0.45584697 -0.4868581 44119 r
 -0.009943178 0.055170845 0.019047728 44318 g
 -9.350554 0.33638534 2.8670566 44322 a
 0.37627307 0.455571 -0.48657987 44325 r
 0.0023073629 0.023479227 0.02224352 44498 g
 -9.246407 0.40761283 2.9634233 44502 a
 0.3793388 0.45623785 -0.48621133 44508 r
 0.010030529 -0.008745022 1.3928332E-4 44699 g
 -9.171588 0.22984336 3.144784 44703 a
 0.38006222 0.4547879 -0.48821202 44715 r
 0.033466347 -0.027387949 -0.0038549257 44917 g
 -9.105747 0.48961425 3.0304608 44921 a
 0.3773279 0.45117927 -0.49282095 44924 r
 0.0393253 0.11615644 0.04434829 45099 g
 -9.55047 0.36152446 2.4127567 45103 a
 0.38396215 0.4532832 -0.48966601 45116 r
 -0.006747385 0.14651647 0.0462125 45301 g
 -9.545084 0.55605334 2.2529438 45308 a
 0.3950983 0.46174115 -0.48292676 45326 r
 -0.018466093 -0.01992071 -6.655239E-4 45517 g
 -9.311649 0.51235914 2.6701334 45520 a
 0.40024585 0.46372038 -0.48187795 45523 r
 0.01828553 -0.091559745 -0.028628714 45698 g
 -9.245809 0.40282443 2.747945 45702 a
 0.39702728 0.45936584 -0.48696658 45708 r
 -0.0054166033 -0.03643231 -0.008655007 45898 g
 -9.290101 0.43155485 2.7934349 45902 a
 0.39416346 0.4546485 -0.49237373 45914 r
 0.0025726135 0.0067140954 0.0025281387 46114 g
 -9.345168 0.46627077 2.6898856 46118 a
 0.39394805 0.45287007 -0.49476978 46121 r
 0.0076326197 0.0064477795 0.0027944548 46298 g
 -9.361927 0.4914099 2.7144263 46301 a
 0.39530647 0.45285308 -0.49501958 46308 r
 -9.054747E-5 -0.007933291 -0.005195028 46500 g
 -9.299079 0.44771573 2.7593174 46504 a
 0.3957324 0.45256394 -0.4954417 46516 r
 -3.5659727E-4 3.1931303E-4 -0.0014644723 46703 g
 -9.305065 0.41120413 2.689287 46717 a
 0.3951946 0.4520477 -0.49604848 46720 r
 -0.0014218617 0.007776164 0.0027965854 46897 g
 -9.324817 0.43754035 2.6868927 46901 a
 0.3945915 0.4531275 -0.4947193 46904 r
 4.4235104E-4 0.009640377 0.006791327 47100 g
 -9.3738985 0.46866497 2.7353754 47103 a
 0.39507052 0.4535058 -0.49431536 47116 r
 0.005502357 -0.002077532 -9.3184004E-4 47299 g
 -9.316438 0.45370123 2.6431987 47303 a
 0.39483953 0.4541602 -0.49329117 47316 r
 1.7603494E-4 0.0037814225 -3.9920784E-4 47497 g
 -9.34038 0.4333505 2.7024553 47500 a
 0.3942823 0.45491844 -0.4920675 47504 r
 0.0033718282 0.0072435318 0.0027965854 47700 g
 -9.347562 0.4770447 2.630629 47704 a
 0.39352933 0.45583546 -0.49073222 47716 r
 1.7656758E-4 -0.0020828582 0.0027997813 47914 g
 -9.347562 0.48961425 2.6497827 47918 a
 0.39313155 0.45674884 -0.48927143 47922 r
 -0.0027529097 -0.0026154905 0.0043976777 48099 g
 -9.363124 0.46507367 2.6617537 48103 a
 0.3930206 0.4569521 -0.48875818 48115 r
 -0.0038181741 -0.0020828582 0.002267149 48296 g
 -9.361329 0.45789108 2.6503813 48300 a
 0.3921755 0.457453 -0.48788574 48303 r
 -8.974853E-5 -0.004748416 -0.0059870523 48514 g
 -9.312247 0.44651863 2.7042508 48518 a
 0.3917792 0.45749384 -0.48782858 48521 r
 -8.974853E-5 -0.0074115773 -3.9441415E-4 48698 g
 -9.351153 0.45609543 2.6485856 48701 a
 0.39064386 0.45775443 -0.48741445 48708 r
 -0.003285542 -2.2104237E-4 0.0017361147 48895 g
 -9.354745 0.44651863 2.6725276 48899 a
 0.39028737 0.45801085 -0.48691228 48902 r
 -0.0024873924 5.4594802E-5 -4.002731E-4 49118 g
 -9.332 0.44592008 2.6839 49121 a
 0.390493 0.4577617 -0.48738346 49125 r
 -0.001155812 -0.004739095 -4.002731E-4 49294 g
 -9.3026705 0.44951138 2.6868927 49299 a
 0.39118704 0.45683563 -0.48885986 49302 r
 -6.231797E-4 -0.0050054113 -0.0011992215 49494 g
 -9.320028 0.43514615 2.695871 49498 a
 0.39136934 0.45619005 -0.4897963 49502 r
 -3.5686357E-4 -0.0015425029 -6.6712184E-4 49704 g
 -9.320627 0.43993455 2.712032 49717 a
 0.39100707 0.4561478 -0.48979 49721 r
 -0.0016884442 -0.002075135 9.307748E-4 49897 g
 -9.337387 0.42676646 2.7395654 49900 a
 0.39132005 0.455728 -0.49049577 49904 r
 -0.001422128 -2.1092236E-4 0.001197091 50094 g
 -9.337985 0.42317516 2.6982653 50101 a
 0.39143586 0.45529068 -0.4912289 50104 r
 1.7496968E-4 0.005389439 0.0014586133 50301 g
 -9.35235 0.44472298 2.6629508 50304 a
 0.3910848 0.4558577 -0.49046436 50309 r
 0.0020391825 -0.0028663604 -1.3928332E-4 50493 g
 -9.337985 0.47764325 2.670732 50497 a
 0.39204493 0.4556198 -0.49097392 50501 r
 -3.5766253E-4 0.0035252264 0.0022575615 50693 g
 -9.336788 0.46746787 2.697667 50697 a
 0.39208892 0.45589173 -0.49048617 50701 r
 4.4261737E-4 0.0037787592 0.0027981834 50901 g
 -9.320627 0.46447513 2.6821043 50905 a
 0.39260808 0.4556834 -0.49083593 50909 r
 7.0893345E-4 0.0069745523 0.0017329189 51098 g
 -9.324219 0.50397944 2.6204538 51101 a
 0.39345363 0.4553532 -0.49139187 51107 r
 0.0041710427 -0.0058086207 4.0133836E-4 51292 g
 -9.345766 0.46986207 2.6288335 51296 a
 0.39471298 0.4545797 -0.49252495 51299 r
 4.4235104E-4 -0.00500621 -0.0011986888 51501 g
 -9.325416 0.47225627 2.6635494 51504 a
 0.3958757 0.45337915 -0.49430886 51508 r
 0.0017739316 -2.1252026E-4 -9.323727E-4 51692 g
 -9.317036 0.45010993 2.6844985 51696 a
 0.3964284 0.45253652 -0.4954534 51700 r
 0.0015076154 5.3795855E-5 -9.323727E-4 51892 g
 -9.36492 0.48362875 2.666542 51896 a
 0.39644793 0.45228463 -0.49579445 51900 r
 0.0047034086 0.005645635 0.001731321 52103 g
 -9.343372 0.47285482 2.677316 52107 a
 0.396325 0.45244777 -0.4954323 52111 r
 0.0015076154 -0.0010122675 -9.3184004E-4 52292 g
 -9.31105 0.46986207 2.6821043 52296 a
 0.39581478 0.45247293 -0.49509063 52300 r
 -0.0030197583 -0.0036754287 -0.0019971044 52491 g
 -9.32781 0.4794389 2.6952724 52496 a
 0.3949913 0.45286798 -0.4944137 52499 r
 -6.231797E-4 -0.004204865 -0.0012002867 52701 g
 -9.309255 0.44831428 2.719813 52704 a
 0.39488724 0.4528364 -0.4943702 52709 r
 4.4208474E-4 -0.0023406523 -9.339706E-4 52891 g
 -9.336788 0.48602295 2.665345 52896 a
 0.3953581 0.45239264 -0.49518254 52899 r
 -8.894958E-4 5.6192697E-5 0.0022618228 53092 g
 -9.322423 0.48003745 2.7144263 53096 a
 0.39567316 0.45196986 -0.49560937 53100 r
 -9.028116E-5 0.0024479777 -1.3182647E-4 53297 g
 -9.342773 0.48243165 2.6862943 53300 a
 0.39648646 0.45103264 -0.4969695 53303 r
 0.0020402477 0.00298061 1.3448963E-4 53492 g
 -9.326612 0.4997896 2.6940753 53497 a
 0.39743224 0.45024866 -0.49818853 53501 r
 -0.0019544938 0.0019153454 -1.3182647E-4 53691 g
 -9.3182335 0.46866497 2.6922798 53695 a
 0.39805645 0.4497252 -0.49886146 53698 r
 -8.889632E-4 0.0021792648 0.0020003002 53900 g
 -9.332599 0.4758476 2.6803088 53903 a
 0.3985727 0.44957584 -0.49913493 53908 r
 -9.0014844E-5 0.00457611 0.0030655647 54098 g
 -9.336788 0.45190558 2.6779146 54102 a
 0.39928284 0.4493277 -0.49958256 54105 r
 -6.2264706E-4 0.0029782131 0.0014676681 54291 g
 -9.348759 0.4961983 2.6581624 54295 a
 0.39996207 0.44910246 -0.5000879 54298 r
 -0.0035529232 0.0016551546 1.3076121E-4 54500 g
 -9.339182 0.4854244 2.6408045 54504 a
 0.40067273 0.44912422 -0.50013095 54507 r
 0.002039715 0.002720419 6.633934E-4 54691 g
 -9.346964 0.49919105 2.641403 54696 a
 0.40116695 0.44915158 -0.5001853 54699 r
 1.7550231E-4 0.0037856835 3.9707733E-4 54890 g
 -9.36073 0.48841715 2.6102784 54894 a
 0.40098807 0.44975394 -0.49928734 54898 r
 -0.0040847566 -0.0023465112 0.0017329189 55100 g
 -9.345766 0.48243165 2.6150668 55104 a
 0.40106815 0.45000154 -0.4989669 55107 r
 -0.0038184403 -0.0055423044 4.0133836E-4 55291 g
 -9.326612 0.46447513 2.60968 55295 a
 0.40087104 0.4498523 -0.4991469 55298 r
 0.0028394624 -4.8229846E-4 -0.0014628744 55489 g
 -9.340978 0.48003745 2.6168625 55502 a
 0.40032586 0.45015347 -0.49871585 55506 r
 -0.0011555456 -0.0026093652 9.3184004E-4 55699 g
 -9.347562 0.50158525 2.6402059 55702 a
 0.4003189 0.4502303 -0.4985182 55706 r
 -0.0059492355 0.0016516926 0.0019971044 55890 g
 -9.3499565 0.49799395 2.6539726 55894 a
 0.40042803 0.45031077 -0.49831334 55899 r
 9.7498327E-4 -0.0015441008 0.0017307884 56096 g
 -9.329605 0.48003745 2.6318262 56099 a
 0.4004382 0.4502837 -0.49822214 56103 r
 7.0840085E-4 5.6459015E-5 -0.0012002867 56294 g
 -9.345766 0.48362875 2.6384103 56298 a
 0.40082142 0.44991302 -0.49871978 56302 r
 4.4208474E-4 -0.013791978 -0.00439608 56488 g
 -9.303867 0.45429978 2.7222073 56492 a
 0.40043074 0.44925743 -0.4996831 56496 r
 0.0028389296 0.0064480454 0.0041260356 56688 g
 -9.399037 0.50517654 2.586935 56692 a
 0.3997096 0.4485268 -0.500614 56696 r
 -0.008080297 0.016304139 0.0027928571 56896 g
 -9.351153 0.52073884 2.6360161 56900 a
 0.40129414 0.44949496 -0.4993755 56903 r
 0.00789867 -0.013523266 -0.002267149 57091 g
 -9.363723 0.4890157 2.6048915 57095 a
 0.40029743 0.4508071 -0.49731866 57099 r
 -0.007813981 -0.0012727247 -9.355685E-4 57295 g
 -9.360131 0.427365 2.6874914 57300 a
 0.39953214 0.4516099 -0.49619082 57303 r
 -0.0011560782 -0.018850386 -0.006261358 57497 g
 -9.275736 0.5021838 2.7880478 57501 a
 0.3982456 0.45118177 -0.49700162 57505 r
 0.008431301 0.005384379 0.0017281253 57687 g
 -9.376292 0.48482585 2.6324248 57691 a
 0.39740008 0.45000386 -0.49823597 57694 r
 -8.8976213E-4 0.028820196 0.009451292 57887 g
 -9.375694 0.4866215 2.6162639 57891 a
 0.39898393 0.450745 -0.4974093 57895 r
 -0.010742392 -0.014866831 -0.0033249566 58098 g
 -9.333796 0.4782418 2.700061 58101 a
 0.399691 0.45105284 -0.49713472 58105 r
 -0.0030192258 -0.030845797 -0.012912337 58289 g
 -9.2865095 0.47046062 2.7521348 58294 a
 0.3981309 0.4496807 -0.4989163 58298 r
 4.428837E-4 -0.004480502 -0.001993376 58486 g
 -9.3182335 0.44771573 2.7180176 58490 a
 0.39717922 0.44838697 -0.50036293 58494 r
 -8.892295E-4 0.010706441 0.0038613172 58696 g
 -9.386468 0.50517654 2.6431987 58700 a
 0.39709023 0.44931692 -0.49887988 58704 r
 -0.0051502874 -0.007403055 0.0027960527 58885 g
 -9.34038 0.47225627 2.6916811 58889 a
 0.3977979 0.4498512 -0.4978929 58893 r
 0.00257288 -0.011664113 -0.0030629016 59087 g
 -9.317635 0.45549688 2.7162218 59091 a
 0.39646947 0.449862 -0.497672 59095 r
 -0.00222081 -7.451525E-4 3.9920784E-4 59288 g
 -9.315839 0.48841715 2.742558 59293 a
 0.3952349 0.45029497 -0.49701396 59297 r
 4.4235104E-4 0.0048474856 0.0014644723 59488 g
 -9.314642 0.43634325 2.7341783 59491 a
 0.39496303 0.45046455 -0.49659738 59495 r
 0.0036381443 -0.0018104169 -0.001731321 59685 g
 -9.3499565 0.44831428 2.7527335 59689 a
 0.3944647 0.45087874 -0.49599442 59693 r
 0.0012407667 -0.002072472 -0.0014676681 59894 g
 -9.328408 0.47465047 2.7748797 59899 a
 0.3942797 0.4506452 -0.49638203 59902 r
 -0.0011560782 -4.745753E-4 -9.350359E-4 60251 g
