 0.124184534 0.06344209 0.11197953 177 g
 0.15322891 3.7984009 9.498397 178 a
 0.5127397 -0.13869184 0.5362211 380 g
 2.2679076 3.8534677 9.814431 384 a
 1.156692 -0.5331044 0.85713094 584 g
 3.514688 6.7163343 -3.775656 588 a
 4.422793 -2.426612 0.3535272 780 g
 2.1021092 2.9083564 3.283049 783 a
 2.6901402 1.913009 2.4534297 980 g
 13.016078 3.333926 10.238205 983 a
 2.9788265 5.508012 1.3916262 1189 g
 8.400655 8.778939 6.6726403 1193 a
 3.311988 0.6727768 -0.047812264 1379 g
 6.781576 4.92607 2.0709844 1383 a
 1.8352653 0.099398226 -0.11838603 1570 g
 -0.076015905 11.242573 -3.4494462 1571 a
 0.65042514 -0.18130082 -0.7972247 1772 g
 6.1926026 11.341333 -2.5917234 1773 a
 0.09275923 -1.1075482 -1.035045 1974 g
 2.3983915 2.5366566 0.49679685 1975 a
 -0.34000444 -0.17650713 0.15751852 2176 g
 -13.457808 19.612701 -7.897873 2180 a
 0.4405678 1.9412394 -1.8792676 2384 g
 -2.3241713 9.933543 -3.643975 2388 a
 0.35694453 0.8296359 -0.49575543 2577 g
 -2.6491842 9.63726 0.39085343 2581 a
 -0.5709008 -0.6590711 -0.13729395 2777 g
 -2.9981391 9.085996 -1.7304093 2781 a
 -0.61297816 -0.5064762 0.052592106 2982 g
 -1.1282675 6.8809357 5.6000376 2986 a
 -1.7789102 -0.6052795 -0.1029365 3178 g
 -0.45489833 5.1104236 6.939594 3182 a
 -1.5349646 -0.9288536 -0.10240387 3378 g
 -0.39743748 5.29358 8.94773 3382 a
 -1.1107228 -0.5445645 -0.34315017 3582 g
 -0.90261406 3.4003649 9.349358 3586 a
 -0.85932034 0.19339743 -0.3271712 3778 g
 -2.822764 3.2573113 8.722675 3781 a
 -0.5069841 0.457583 0.004658668 3978 g
 -1.9231426 1.1839328 9.946711 3981 a
 -0.32216045 0.28474304 0.32130906 4183 g
 -3.4320881 2.6078842 7.3699512 4187 a
 0.4525531 0.9025964 -0.15353256 4376 g
 -8.072051 4.39755 6.2380924 4381 a
 1.2943783 1.3324306 -1.0329083 4576 g
 -5.2684407 -1.1360487 3.750517 4581 a
 0.84670067 0.29033914 -1.8891168 4783 g
 -4.8841715 0.0053869537 5.327099 4786 a
 0.5958309 -0.9733308 -1.5112143 4976 g
 -7.023989 -1.5275006 6.6002154 4981 a
 -0.09552573 -1.294508 -0.63183844 5174 g
 -4.280833 0.4141969 5.410896 5185 a
 -0.12961446 -0.33843237 -0.115984656 5381 g
 -3.2549171 2.2936451 7.8170686 5385 a
 -0.14825659 -0.41566405 -0.7311749 5574 g
 -4.5962687 -3.2136173 7.839813 5579 a
 0.21766175 0.5864835 -0.3729797 5773 g
 -2.3361423 -3.0783448 9.440337 5779 a
 0.12871218 0.17183009 -0.49069196 5982 g
 -5.8292828 -5.8005524 5.273229 5986 a
 -0.10884179 0.5582548 0.14873302 6173 g
 -4.9188876 -1.1258733 7.5171947 6177 a
 0.4038167 0.16730271 0.30346268 6372 g
 -5.151125 -1.134253 8.166023 6377 a
 0.02857705 -0.05240462 0.23208757 6581 g
 -4.84766 -2.0452468 8.412626 6585 a
 -0.1772853 -0.03908881 0.122365326 6772 g
 -6.5948286 -2.369661 7.0593038 6777 a
 -0.27262646 0.36704326 -0.0400875 6972 g
 -6.8958993 -1.9165585 6.1860185 6977 a
 -0.2649033 0.3412098 0.23022388 7181 g
 -7.2352777 -2.777274 6.0800753 7185 a
 -0.4204319 0.049327336 0.19693437 7372 g
 -6.1447186 -3.330933 6.6642604 7377 a
 -0.16183896 -0.2556046 -0.4707201 7572 g
 -4.997896 -3.8750155 7.1131735 7577 a
 -0.039067242 -0.3765113 -0.25287408 7781 g
 -4.759673 -4.0467997 7.669825 7785 a
 -0.012701946 -0.2750449 -0.08855703 7970 g
 -4.538808 -3.8139634 7.757812 7974 a
 3.4754252E-4 -0.13948998 -0.13356446 8168 g
 -4.551976 -3.9492357 7.5830355 8172 a
 -0.01935985 -0.08249834 -0.10480231 8376 g
 -3.8522706 -3.9270895 7.988254 8381 a
 0.1319077 -0.19941111 -0.029967487 8568 g
 -3.655946 -3.4093432 8.499416 8572 a
 0.101547666 -0.17650792 0.005452556 8768 g
 -3.176507 -3.5643678 7.878121 8772 a
 0.020054668 -0.049205363 0.1058516 8976 g
 -3.7433343 -3.7732618 8.222886 8981 a
 -0.01829485 0.14627066 0.02222834 9171 g
 -3.6792896 -3.762488 8.189965 9175 a
 -0.0752865 0.3372193 0.018499915 9368 g
 -5.1505265 -4.0599675 6.9342065 9372 a
 -0.049720418 0.8264447 0.004117247 9576 g
 -7.7494326 -3.071761 3.4284968 9581 a
 -0.071824655 1.3412337 -0.10560499 9768 g
 -10.596138 -5.115212 7.844003 9771 a
 0.57079613 0.7958183 0.2975976 9968 g
 -2.9137435 -1.6519991 5.253477 9972 a
 0.97852606 -2.1432462 -0.4214559 10169 g
 -12.570157 -8.932767 18.732235 10173 a
 -0.833755 0.2618545 0.35991555 10368 g
 -4.353257 -2.5791538 9.171588 10372 a
 -0.25318593 -1.1815788 0.31650603 10568 g
 -1.9572599 -3.9773676 7.6746135 10572 a
 -0.08514046 -1.215932 0.16044374 10776 g
 0.8170213 -4.10845 8.605359 10781 a
 -0.21670061 -0.998618 -0.3362358 10968 g
 1.2240356 -4.7818193 8.272566 10972 a
 -0.1967269 -0.54934275 -0.47285596 11169 g
 1.5514427 -3.5835214 8.714894 11172 a
 0.57479084 -0.023901071 -0.31572947 11369 g
 2.0727801 2.2942438 11.244369 11372 a
 1.9473841 -0.34055093 0.027552 11573 g
 0.81881696 1.3072342 9.303269 11578 a
 0.3175295 0.12576859 -0.23210621 11768 g
 2.432509 2.1481974 9.153033 11772 a
 0.11566162 -0.088082455 -0.27711415 11976 g
 0.7302315 1.447295 9.9550905 11980 a
 -0.01376801 0.07943038 -0.018787537 12168 g
 1.8698715 1.508347 9.448118 12172 a
 -0.0017837853 -0.035085548 -0.03077176 12368 g
 1.6112977 1.423353 9.471462 12371 a
 0.001412008 0.013384781 -0.006537528 12575 g
 1.5358804 1.4634558 9.478046 12580 a
 0.0032762208 6.8975874E-5 -0.0054722633 12767 g
 1.5717934 1.6035166 9.47206 12771 a
 0.0022109563 -9.962886E-4 -0.0052059474 12960 g
 1.6124948 1.6304513 9.442732 12962 a
 0.003808853 -0.004191017 -0.0036085832 13173 g
 1.54845 1.4760253 9.488221 13177 a
 -0.0031153657 0.0011353056 -0.0044075316 13366 g
 1.8351556 1.654992 9.425373 13370 a
 0.0046078013 -0.018305771 0.0025166871 13566 g
 1.3982137 1.4862007 9.484032 13569 a
 -0.005778527 0.018180335 -6.796387E-4 13773 g
 1.6753427 1.7633295 9.499594 13779 a
 3.4674356E-4 -0.0015270566 -0.00946807 13965 g
 1.2030864 1.4682442 9.507375 13969 a
 -0.0023164174 0.02883298 -0.011332283 14165 g
 1.9428947 1.7292122 9.532514 14169 a
 0.01020044 -0.046800796 -0.0044080643 14365 g
 1.9746178 1.8124107 9.419987 14370 a
 0.009667807 -0.046001848 0.025685655 14565 g
 1.5179238 1.3551182 9.306262 14569 a
 -0.00418063 -0.048931323 0.0760194 14792 g
 3.8349125 1.9135658 8.671799 14796 a
 -0.0023164174 -0.167442 0.02195723 14965 g
 1.2156559 1.5011644 9.918579 14969 a
 -0.27422518 0.58942837 -0.024648089 15166 g
 -0.57520694 2.2667105 10.7769 15169 a
 0.052278385 0.33056912 -0.16100194 15366 g
 0.50996494 1.3664906 9.655815 15378 a
 -0.018029334 -0.29953212 0.008107195 15575 g
 3.1627405 0.48722005 10.174759 15580 a
 -0.14213264 -0.49474183 -0.081108704 15763 g
 2.5809495 0.46088383 10.957663 15767 a
 -0.29100335 0.055999886 0.008107195 15966 g
 1.9602526 0.17417817 6.425439 15972 a
 0.13457006 -0.11071666 0.16070792 16171 g
 2.8712463 0.15562311 10.596737 16176 a
 -0.27955148 -0.042539738 -0.025713352 16364 g
 0.64703304 -0.16699557 7.923012 16369 a
 -0.21909773 0.7734528 0.045659363 16560 g
 -0.4782418 0.03172317 10.519524 16564 a
 0.05307707 0.288492 0.4158382 16770 g
 0.5770026 -0.34835634 9.840169 16774 a
 0.021651765 -0.22336757 -0.10401082 16962 g
 0.7236475 -0.32202014 9.75697 16966 a
 0.05627286 -0.2156444 -0.25128362 17163 g
 1.0618285 0.26036942 9.949105 17166 a
 0.08956264 -0.112849854 -0.09522026 17361 g
 0.9600749 0.17477672 9.656414 17365 a
 0.010999388 0.002997654 0.020094616 17561 g
 0.7589619 -0.320823 9.912594 17565 a
 0.0027435885 0.028830316 0.050188337 17763 g
 1.1312603 -0.008379706 9.614515 17766 a
 -0.0020498352 -0.0100534335 0.050189402 17970 g
 1.1360487 0.01616086 9.69113 17974 a
 0.010467022 -7.323693E-4 -0.012927516 18162 g
 1.1031284 0.059855044 9.675568 18165 a
 6.13326E-4 -0.0033955304 -0.00653593 18363 g
 1.1097125 -0.021547815 9.61691 18368 a
 8.7990845E-4 0.0035260252 0.0011888351 18573 g
 1.1695676 0.055066638 9.679757 18577 a
 0.0059399144 0.0011291803 -0.011061706 18763 g
 1.0809821 0.031124622 9.576807 18766 a
 -7.1798824E-4 0.0064555025 0.0038519963 18963 g
 0.7392098 -0.18195933 10.155605 18967 a
 -0.10298364 0.12603223 0.019297797 19172 g
 0.08738836 -0.50876784 10.058042 19176 a
 -0.15811108 -0.04041533 0.037407294 19362 g
 1.6400281 -0.4141969 8.892664 19366 a
 -0.31470495 -0.1341586 0.23687805 19562 g
 -1.2431892 -1.8142064 9.877877 19566 a
 0.007537811 0.41098967 0.22010067 19772 g
 -0.40821138 -1.666963 10.281301 19776 a
 0.16306642 -0.9727888 -0.22890829 19964 g
 -1.6160861 -3.043629 5.0822916 19968 a
 -0.05664437 -0.95148355 -0.30827048 20160 g
 3.743933 -0.54647654 12.750321 20164 a
 0.23683572 -0.13335699 0.18281429 20376 g
 7.1245456 2.5306711 7.429806 20380 a
 0.3311116 -0.7892936 -0.39535797 20562 g
 5.445013 0.020949265 7.553706 20566 a
 -0.4033882 0.19447814 -0.37485164 20759 g
 3.674501 0.5291186 9.508572 20763 a
 0.01472808 -1.9893813E-4 -0.26273257 20965 g
 6.1411276 -0.24181437 5.018845 20969 a
 0.19582303 -1.1743866 0.13913845 21159 g
 7.0461354 -0.30885202 1.447295 21163 a
 0.23790097 -1.8351169 0.5404768 21359 g
 9.18715 0.24660277 -1.2749124 21363 a
 -0.08860283 -2.7717488 0.083211 21569 g
 7.845799 1.6484078 -7.33344 21572 a
 -0.23880512 -1.609279 -0.38417378 21755 g
 7.868544 -0.45010993 -6.0106435 21780 a
 0.026445722 -1.1360353 -0.29921892 21952 g
 8.03554 -0.55126494 -6.289568 21953 a
 0.7345803 -2.0774627 -0.20361145 22151 g
 4.293402 0.641646 -8.495226 22152 a
 -0.009506952 -0.50087136 0.33887446 22350 g
 6.6247563 0.65182143 -7.3753386 22351 a
 -0.1690303 1.8949083 0.1939985 22551 g
 8.162432 0.25139117 -5.0517654 22552 a
 0.11885741 1.2799853 0.071758874 22753 g
 7.2460513 0.20231004 -6.785766 22754 a
 0.0855679 -0.68729186 0.0011851067 22950 g
 4.800973 -0.01436521 -8.94773 22951 a
 0.15294588 -1.5224591 -0.03130546 23150 g
 2.8173769 0.04189853 -9.772532 23152 a
 0.045887064 -1.1466906 -0.0590002 23352 g
 1.8602947 0.029927522 -9.937134 23353 a
 -0.019094067 -0.59781307 0.0270199 23549 g
 1.7106571 0.034715924 -9.827001 23550 a
 -0.004712996 -0.10592723 0.0025188178 23753 g
 1.8022354 0.095768064 -10.020931 23763 a
 -0.027082484 0.04958939 -0.0038650457 23958 g
 2.6928782 0.35553896 -9.863512 23968 a
 -0.11842891 0.43255195 0.020103404 24155 g
 4.5441947 0.4842273 -8.611943 24158 a
 -0.11363522 0.9723747 0.050197124 24355 g
 5.8280854 0.4830302 -7.9732904 24358 a
 -0.042260904 0.79552215 0.052073054 24555 g
 6.027403 0.7368156 -7.335834 24558 a
 -0.021754565 0.4106954 0.015055116 24752 g
 6.299743 0.48841715 -7.6931686 24755 a
 0.008339156 -0.0305904 -0.0027880634 24954 g
 6.109404 0.47105917 -7.948151 24959 a
 0.008872587 -0.13286696 -0.005444034 25164 g
 6.1848216 0.46806642 -7.819463 25168 a
 8.831042E-4 0.03065112 -0.005444034 25354 g
 6.3578024 0.43514615 -7.654263 25359 a
 -0.012699017 0.13531335 -0.0025145567 25554 g
 6.7283053 0.55844754 -7.3753386 25558 a
 -0.030275082 0.2207923 0.0028170918 25762 g
 7.2484455 0.5793968 -6.7845693 25766 a
 -0.054776162 0.3699293 0.01320342 25954 g
 7.9649105 0.6925228 -5.921459 25959 a
 -0.06116775 0.549959 0.017464478 26154 g
 8.589797 0.64823014 -4.8398786 26159 a
 -0.028676918 0.6074798 0.03451084 26362 g
 8.857349 0.52133745 -4.146757 26366 a
 -0.026812706 0.41147116 0.024657143 26552 g
 8.895058 0.5554548 -3.8468835 26556 a
 -0.0065726815 0.098283425 -0.009431318 26757 g
 8.7125 0.62368953 -4.7919946 26761 a
 0.022988407 -0.3272897 -0.026209233 26954 g
 8.4234 0.5823896 -5.3863554 26958 a
 0.023521038 -0.302256 -0.008366054 27153 g
 8.393473 0.5835867 -5.3019595 27157 a
 0.007808388 -0.025553564 0.0014876418 27353 g
 8.409035 0.5662287 -5.1888337 27357 a
 8.839032E-4 0.030910512 4.1918154E-4 27563 g
 8.364143 0.5542577 -5.3462524 27567 a
 8.839032E-4 -0.046054844 -0.005972405 27753 g
 8.491635 0.6488287 -5.313332 27757 a
 -0.012964535 0.07911373 -0.012097675 27953 g
 8.689755 0.7152678 -4.871003 27957 a
 -0.0443901 0.19869232 -0.0070392676 28154 g
 8.95611 0.7793127 -4.6112323 28158 a
 -0.046786945 0.27725556 -0.0057076868 28352 g
 9.075222 0.45968673 -3.2746694 28355 a
 0.017661551 0.39283675 0.04302816 28553 g
 9.591172 0.46208093 -3.3632548 28557 a
 0.023253657 0.2831204 0.042225484 28762 g
 10.19092 0.16519992 -3.1717186 28765 a
 0.07145687 0.16247919 0.13197401 28950 g
 9.537901 0.32321724 -1.423353 28954 a
 0.03656946 0.6615556 -0.07282308 29153 g
 9.465476 0.5374983 -0.11851298 29156 a
 0.16280277 0.43013114 -0.14766084 29362 g
 10.6637745 0.109534726 -1.4628572 29365 a
 0.006208894 -0.33632663 -0.14020398 29552 g
 7.132327 0.30825347 0.54049104 29556 a
 -0.07395226 0.6527714 0.4914978 29752 g
 7.675811 -0.7062895 0.80684596 29755 a
 0.7561548 1.5478632 1.0931038 29959 g
 14.092271 -6.155493 7.539341 29963 a
 0.576924 0.5310684 0.5309105 30152 g
 9.347562 -2.236783 1.9009962 30156 a
 -0.42548978 0.22560383 -0.3567211 30352 g
 8.556877 -2.1320367 5.7706246 30355 a
 -0.052381184 0.5680917 -0.08960924 30561 g
 6.5870476 -1.7489643 7.311892 30569 a
 0.021122063 0.6429265 0.27710804 30751 g
 5.7538652 -3.1184478 6.932411 30755 a
 0.02192101 0.29351977 0.50880307 30952 g
 5.5641246 -3.6433764 5.78499 30956 a
 -0.22522087 0.19658576 0.19907422 31162 g
 6.9725137 -4.0719385 6.7109475 31166 a
 -0.16396816 0.029339246 -0.01983762 31352 g
 6.8438253 -3.3321302 6.6079965 31355 a
 0.32898295 -0.12139567 0.2299669 31552 g
 5.381567 -3.8283286 7.225102 31556 a
 -0.030011429 0.20351344 0.1529994 31759 g
 4.907515 -4.5322237 6.9587474 31763 a
 -0.063034624 0.021619542 0.22277422 31952 g
 5.9609637 -4.4603977 6.7013707 31955 a
 -0.11017258 -0.04948686 0.023037143 32149 g
 5.2582655 -4.799177 6.634333 32153 a
 -0.06489937 0.0043140547 0.035284486 32356 g
 5.5647235 -4.084508 7.015011 32360 a
 0.21313465 -0.015393337 -0.04967035 32552 g
 5.139154 -4.0946836 7.2071457 32556 a
 0.096754506 0.024820395 0.0057233996 32750 g
 5.4659624 -4.2916064 6.9078703 32753 a
 -0.029745646 -0.023380423 -0.024105603 32960 g
 5.5324016 -4.1395745 6.931214 32964 a
 -0.026017219 0.050655454 -0.053134058 33149 g
 5.2199583 -3.9803603 7.1395097 33153 a
 -0.018560369 0.027219636 -0.036089826 33351 g
 5.6156 -4.285621 6.7522473 33355 a
 -0.04013224 -0.059863865 -0.019579293 33561 g
 5.768829 -4.1904516 6.8132997 33565 a
 -0.038534343 0.010443586 -0.02730246 33752 g
 5.3845596 -4.2239704 6.9383965 33755 a
 0.011533085 0.04453205 -1.3821806E-4 33952 g
 5.295376 -4.185065 6.991069 33955 a
 0.013663348 0.023762854 -0.003602458 34162 g
 5.368997 -4.2515035 6.854001 34165 a
 -0.014033527 -0.008461395 -0.015586683 34351 g
 5.595249 -4.1299977 6.8827314 34355 a
 0.008869658 -0.039087746 0.010512296 34551 g
 5.382764 -4.2874165 6.8827314 34555 a
 -0.024686437 0.04880083 -0.020915668 34761 g
 5.3276973 -4.2281604 6.9916677 34765 a
 0.012065185 0.004592355 0.0033190977 34958 g
 5.482722 -4.185065 6.9210386 34962 a
 -0.0033811494 -0.004728709 -0.003338805 35152 g
 5.4659624 -4.1216183 6.9467764 35156 a
 0.010467022 -0.005259743 0.006780142 35359 g
 5.463568 -4.2341456 6.923433 35363 a
 -0.007376157 -7.323693E-4 -0.0041388185 35550 g
 5.5006785 -4.107253 6.9012866 35554 a
 0.01126597 0.0016644757 0.0011875036 35750 g
 5.367202 -4.268263 6.809708 35754 a
 -0.018828016 0.02217348 0.0054469635 35955 g
 5.267244 -4.0904937 7.1431007 35960 a
 -0.04199752 0.006194513 0.021425929 36152 g
 5.522825 -4.799177 6.645705 36156 a
 -0.099788114 -0.07290137 0.10558182 36350 g
 4.8440685 -4.943428 6.8557963 36354 a
 -0.116566025 0.055730905 0.1609745 36551 g
 5.976526 -5.283405 7.2185183 36555 a
 -0.24146828 0.29621434 -0.37059245 36750 g
 3.5093012 -3.0747535 6.8228765 36754 a
 0.21366595 0.5657263 -0.43504095 36950 g
 1.644218 -3.6990416 8.051701 36954 a
 0.11672635 1.0315174 -0.014797055 37152 g
 3.4865563 -4.429273 8.65025 37156 a
 -0.166634 -0.30752 0.37935078 37346 g
 4.4167037 -4.0025067 7.9828672 37350 a
 0.0762463 -0.78289425 0.3282181 37546 g
 4.7201686 -4.730344 6.7546415 37550 a
 -0.09366337 -0.4161751 -0.16020672 37751 g
 5.363012 -4.3167458 6.139332 37755 a
 0.067990504 -0.25345597 -0.44569758 37945 g
 6.9904704 -0.29927522 7.273585 37950 a
 0.92153364 -0.5005973 -0.8797928 38145 g
 7.4322004 1.1067197 7.77936 38150 a
 0.5905027 0.13190424 -0.8307912 38351 g
 6.5864487 0.05805939 6.1524997 38355 a
 -0.14586133 0.1627969 -0.22811785 38545 g
 6.654085 0.4818331 6.944382 38549 a
 0.110867396 -0.018298047 -0.13437459 38745 g
 6.202778 0.80684596 7.301717 38749 a
 0.017390175 0.007269098 -0.0480887 38951 g
 6.591836 0.6877344 7.0503254 38954 a
 0.033102825 -0.09632787 0.0395293 39145 g
 6.977901 0.6847417 6.7205243 39148 a
 0.01366175 -0.10884473 0.05737248 39344 g
 6.541558 0.81761986 6.917447 39349 a
 0.001144893 -0.057710167 -0.0012181299 39551 g
 7.1251445 0.7763199 6.7133417 39555 a
 0.010465956 -0.08434178 0.014494521 39744 g
 7.216124 0.84216046 6.5936313 39748 a
 0.010465956 -0.06436807 0.0041081924 39944 g
 7.183802 0.82360536 6.601413 39949 a
 0.01659096 -0.009504556 -0.0028176245 40151 g
 6.9503675 0.82899237 6.8007298 40155 a
 0.008335162 0.04828604 -0.003882889 40344 g
 7.235876 0.90261406 6.605004 40349 a
 0.004606736 -0.0025803368 -0.0022849923 40544 g
 7.1089835 0.8858546 6.6666546 40549 a
 -9.859023E-4 0.0078067905 -0.0068128984 40751 g
 6.9820905 0.8343793 6.7360864 40759 a
 -7.195861E-4 0.020589963 -0.002818157 40944 g
 7.0808516 0.8984242 6.712743 40951 a
 0.0011446266 0.0072741583 -0.0014865765 41144 g
 6.995259 0.89662856 6.7468605 41148 a
 -0.004181962 0.013401293 -0.004417119 41348 g
 7.2789717 0.8924387 6.5882444 41351 a
 0.0035412053 -0.007903996 -0.0033518546 41542 g
 6.8264675 0.81642276 6.825869 41546 a
 -0.0052472265 0.032842368 3.7657097E-4 41743 g
 7.147889 1.0414777 6.729502 41747 a
 0.0032748892 -0.016425312 -0.009743974 41949 g
 6.9425864 0.8230068 6.7588315 41952 a
 -0.002051433 -1.8002969E-4 0.0030391994 42142 g
 7.021595 0.80684596 6.7384806 42146 a
 3.45412E-4 0.011271563 -0.0036187032 42342 g
 6.976105 0.8379706 6.7384806 42347 a
 -0.0039156456 0.0054134075 -0.0046845004 42549 g
 7.0263834 0.8702923 6.7085533 42552 a
 0.0040738373 0.004081827 0.0019734025 42742 g
 7.2143283 0.86849666 6.685808 42746 a
 0.0072696307 -0.008967662 6.418218E-4 42937 g
 7.035362 0.8846575 6.7504516 42943 a
 3.4514567E-4 0.010740529 -0.002288188 43135 g
 6.928221 0.830788 6.7624226 43141 a
 -0.006046441 0.03604056 -0.01107662 43341 g
 6.9808936 0.93732995 6.71813 43346 a
 -9.864349E-4 -0.01535845 -0.0060166134 43538 g
 7.1844006 0.8218097 6.6121864 43544 a
 0.010198842 -0.033466082 0.0099612875 43745 g
 6.813898 0.7015011 6.8246717 43750 a
 -0.006579073 0.040037166 -0.0049524144 43935 g
 7.0209966 0.8487445 6.766014 43942 a
 -1.8748654E-4 -0.0020407804 -0.009213472 44135 g
 6.9725137 0.8511387 6.7241154 44142 a
 0.0043398873 -0.008166051 0.005167598 44336 g
 6.9587474 0.89303726 6.779182 44342 a
 -9.864349E-4 0.008345548 -1.587244E-4 44535 g
 6.9892735 0.84814596 6.755839 44542 a
 -1.8748654E-4 -0.0028397287 -0.004419782 44735 g
 6.9826894 0.8319851 6.7773867 44742 a
 3.4514567E-4 -1.7656758E-4 -0.0025555694 44936 g
 6.9407907 0.8511387 6.7773867 44942 a
 3.4514567E-4 0.005948703 -0.004686098 45135 g
 6.9904704 0.825401 6.7809777 45142 a
 3.4514567E-4 -0.006035522 -0.004153466 45335 g
 6.9796963 0.8822633 6.75524 45341 a
 -9.864349E-4 0.0019547602 -0.0062845275 45544 g
 7.0066314 0.8924387 6.761824 45548 a
 0.001144094 -4.4208474E-4 -0.002822418 45735 g
 7.0144124 0.8924387 6.739678 45742 a
 8.777779E-4 0.001155812 -0.0014908375 45935 g
 6.9916677 0.8984242 6.7486563 45941 a
 -1.8775286E-4 0.0027563716 -0.0036229643 46144 g
 7.050924 0.9175778 6.8306575 46148 a
 -0.0041824942 -0.0073636402 0.004632835 46335 g
 7.0754647 0.79248077 6.737882 46342 a
 -0.008976185 -0.03186472 0.012888635 46535 g
 7.776367 0.6781576 6.4182563 46542 a
 -0.042798597 -0.072875805 0.06322131 46744 g
 7.2352777 -0.5979519 6.229713 46749 a
 -0.21909986 -0.09524636 0.50690395 46938 g
 7.460931 -1.9416976 5.907094 46944 a
 -0.08940391 0.14284024 0.8011832 47135 g
 4.43885 -2.8754363 7.6231384 47141 a
 -0.309381 0.8080979 0.8840076 47335 g
 4.4286747 -3.815759 7.8386164 47341 a
 -0.26916727 0.024329575 0.60304403 47534 g
 6.0447607 -6.455366 8.42759 47535 a
 -0.43827802 0.2978362 -0.37540132 47735 g
 1.6813282 -3.7960067 6.8402343 47741 a
 0.13270372 2.0379465 -0.5652852 47945 g
 -8.856153 -1.1713632 5.8681884 47949 a
 0.251747 2.7143893 0.7119668 48134 g
 -4.007295 -2.475006 7.65127 48141 a
 -0.20019141 -0.025204422 0.59505403 48334 g
 -3.7792473 -2.617461 9.626487 48340 a
 0.32578263 0.118341826 0.21422094 48544 g
 -6.0519433 -1.5945383 8.388684 48549 a
 0.4312438 0.3527 0.3588306 48734 g
 -5.0864816 0.1592144 8.130111 48739 a
 0.22564778 0.14017974 0.12180926 48936 g
 -4.301183 -0.4842273 9.260772 48942 a
 -0.13521056 -0.42680565 -0.0014961639 49144 g
 -2.9227216 -0.94810385 8.620922 49148 a
 0.120719224 -0.23772122 3.6804887E-4 49335 g
 -3.833117 -0.83018947 8.58022 49341 a
 0.057335995 0.21581511 0.12553662 49533 g
 -4.1299977 -0.05746084 8.367136 49537 a
 0.1849014 0.31408495 0.169213 49744 g
 -7.788338 1.4802152 6.439804 49748 a
 0.3188584 0.8475161 0.3282037 49933 g
 -8.585608 2.0470424 7.1544733 49937 a
 -0.14186846 0.63286537 0.28719103 50133 g
 -5.619191 0.19931729 7.757812 50137 a
 -0.16530427 -0.66595674 -0.21907696 50341 g
 -4.417302 -0.8607155 8.507197 50346 a
 -0.091801025 -0.52587444 -0.19484219 50533 g
 -5.3660045 0.54767364 8.193557 50536 a
 0.1103329 0.1873201 -0.0012303804 50732 g
 -6.3913217 1.0085574 7.27957 50736 a
 0.095951565 0.3252729 0.06135337 50942 g
 -6.321291 0.7715315 7.4387846 50951 a
 0.030970432 0.087718934 6.332997E-4 51133 g
 -6.0764837 0.55126494 7.6345105 51137 a
 -0.039070703 -0.0550265 -0.051032025 51332 g
 -5.9783216 0.34476504 7.548918 51336 a
 -0.044130445 -0.0100217415 -0.12293578 51540 g
 -5.7903767 0.17597382 7.699753 51545 a
 -0.021493575 -0.07580182 -0.04969885 51731 g
 -5.761048 0.11192893 7.803302 51735 a
 -0.019096728 -0.07260603 -0.011615643 51932 g
 -5.7389016 0.3597288 7.7608047 51935 a
 0.04268861 -0.041979674 0.034190726 52133 g
 -5.6646814 0.7691373 8.054693 52136 a
 0.10926764 -0.11068923 0.14391296 52331 g
 -5.620987 0.6781576 7.851186 52335 a
 -0.03480938 0.031257257 -0.014278804 52533 g
 -5.3223104 0.3585317 7.9170265 52537 a
 -0.019895146 -0.011091267 -0.037978273 52741 g
 -5.3163247 0.5602432 7.943961 52745 a
 0.07304918 0.08345095 0.04085129 52929 g
 -6.685808 1.2012907 7.2227077 52933 a
 0.18010825 0.34577233 0.16016091 53131 g
 -6.919243 1.5622166 6.747459 53135 a
 0.06346206 0.34070885 0.064555556 53337 g
 -6.96593 1.4760253 6.655282 53343 a
 0.009666209 0.08584433 0.076539785 53561 g
 -6.6654577 1.3515269 7.004237 53565 a
 -0.017498033 -0.025475798 -0.013741379 53732 g
 -6.563704 1.3257892 6.9647326 53736 a
 -0.015633555 -0.04491927 -0.025990322 53943 g
 -6.609792 1.3557167 7.0227923 53948 a
 0.0051391018 -0.0153581835 -0.010011355 54131 g
 -6.628946 1.3521254 6.9306154 54135 a
 0.009133844 0.004082892 0.00809814 54336 g
 -6.6983776 1.411382 6.908469 54342 a
 0.011264373 0.013935523 0.01449026 54537 g
 -6.688801 1.4652514 6.8689647 54542 a
 0.008601211 0.0059460397 0.02061553 54731 g
 -6.6492968 1.4131776 6.915652 54735 a
 -0.004181962 -0.008967662 0.003571299 54931 g
 -6.59004 1.4532804 6.952163 54935 a
 -0.002317749 -0.013496634 -0.011607653 55138 g
 -6.6044054 1.4466964 6.872556 55148 a
 0.0035412053 0.0051454934 0.0022407838 55333 g
 -6.669647 1.447295 6.95336 55337 a
 0.0038075214 0.006210758 0.005436577 55531 g
 -6.619369 1.4945804 6.9581485 55534 a
 -0.0017851169 -0.0036413402 -0.0020213393 55738 g
 -6.585252 1.4024036 6.956353 55744 a
 -7.1985245E-4 -0.0028423918 -0.0025539715 55930 g
 -6.630143 1.4107834 6.9186444 55934 a
 -0.0036493295 -0.0049729208 0.0019734025 56130 g
 -6.581062 1.4407109 6.9581485 56134 a
 -7.1985245E-4 -0.0033739589 -0.0025545042 56333 g
 -6.593033 1.471237 6.96593 56337 a
 -0.0012524846 0.0022186795 1.0865697E-4 56524 g
 -6.613384 1.4251486 6.9731126 56530 a
 -0.0036493295 -0.00870028 -1.5765913E-4 56729 g
 -6.505046 1.4335283 7.0425444 56733 a
 -0.0047148606 -0.011361045 -0.005219263 56934 g
 -6.5828576 1.4383167 6.9886746 56940 a
 -4.5380264E-4 0.007281082 0.010759704 57129 g
 -6.6708446 1.4377182 6.921637 57133 a
 0.0043398873 0.020596888 0.017950239 57329 g
 -6.615179 1.4754268 6.903082 57333 a
 0.009399894 0.018733473 0.00942759 57534 g
 -6.8318543 1.7645266 6.8168907 57539 a
 -9.864349E-4 0.016602945 -1.5978966E-4 57729 g
 -6.76781 1.3090298 6.76362 57732 a
 -0.15971084 -0.07500979 -0.043569315 57929 g
 -6.1902084 0.7469909 7.314286 57932 a
 -0.3682366 -0.24411947 -0.093104646 58134 g
 -5.7227407 -0.22266077 8.077438 58138 a
 -0.3282892 -0.39512068 -0.24676904 58329 g
 -4.4633904 -1.2737153 9.360131 58332 a
 -0.1959301 -0.56609565 -0.27792802 58526 g
 -3.1842883 -2.2972364 8.830415 58531 a
 -0.09925708 -0.5029806 -0.016937172 58734 g
 -3.9402575 -0.7320272 9.027337 58738 a
 0.13616636 0.4240658 -0.10801728 58925 g
 -7.128137 -2.2984335 6.986879 58931 a
 -0.09925708 0.91968006 0.08852401 59125 g
 -6.5110316 -0.90381116 6.3901243 59130 a
 0.045884933 0.7769365 0.33513165 59334 g
 -6.51163 2.3062148 3.86903 59338 a
 0.91434175 1.3239498 1.0909368 59523 g
 -11.90457 -1.22224 0.4961983 59527 a
 1.3385834 0.76788175 -1.7069802 59723 g
 -8.604761 1.204882 1.7124528 59729 a
 -0.09952366 -0.77009296 -0.26621065 59932 g
 -8.119336 -0.741604 5.7598505 59935 a
 -0.6569233 -0.24784708 -0.20043057 60270 g
