 -0.3674486 -0.3859421 -0.3009103 195 g
 0.9032126 0.88765025 8.508993 197 a
 0.004427647 -0.08617534 -0.9034541 198 r
 -0.1653152 0.057479538 -0.4330063 400 g
 1.1127052 -0.7589619 11.549629 404 a
 -0.0033689989 -0.072855055 -0.92505413 408 r
 -0.7682549 -0.7622414 -1.4820254 597 g
 3.1052797 -0.88166475 6.3865333 601 a
 -0.009044663 -0.027447276 -0.9590791 605 r
 -1.6598812 -4.3175616 -1.0567186 797 g
 2.1290438 -1.2731167 11.393407 800 a
 -0.1489996 -0.029510606 -0.98062986 804 r
 0.11431725 2.768305 -0.8702936 1014 g
 0.075417355 0.4429273 12.754511 1021 a
 0.05284617 0.038359158 0.99528056 1025 r
 -0.29021692 -1.352404 -0.6167607 1209 g
 2.9999347 1.6825253 8.64666 1212 a
 0.05284617 0.038359158 0.99528056 1216 r
 0.19474472 -1.3462788 -1.3978658 1408 g
 4.5076833 5.228338 5.0505686 1412 a
 0.1164843 0.051695466 0.9784182 1415 r
 0.18888576 -2.5867784 -2.2756443 1611 g
 6.8438253 6.4044895 5.990891 1614 a
 0.5239349 0.104574844 0.56718963 1618 r
 -0.90807027 -4.08241 -2.6809773 1808 g
 5.2385135 9.944916 3.210026 1812 a
 0.5239349 0.104574844 0.56718963 1815 r
 -1.6353796 -2.2525518 -0.4069041 2008 g
 5.7574563 5.7760115 3.527856 2012 a
 0.60151464 -0.07775827 0.40312603 2015 r
 0.3167175 -0.41363978 -0.06601896 2214 g
 6.3793507 5.8412538 2.0111294 2218 a
 0.6477473 -0.026049022 0.4483451 2222 r
 -0.15412939 -1.2618566 -1.4399438 2408 g
 0.8870517 7.006033 0.8912416 2412 a
 0.6477473 -0.026049022 0.4483451 2415 r
 0.3332291 -1.245345 -1.3073183 2608 g
 2.4235306 11.473015 -0.08619126 2612 a
 0.6707711 0.0410162 0.23541327 2615 r
 0.006725547 -1.3175174 -0.427942 2811 g
 -0.48123455 10.043676 -0.14844051 2814 a
 0.65786874 0.039677933 0.027691448 2818 r
 0.39714497 0.8329851 -0.5102337 3007 g
 2.247557 5.2277393 0.7098808 3011 a
 0.65786874 0.039677933 0.027691448 3014 r
 -0.28968427 0.9869158 0.75423515 3194 g
 -3.3010056 10.460267 -5.522825 3207 a
 0.6640252 0.024394974 0.03638116 3210 r
 0.7867649 2.15259 0.42346525 3423 g
 -4.086902 9.248202 -3.4943373 3440 a
 0.69823235 0.25564802 0.041989263 3444 r
 -1.2942291 -0.7633051 -0.94619846 3618 g
 -3.0376434 9.546879 1.2198458 3622 a
 0.64891505 0.28540182 0.049072426 3626 r
 -0.7277748 0.0899717 -0.06442586 3808 g
 -4.1186256 7.162853 2.4785974 3812 a
 0.64891505 0.28540182 0.049072426 3815 r
 -0.8327028 0.053744987 0.1004286 4011 g
 -2.1296425 8.152855 3.8097734 4014 a
 0.54306597 0.2574134 0.1539941 4018 r
 -0.0036607813 0.7554879 0.19070977 4194 g
 -2.4851813 8.757391 4.601057 4207 a
 0.54306597 0.2574134 0.1539941 4211 r
 -0.5509404 -0.05784146 0.09323807 4407 g
 -1.6394296 7.3328414 5.3300915 4411 a
 0.5112337 0.28048772 0.17577048 4414 r
 -0.9062063 -0.25144902 -0.0638911 4614 g
 -1.1498153 8.237251 5.535993 4617 a
 0.3977126 0.18627238 0.17684479 4622 r
 -0.98210645 -0.849595 0.1891092 4807 g
 0.12569559 6.8988924 7.207744 4811 a
 0.3977126 0.18627238 0.17684479 4814 r
 -1.0375001 -0.54998934 -0.19678284 5007 g
 -0.9588778 3.8181531 8.665215 5011 a
 0.32600185 0.100192204 0.16525508 5014 r
 -1.0476197 0.2185912 -0.63806385 5211 g
 -2.9520507 3.6655228 9.646238 5217 a
 0.2136128 0.09439935 0.13999201 5221 r
 -1.0880997 0.86121196 0.1939077 5405 g
 -2.4558525 0.7026982 8.893861 5409 a
 0.12248541 0.13050851 0.13419099 5412 r
 -0.2798303 1.1011628 -0.22926861 5610 g
 -3.3877954 2.3768437 7.5291657 5613 a
 0.06106484 0.19310614 0.16140558 5617 r
 1.7087518 1.1893169 -0.41595832 5811 g
 -8.272566 7.377134 4.502895 5814 a
 0.2604713 0.44874048 -0.034779448 5818 r
 2.0307279 1.3842603 -1.4322206 6006 g
 -8.374918 2.8844144 2.8526914 6010 a
 0.2604713 0.44874048 -0.034779448 6014 r
 0.62537783 -1.7521446 -1.4455364 6194 g
 -3.8420951 1.8716671 7.1766195 6207 a
 0.32714015 0.43728787 -0.2706549 6210 r
 -0.34348014 -2.1971579 -2.165922 6411 g
 0.37588966 -5.459977 8.090606 6414 a
 0.04115901 0.23581576 -0.76324564 6418 r
 -0.6161878 -0.71590775 -1.0234259 6599 g
 -1.5502456 -3.1669302 7.1730285 6609 a
 0.04115901 0.23581576 -0.76324564 6613 r
 0.53616196 -2.5364447 -0.47055367 6796 g
 3.347094 -4.4436383 9.167996 6808 a
 -0.041822992 0.1989738 -0.87001234 6811 r
 0.11405147 -0.9782358 0.13478711 7013 g
 2.4241292 -2.918532 8.329428 7017 a
 -0.18471006 0.1375539 -0.9392206 7021 r
 0.32390857 -0.33268553 0.24397671 7194 g
 4.4723687 -3.6619315 8.051701 7207 a
 -0.18471006 0.1375539 -0.9392206 7211 r
 0.31485382 0.50913966 -0.20529856 7395 g
 3.8630445 -0.22804771 8.565855 7409 a
 -0.17425215 0.11810368 -0.9504227 7412 r
 0.38888943 -0.01017514 0.25862303 7611 g
 1.2455834 -2.5659857 8.625112 7614 a
 -0.18386862 0.03976231 -0.9171445 7618 r
 -0.7059361 -0.3023239 0.36754632 7795 g
 4.7243586 -1.7902644 10.332177 7808 a
 -0.18386862 0.03976231 -0.9171445 7812 r
 0.15106915 -0.0706289 0.17073871 7994 g
 3.080739 -2.0398598 5.2540755 8008 a
 -0.21800515 0.04405778 -0.8569502 8011 r
 0.44002292 -0.9433534 -0.28066257 8209 g
 3.5978866 -3.008913 8.263587 8213 a
 -0.22607876 0.0036300197 -0.8280793 8216 r
 -0.53602564 0.48676404 0.23892017 8393 g
 2.6952724 -4.404134 9.108741 8399 a
 -0.2592413 -0.0065493127 -0.7992912 8409 r
 0.45919767 0.08515937 -0.48759016 8608 g
 5.916671 1.8956091 8.2276745 8611 a
 -0.24274153 0.015888885 -0.8189444 8615 r
 2.502374 0.64150035 -0.4069009 8794 g
 4.8458643 0.08319851 7.2987237 8795 a
 -0.18645754 -0.17524484 -0.85307795 8795 r
 -0.089147985 0.6156677 -0.5456516 8992 g
 3.0585926 1.3060371 8.264784 8995 a
 -0.16646138 -0.18922016 -0.8660223 9008 r
 -0.45826212 0.102476574 0.005622732 9193 g
 3.7116113 2.1021092 9.330204 9205 a
 -0.13936394 -0.17881379 -0.8716013 9209 r
 -0.014046843 0.100879475 -0.11821479 9409 g
 3.726575 2.0332758 8.979453 9413 a
 -0.12870555 -0.17778927 -0.8722915 9416 r
 0.018976355 0.02604465 -0.0036988645 9591 g
 2.9400797 1.8537107 8.959702 9595 a
 -0.12188863 -0.17847347 -0.8721723 9608 r
 0.013650032 0.03776256 0.027992751 9792 g
 3.6978445 2.0482395 8.901642 9796 a
 -0.11393765 -0.17301351 -0.8738348 9810 r
 -0.0089863045 0.012722187 -0.007156713 9994 g
 3.3423057 1.9506758 8.918402 10005 a
 -0.11627689 -0.17576149 -0.8725005 10009 r
 0.004595817 -0.018170482 -2.3249396E-4 10192 g
 3.4201171 1.963844 8.8884735 10195 a
 -0.11496391 -0.17433047 -0.8738629 10216 r
 -0.0012631373 0.00979271 -0.005026184 10390 g
 3.3063924 2.1057005 8.9124155 10394 a
 -0.11549034 -0.17444646 -0.8748563 10406 r
 0.011786618 -0.01364657 0.011754128 10610 g
 3.3488896 1.9446903 8.951322 10614 a
 -0.11475137 -0.17404723 -0.8766988 10617 r
 -0.01777447 0.038018756 -0.018872224 10790 g
 3.3321302 1.9357121 8.978256 10794 a
 -0.11402954 -0.17215991 -0.8791656 10807 r
 0.014449779 -0.022435002 0.0245373 10992 g
 3.4368765 2.0177135 8.902839 10995 a
 -0.11435892 -0.17037663 -0.88182324 11008 r
 -0.0041926145 0.025239842 -0.023135945 11194 g
 3.4021606 1.9596541 8.95611 11199 a
 -0.11559699 -0.17040956 -0.88412815 11203 r
 6.010755E-4 0.011657721 3.355583E-5 11392 g
 3.3859997 1.8764555 8.838794 11396 a
 -0.115175664 -0.1690894 -0.88630325 11400 r
 0.005394765 0.069182 -0.012216985 11591 g
 3.2638955 1.7351977 8.689157 11594 a
 -0.11543079 -0.1676651 -0.8881263 11598 r
 0.00619398 0.0172461 0.052500494 11800 g
 2.7665 1.851915 8.97287 11803 a
 -0.11299679 -0.16623318 -0.890246 11808 r
 0.028564533 -0.063447684 0.030928887 11992 g
 3.3877954 2.2307975 8.781333 11995 a
 -0.110612445 -0.1620594 -0.8921835 11999 r
 -0.05878715 0.0076587186 -0.007420632 12192 g
 2.754529 1.7890673 9.213487 12195 a
 -0.11224514 -0.16517141 -0.8920433 12199 r
 -0.011914716 -0.10180412 -0.007150055 12397 g
 3.603872 1.941099 9.308058 12401 a
 -0.111612864 -0.161203 -0.89271504 12404 r
 -0.33815196 -0.070378825 0.0450479 12589 g
 4.257489 -0.38486794 6.870162 12593 a
 -0.12854941 -0.15313688 -0.8928836 12597 r
 0.22776978 0.10166138 0.66609704 12791 g
 2.8927941 2.2379801 9.935339 12795 a
 -0.1758421 -0.12587142 -0.87202865 12798 r
 0.782772 0.31898144 -0.17466661 12999 g
 4.542998 2.996942 9.845556 13002 a
 -0.116944075 -0.17231885 -0.8680077 13007 r
 0.44242004 0.31551933 0.08366001 13190 g
 3.4650085 2.111686 9.084799 13193 a
 -0.10866279 -0.16356185 -0.8810249 13197 r
 0.04214692 0.13176122 -0.015409582 13388 g
 2.9682117 2.0979192 9.4696665 13392 a
 -0.10871876 -0.16872177 -0.8783888 13395 r
 -0.35173514 -0.29700264 0.18086219 13598 g
 3.639785 -0.53570265 7.269395 13602 a
 -0.1236519 -0.16171604 -0.8749103 13606 r
 -0.23455605 0.17091475 -0.18159403 13781 g
 3.3063924 3.0148985 11.521497 13782 a
 -0.1625539 -0.110101566 -0.87959665 13783 r
 0.64961344 0.7072754 -0.47081333 13990 g
 2.5420437 1.7950528 9.31105 13993 a
 -0.11076712 -0.15900585 -0.88710755 13997 r
 0.17503813 0.20260558 0.18405852 14194 g
 3.2872388 2.022502 9.193136 14198 a
 -0.10208942 -0.15277436 -0.8877688 14202 r
 0.13961808 -0.20326018 -0.003694337 14389 g
 3.750517 1.9153614 8.848969 14393 a
 -0.10945072 -0.16007268 -0.8856403 14396 r
 -0.021503162 0.09794334 -0.025265941 14589 g
 2.9909565 1.7603368 8.908226 14592 a
 -0.11599262 -0.1674268 -0.8838574 14596 r
 -0.012447349 0.027623106 -0.016469521 14799 g
 3.5691562 1.858499 8.898649 14802 a
 -0.10901688 -0.16193593 -0.8865259 14806 r
 0.016847422 -0.056532785 0.0136242 14989 g
 3.3411086 1.8626889 8.929773 14993 a
 -0.11370947 -0.16595784 -0.88640124 14996 r
 0.0011347729 0.0071167652 -0.009012669 15190 g
 3.3488896 1.8315643 8.937555 15193 a
 -0.11497022 -0.16598311 -0.888405 15198 r
 0.008591358 -0.0013994911 -0.010081663 15398 g
 3.347094 1.9734207 8.960898 15410 a
 -0.11535462 -0.16554075 -0.89001054 15413 r
 -0.010317086 0.04387425 -0.011146927 15588 g
 3.3518825 1.8728642 9.027936 15592 a
 -0.11485572 -0.16472602 -0.8916163 15595 r
 0.004596616 -0.013916348 3.0466562E-4 15785 g
 3.2555158 1.8088194 8.948928 15790 a
 -0.11486411 -0.16375881 -0.8927483 15794 r
 6.844324E-5 -0.006452573 -0.0031617049 15997 g
 3.2866404 1.857302 8.947132 16001 a
 -0.11486046 -0.16317838 -0.8930271 16005 r
 0.001932656 0.012988503 -0.0018301243 16187 g
 3.3446999 1.8525136 9.001001 16191 a
 -0.11440322 -0.16299653 -0.8932567 16194 r
 0.0027316043 0.0071295486 5.667207E-4 16384 g
 3.3141737 1.8435353 8.978256 16389 a
 -0.11458861 -0.16265953 -0.89392513 16393 r
 0.0014008228 -0.0016666062 0.0035009915 16597 g
 3.2842462 1.8525136 8.979453 16601 a
 -0.11483429 -0.16235134 -0.8944493 16604 r
 3.355583E-4 0.005523929 -0.003156911 16787 g
 3.3369186 1.8590976 8.955511 16791 a
 -0.115003124 -0.16201434 -0.89508575 16794 r
 -4.6339002E-4 -0.0027318706 -0.003955859 16987 g
 3.3273418 1.8171991 8.960898 16991 a
 -0.1153143 -0.16221726 -0.8947945 16994 r
 6.016081E-4 0.0025987127 -7.627293E-4 17196 g
 3.2902317 1.83336 8.93935 17200 a
 -0.11524369 -0.16211691 -0.8944724 17203 r
 6.016081E-4 -0.0024612935 -2.3009711E-4 17389 g
 3.3123782 1.8674773 8.986636 17392 a
 -0.115223944 -0.16209397 -0.8940529 17396 r
 -0.0028605014 -0.0032602418 -0.002626942 17585 g
 3.321955 1.8405426 8.939949 17590 a
 -0.1152164 -0.16224205 -0.89340276 17594 r
 -0.01750762 -0.049602706 0.016549949 17795 g
 3.4368765 1.7717092 9.003994 17799 a
 -0.117054984 -0.16250867 -0.8927615 17803 r
 0.0016671389 -0.001133175 0.005364672 17985 g
 3.57993 1.7465701 9.018359 17990 a
 -0.121299006 -0.16262987 -0.8918279 17993 r
 -0.13228986 -0.15985757 0.08259634 18184 g
 4.2730513 2.0685902 9.237429 18191 a
 -0.1314202 -0.16279793 -0.8898209 18194 r
 -0.1794286 -0.23148808 0.20163432 18395 g
 4.533421 0.91817635 8.886678 18399 a
 -0.15571511 -0.16023588 -0.88382405 18403 r
 -0.27929714 -0.006184659 0.6027064 18586 g
 2.2547395 -1.0217255 8.04392 18590 a
 -0.17809021 -0.13196537 -0.87303346 18594 r
 -1.1355034 0.35227683 0.9593036 18784 g
 3.1262288 -3.702633 9.60015 18795 a
 -0.19247755 -0.043201216 -0.8424683 18799 r
 -0.73389876 0.45560586 0.63466537 18994 g
 2.1972785 -3.982156 9.391854 18997 a
 -0.2239778 0.06446774 -0.8006013 19001 r
 -0.7978146 0.93950224 -0.7411236 19184 g
 0.16819267 -3.50152 9.209895 19190 a
 -0.24179304 0.121060446 -0.802764 19194 r
 -0.19940232 3.0239584 -0.66069615 19382 g
 -1.4065934 -2.8413188 9.059061 19386 a
 -0.12983805 0.1946378 -0.870964 19390 r
 0.16252154 1.4391104 0.7869987 19591 g
 -5.4019175 -4.5286326 3.9791632 19594 a
 0.045431063 0.23886678 -0.88227993 19598 r
 -0.988763 1.8918478 0.010953582 19782 g
 -7.2526355 -6.7324953 5.577293 19786 a
 0.20563471 0.35360134 -0.81396216 19790 r
 -0.0646461 -0.7470785 -0.5480439 19983 g
 -4.979341 -3.4997244 4.1222167 19988 a
 0.26844534 0.47774416 -0.7227195 19992 r
 0.21844792 -0.0637124 -0.024199612 20191 g
 -8.152257 -4.209007 2.5875335 20195 a
 0.22037923 0.46418893 -0.7160056 20201 r
 0.03442349 0.15173733 0.4173525 20383 g
 -9.0794115 -2.5839422 3.7128084 20387 a
 0.2543452 0.47036475 -0.6568685 20391 r
 0.34441543 -0.15212935 0.32600605 20583 g
 -8.3312235 -2.5929205 5.2020016 20593 a
 0.27190232 0.46398765 -0.64575785 20598 r
 0.34787807 0.5597262 0.7297461 20797 g
 -8.53892 -2.172738 2.9161377 20801 a
 0.289433 0.45902318 -0.632101 20804 r
 -0.31977642 0.57463986 0.5515806 20974 g
 -9.543886 -0.18136078 1.7310078 20977 a
 0.32045642 0.4787317 -0.5755797 20978 r
 -0.058786616 0.31950903 0.49565423 21182 g
 -10.256162 -0.7703344 0.8002619 21188 a
 0.31438124 0.53295636 -0.46463868 21192 r
 0.04640798 -0.021903967 -0.1685408 21392 g
 -9.922769 -0.80924016 1.5095441 21395 a
 0.2707592 0.5862956 -0.3679498 21400 r
 0.23416084 -0.25919163 -0.13338709 21582 g
 -8.953117 -1.3251907 2.6240451 21587 a
 0.23794657 0.59047353 -0.35543498 21591 r
 0.15133652 -0.45520028 -0.27826306 21781 g
 -8.701726 -1.5382746 3.5206735 21785 a
 0.19848764 0.5694119 -0.3724015 21790 r
 0.0996712 -0.18062943 -0.20289506 21991 g
 -8.775947 -1.745373 3.5757403 21994 a
 0.21792749 0.5344914 -0.44076106 21998 r
 0.034423754 0.004460262 0.030930486 22180 g
 -9.016563 -1.5095441 3.1860838 22184 a
 0.24001849 0.51656973 -0.48064652 22189 r
 -0.022301577 0.09687195 0.0873895 22382 g
 -9.196728 -1.3922282 2.8688521 22385 a
 0.26140672 0.5125923 -0.49341783 22389 r
 -0.005523396 0.06864084 0.04531262 22590 g
 -9.114127 -1.4586674 2.966416 22593 a
 0.27948937 0.5118815 -0.49745366 22597 r
 0.008325041 0.07343454 0.02081154 22781 g
 -9.170391 -1.2030864 2.8491 22785 a
 0.28831822 0.5125079 -0.49988016 22789 r
 0.034690335 0.21085365 0.11189165 22981 g
 -9.542689 -0.98581254 2.0027497 22985 a
 0.298986 0.5185487 -0.4921175 22989 r
 -0.0760977 0.10646279 0.10123581 23193 g
 -9.499594 -0.95349085 2.1266496 23197 a
 0.309754 0.5311482 -0.47416952 23200 r
 0.030961378 -0.06158267 -0.04204226 23381 g
 -9.288305 -1.1414356 2.463035 23384 a
 0.30630985 0.5364038 -0.46380123 23388 r
 -0.006589193 -0.08129006 -0.022601184 23582 g
 -9.315839 -1.1617863 2.5151088 23585 a
 0.29666442 0.533952 -0.46468797 23592 r
 0.0048631984 -0.09035333 -0.050559048 23790 g
 -9.212888 -1.0887632 2.6761189 23794 a
 0.28943092 0.53147197 -0.4648539 23803 r
 0.011521101 -0.0583954 0.092186384 23980 g
 -9.228451 -1.0097545 2.6916811 23984 a
 0.28589064 0.5287056 -0.46381655 23987 r
 -0.0760969 0.030287864 -0.0012905678 24180 g
 -9.400833 -0.88286185 2.681506 24185 a
 0.28710097 0.5284116 -0.4570162 24191 r
 -0.166112 0.16984177 0.09245004 24391 g
 -9.464878 -0.93014735 2.3391352 24395 a
 0.28870004 0.5362971 -0.4430243 24399 r
 -0.073700316 0.06491322 0.05809526 24580 g
 -9.126099 -0.6356605 1.9698294 24583 a
 0.2871656 0.54511344 -0.43118533 24587 r
 -0.21910891 0.18555441 0.103102684 24779 g
 -9.536704 -0.6003461 1.364695 24783 a
 0.2835934 0.5592612 -0.42361137 24787 r
 0.1500052 -0.008324509 0.015751533 24987 g
 -9.487623 -0.74878657 1.8028339 24991 a
 0.2946985 0.5709392 -0.4044501 24995 r
 0.046408243 -0.0924804 0.004566256 25179 g
 -9.535507 -0.6655881 1.9967642 25183 a
 0.29702845 0.5675132 -0.409623 25186 r
 0.03096191 -0.12417202 -0.10169387 25377 g
 -9.461885 -0.87927055 2.135628 25381 a
 0.29438388 0.56137884 -0.4155737 25384 r
 0.04640771 -0.04427106 -0.013546968 25591 g
 -9.518747 -0.830788 2.107496 25602 a
 0.29197934 0.55521333 -0.42461798 25606 r
 0.021107681 -0.02696051 -2.3116238E-4 25778 g
 -9.479841 -0.9091981 2.0332758 25782 a
 0.29195225 0.55284464 -0.4276676 25785 r
 0.017379256 -0.0250963 -0.010883806 25978 g
 -9.435549 -0.89303726 2.2577322 25981 a
 0.2916426 0.5506097 -0.43073294 25985 r
 0.011254785 -0.008326906 -0.007949003 26188 g
 -9.41879 -0.87927055 2.1703439 26193 a
 0.29151598 0.5486151 -0.4332125 26197 r
 0.0019337212 0.0036573191 -0.0047532097 26378 g
 -9.454104 -0.90141696 2.2152352 26382 a
 0.2922817 0.5479511 -0.4344565 26385 r
 -4.6312372E-4 -0.00459848 0.0037689055 26578 g
 -9.406818 -0.85652566 2.1763294 26581 a
 0.29276192 0.54781437 -0.43481514 26585 r
 0.0056618806 -0.003797934 0.003235208 26790 g
 -9.436148 -0.8463503 2.1296425 26794 a
 0.29310578 0.54766953 -0.43517563 26797 r
 0.0032650356 0.00685471 0.0013709953 26977 g
 -9.478046 -0.88765025 2.2014685 26981 a
 0.2938463 0.54795074 -0.43504646 26984 r
 0.0037976678 -3.3582462E-4 -0.0050205914 27177 g
 -9.456498 -0.8738836 2.2068555 27181 a
 0.29456353 0.5478045 -0.4357966 27184 r
 -0.001262871 0.0031321438 3.0200247E-4 27387 g
 -9.416994 -0.89064306 2.1170728 27391 a
 0.294997 0.54770434 -0.4362351 27394 r
 -7.3023874E-4 2.0266656E-4 -0.0026274747 27577 g
 -9.43495 -0.9163807 2.1972785 27580 a
 0.29540446 0.5477252 -0.43658224 27584 r
 -0.0015291871 0.0052626724 0.0042967442 27777 g
 -9.440936 -0.8523358 2.160767 27780 a
 0.29501882 0.54769325 -0.43670914 27784 r
 0.005396097 0.018034128 0.009364207 27987 g
 -9.448717 -0.8535329 2.1577742 27991 a
 0.29633418 0.548017 -0.43625662 27994 r
 0.005396097 -0.0019395802 -0.0034189662 28176 g
 -9.4217825 -0.86729956 2.1571758 28180 a
 0.29786292 0.54782665 -0.43684468 28183 r
 0.0024666197 0.0017888453 -0.002886334 28375 g
 -9.432556 -0.8595184 2.1978772 28380 a
 0.298515 0.54715717 -0.43825987 28383 r
 0.0011342403 2.0026971E-4 0.0013688648 28582 g
 -9.437943 -0.8798691 2.1769278 28587 a
 0.29920536 0.546716 -0.43896374 28591 r
 8.679242E-4 -0.006723949 -0.0039574574 28775 g
 -9.44333 -0.8858546 2.1948843 28780 a
 0.2976655 0.5472772 -0.43776318 28783 r
 0.0037974014 9.992181E-4 -0.0074195666 28975 g
 -9.44752 -0.82779527 2.2218192 28980 a
 0.29648662 0.547523 -0.43725458 28983 r
 0.0064605623 -6.684534E-5 3.7816888E-5 29182 g
 -9.420585 -0.8846575 2.2188265 29185 a
 0.29620507 0.54749715 -0.43696943 29191 r
 3.35292E-4 -0.0011321098 -0.0018263959 29375 g
 -9.422979 -0.8882488 2.1942859 29379 a
 0.29589513 0.5473434 -0.43709657 29383 r
 0.0040637176 -0.0027300064 -0.002625344 29575 g
 -9.407417 -0.8655039 2.183512 29579 a
 0.29536402 0.5475813 -0.43660948 29582 r
 8.6872315E-4 4.580637E-4 4.2610576E-5 29782 g
 -9.443929 -0.84216046 2.1930888 29787 a
 0.29534382 0.547616 -0.43658623 29791 r
 0.008059258 -0.003802994 -0.003685815 29973 g
 -9.437943 -0.87807345 2.2379801 29977 a
 0.29549706 0.5475043 -0.43676755 29980 r
 0.0037982003 -6.072007E-4 -0.0050173956 30173 g
 -9.401431 -0.8726865 2.2224178 30176 a
 0.2952855 0.54723716 -0.43712482 30180 r
 0.0027329358 0.006315154 -0.0010215886 30384 g
 -9.415796 -0.89184016 2.1655555 30389 a
 0.29560262 0.54721403 -0.43742457 30393 r
 0.0040645166 0.0020540962 -0.0012879047 30574 g
 -9.444528 -0.85772276 2.171541 30578 a
 0.2964195 0.54732 -0.43768242 30582 r
 0.007526626 -0.0011416972 -0.0010215886 30773 g
 -9.455301 -0.8762778 2.1865046 30785 a
 0.29704952 0.5473776 -0.43773612 30790 r
 -1.9734024E-4 0.001266333 -0.0058222027 30981 g
 -9.425373 -0.8810662 2.1865046 30985 a
 0.29683393 0.54759955 -0.43740585 30992 r
 6.016081E-4 0.0047284425 -0.0018274612 31173 g
 -9.422979 -0.8475474 2.168548 31178 a
 0.29674482 0.54778564 -0.43722466 31181 r
 8.679242E-4 0.0071252873 0.004297809 31373 g
 -9.457097 -0.85293436 2.1547816 31378 a
 0.29683912 0.54827726 -0.43637 31381 r
 0.003265568 0.0073830816 0.0040368196 31582 g
 -9.457695 -0.8439561 2.1200657 31586 a
 0.29701495 0.549108 -0.4350079 31590 r
 0.0072603095 0.0020567593 0.0035041873 31772 g
 -9.458893 -0.830788 2.0685902 31776 a
 0.29678437 0.5500022 -0.43309334 31779 r
 -0.009783921 0.0071167652 -0.004751612 31969 g
 -9.473856 -0.82719666 2.111686 31973 a
 0.29698145 0.5506463 -0.4323983 31977 r
 -0.017240772 -0.014456437 -0.007680024 32172 g
 -9.391256 -0.7811083 2.231396 32175 a
 0.2961288 0.550956 -0.4314973 32179 r
 -0.0025933862 0.0047183223 0.063426375 32368 g
 -9.461287 -0.75357497 1.9387048 32372 a
 0.29641947 0.55056775 -0.4301524 32377 r
 -0.016441824 0.08061841 0.034397922 32568 g
 -9.595961 -0.6302736 1.8674773 32572 a
 0.30211392 0.55294013 -0.42492393 32576 r
 -0.013246297 0.030287864 0.013889451 32771 g
 -9.194333 -0.58657944 2.1697452 32775 a
 0.3063532 0.5559815 -0.42098936 32779 r
 -0.088613756 0.00871626 0.006166283 32968 g
 -9.475053 -0.9091981 1.4185646 32971 a
 0.30459255 0.55514896 -0.4223599 32975 r
 -0.19487388 0.445741 0.12787275 33168 g
 -9.944916 -0.2136825 0.4938041 33172 a
 0.30856836 0.576522 -0.39901814 33175 r
 0.062387742 0.33921215 -0.09796172 33370 g
 -9.660604 -0.34596214 0.22505496 33374 a
 0.32869688 0.5994841 -0.37209228 33378 r
 0.0024666197 -0.060528323 0.06475742 33567 g
 -9.9790325 0.012569559 0.32441434 33571 a
 0.33439904 0.61105967 -0.3627788 33575 r
 0.05493089 -0.16359265 0.054903727 33767 g
 -9.718663 -0.1340753 0.8834604 33771 a
 0.3395577 0.6004642 -0.36294922 33774 r
 0.028299814 -0.05174682 -0.04922161 33970 g
 -9.631275 -0.16400282 0.8439561 33974 a
 0.33527717 0.595317 -0.36737958 33978 r
 0.00805979 -0.046686813 -0.015665779 34166 g
 -9.657013 -0.12090719 0.86969376 34170 a
 0.32993257 0.59165776 -0.37228516 34174 r
 0.014717693 -6.1412493E-4 0.010699516 34367 g
 -9.700109 -0.10474633 0.7505822 34371 a
 0.3295521 0.58999074 -0.37400702 34375 r
 8.6872315E-4 -0.015788017 -0.0020873856 34569 g
 -9.67856 -0.1328782 0.84216046 34573 a
 0.33087635 0.589375 -0.37388977 34577 r
 -0.002060754 -0.001406948 -0.0020873856 34765 g
 -9.70789 -0.110133275 0.7763199 34770 a
 0.3311554 0.5886744 -0.37512782 34774 r
 -0.0015281218 0.0017888453 0.002173672 34965 g
 -9.671378 -0.11791443 0.86729956 34969 a
 0.33339375 0.58810985 -0.37613437 34973 r
 -7.286409E-4 -6.1412493E-4 -0.0071436632 35169 g
 -9.695918 -0.11611878 0.8379706 35173 a
 0.33441243 0.58719814 -0.37776366 35177 r
 8.6925575E-4 0.0023153522 -0.001551025 35365 g
 -9.733627 -0.13347675 0.86729956 35374 a
 0.33460408 0.5869062 -0.3782135 35378 r
 -0.0017939053 0.005244829 -7.520767E-4 35565 g
 -9.691729 -0.1328782 0.85293436 35569 a
 0.33536217 0.5864608 -0.37899175 35573 r
 0.0053971624 -8.575379E-5 -0.0015483618 35768 g
 -9.69532 -0.1352724 0.86490536 35772 a
 0.3355044 0.58634806 -0.37915084 35776 r
 -0.0015270566 0.002044775 -0.002080994 35964 g
 -9.696517 -0.1328782 0.8762778 35969 a
 0.33562586 0.5862347 -0.37935635 35973 r
 7.0840084E-5 0.0025774073 5.82167E-4 36164 g
 -9.707291 -0.1328782 0.88405895 36169 a
 0.33615276 0.5858463 -0.3799717 36172 r
 -1.9520971E-4 -0.0022221415 -0.001544367 36370 g
 -9.682152 -0.1388637 0.8690952 36374 a
 0.33616716 0.585783 -0.3799626 36378 r
 -9.94158E-4 -0.0022221415 -0.004207528 36563 g
 -9.697714 -0.11252748 0.8487445 36568 a
 0.3358139 0.5857823 -0.37998834 36571 r
 -9.94158E-4 -0.014472683 -0.01565912 36763 g
 -9.659407 -0.17717093 0.94331545 36768 a
 0.33516157 0.5856458 -0.38029978 36771 r
 0.005130846 -0.0173979 -0.016194416 36967 g
 -9.662998 -0.18375498 0.92296475 36971 a
 0.33391038 0.5846616 -0.38253412 36974 r
 -9.944243E-4 0.009500029 0.00937193 37163 g
 -9.689933 -0.15801731 0.8702923 37167 a
 0.33454067 0.5842216 -0.38327262 37171 r
 -0.0012607404 -3.536678E-4 -0.0055417717 37363 g
 -9.649231 -0.18555063 0.94451255 37367 a
 0.33561295 0.58441865 -0.3828713 37370 r
 0.0014032195 -0.0019600866 -0.0015417039 37567 g
 -9.704298 -0.15801731 0.89902276 37570 a
 0.33495033 0.58425546 -0.3832104 37574 r
 0.0019358518 0.010290454 0.0024530378 37763 g
 -9.686341 -0.207697 0.8607155 37766 a
 0.3343981 0.5849334 -0.38197526 37770 r
 0.0011369034 -0.0038242992 -0.0039385487 37962 g
 -9.683349 -0.2160767 0.9295488 37966 a
 0.33479518 0.584887 -0.382319 37970 r
 -4.615258E-4 -0.005683452 -0.0055396412 38165 g
 -9.683349 -0.17298107 0.9283517 38168 a
 0.3349679 0.58418334 -0.38386664 38172 r
 6.037386E-4 0.007099721 0.0013845775 38362 g
 -9.692925 -0.18255788 0.89543146 38366 a
 0.3343094 0.5843408 -0.38358107 38370 r
 -0.0028583708 0.0015070828 -0.0031427965 38562 g
 -9.67018 -0.25378537 0.9391256 38565 a
 0.33299732 0.5851593 -0.3820658 38570 r
 0.0035348136 -0.007831824 -0.0041968757 38764 g
 -9.677363 -0.2100912 0.9295488 38768 a
 0.3312961 0.5856787 -0.3812932 38772 r
 -4.5992792E-4 -0.0017065536 -0.0015337145 38962 g
 -9.679757 -0.18375498 0.93134445 38966 a
 0.3318339 0.58534694 -0.38190743 38970 r
 -0.0025904567 -0.0038370825 5.968144E-4 39161 g
 -9.673173 -0.23642741 0.961272 39165 a
 0.33226928 0.5850581 -0.38227972 39169 r
 -9.928264E-4 -0.026736805 -0.024172714 39364 g
 -9.64564 -0.25318682 1.0737995 39368 a
 0.3309722 0.5844871 -0.38380674 39372 r
 0.0038008634 0.005221127 -7.3689665E-4 39558 g
 -9.68694 -0.14305355 0.8619126 39559 a
 0.3304118 0.5836216 -0.38545635 39561 r
 -0.0031233553 -0.025405224 -0.01218849 39761 g
 -9.99639 -0.062249243 0.93493575 39764 a
 0.330481 0.58386016 -0.3845944 39769 r
 -0.014041251 -0.2794836 -0.16424699 39964 g
 -9.846753 -0.98940384 1.4784195 39969 a
 0.3227638 0.57926655 -0.39083222 39973 r
 0.057597782 -0.81158316 -0.45426524 40161 g
 -8.812458 -2.7096379 3.3369186 40165 a
 0.28566748 0.557644 -0.42611685 40168 r
 -0.16184668 -0.6667072 -0.5860917 40361 g
 -7.0850415 -3.3321302 3.788824 40365 a
 0.22035632 0.52754414 -0.47464636 40368 r
 -0.0776908 0.34396055 -0.36904302 40563 g
 -9.029133 -4.097078 1.6101006 40567 a
 0.1805842 0.55590796 -0.50579923 40571 r
 -0.08940871 0.6709967 -0.11843956 40761 g
 -8.573636 -5.29777 1.0576386 40764 a
 0.17006005 0.58826065 -0.51716536 40768 r
 0.46825722 -0.64993113 -0.52190846 40960 g
 -5.5527525 -2.8874073 3.2225955 40971 a
 0.15112859 0.5973468 -0.5212489 40975 r
 1.0829151 -0.5420739 0.68663454 41163 g
 -6.8839283 -1.3389573 1.2270284 41170 a
 0.17475274 0.571146 -0.55109173 41173 r
 0.16039607 -0.5284918 0.30633515 41360 g
 -10.308834 -1.3305776 1.0468647 41364 a
 0.26621053 0.55040383 -0.53283113 41367 r
 0.295152 0.0683226 0.14228444 41560 g
 -9.962872 -1.7866731 2.0847511 41563 a
 0.33256903 0.557364 -0.48204526 41567 r
 -0.50566024 -0.037674673 0.2988807 41762 g
 -10.202292 -1.8890251 2.3930047 41766 a
 0.3371969 0.55038583 -0.47991028 41770 r
 -0.56318456 -0.29040867 -0.54400975 41959 g
 -7.9463553 -4.1784806 2.8083985 41964 a
 0.28547138 0.5693687 -0.47966602 41968 r
 -0.04253654 -0.81238824 -1.0026062 42159 g
 -8.693346 -5.0284224 7.3729444 42162 a
 0.18104964 0.58677375 -0.51182336 42166 r
 0.51805884 0.052606486 -0.7727753 42360 g
 -4.325724 -3.4063504 3.318962 42363 a
 0.14021866 0.54803336 -0.58072096 42367 r
 1.3721346 -2.153556 -0.49367604 42558 g
 -3.1759086 -1.650802 4.5938745 42562 a
 0.12606972 0.44402552 -0.6507208 42565 r
 -0.3791601 -1.8899032 -0.5823593 42758 g
 -7.2364745 -10.125079 11.146206 42762 a
 -0.0049725194 0.27135348 -0.7331522 42765 r
 0.24801487 0.24008717 0.8669367 42961 g
 -2.9299042 -4.7022123 7.9786773 42965 a
 -0.010287809 0.3367105 -0.71237296 42969 r
 -0.036410738 -1.5285181 0.20833696 43158 g
 -0.18674773 -5.157709 7.129933 43161 a
 -0.07981189 0.291561 -0.7115608 43165 r
 -0.120033994 -0.56631804 0.07917365 43358 g
 1.726818 -5.0661306 8.506598 43361 a
 -0.17496662 0.22370413 -0.6960508 43365 r
 0.8253882 -0.14926885 0.03576519 43561 g
 -0.37349546 -3.0172927 11.452663 43564 a
 -0.17436539 0.16619515 -0.68869084 43569 r
 0.91593564 0.71652484 -0.71071887 43757 g
 -1.5568297 -2.6372132 11.67712 43761 a
 -0.097447194 0.11587249 -0.7120128 43764 r
 -0.25984997 -0.20093417 -0.3258921 43957 g
 1.3880384 -3.9791632 7.9768815 43961 a
 -0.077614084 0.12337263 -0.71221596 43964 r
 -0.22043544 -0.28135738 0.019783558 44160 g
 0.023343466 -4.0360255 10.326791 44164 a
 -0.13362236 0.12411052 -0.70836824 44168 r
 0.48556855 -0.43102702 0.1196521 44357 g
 1.2892777 -1.4891934 6.5619082 44360 a
 -0.1429537 0.10707453 -0.69579726 44364 r
 0.10899759 -0.2371489 0.040023584 44556 g
 -0.4441244 -3.9845502 10.575788 44560 a
 -0.1480077 0.043860845 -0.69688624 44563 r
 -0.28941157 0.49735358 0.31858864 44760 g
 -1.4945804 -2.980781 8.878897 44764 a
 -0.13345172 0.09656261 -0.6892596 44768 r
 -0.18102092 0.56553054 0.4898299 44956 g
 -0.7398083 -3.472191 8.365341 44960 a
 -0.11096173 0.13158879 -0.67022604 44963 r
 0.46000195 -0.03927337 0.10979681 45156 g
 -0.22026655 -1.0737995 8.606557 45160 a
 -0.08228602 0.1501871 -0.66502887 45163 r
 1.3652102 -0.612115 0.3385597 45359 g
 0.11971009 0.75357497 10.641628 45363 a
 -0.02831405 0.06553924 -0.66166943 45367 r
 -0.6537323 -0.036073316 -0.4710413 45556 g
 0.85652566 0.6805518 9.918579 45560 a
 0.002865878 -0.009233564 -0.6733337 45563 r
 0.2536067 -0.43155274 -0.08461662 45755 g
 1.6525977 0.2220622 9.554661 45759 a
 -0.013721028 -0.031165414 -0.6966681 45763 r
 -0.018034661 -0.008122109 -0.032144886 45959 g
 0.6314707 0.5093664 9.677961 45962 a
 -0.033077862 -0.037795685 -0.70177096 45967 r
 -0.043601006 0.12849805 -0.11203972 46155 g
 0.55964464 0.42676646 9.910798 46159 a
 -0.024892205 -0.032840736 -0.7107548 46162 r
 0.058664378 0.014781076 0.062663645 46355 g
 0.87687635 0.19512744 9.595961 46359 a
 -0.018479723 -0.02693377 -0.7138389 46363 r
 0.018183798 -0.23155627 0.00939723 46558 g
 0.038905777 0.40043023 9.674371 46561 a
 -0.031591162 -0.03944745 -0.7199666 46565 r
 0.10180706 -0.36338273 0.047746748 46754 g
 2.5911248 0.30526072 9.0016 46758 a
 -0.038140867 -0.05363422 -0.7284785 46762 r
 -0.02575836 -0.42303753 -0.053986 46954 g
 4.796783 1.5436616 11.485584 46959 a
 -0.071808845 -0.091652945 -0.73657244 46962 r
 -0.1647751 -0.1908131 -0.14905873 47158 g
 2.553416 -0.2148796 6.223727 47161 a
 -0.09805626 -0.11782007 -0.7454712 47165 r
 0.036559876 -0.53116506 0.104207896 47354 g
 3.8738184 -0.1340753 11.477204 47358 a
 -0.12792923 -0.14460686 -0.73082143 47361 r
 0.04987568 -0.43981865 -0.15331978 47554 g
 4.1335893 0.3609259 8.042124 47558 a
 -0.14567004 -0.14452213 -0.72995263 47562 r
 -0.14852929 -0.5343662 0.07305211 47757 g
 6.4625487 -1.7328035 10.134656 47760 a
 -0.1804019 -0.1596035 -0.7337094 47764 r
 -0.33788005 0.5503393 0.07118789 47953 g
 6.3422403 -0.79128367 8.711303 47957 a
 -0.21861878 -0.13778204 -0.7472002 47961 r
 0.082899414 0.16631147 -0.3288189 48153 g
 3.494936 -2.6312277 8.852561 48159 a
 -0.23095283 -0.10476178 -0.75251144 48162 r
 0.04667962 0.64835054 -0.41617483 48357 g
 3.093907 -1.2467805 8.22109 48361 a
 -0.17203805 -0.042090803 -0.7790465 48364 r
 0.09781231 -0.24860209 -0.091269195 48553 g
 2.6126726 0.7080852 8.893262 48557 a
 -0.17896181 -0.045727655 -0.7951321 48560 r
 -0.14639956 0.26885012 -0.07236075 48753 g
 1.7471687 -1.5119383 9.61691 48757 a
 -0.18237123 -0.07375915 -0.8115178 48760 r
 -0.12243084 -0.3958757 0.38170874 48955 g
 5.4857144 -1.6567876 7.5213847 48959 a
 -0.19643053 -0.07789181 -0.79850096 48962 r
 -0.015371766 -1.0744492 -0.14027083 49152 g
 8.057087 -3.3746274 5.398925 49155 a
 -0.2776235 -0.12220293 -0.7606885 49159 r
 0.18063688 -1.3761853 -1.070513 49352 g
 8.028357 2.706645 6.955156 49355 a
 -0.35898218 -0.20343903 -0.7307418 49359 r
 0.449883 -0.24781166 -0.45585063 49555 g
 5.245097 3.9576154 -0.3489549 49560 a
 -0.35901365 -0.3259502 -0.72873944 49563 r
 1.4967716 -2.957578 -0.26330408 49751 g
 16.431406 -0.090979666 -0.012569559 49755 a
 -0.45676327 -0.55171514 -0.5617911 49759 r
 0.8171329 -0.29681382 2.188402 49951 g
 9.192537 2.066196 0.95827925 49955 a
 -0.5379788 -0.57412684 -0.48904452 49959 r
 -0.5543964 1.1777955 -0.38981488 50154 g
 10.000581 2.5372553 0.830788 50159 a
 -0.55605674 -0.47701514 -0.5888534 50162 r
 0.06372332 0.6305159 0.07623831 50351 g
 9.509769 1.2599486 0.6194997 50355 a
 -0.5274012 -0.40356493 -0.6625691 50359 r
 0.38143843 -0.48987597 0.14414892 50551 g
 10.247782 1.9901801 -1.3874398 50554 a
 -0.5345528 -0.40278655 -0.65332335 50558 r
 0.024309866 -0.23049952 -0.011103784 50754 g
 6.081871 -5.940613 -2.8694508 50758 a
 -0.55552924 -0.4484108 -0.6077747 50762 r
 1.5971727 6.5645556 -1.0457419 50954 g
 10.152014 2.0093338 -0.09756372 50958 a
 -0.53533 -0.43061483 -0.6148091 50961 r
 0.013390906 -0.59295577 0.009402556 51151 g
 10.101137 1.8716671 -0.736217 51163 a
 -0.5052459 -0.48337597 -0.5862437 51167 r
 -0.044400223 -0.3173143 0.18117379 51353 g
 9.42238 2.1380222 -0.15203181 51360 a
 -0.50202173 -0.5229604 -0.55483276 51363 r
 -0.14267087 0.4619266 -0.040134903 51553 g
 9.71986 2.1033063 0.26036942 51557 a
 -0.4765847 -0.51922417 -0.5634952 51560 r
 0.21685588 0.17883259 0.17078745 51750 g
 8.987833 1.6950948 1.0636241 51753 a
 -0.4605809 -0.5131991 -0.5597182 51757 r
 0.6474901 -0.4773812 -0.29712301 51953 g
 9.7563715 2.520496 -2.0081367 51958 a
 -0.43248433 -0.53950787 -0.53723913 51961 r
 0.169719 -1.6134857 -0.101647 52159 g
 8.562862 1.364695 -5.7586536 52163 a
 -0.5507541 -0.6652988 -0.37407663 52167 r
 0.17051794 -1.8068312 0.48744422 52360 g
 7.890092 0.92775315 -6.6870055 52364 a
 -0.6072077 -0.66980624 -0.31148735 52367 r
 0.23736355 -0.5775203 0.15322018 52567 g
 6.928221 0.789488 -7.2484455 52570 a
 -0.6585327 -0.6486908 -0.28850666 52574 r
 0.028571723 -0.6201309 0.05068848 52759 g
 6.3578024 0.7356185 -8.461707 52763 a
 -0.6585327 -0.6486908 -0.28850666 52768 r
 -0.083813675 0.2328796 0.009409481 52959 g
 6.8528037 0.9744401 -7.2472486 52963 a
 -0.70256466 -0.62777936 -0.26577255 52966 r
 -0.11737004 0.38016012 -0.029211149 53161 g
 7.575853 1.1067197 -6.307524 53164 a
 -0.6963559 -0.5754237 -0.35799333 53168 r
 -0.14240375 0.74261636 -0.002579538 53359 g
 8.104971 1.4251486 -5.1020436 53363 a
 -0.6963559 -0.5754237 -0.35799333 53366 r
 -0.090205796 0.27283472 -0.012166917 53562 g
 8.298902 1.4065934 -5.1523223 53565 a
 -0.6703652 -0.56521785 -0.4049588 53569 r
 0.00806485 0.02329467 -4.479437E-4 53761 g
 8.364742 1.3958195 -5.301361 53765 a
 -0.6543926 -0.57567596 -0.408222 53768 r
 -0.0049846387 0.11357583 -0.0025784725 53959 g
 8.4826565 1.4053963 -4.956596 53963 a
 -0.6543926 -0.57567596 -0.408222 53966 r
 -0.031882565 0.18281803 -0.012698485 54159 g
 8.607155 1.4700398 -4.698621 54163 a
 -0.64418805 -0.57557607 -0.4186652 54166 r
 -0.008180166 0.054982826 -0.0015110776 54363 g
 8.59698 1.4508862 -4.721366 54367 a
 -0.63594157 -0.57579875 -0.4262357 54370 r
 0.008864066 -0.04062466 -1.7949706E-4 54559 g
 8.605958 1.4377182 -4.794389 54563 a
 -0.63594157 -0.57579875 -0.4262357 54566 r
 8.745821E-4 0.005714345 8.681905E-5 54764 g
 8.59698 1.4383167 -4.766257 54768 a
 -0.6355951 -0.5773221 -0.42523465 54771 r
 -0.0017885789 0.01850018 -0.0031105722 54967 g
 8.628104 1.4317327 -4.6686935 54971 a
 -0.63287246 -0.5769079 -0.42833218 54975 r
 0.003005111 0.016902285 -0.002844256 55160 g
 8.641273 1.4371196 -4.6896424 55164 a
 -0.63287246 -0.5769079 -0.42833218 55167 r
 0.0024724787 -0.01691986 -1.8109495E-4 55360 g
 8.620323 1.4371196 -4.673482 55363 a
 -0.6326272 -0.57739854 -0.42851415 55367 r
 0.0027390611 -0.015058312 -0.0012447615 55571 g
 8.5383215 1.6609775 -4.473566 55584 a
 -0.6328746 -0.5779455 -0.42806706 55588 r
 -0.23321702 -0.15673847 0.06853006 55741 g
 8.09719 1.4772224 -5.8005524 55742 a
 -0.63674355 -0.57639194 -0.42942175 55743 r
 -0.10325475 -0.66540223 0.11140695 55941 g
 7.7087307 1.3892355 -6.3482256 55942 a
 -0.66743624 -0.57811785 -0.40184042 55943 r
 0.07810678 -0.021455757 0.032314796 56143 g
 7.884106 1.2988545 -5.895722 56144 a
 -0.6869386 -0.5799371 -0.37718514 56145 r
 0.040023584 0.15218234 0.009145295 56341 g
 7.916428 1.2743138 -5.864597 56342 a
 -0.684455 -0.5731584 -0.3850784 56343 r
 -4.5646582E-4 -0.039565254 -0.0044368263 56546 g
 7.9068513 1.2545617 -5.93343 56550 a
 -0.68549144 -0.5700171 -0.38732508 56554 r
 0.0070003853 -0.0014812502 0.0022205438 56763 g
 7.9062524 1.2497733 -5.928642 56767 a
 -0.68713856 -0.56910324 -0.38657793 56770 r
 -0.0073806844 0.030210366 -0.004703675 56958 g
 7.9565306 1.2575544 -5.8268886 56962 a
 -0.68713856 -0.56910324 -0.38657793 56965 r
 0.001674063 0.012633503 -0.0055026235 57158 g
 8.005013 1.2743138 -5.8244944 57162 a
 -0.6854347 -0.56818247 -0.3901454 57165 r
 -0.0060488377 0.06616064 -0.002571282 57363 g
 8.090008 1.2952632 -5.533599 57366 a
 -0.67978394 -0.56424725 -0.40200338 57370 r
 -0.0052498896 0.09891753 -0.0012397015 57560 g
 8.100183 1.3024458 -5.5461683 57563 a
 -0.67937726 -0.564283 -0.40232542 57567 r
 0.006201703 -0.048887916 3.5819516E-4 57758 g
 8.040926 1.2683283 -5.799355 57762 a
 -0.67937726 -0.564283 -0.40232542 57765 r
 0.0072669676 -0.051285826 0.0014239922 57963 g
 8.031948 1.2413936 -5.7616463 57967 a
 -0.6822176 -0.56791174 -0.39430055 57970 r
 0.0072669676 -0.007609983 0.0024892567 58158 g
 8.01878 1.2366052 -5.843049 58161 a
 -0.6822176 -0.56791174 -0.39430055 58165 r
 -0.0023204123 0.010499513 -0.0057665426 58358 g
 8.028955 1.2401965 -5.749077 58361 a
 -0.6821686 -0.56836104 -0.3937635 58365 r
 -0.0025859294 0.010224674 -0.004695952 58566 g
 8.039729 1.2569559 -5.715558 58569 a
 -0.68093 -0.56704247 -0.39717922 58574 r
 -0.009776465 0.04005208 -0.0070927967 58758 g
 8.12233 1.3006501 -5.597045 58761 a
 -0.68093 -0.56704247 -0.39717922 58765 r
 -0.015369102 0.063487895 -0.010022274 58946 g
 8.1797905 1.2880806 -5.5886655 58959 a
 -0.67876554 -0.56586754 -0.40161023 58960 r
 -0.007911718 0.038712773 -0.005756423 59164 g
 8.195353 1.2910733 -5.4982843 59167 a
 -0.6756677 -0.5642208 -0.40756705 59171 r
 -0.0025853969 0.01367906 -0.0033595776 59357 g
 8.228272 1.3108255 -5.497087 59360 a
 -0.6756677 -0.5642208 -0.40756705 59364 r
 -0.006313822 0.03205487 -0.006821687 59557 g
 8.263587 1.3293805 -5.3504424 59560 a
 -0.67471635 -0.5643389 -0.4085813 59564 r
 -0.015367771 0.089038 -0.008147941 59763 g
 8.344392 1.352724 -5.2624555 59771 a
 -0.6691447 -0.5611181 -0.41873267 59775 r
 0.0024754081 0.01766528 -0.0020226708 59955 g
 8.353969 1.3455414 -5.239112 59960 a
 -0.6691447 -0.5611181 -0.41873267 59963 r
 -0.0092425 0.020861072 -0.007348993 60284 g
