 0.010241719 0.28286365 -0.01265108 52 g
 -2.7341783 2.932897 8.473679 53 a
 0.06483652 -0.05589043 -0.08935012 256 g
 -2.1218612 2.6144683 9.203311 257 a
 -0.20547433 -0.1959727 -0.19667551 457 g
 -2.2631192 2.0620062 8.935161 460 a
 -0.023314644 0.005099421 -0.3234441 662 g
 -3.2094274 1.3144168 10.234015 666 a
 -0.32132238 -0.2249977 -0.72238564 856 g
 -1.7142484 0.8230068 9.155427 860 a
 -0.10214421 -0.82127947 -2.1847274 1056 g
 0.44951138 1.115698 8.302493 1060 a
 0.048856754 -0.72194034 -2.4936562 1260 g
 0.85173726 0.079008654 11.005547 1264 a
 0.29653072 -0.52886117 -1.925604 1456 g
 6.237494 0.38845924 8.170214 1459 a
 -0.7724621 -1.9962629 -2.0025692 1656 g
 4.5555673 0.26036942 5.840655 1659 a
 0.57669526 -0.49849847 0.5394164 1865 g
 6.197391 0.019752163 8.30369 1869 a
 -0.014260163 -0.19995812 0.40972042 2055 g
 5.7125654 0.30825347 6.419453 2059 a
 0.10638104 -0.7107524 0.116506375 2250 g
 5.866991 -1.4850036 8.7370405 2255 a
 -0.35514477 0.101510115 -0.08962123 2463 g
 6.192004 0.99299514 6.459556 2466 a
 -0.39242902 -0.33045462 -1.6081557 2669 g
 7.3388267 2.142212 8.218696 2673 a
 0.15485057 0.144387 -0.29601622 2741 g
 3.5152867 -1.9075803 9.364322 2900 a
 0.28907362 0.92416406 -0.19401927 3093 g
 2.859874 9.419388 6.508039 3094 a
 -0.34023133 -0.4966324 -0.8574127 3288 g
 5.143344 2.8874073 8.534132 3290 a
 0.055248074 -0.12032774 -0.07843808 3488 g
 4.9877205 2.8173769 7.9266033 3489 a
 -0.025711754 -0.11340619 -0.048076447 3691 g
 5.6377463 4.0797195 7.177218 3692 a
 -0.03689703 -0.07345877 -0.668593 3886 g
 4.016872 -0.18674773 8.763377 3887 a
 1.0589937 -0.17599048 1.4962907 3972 g
 7.2268977 -0.5895722 6.415862 3977 a
 0.58069 0.63494205 1.0462165 3998 g
 7.3220673 0.29269117 5.0840874 3998 a
 0.45765144 0.86504346 0.65899014 4019 g
 5.2385135 0.7410054 6.575675 4020 a
 0.6733675 1.9050078 0.73355865 4037 g
 4.5262384 1.7417817 8.980651 4038 a
 0.66324747 2.5162034 0.9010715 4057 g
 5.9890957 1.834557 8.160637 4058 a
 0.10824472 1.7542729 0.9876242 4077 g
 6.911462 2.1212628 9.321226 4078 a
 0.007044594 0.9582541 0.94980735 4097 g
 7.240066 3.1316159 9.85633 4098 a
 0.18041638 0.2708922 0.8091924 4117 g
 6.2380924 3.0017304 9.139266 4118 a
 0.43394932 -0.34509695 0.5854869 4137 g
 5.2259436 2.9634233 8.492233 4138 a
 0.727696 -0.56986773 0.3966688 4157 g
 4.919486 3.17531 8.574235 4158 a
 0.9862889 -0.5922383 0.40945196 4177 g
 6.8402343 3.678691 5.0266266 4178 a
 1.1583291 -1.0018325 0.48242256 4197 g
 7.9116397 2.6378117 6.23091 4198 a
 1.0885543 -0.49876133 0.44087726 4217 g
 7.668628 2.6850972 6.089652 4218 a
 0.9932131 -0.013267069 0.13621163 4237 g
 6.2392898 3.3812113 7.8493905 4238 a
 0.9159815 0.2956596 -0.15247503 4257 g
 4.4765587 3.9707835 5.893926 4258 a
 1.0374216 0.305247 -0.21692352 4278 g
 5.445013 4.633379 3.2794578 4279 a
 0.8302277 -0.054013435 -0.027306456 4297 g
 5.5862713 3.2824504 7.5267715 4299 a
 0.3580492 0.33693862 0.25525492 4320 g
 5.9639564 3.6942532 7.2203135 4321 a
 0.22835328 0.44373137 0.36950454 4341 g
 6.628946 3.208829 5.789778 4345 a
 0.24406593 0.18433948 0.31304553 4360 g
 6.505645 3.2866404 5.9759274 4362 a
 0.09759207 0.19046475 0.15165797 4380 g
 5.861006 3.2674868 6.411672 4382 a
 -0.09016079 0.26263642 0.0051841093 4398 g
 5.134964 2.9101522 7.3603745 4399 a
 -0.20014934 0.48287985 -0.0107948575 4419 g
 5.533 3.3435028 7.9445596 4421 a
 -0.22837885 0.49646196 0.09493264 4441 g
 6.5984197 3.128623 6.600814 4442 a
 -0.17005561 0.28527328 0.1521906 4460 g
 5.2199583 3.1860838 7.1688385 4462 a
 -0.16446298 0.5728947 0.055517852 4481 g
 5.6700683 3.9773676 8.2169 4483 a
 -0.13729873 0.8405424 0.06643681 4501 g
 5.73531 4.1742907 8.644265 4502 a
 0.058976233 0.8775603 0.10984634 4521 g
 5.08289 4.4364557 9.122507 4523 a
 0.30159074 0.6104418 0.13994218 4544 g
 4.370615 4.413112 9.548077 4545 a
 0.60385954 0.16303073 0.266975 4559 g
 5.568913 4.0198646 7.904457 4561 a
 1.0478085 -0.10621485 0.40252987 4577 g
 5.635352 4.187459 6.884527 4579 a
 1.4107974 0.4170963 0.4227699 4597 g
 4.7165775 5.2289367 9.551069 4607 a
 1.440891 1.9995466 0.3977362 4609 g
 5.221754 5.1487308 9.22067 4624 a
 1.8930959 2.2099364 0.5175784 4654 g
 4.028843 5.353435 10.003573 4655 a
 2.0952296 1.5657177 0.5354216 4671 g
 4.8225207 4.9440265 8.292916 4672 a
 2.3604805 1.0679729 0.48348996 4673 g
 3.5458126 3.6062663 5.7059813 4721 a
 2.024656 0.5174975 0.42383516 4722 g
 3.3506854 3.2513258 5.329493 4723 a
 0.80226505 0.46529952 0.15032852 4724 g
 4.595072 3.7271736 6.261436 4725 a
 -0.066724434 0.70205456 -0.22650877 4737 g
 4.0707417 4.8225207 6.9928646 4738 a
 -0.02464649 0.8788884 -0.18256661 4757 g
 3.980959 5.593454 6.467936 4758 a
 0.5194373 1.1814235 0.21850544 4792 g
 2.717419 4.3688197 6.6882024 4794 a
 1.1886897 1.905537 0.9724463 4797 g
 2.6779146 3.691859 5.866991 4799 a
 1.9130695 2.9202013 1.8299842 4818 g
 5.4521956 3.9731777 7.1460934 4819 a
 1.6475524 3.2371175 2.048896 4843 g
 3.1729157 6.413468 6.0800753 4845 a
 0.93222725 2.4685292 1.8092115 4858 g
 3.5362358 4.6261964 6.903681 4860 a
 0.73222387 1.8272401 2.2614162 4878 g
 2.4833858 3.0819361 6.3913217 4883 a
 0.7897482 1.6152525 2.5269334 4900 g
 2.1404164 2.5354595 6.3745623 4904 a
 0.48588148 1.503666 2.3897808 4920 g
 3.0508115 2.3259668 6.5140243 4921 a
 -0.009732788 1.014177 2.050494 4944 g
 3.739743 2.2864625 7.2083426 4947 a
 -0.28803313 0.24558872 1.41027 5016 g
 3.9905357 4.1282024 9.071032 5269 a
 -0.06432786 0.6639732 0.5431437 5469 g
 2.52289 3.6463692 8.775947 5471 a
 0.2640399 0.5960626 0.12529373 5669 g
 2.96881 3.4751837 9.570223 5671 a
 -0.43637145 0.115894645 0.038208373 5868 g
 2.6138697 2.8646624 9.142858 5869 a
 -0.41719484 -0.17654361 -0.32290164 6069 g
 3.353678 1.7872716 6.8528037 6070 a
 -0.049678605 -0.15310779 -0.63742095 6267 g
 0.28909984 0.78410107 9.408614 6268 a
 -1.0880451 1.09192 -1.1748469 6506 g
 -0.623091 0.5422867 10.78947 6656 a
 -0.04994146 0.04818777 -0.68719727 6866 g
 -1.7471687 0.7679402 8.995614 6870 a
 -0.1862953 -0.10068294 -0.25336835 7066 g
 1.3676877 2.753332 6.8144965 7086 a
 0.3428748 -0.573394 -0.49438444 7259 g
 1.3275849 0.6123171 10.135254 7264 a
 0.16524488 -0.5979284 -0.6163359 7466 g
 0.6895301 1.4628572 9.855731 7471 a
 0.0011941615 0.26546842 -0.09089422 7660 g
 0.7290344 1.5544355 9.87668 7665 a
 0.09094269 0.23750523 0.111772336 7860 g
 0.74998367 1.6376339 9.386468 7864 a
 0.054725297 -0.18808948 -0.11351751 8059 g
 2.9083564 1.6316484 6.59004 8074 a
 -0.3367594 -2.3505762 -0.99875224 8259 g
 7.0742674 2.1709423 6.971317 8262 a
 -0.8299768 -2.1167507 -2.2927823 8457 g
 4.2957964 6.1740475 9.665991 8461 a
 0.118375644 1.5458862 -0.29007977 8660 g
 6.2123547 -3.6134489 8.488642 8664 a
 -0.47471032 -0.10394211 -0.26531237 8856 g
 3.50571 11.35091 6.35062 8861 a
 -0.12983097 -0.31806025 -1.0240469 9056 g
 4.1120415 4.032434 8.108562 9061 a
 0.043274503 -0.045352567 -0.2927429 9257 g
 10.907384 3.0615854 3.3650506 9261 a
 0.17350309 -1.3319256 0.1887566 9457 g
 6.3021374 6.4044895 4.5819035 9461 a
 0.14074619 -0.23470332 -0.6378886 9656 g
 7.7745714 2.9317 6.135142 9661 a
 -0.40626708 0.014304104 1.0225912 9860 g
 5.4504004 3.6284127 7.299921 9864 a
 -0.40307128 0.21191065 -0.23095866 10062 g
 5.7281275 2.32058 7.2167225 10066 a
 -0.5878947 0.3069855 -0.3641167 10259 g
 5.424064 2.2816741 7.727286 10262 a
 -0.21265554 0.12296347 -0.0631811 10460 g
 5.29777 2.3983915 7.8332295 10465 a
 -0.0581922 -0.02670618 0.05879168 10670 g
 5.5581393 2.042254 7.911041 10674 a
 -0.0049289786 0.001257012 -0.06557795 10858 g
 4.6519337 3.1783028 8.001422 10862 a
 0.09573825 0.023631027 -0.07649904 11063 g
 6.005855 1.4993688 7.563882 11078 a
 -0.11092305 -0.025371136 0.10619381 11257 g
 6.0621185 3.1130607 7.201759 11261 a
 0.0752319 -0.19767766 -0.06957482 11457 g
 5.593454 2.472612 7.872135 11460 a
 -0.027566647 0.10539433 -0.064517476 11661 g
 5.7903767 3.0053217 6.615778 11665 a
 0.10985246 -0.28822088 0.0124478815 11849 g
 6.0118403 3.4680011 7.128137 11850 a
 0.07310084 0.069707975 -0.24268295 12051 g
 4.9057193 3.933075 8.215105 12055 a
 -0.2059987 0.23056637 -0.22697243 12261 g
 6.1824274 2.867655 7.6494746 12266 a
 -0.10160279 -0.09700245 0.19966598 12455 g
 5.6521115 2.1984756 7.739856 12459 a
 -0.0653838 0.01405137 0.017772073 12654 g
 5.6341553 1.7735049 7.2245035 12658 a
 -1.3688648E-4 2.098571E-4 4.5699844E-4 12862 g
 5.485116 1.8980033 6.965331 12867 a
 0.008651545 -0.016568057 -0.015521968 13051 g
 5.3384714 1.7369933 6.8761473 13058 a
 0.0073199645 0.0042045987 0.008712797 13253 g
 5.3845596 1.863886 6.8228765 13258 a
 0.019037606 -0.019761188 -0.0027403927 13461 g
 5.46297 1.75076 6.8360443 13465 a
 -6.69785E-4 -3.2011195E-4 0.0025859294 13651 g
 5.522825 1.804031 7.020398 13655 a
 0.0027923244 0.0031419974 -0.0016751284 13853 g
 5.478532 1.8806454 7.1748238 13858 a
 0.015575231 -0.00457611 0.0020501013 14058 g
 5.54557 1.9961656 7.1844006 14062 a
 -0.0030668962 -3.1505196E-4 -0.0011456918 14253 g
 5.3725886 1.9931729 7.3106947 14258 a
 0.0019931097 0.0055439025 -0.0016783241 14452 g
 5.363012 2.130241 7.2987237 14457 a
 0.010514959 -0.0021776669 -6.1412493E-4 14657 g
 5.3007627 2.4265234 7.392098 14661 a
 0.015574965 -0.0067050406 -0.0070057116 14852 g
 5.1882353 2.3983915 7.5267715 14856 a
 -0.00599664 0.0066107647 0.006043778 15050 g
 5.1918263 2.6150668 7.579444 15056 a
 0.005454953 -0.0024421187 -0.0016804546 15259 g
 5.4408236 2.794632 7.5327573 15265 a
 0.00838443 -0.00643686 -3.488741E-4 15452 g
 5.6227827 2.9131448 7.5441294 15457 a
 0.00359074 -4.5273737E-5 0.0033795515 15652 g
 5.837662 3.2968156 7.6069775 15656 a
 0.010248376 -0.0072342106 -6.1625545E-4 15858 g
 5.9280434 3.503914 7.739856 15862 a
 -0.0046653254 2.2264027E-4 0.0076395436 16048 g
 5.8203044 3.822343 7.9822683 16052 a
 0.001726261 0.0031521174 0.003378486 16252 g
 5.8693852 3.654749 8.02716 16265 a
 -0.007861385 0.0052853096 0.010833739 16460 g
 5.9531827 3.693056 7.8302364 16464 a
 0.0011933625 -0.005633651 -0.00221575 16652 g
 5.909488 3.4314895 7.790134 16657 a
 -0.0067961207 -8.39961E-4 0.0015126754 16852 g
 5.864597 3.039439 7.679402 16857 a
 -0.0073290193 -3.8615835E-5 7.121293E-4 17059 g
 5.6724625 2.818574 7.6985555 17063 a
 -4.048005E-4 -0.0040333574 4.4581317E-4 17252 g
 5.5760956 2.7515364 7.6865845 17257 a
 -0.0036005937 -3.8615835E-5 9.784454E-4 17452 g
 5.504868 2.690484 7.681796 17457 a
 -0.0105250785 0.0034277546 0.0047039413 17661 g
 5.3899465 2.553416 7.677606 17665 a
 -0.0075956015 0.0028951224 0.0049702576 17851 g
 5.360019 2.5300727 7.6680293 17856 a
 3.9388152E-4 0.0015635418 0.0017744643 18052 g
 5.3941364 2.4361002 7.6853876 18057 a
 -0.011590609 0.0018333201 0.005234443 18261 g
 5.1666875 2.4073699 7.739257 18266 a
 -1.3901701E-4 -0.0018951055 -0.0062171496 18448 g
 5.1301756 2.3834279 7.639898 18452 a
 9.2624745E-4 -0.0016287894 1.7443705E-4 18650 g
 5.1080294 2.2601264 7.6231384 18654 a
 0.004920723 -2.9374668E-4 9.7125483E-4 18858 g
 5.159505 2.2601264 7.6135616 18862 a
 0.004920723 -0.009881127 0.0046996805 19048 g
 5.4342394 2.842516 7.5704656 19052 a
 0.058183946 -0.00961481 -0.022997195 19248 g
 5.613206 2.7898436 7.5225816 19252 a
 -0.010792194 -0.0016210661 -0.008618788 19457 g
 5.4821234 2.8113914 7.6009917 19460 a
 9.257148E-4 0.003705256 -6.2930497E-4 19649 g
 5.530606 3.2172086 7.7266874 19652 a
 -0.0017374463 -0.0010884339 0.00176754 19848 g
 5.581483 2.4540567 7.7027454 19851 a
 -0.09201914 0.012763466 0.026799124 20056 g
 5.4091 2.1853075 7.5770497 20060 a
 -0.011591675 -0.0024165523 0.00789068 20247 g
 5.3049526 2.1853075 7.4746976 20251 a
 0.008914665 -0.0013512879 -0.0011640677 20448 g
 5.195418 2.1679497 7.4735007 20452 a
 0.0030554447 -2.8176245E-4 0.0014964303 20656 g
 5.194819 2.1888988 7.495647 20660 a
 -4.066647E-4 0.0010498181 1.6484967E-4 20848 g
 5.187038 2.2337902 7.492056 20852 a
 0.011577561 -0.0029449235 -9.004148E-4 21048 g
 5.2301335 2.1930888 7.443573 21051 a
 0.0014572818 -0.0053383065 0.0033585124 21255 g
 5.3019595 2.267309 7.471705 21267 a
 0.013707823 -0.008001467 0.0028258802 21447 g
 5.325303 2.3786395 7.4082584 21451 a
 0.0075825523 -0.0026751454 0.002293248 21646 g
 5.3163247 2.2852654 7.4525514 21650 a
 -0.0062661516 0.0010567423 0.0060192766 21857 g
 5.297171 2.463035 7.4884644 21860 a
 0.02915389 -0.00426958 0.0081498055 22048 g
 5.66947 2.914342 7.517793 22052 a
 0.034213897 -0.02690645 -0.012622851 22247 g
 5.415684 2.7844565 7.57286 22251 a
 -0.012391688 0.018902585 -0.013956029 22455 g
 5.616797 2.8191724 7.495647 22459 a
 6.5780076E-4 -0.008794291 -0.0046349657 22647 g
 5.434838 2.7862523 7.621941 22651 a
 -0.001206412 0.0015920377 -3.7390782E-4 22848 g
 5.6790466 2.8999767 7.443573 22851 a
 -4.0772997E-4 -0.015714249 4.2237734E-4 23053 g
 5.3821654 2.7670987 7.6267295 23057 a
 1.2490226E-4 0.019439477 0.009477125 23247 g
 5.4659624 2.7724855 7.5848308 23251 a
 -0.005734052 -0.008523713 0.0028192224 23447 g
 5.631162 2.7970262 7.5285673 23451 a
 -0.0033374734 -0.010119213 0.00787763 23654 g
 5.4384294 2.7551277 7.5932107 23658 a
 -0.0036037895 0.0010660634 -0.0017097495 23847 g
 5.518635 2.8042088 7.5531077 23850 a
 -0.0014732607 -0.007456052 0.004415521 24046 g
 5.53719 2.7862523 7.575254 24049 a
 -6.745787E-4 0.0018684738 0.0020165455 24250 g
 5.4982843 2.7832594 7.5070195 24255 a
 6.5700186E-4 0.0016021577 0.003348126 24445 g
 5.4857144 2.724003 7.595605 24449 a
 6.5700186E-4 -0.0034578484 0.0022828616 24645 g
 5.549161 2.8209682 7.5207863 24649 a
 0.002254632 -0.005586513 -0.0019792614 24852 g
 5.4312468 2.7030537 7.617751 24858 a
 -0.0014737933 0.013055614 0.0046786414 25045 g
 5.6245785 2.753332 7.515399 25048 a
 0.0014556838 -0.017038105 9.5021585E-4 25245 g
 5.5383873 2.765303 7.5327573 25249 a
 -0.0017401094 0.002405367 0.0014812502 25454 g
 5.48751 2.7778726 7.589619 25462 a
 -1.422128E-4 -0.002388323 -6.492787E-4 25643 g
 5.5377884 2.7641058 7.52737 25647 a
 -9.411611E-4 -0.005051484 -6.492787E-4 25845 g
 5.527613 2.7551277 7.526173 25849 a
 -0.0012077435 5.4301857E-4 0.0028117655 26050 g
 5.5222263 2.7497406 7.5327573 26055 a
 0.0011891014 2.7670243E-4 0.0030780816 26244 g
 5.5539494 2.7509377 7.5812397 26248 a
 3.901531E-4 0.001608283 6.812366E-4 26442 g
 5.5126495 2.7964275 7.5626845 26446 a
 -1.4274543E-4 2.7830034E-4 1.4753912E-4 26650 g
 5.5312047 2.7874494 7.559692 26654 a
 -0.0049364353 -0.002917493 0.0014791196 26844 g
 5.5042696 2.7724855 7.559692 26848 a
 -0.0030722227 -0.002917493 0.0017454358 27043 g
 5.5778913 2.630629 7.44896 27047 a
 -0.027573304 -0.0045127263 0.045153365 27264 g
 6.735488 1.0510546 6.1183825 27268 a
 0.05471837 -0.35871315 0.6211951 27443 g
 6.3823433 1.929128 6.975507 27447 a
 0.42676198 -0.15285079 0.46007386 27642 g
 6.2763996 2.8909986 7.425018 27646 a
 -0.27950862 0.123319805 -0.23767515 27852 g
 6.2704144 1.3605051 7.9876556 27857 a
 -0.4928278 0.44502965 -0.7247673 28041 g
 5.9986725 2.570774 7.1490865 28044 a
 0.25445518 -0.1131689 0.13649899 28242 g
 6.510433 2.3253684 6.5858502 28246 a
 0.927436 -0.3528518 0.55275 28450 g
 7.1987658 4.1383777 5.048773 28454 a
 0.5442071 -0.14326102 0.19828326 28637 g
 7.2664022 3.3321302 6.127361 28650 a
 -0.18256955 0.24183206 -0.083745494 28839 g
 6.353613 2.9813797 7.2029557 28841 a
 -0.44009748 0.65888655 -0.45126384 29040 g
 1.8525136 3.6894648 8.717887 29041 a
 -0.2635299 0.8335899 -0.2006604 29234 g
 2.9173348 1.1414356 8.358158 29242 a
 -0.33943 0.054082677 -0.21344358 29433 g
 4.2850223 2.166154 8.560468 29435 a
 0.08987156 -0.39412892 0.1420895 29645 g
 5.8442464 3.1292217 7.6548615 29647 a
 0.1202316 -0.69479984 0.1785748 29839 g
 6.7684083 1.7375919 7.029975 29843 a
 -0.057933874 -0.28254247 0.09202207 30040 g
 5.9920883 2.3505075 7.2059484 30045 a
 -0.042220958 -0.0013145363 -0.08560971 30247 g
 5.691616 2.983774 7.536947 30251 a
 0.080284454 0.07218871 -0.12582344 30440 g
 5.7023897 2.681506 7.379528 30444 a
 0.021961225 -0.034071416 -0.101588674 30638 g
 5.6066217 3.341707 7.2071457 30642 a
 0.01690122 -0.09505781 -0.16177611 30842 g
 5.86759 3.2375593 7.0994067 30847 a
 -0.08749469 -0.00930402 -0.18068457 31039 g
 5.799355 2.9628246 7.5668745 31044 a
 9.2225266E-4 0.09642348 0.1327695 31244 g
 6.1596823 2.2002714 7.687782 31248 a
 -0.0451499 -0.031147799 0.28484 31449 g
 5.6156 1.1845313 6.399701 31461 a
 -0.0065340656 -0.13660897 0.25767574 31638 g
 4.8338933 0.2837129 5.3779755 31642 a
 -0.13117 -0.06789942 -0.25338486 31839 g
 5.597045 3.6828809 7.9930425 31844 a
 0.011841213 0.23517257 -0.24779488 32046 g
 6.1530986 7.6722193 10.140641 32051 a
 -0.033432525 0.11399874 -0.019295666 32237 g
 6.117185 2.6581624 8.127716 32241 a
 -0.008398811 -0.012235095 0.013194898 32438 g
 5.429451 2.291251 7.6093717 32442 a
 -0.009996441 0.020520987 -0.004914065 32642 g
 5.6940103 2.0769699 7.049727 32647 a
 -0.010262758 -0.021290641 0.0012112056 32838 g
 5.453393 1.678934 7.180211 32841 a
 -0.04488385 0.0021451763 -0.0025172199 33036 g
 5.524022 1.2312182 6.737882 33039 a
 -0.030769365 0.0024122912 0.05420758 33247 g
 5.837662 1.6699557 7.037756 33251 a
 0.034744397 -0.005843508 -0.024888305 33439 g
 6.0561333 3.3530796 7.654263 33444 a
 0.07229497 -0.033274066 -0.01024092 33632 g
 5.967548 4.292804 8.777742 33636 a
 -0.023578564 -0.016763268 0.023049127 33846 g
 6.165668 4.899135 8.738237 33849 a
 -0.012393286 -0.021024326 0.015592275 34037 g
 5.853823 2.2469583 7.711125 34041 a
 -0.024910143 -0.0015832493 0.013728063 34236 g
 5.9424086 2.2062569 7.303512 34239 a
 -0.014523549 -0.0026511769 0.021186512 34453 g
 5.7478795 1.5705963 6.7492547 34457 a
 -0.06432466 -0.013570137 0.021719145 34635 g
 5.4940944 1.1384429 6.5906386 34638 a
 0.0342123 0.01599095 -0.00677668 34836 g
 5.7119665 1.2952632 6.51582 34839 a
 0.04513126 -0.021827534 0.011067565 35045 g
 6.0890536 1.3634979 6.745663 35048 a
 0.019564914 0.0045377603 0.032905485 35231 g
 5.2439003 1.400608 7.1909847 35243 a
 0.0017217336 0.063659936 -0.0025145567 35436 g
 6.3661823 2.5540147 6.633734 35439 a
 0.0738934 -0.15498638 -0.051516186 35650 g
 5.728726 2.7964275 7.5052238 35654 a
 -0.017719341 0.054071758 0.005475459 35834 g
 5.8681884 4.324527 8.395268 35838 a
 0.027554397 0.014124341 0.011068097 36035 g
 6.601413 4.931457 8.132504 36039 a
 -0.050742272 -0.041271273 -0.04139511 36245 g
 5.9280434 2.1769278 7.8930845 36249 a
 -0.053405434 -0.0021228057 0.06646291 36435 g
 5.7909756 1.9967642 7.487866 36439 a
 -0.0070664315 0.03036776 -0.02914457 36634 g
 5.549161 2.0859482 7.2981253 36646 a
 -0.007066698 -0.0074472637 -0.0030466563 36841 g
 5.1343656 1.8908207 7.1425023 36848 a
 -0.014257233 -0.0071809473 0.011867045 37034 g
 5.0798974 1.5861586 7.0994067 37038 a
 -0.0060014334 0.00666749 -0.0027803401 37234 g
 5.0397944 1.4856021 7.121553 37238 a
 0.017434385 -0.00851173 -0.004911402 37444 g
 5.2522798 1.3317747 6.9569516 37447 a
 -0.01718671 0.001608283 0.0060075587 37637 g
 5.471948 1.3389573 6.8306575 37642 a
 0.03208177 -0.019164374 0.0046759783 37831 g
 5.787384 1.7166426 6.9491706 37835 a
 0.028353345 0.009066732 -0.013700899 38043 g
 5.981913 2.0177135 7.1472907 38047 a
 -0.0062677497 -0.0018522285 0.008137022 38233 g
 6.4978633 3.1711202 7.597999 38237 a
 0.032348085 -0.010906976 -0.015032479 38431 g
 6.5140243 3.5194764 7.8876977 38435 a
 9.227853E-4 0.010930944 0.00893597 38631 g
 6.602011 4.213795 8.168418 38635 a
 0.012640694 -0.015966982 -0.002515622 38831 g
 6.5577183 4.956596 8.463503 38835 a
 0.010510165 0.009066732 -0.011836685 39031 g
 6.042965 3.6254199 8.015189 39034 a
 0.045130994 -0.07615176 0.0837692 39238 g
 5.7921724 2.5396495 7.7368627 39244 a
 -0.07497757 0.05301155 -0.025953038 39430 g
 5.5587378 2.4839842 7.7614036 39434 a
 -0.03529647 0.008803079 0.0022764702 39630 g
 5.425261 2.1416135 7.6440873 39634 a
 -0.014257765 0.010137056 9.4329164E-4 39836 g
 5.7125654 2.0506337 7.2747817 39840 a
 -0.0041377535 -0.018625082 0.018786471 40030 g
 6.007651 1.9339164 6.9425864 40033 a
 -0.011061972 -0.017559819 0.008133827 40229 g
 5.799355 1.6771383 6.6522894 40234 a
 0.009710418 0.0032147018 0.008132495 40437 g
 5.8723783 1.5987282 6.5684924 40442 a
 -0.00413802 0.0077420757 -0.0054496266 40629 g
 5.767632 1.5394717 6.715736 40633 a
 0.018232534 0.0050789146 6.7564397E-4 40830 g
 5.801151 1.5753847 6.7971387 40834 a
 -1.4327807E-4 0.0093407715 -0.010243849 41035 g
 5.637148 1.5915456 6.867169 41038 a
 -0.0038717035 -0.0013118731 -0.003053314 41229 g
 5.419874 1.5388732 6.9348054 41232 a
 -0.007067497 0.0021502362 -1.2383699E-4 41431 g
 5.3025584 1.501763 7.0012445 41435 a
 -0.015855929 0.0050805123 0.0025387914 41636 g
 5.3528366 2.0087352 7.256227 41648 a
 0.03634203 2.050634E-5 -0.0123749105 41833 g
 5.5886655 2.3331497 7.36636 41837 a
 0.017699901 -0.0066373963 -0.0073149046 42029 g
 5.957971 2.6198552 7.5375457 42031 a
 0.0059819925 0.0026847327 -9.238506E-4 42239 g
 6.3009405 2.8072014 7.6111674 42243 a
 -0.00413802 0.0040163132 0.002804575 42429 g
 6.3404446 3.0382419 7.5854297 42433 a
 0.02116201 -0.010098441 -0.0038533278 42629 g
 6.3805475 3.2070332 7.747637 42633 a
 -0.002540123 0.001618403 -6.5700186E-4 42834 g
 6.361394 3.417723 7.9116397 42838 a
 0.007579889 -0.0045068674 -0.005983324 43029 g
 6.237494 3.834314 8.209718 43032 a
 0.0019872508 0.004015248 -0.003852795 43229 g
 6.0746884 4.0719385 8.341399 43232 a
 -0.011328821 0.003485279 -0.0019901802 43438 g
 6.007052 4.3287168 8.422802 43442 a
 0.0051827775 -0.0026399915 -6.585997E-4 43628 g
 6.002862 4.063559 8.449138 43632 a
 -0.013193034 0.0042842273 0.006265619 43827 g
 6.215348 4.245518 8.292317 43831 a
 0.012905945 -0.007965514 0.002536661 44034 g
 6.4164605 3.787627 8.069058 44037 a
 -0.02171515 -0.0018402443 0.014520885 44228 g
 6.2626333 2.5911248 7.5189905 44232 a
 -0.017454091 -0.005834986 0.011591408 44428 g
 6.2063694 2.408567 7.4375877 44432 a
 0.005449094 0.001622664 -0.0019912454 44636 g
 6.1728506 2.3307555 7.390302 44639 a
 -0.0062688147 -0.017019464 0.0051992894 44825 g
 6.0519433 2.0416555 7.3352356 44829 a
 -0.0038719699 0.0045521413 0.013455088 45027 g
 5.8280854 2.106299 7.315483 45031 a
 -0.0036059201 0.00908058 0.0038671761 45235 g
 5.673061 2.0727801 7.2047515 45239 a
 -0.0091985585 -0.0021046961 -0.0030570426 45427 g
 5.6179943 2.3050177 7.4148426 45431 a
 -0.0025406557 0.008814264 -0.006252836 45627 g
 5.5671177 2.19668 7.5106106 45630 a
 -0.011329087 0.0069508506 0.006529805 45831 g
 5.4743423 2.203264 7.415441 45840 a
 0.001720402 -0.0018375812 -0.0038565237 46025 g
 5.849035 2.0919337 7.203554 46029 a
 9.2145376E-4 -0.007163903 0.00892665 46226 g
 5.7041855 2.124854 7.277775 46230 a
 0.0059814597 0.0016245282 0.0067961207 46441 g
 5.8358665 2.0500352 7.355586 46456 a
 -0.009464875 -0.0052996906 1.3821806E-4 46627 g
 5.465364 2.0260932 7.3723454 46630 a
 3.8882153E-4 0.005352954 0.0067961207 46828 g
 5.4881086 2.0572178 7.2670007 46839 a
 -0.006002765 0.0026913907 0.0022676818 47031 g
 5.719748 1.9973627 7.1490865 47039 a
 0.0011877698 0.0024250746 0.013186642 47226 g
 5.7185507 1.8734628 7.149685 47230 a
 -0.006002765 -0.0021022994 0.0014687333 47426 g
 5.707777 1.7902644 7.1023993 47430 a
 -0.013725932 -0.0039673112 0.004132427 47634 g
 5.623381 1.6915035 7.1634517 47638 a
 0.020628845 -0.005831524 -0.0030581078 47827 g
 5.585074 1.7381904 7.1083846 47831 a
 -0.0046711843 0.0010926949 0.0012029499 48026 g
 5.5096564 1.7022774 7.12694 48029 a
 1.2250541E-4 -7.7151775E-4 -0.0065202173 48222 g
 5.4671597 1.7884687 7.0784574 48228 a
 -0.0012090751 -0.0026357304 -0.0011938951 48425 g
 5.385158 1.7657237 7.125743 48429 a
 0.006780408 -0.0044999435 0.001735582 48625 g
 5.4504004 1.797447 7.0964136 48630 a
 0.001720402 -7.707188E-4 -3.954794E-4 48832 g
 5.592855 1.8447324 7.04434 48837 a
 -6.764429E-4 -0.0018359832 -3.954794E-4 49022 g
 5.7975593 1.8076223 7.0006456 49028 a
 0.011307782 -0.0044991444 -0.0014607438 49222 g
 5.883152 1.9255368 7.0012445 49227 a
 0.009443569 -0.0010370349 -0.0025260083 49426 g
 5.8891377 1.9434932 7.055712 49429 a
 -0.0014753912 0.003756655 1.3715279E-4 49622 g
 5.85502 1.9710265 7.1766195 49627 a
 -0.0022743396 8.2717784E-4 0.0022676818 49821 g
 5.807735 2.123657 7.199963 49827 a
 0.0043830303 0.0010969561 -1.3129384E-4 50027 g
 5.7365074 2.088941 7.1712327 50031 a
 -0.020118052 0.0032274849 0.0030644995 50220 g
 5.7149596 2.2768857 7.2370734 50225 a
 0.012905146 -0.0036967339 -0.0011965582 50420 g
 5.61979 2.3235726 7.2843585 50425 a
 0.0027854003 -2.3622239E-4 -0.0027933896 50629 g
 5.6257753 2.343325 7.3873096 50633 a
 -4.103931E-4 -0.0031656995 6.6871976E-4 50820 g
 5.9687448 2.349909 7.2526355 50825 a
 0.009709619 2.9640982E-4 0.009457151 51019 g
 5.959168 2.3630772 7.2622123 51025 a
 -0.0017419737 2.9640982E-4 1.3608753E-4 51223 g
 6.0740895 2.4343045 7.3466077 51228 a
 0.0059811934 -0.001834119 0.0020003002 51420 g
 6.067506 2.3834279 7.3992805 51425 a
 -0.007600928 0.0018943065 0.0014676681 51618 g
 6.0567317 2.4947581 7.466318 51622 a
 6.548713E-4 -0.003697533 -0.0035928707 51827 g
 5.990891 2.6856956 7.608773 51833 a
 -0.0054703993 0.0024277377 -0.0059897155 52020 g
 5.913678 2.8999767 7.769783 52025 a
 0.008111722 -0.0055617457 -0.00226129 52216 g
 5.887342 2.9083564 7.769783 52220 a
 -0.00813356 -2.3622239E-4 6.6871976E-4 52421 g
 6.0998273 3.2363622 7.8446016 52427 a
 0.0057148775 -0.0031656995 -0.0022607574 52617 g
 6.2009826 3.1052797 7.751827 52621 a
 -0.0068019796 0.0010953582 9.350359E-4 52816 g
 6.364985 3.2106245 7.781754 52820 a
 0.011840148 -0.0031649007 0.0038639803 53019 g
 6.4380083 3.196858 7.841609 53023 a
 -0.010796721 0.0045582666 0.005728193 53216 g
 6.5020533 3.5110967 8.050503 53220 a
 0.010774883 -5.0173956E-4 4.0187102E-4 53416 g
 6.2434793 3.4847605 8.093599 53420 a
 -0.010264089 0.008020376 0.005461877 53615 g
 6.0878563 3.4991257 8.210915 53619 a
 -0.0089325085 -0.001567004 0.0017334515 53816 g
 5.9944825 3.5895069 8.20433 53820 a
 -0.008666192 -0.0018333201 -1.3076121E-4 54016 g
 6.1022215 3.6780925 8.198944 54020 a
 -4.103931E-4 -0.005029912 -1.3022858E-4 54221 g
 6.14831 4.083311 8.255207 54227 a
 0.017432787 -0.007160441 -0.006521815 54416 g
 6.114791 3.727772 8.034941 54420 a
 0.0035843486 0.0010953582 -0.0051902346 54616 g
 6.0226145 2.681506 7.6961613 54620 a
 -0.0014756576 -0.0026314694 -0.0035934031 54815 g
 5.8364654 2.4929626 7.406463 54819 a
 0.04592861 -0.036453616 -0.011050254 55016 g
 5.7598505 2.6024973 7.3484035 55020 a
 0.006780142 -0.006626211 -0.0073218285 55216 g
 5.915474 2.5785553 7.3268557 55220 a
 6.548713E-4 -0.014350177 -0.0033265545 55425 g
 5.99149 2.6030958 7.291541 55428 a
 0.011307515 -0.02233966 0.0065271417 55616 g
 5.969942 2.6168625 7.3627687 55620 a
 -4.103931E-4 0.01254775 0.0012008193 55816 g
 5.7867856 2.755726 7.3549876 55820 a
 0.0046493467 -0.0010327739 -0.0070560453 56021 g
 6.067506 2.5384524 7.3352356 56030 a
 -0.01745489 0.01787567 0.049669284 56215 g
 5.5497594 2.2505496 7.704541 56219 a
 -0.035031755 0.162219 0.07550195 56416 g
 5.575497 2.3319526 7.6231384 56420 a
 0.022226475 0.11348155 -0.0901456 56621 g
 5.3199162 2.747945 7.7608047 56626 a
 0.10425184 0.09137732 -0.22277103 56816 g
 4.823119 4.0318356 7.997831 56820 a
 0.10238762 0.2101543 -0.15858884 57016 g
 2.9221232 3.4889505 7.7494326 57029 a
 -0.20760432 0.59950686 -0.43582284 57220 g
 3.1789012 2.099715 7.7829514 57228 a
 -0.16659164 -0.122209795 -0.5452788 57416 g
 4.698621 2.7539306 8.232463 57420 a
 -0.1362316 -0.52914083 0.19348212 57616 g
 5.886145 3.3135753 7.8888946 57620 a
 0.02675385 -0.62794167 0.3617923 57821 g
 6.0483522 1.9375077 7.45315 57826 a
 -0.1825706 -0.14670849 0.08801934 58016 g
 6.187814 2.1655555 7.3765354 58020 a
 -0.007334612 -0.007425159 0.04008244 58216 g
 5.7466826 2.2469583 7.560889 58220 a
 0.035275966 0.026129872 -0.053393982 58421 g
 5.7999535 2.2918496 7.647679 58426 a
 -0.044086237 0.053027797 -0.056856092 58616 g
 5.4863133 2.4971523 7.6626425 58620 a
 0.027286481 0.017075123 0.048072454 58816 g
 5.973533 2.3648727 7.9822683 58820 a
 -0.044885185 -0.035122033 0.066447735 59021 g
 5.475539 1.9333179 6.8863225 59026 a
 0.15964559 -0.08385788 0.10959094 59216 g
 6.11539 2.1811178 7.101202 59220 a
 -0.042222023 -0.0127514815 -0.06884085 59416 g
 5.342661 2.297835 7.873931 59419 a
 -0.05101072 0.101765245 -0.04220977 59622 g
 5.635352 2.2331917 7.7560163 59627 a
 0.011573565 0.074601 0.0041292314 59816 g
 5.493496 1.9973627 7.5004354 59820 a
 -0.0033401367 -0.011951734 0.009189237 60145 g
