 0.027004719 -0.0139078265 0.0040181773 138 g
 0.025737667 1.1246762 9.843162 140 a
 -0.06327644 -0.44693783 -0.18719679 328 g
 -0.96665895 1.7471687 7.4166384 332 a
 -0.031584825 -0.010978349 -0.74246585 528 g
 -1.6891093 1.1384429 8.7292595 532 a
 0.036325783 0.019381687 -1.3866845 731 g
 -2.9059622 3.317765 8.59698 735 a
 0.12234589 0.24974512 -1.7693808 928 g
 6.060323 2.1320367 5.3474493 933 a
 0.9569806 -2.4288623 -4.364365 1129 g
 6.707356 1.9554642 7.513005 1133 a
 -2.1898103 -4.797214 -4.6977906 1339 g
 5.0679264 6.6612678 5.925649 1343 a
 1.2150412 0.13522653 -0.8071788 1528 g
 6.0064535 3.9354692 5.153519 1533 a
 1.2291559 -0.14893275 0.41894054 1726 g
 5.039196 5.29358 2.3463178 1730 a
 0.18626228 -0.14946805 -0.13925643 1936 g
 -1.198298 11.109096 -2.834735 1941 a
 0.48293844 -0.60620016 -2.3201191 2124 g
 2.3720553 8.920795 4.39336 2128 a
 -0.6840587 -0.64907706 -1.1904061 2324 g
 0.4782418 4.0581717 2.89459 2327 a
 0.14178777 -0.15239993 -0.20929596 2528 g
 -4.5555673 11.907562 4.490924 2533 a
 0.054169763 0.05266348 -1.0532517 2724 g
 -3.846285 8.409035 0.7823054 2727 a
 -0.011876633 0.67557687 0.0447696 2924 g
 -2.6599581 8.684368 1.2114661 2928 a
 -0.49390826 0.3229682 0.06314914 3132 g
 -1.7292122 7.5321584 4.1880574 3136 a
 -0.60309786 -0.39102527 0.29830626 3324 g
 0.6380547 7.345411 5.4659624 3327 a
 -1.0036373 -0.30766833 0.652773 3524 g
 1.5753847 6.066907 7.1311297 3527 a
 -1.0646229 -0.36893222 0.8346738 3732 g
 5.3378725 5.465364 10.56681 3736 a
 -0.9767386 -0.5518914 0.5499819 3924 g
 3.6954503 2.3439236 8.765172 3927 a
 -0.53864855 -0.029379195 0.36169642 4124 g
 3.651756 2.5049336 8.093599 4136 a
 -0.28644773 -0.23123908 0.16088928 4325 g
 4.344279 2.6132712 8.288128 4325 a
 -0.03477902 -0.2594686 -0.027396204 4522 g
 4.6902413 3.791817 8.738836 4526 a
 0.09385166 -0.25121278 -0.1349879 4722 g
 4.7201686 2.7659016 8.206725 4725 a
 -0.019599002 0.019364377 -7.6459354E-4 4929 g
 4.4873323 2.7311857 8.267777 4933 a
 0.011559984 0.040669665 0.07486918 5125 g
 4.423288 2.5528176 7.8876977 5129 a
 -0.016669525 -0.19901483 0.17393877 5323 g
 4.6680946 0.9379285 7.4585366 5327 a
 -0.42333394 0.06410309 -0.10808839 5527 g
 4.1784806 6.3524156 10.220847 5532 a
 0.40038177 0.4196351 -0.34510973 5721 g
 3.5901055 2.6940753 8.868123 5725 a
 -0.016669258 0.17276005 -0.001561944 5921 g
 3.2555158 3.0502129 8.772355 5925 a
 0.026740534 0.075018585 -0.010880877 6132 g
 3.9965212 2.8095956 8.455123 6136 a
 -0.020397417 -0.05414473 -0.042838812 6323 g
 3.7523127 1.9063832 8.048708 6327 a
 -0.16846918 -0.03283944 0.10416768 6521 g
 3.6290112 2.0332758 7.9631147 6525 a
 0.008897621 -0.0038152447 0.032531578 6728 g
 3.8486793 1.9506758 7.8745294 6732 a
 0.044317663 -0.017663682 -0.008214787 6922 g
 3.9001546 2.3301568 7.805696 6926 a
 -0.010543454 -0.010473147 -0.03884114 7123 g
 3.6104562 2.1769278 8.016386 7127 a
 0.010761834 0.02947347 0.017352093 7330 g
 3.4380736 2.5091233 8.096592 7335 a
 0.0022397186 0.0012439626 0.0011068097 7521 g
 3.8367083 2.7754784 8.315661 7524 a
 0.014223943 -0.026452912 -0.01327426 7722 g
 3.7852328 2.870648 8.632295 7726 a
 9.0813794E-4 0.0233482 0.0059005 7922 g
 3.83192 2.8245595 8.503606 7926 a
 -0.0025539715 0.015358716 0.004568919 8121 g
 3.8804023 2.878429 8.573038 8125 a
 0.010229202 0.007369233 5.7417754E-4 8321 g
 3.8923733 2.5306711 8.310274 8325 a
 -0.022793729 -0.009409747 4.2077943E-5 8529 g
 3.7732618 2.7311857 8.346786 8534 a
 0.007299991 -0.004349741 0.004569452 8721 g
 3.8456864 2.4486697 8.26658 8725 a
 -0.028919 0.0041723745 0.0040368196 8921 g
 3.7972038 2.4109612 8.22109 8924 a
 -9.558085E-4 -0.0030197583 -0.011142134 9129 g
 3.6912606 2.5306711 8.2516165 9134 a
 0.019284215 0.008165518 -0.0068810754 9318 g
 3.639785 2.7407625 8.438962 9322 a
 0.0011747204 0.010029731 -0.025256887 9522 g
 3.8989575 3.0262709 8.817246 9526 a
 -0.008412393 0.004701811 -0.0023526365 9728 g
 3.7858315 3.365649 9.135675 9733 a
 0.02833923 0.009229185 -0.0031515849 9922 g
 4.0336313 3.7642837 9.3104515 9926 a
 0.0038381477 -0.002488724 -0.0074126427 10122 g
 3.7660792 3.544017 9.300875 10125 a
 -4.2290997E-4 0.022809442 -7.536746E-4 10327 g
 3.840898 3.7247794 9.211093 10331 a
 0.016355004 -0.0083495425 -0.006612629 10525 g
 3.6607344 3.0789435 8.7532015 10529 a
 0.011561315 0.0017704695 0.0013768543 10722 g
 3.6062663 2.9346926 8.651448 10726 a
 0.006501575 0.0012362393 0.0013779196 10927 g
 3.6583402 2.9376855 8.608353 10931 a
 0.0017078852 -0.004622715 -4.8629323E-4 11119 g
 3.638588 2.878429 8.565256 11123 a
 0.004371046 0.0017688716 -7.5260934E-4 11321 g
 3.6122518 2.9221232 8.575432 11325 a
 0.0043713124 4.3542683E-4 -2.1891184E-4 11526 g
 3.6164417 2.9239187 8.550293 11530 a
 0.0017081515 4.3542683E-4 -0.0012841763 11720 g
 3.6326025 2.9502552 8.589199 11724 a
 6.428871E-4 -0.0011624699 -4.8522794E-4 11920 g
 3.6343982 2.9322984 8.560468 11924 a
 0.0011755193 -0.001695102 -0.0010178601 12123 g
 3.6314054 2.9281087 8.548497 12126 a
 3.7657097E-4 -6.2983757E-4 -0.0010178601 12320 g
 3.6104562 2.9484594 8.528745 12324 a
 -4.2237734E-4 0.0015006913 -2.1891184E-4 12520 g
 3.6254199 2.915539 8.556877 12523 a
 -6.886934E-4 0.0012343752 5.800365E-4 12722 g
 3.638588 2.932897 8.5886 12726 a
 1.1025487E-4 7.0174295E-4 -4.8522794E-4 12919 g
 3.6062663 2.9418752 8.559271 12923 a
 3.7657097E-4 1.6911073E-4 -2.1891184E-4 13117 g
 3.645172 2.9412768 8.536526 13121 a
 1.1025487E-4 -9.880328E-5 -4.8416268E-4 13325 g
 3.590704 2.9149406 8.532336 13328 a
 3.7657097E-4 -0.0030282806 -0.0015494272 13520 g
 3.6774938 2.9813797 8.566454 13524 a
 0.0014418354 1.6751283E-4 -0.00341364 13720 g
 3.5972881 2.9430726 8.573038 13724 a
 -6.886934E-4 0.0057593524 0.0013805827 13925 g
 3.6248214 2.9293058 8.561067 13929 a
 0.0022407838 -6.3223444E-4 0.0013805827 14120 g
 3.5990837 2.943671 8.509591 14124 a
 0.0049039447 0.0044277715 0.0019132149 14318 g
 3.626617 3.0041246 8.525752 14322 a
 0.0030399985 -0.0038288266 4.9534796E-5 14523 g
 3.527856 2.8496985 8.6257105 14527 a
 -0.007612646 0.013215404 0.0067074373 14718 g
 3.8504748 2.9508536 8.532336 14721 a
 -0.009476859 -0.026465695 -0.0060757357 14917 g
 3.4871547 2.9011738 8.599973 14921 a
 0.0065021077 0.017742777 0.0013811153 15120 g
 3.6721067 2.9496565 8.561067 15123 a
 0.007567372 0.002829076 5.82167E-4 15317 g
 3.6403837 3.0490158 8.4347725 15325 a
 0.016355803 -0.007823568 -0.001814678 15517 g
 3.4626143 2.9867666 8.525752 15523 a
 -0.0060150158 0.014547784 0.0051090084 15725 g
 3.6373909 2.943671 8.577228 15728 a
 -0.002020274 -0.01527962 -0.010337326 15917 g
 3.7283707 2.212841 8.471883 15920 a
 -0.1397057 -0.0054259244 0.06183434 16116 g
 3.6990416 2.0614076 8.036138 16120 a
 -0.056881126 -0.061886802 0.039731167 16324 g
 3.7900212 2.0189106 7.8463974 16328 a
 0.09252221 0.025198564 -0.022853117 16516 g
 3.946243 2.131438 7.787141 16520 a
 -0.0022863238 0.007621701 -0.03030997 16716 g
 3.8588545 2.1511903 7.837419 16720 a
 6.431534E-4 0.011614844 -0.0044762413 16924 g
 3.8594532 2.0757728 7.675811 16928 a
 -0.0062810653 -0.0014346449 -0.007938351 17113 g
 3.8025908 2.0242975 7.819463 17118 a
 -6.884271E-4 0.014544321 0.008839564 17314 g
 3.9001546 2.1428106 7.908048 17318 a
 0.0035726305 -0.0032980586 -0.002878877 17522 g
 3.7062242 1.9895816 7.802105 17525 a
 0.004637895 0.0020282634 -0.0012809804 17714 g
 3.6984432 2.006341 7.7590094 17719 a
 -9.5474324E-4 0.0020282634 0.0019148128 17912 g
 3.651756 1.9662381 7.8039002 17916 a
 3.768373E-4 0.0020282634 0.0011158645 18114 g
 3.6152446 1.9632454 7.848193 18119 a
 -0.002818956 0.0022945795 0.0019148128 18312 g
 3.5811272 1.9387048 7.854179 18316 a
 -0.007080014 -0.0024991103 -0.0034115093 18512 g
 3.502717 2.0350714 7.948151 18516 a
 0.009964217 0.0022937807 -0.0012804478 18722 g
 3.4081461 2.0638018 8.057087 18726 a
 0.0078336885 0.0020274646 -0.006873086 18912 g
 3.347094 2.0560207 8.045714 18917 a
 -0.01214002 0.0012285162 0.0011163971 19112 g
 3.3967736 2.1428106 8.098388 19116 a
 0.00836632 -0.001700961 -0.0015467639 19314 g
 3.5972881 3.1202433 8.406042 19319 a
 0.09918011 -1.0306433E-4 -0.029243639 19510 g
 3.6870706 2.9843724 8.507795 19514 a
 -0.011074755 0.013745373 -0.0129983565 19711 g
 3.6403837 2.2457612 8.407239 19716 a
 -0.08138194 0.0065532406 0.039999615 19916 g
 3.4769795 2.819771 8.608951 19920 a
 3.771036E-4 -0.0064962488 -0.024182567 20108 g
 3.7110126 3.0789435 8.668207 20111 a
 0.06296139 0.0036237633 -0.018856246 20313 g
 3.365649 3.12982 8.826224 20320 a
 0.015290805 0.012412195 -0.0060730726 20508 g
 3.7606924 2.6629508 8.647258 20512 a
 -0.06726719 0.007884821 0.026417492 20707 g
 3.6164417 2.7581203 8.675988 20711 a
 3.771036E-4 -0.0056973007 -0.012997291 20908 g
 3.4290953 3.1824925 8.579621 20911 a
 0.07521193 -0.0030341395 -0.015660452 21108 g
 3.5745432 2.89459 8.552089 21112 a
 -0.008677644 0.005754292 -0.0034099114 21308 g
 3.5529952 2.8939912 8.595782 21311 a
 0.0035728968 0.0022921828 -0.002344647 21508 g
 3.5380316 2.955642 8.610746 21511 a
 0.0019750001 -0.0014362427 -0.0010130665 21713 g
 3.5511997 2.9622262 8.583213 21717 a
 -0.0022860575 9.606022E-4 0.0032479912 21908 g
 3.5122938 2.9083564 8.588001 21911 a
 -0.0014871091 0.0022921828 -4.8043425E-4 22108 g
 3.551798 2.9622262 8.534132 22112 a
 1.11053814E-4 1.5899072E-4 -0.0010112022 22316 g
 3.5362358 2.9269116 8.544906 22320 a
 3.7736993E-4 9.57939E-4 -7.448862E-4 22508 g
 3.5392287 2.9317 8.56825 22512 a
 9.1000216E-4 -6.399576E-4 -7.448862E-4 22705 g
 3.527856 2.938284 8.580819 22709 a
 1.11053814E-4 6.916229E-4 -2.1225394E-4 22908 g
 3.539827 2.9520507 8.6017685 22912 a
 6.4368604E-4 -3.736415E-4 -4.7857006E-4 23108 g
 3.5458126 2.9233203 8.610746 23112 a
 -1.5526229E-4 1.5899072E-4 -7.448862E-4 23307 g
 3.5356374 2.942474 8.608951 23311 a
 3.7736993E-4 -6.4075657E-4 -7.443535E-4 23516 g
 3.5368345 2.9502552 8.595782 23520 a
 -1.5526229E-4 -1.0812434E-4 -2.117213E-4 23705 g
 3.532046 2.9442697 8.598177 23709 a
 3.7736993E-4 -0.0011733888 -7.443535E-4 23907 g
 3.53863 2.9322984 8.593389 23911 a
 3.7736993E-4 -0.0017052221 -0.0018101506 24115 g
 3.6098576 2.9352913 8.593987 24119 a
 0.0051710596 -0.0027704865 0.009641442 24307 g
 3.4685998 2.9873652 8.610746 24310 a
 9.1000216E-4 -1.0732539E-4 -0.014327007 24506 g
 3.558981 2.979584 8.570643 24510 a
 1.11053814E-4 -0.001972337 -0.0015433019 24714 g
 3.5164838 2.9161377 8.596381 24719 a
 -4.2157838E-4 0.0022887206 -0.0012769857 24906 g
 3.591901 2.9376855 8.5473 24910 a
 -1.5526229E-4 -0.0033039176 -0.0012769857 25106 g
 3.5284548 2.9173348 8.564658 25110 a
 0.0011763183 0.0014897723 5.4594802E-5 25306 g
 3.4913447 2.9867666 8.588001 25310 a
 9.1000216E-4 -1.0812434E-4 5.4594802E-5 25505 g
 3.5296519 2.9741971 8.567052 25509 a
 -0.0012205268 -3.7444045E-4 -2.117213E-4 25706 g
 3.578733 2.938284 8.557475 25710 a
 -0.0012202604 0.0020205404 8.5460837E-4 25913 g
 3.53863 2.9735985 8.605359 25918 a
 -1.5499597E-4 0.001221592 -4.7697214E-4 26105 g
 3.5482068 2.9550436 8.5700445 26109 a
 -1.5499597E-4 1.5632756E-4 3.2197617E-4 26305 g
 3.5422213 2.9269116 8.611943 26309 a
 -4.2131208E-4 0.0014871091 5.6192697E-5 26513 g
 3.5500026 2.9412768 8.614936 26517 a
 -4.2131208E-4 -0.001442368 -0.0010090717 26704 g
 3.5488055 2.9562407 8.598776 26708 a
 1.11320136E-4 -0.0017086841 -0.0015417039 26904 g
 3.549404 2.947861 8.567052 26908 a
 0.0014429006 -0.0022405174 -0.0010096043 27112 g
 3.518878 2.9340942 8.574833 27116 a
 1.11320136E-4 -1.09988556E-4 -0.0010096043 27306 g
 3.5523968 2.926313 8.591593 27310 a
 3.7763623E-4 -0.0017078852 -0.0012759204 27506 g
 3.5224693 2.967613 8.611345 27510 a
 1.11320136E-4 -9.097358E-4 -0.0010090717 27709 g
 3.5500026 2.9592333 8.562862 27713 a
 3.7763623E-4 1.555286E-4 -2.1012341E-4 27905 g
 3.5326445 2.961029 8.56825 27909 a
 -9.539443E-4 0.0020197413 0.0011214571 28105 g
 3.5284548 2.942474 8.603564 28109 a
 -4.2104576E-4 0.0022844595 3.2357406E-4 28311 g
 3.5458126 2.9388826 8.592192 28315 a
 -1.5472966E-4 9.52879E-4 5.7257963E-5 28505 g
 3.4985273 2.930503 8.565855 28509 a
 3.7790256E-4 6.865629E-4 5.7257963E-5 28701 g
 3.539827 2.9370868 8.595782 28705 a
 3.7763623E-4 -3.7790256E-4 -2.0959077E-4 28903 g
 3.5194764 2.9550436 8.600571 28907 a
 6.4395234E-4 6.8736187E-4 -0.0010085391 29104 g
 3.5344403 2.9454668 8.571242 29108 a
 -4.2131208E-4 1.5472966E-4 -7.42223E-4 29304 g
 3.5344403 2.942474 8.590396 29309 a
 3.7790256E-4 -6.450176E-4 -4.7537425E-4 29510 g
 3.5655649 2.9502552 8.565855 29514 a
 -4.2104576E-4 -6.450176E-4 5.7257963E-5 29703 g
 3.525462 2.9251158 8.591593 29706 a
 -4.2104576E-4 1.5393071E-4 -7.4169034E-4 29905 g
 3.5302503 2.9466639 8.568848 29909 a
 3.7790256E-4 -0.001976598 -0.0012743226 30104 g
 3.566762 2.9580362 8.595184 30108 a
 6.4421864E-4 -0.001443966 -0.0012743226 30303 g
 3.5368345 2.9460652 8.547898 30307 a
 9.1053476E-4 -0.001710282 -0.0012743226 30503 g
 3.53863 2.9514523 8.534132 30507 a
 1.1158645E-4 -6.468818E-4 -0.0010069412 30715 g
 3.5087025 2.9580362 8.591593 30720 a
 3.7790256E-4 -6.468818E-4 -7.406251E-4 30902 g
 3.5793316 2.9287071 8.595184 30905 a
 0.0049052765 0.0020162791 0.017102554 31101 g
 3.5571852 2.9592333 8.5538845 31105 a
 -0.003616839 0.0028160266 -0.006600112 31310 g
 3.6176388 2.9412768 8.544906 31314 a
 -0.003883155 -0.003309244 -0.009795905 31500 g
 3.5410242 2.9364884 8.595184 31504 a
 -4.2104576E-4 0.003614975 -2.0852551E-4 31700 g
 3.5272577 2.930503 8.5886 31704 a
 3.7816886E-4 0.001214934 5.9255335E-4 31908 g
 3.5051112 2.954445 8.59279 31912 a
 3.7816886E-4 9.48618E-4 -2.0639498E-4 32100 g
 3.53863 2.9317 8.562862 32104 a
 1.11852765E-4 -1.1664646E-4 -2.0639498E-4 32297 g
 3.5350387 2.955642 8.597578 32304 a
 3.7790256E-4 -3.8136466E-4 -0.0010064086 32506 g
 3.527856 2.9161377 8.581417 32510 a
 6.4421864E-4 -9.139969E-4 -0.0015390408 32700 g
 3.5535939 2.9364884 8.56825 32704 a
 9.1053476E-4 -0.0019792614 -0.0018053569 32900 g
 3.5338416 2.938284 8.576629 32904 a
 6.44485E-4 -0.0017145431 -0.0012716594 33110 g
 3.5661635 2.9430726 8.597578 33114 a
 6.44485E-4 -0.0011819109 -0.0010053433 33297 g
 3.5344403 2.954445 8.584411 33304 a
 1.11852765E-4 -3.8296255E-4 -7.390272E-4 33495 g
 3.5691562 2.9586349 8.598177 33499 a
 -1.5446334E-4 4.149205E-4 -4.7217845E-4 33703 g
 3.5332432 2.949058 8.567052 33706 a
 -9.534117E-4 0.0017465011 5.9308595E-4 33895 g
 3.5404258 2.954445 8.607754 33899 a
 -6.8709557E-4 0.001480185 6.0453756E-5 34095 g
 3.4973302 2.9753942 8.616732 34099 a
 -9.534117E-4 -0.0033124397 3.2623723E-4 34304 g
 3.6008794 2.926313 8.59279 34307 a
 -0.023590282 -0.044058803 0.025892584 34495 g
 3.639785 2.8700492 8.457518 34499 a
 -0.014269217 -0.026481941 0.025359951 34696 g
 3.6882677 2.9053638 8.5143795 34700 a
 0.06003298 -0.026483007 -0.022842731 34905 g
 3.5116954 3.316568 9.020754 34909 a
 0.06908772 0.074184485 -0.04148486 35094 g
 3.7415388 3.317765 8.550891 35098 a
 -0.089636676 0.0022791333 -0.04414802 35294 g
 3.430891 2.3020248 8.673594 35298 a
 -0.061406903 0.05527364 0.041607365 35503 g
 3.5990837 2.19668 8.200141 35510 a
 -0.0020184098 0.001211472 -0.018846393 35694 g
 3.4680011 2.1212628 8.097789 35699 a
 -0.014801583 -0.0043811663 0.0051220576 35894 g
 2.9652188 1.9189527 7.9954367 35898 a
 -0.01133974 0.012930979 -0.0073958645 36102 g
 2.8814218 1.8112136 8.072051 36106 a
 0.012362394 -1.1851067E-4 -0.008727445 36294 g
 2.9149406 1.9482816 8.182783 36297 a
 -0.0073449984 0.008669921 -0.0015369103 36496 g
 3.1358056 2.023699 8.025364 36500 a
 0.019286878 -0.0046482813 -0.0028668928 36700 g
 3.1741128 2.1428106 8.104971 36704 a
 0.02195004 -0.0011861719 -0.0036658412 36893 g
 3.252523 2.2301989 8.118738 36897 a
 0.010764764 0.0020096214 -7.3636405E-4 37093 g
 3.2836475 2.2457612 8.191761 37097 a
 0.004639493 6.780408E-4 -2.0373182E-4 37292 g
 3.2321723 2.2732944 8.1756 37293 a
 0.01236266 -0.0017188041 -0.0023342606 37493 g
 3.2237926 2.368464 8.22528 37497 a
 0.01236266 0.0041401503 -0.0023342606 37694 g
 3.2441432 2.4169466 8.328829 37698 a
 0.009965815 0.0052054147 -7.3636405E-4 37893 g
 3.2465374 2.5647886 8.343793 37897 a
 0.008101602 0.0022759375 -0.0015353124 38092 g
 3.2962172 2.6366146 8.280945 38096 a
 -9.531453E-4 -0.0030503846 0.006986803 38293 g
 4.2401314 2.5737667 8.672996 38296 a
 -0.018529743 -0.2022559 0.15825489 38496 g
 5.282806 2.8898015 7.848193 38501 a
 0.5218256 -0.53914577 0.8152567 38694 g
 3.9827545 2.8048072 8.101978 38698 a
 0.33220857 0.16898875 0.51458585 38893 g
 5.495291 3.5206735 7.5171947 38897 a
 -0.17459098 -0.18867537 -0.17064445 39097 g
 6.1728506 2.2894554 7.1251445 39101 a
 -0.5186714 0.12158289 -0.4215142 39293 g
 4.782418 2.2720973 8.134899 39296 a
 0.13167255 0.10587024 0.118042216 39493 g
 4.0743327 2.7036524 8.224682 39496 a
 0.26083612 0.22171615 -0.026566364 39697 g
 4.4125137 3.8923733 8.868722 39702 a
 -0.015067366 0.21665615 -0.4172521 39893 g
 2.007538 5.497087 7.5267715 39896 a
 0.36070466 0.11332549 -0.06411693 40093 g
 2.7659016 3.4835634 6.353613 40096 a
 0.17002259 0.3338299 -0.25266528 40297 g
 3.3141737 2.3493104 11.396998 40301 a
 -0.65422577 0.13116334 -0.103794575 40492 g
 4.5154643 2.4839842 9.077616 40495 a
 -0.23158209 -0.29520875 0.09780672 40693 g
 4.4208937 2.3570917 8.214506 40698 a
 -0.055813998 -0.30052894 -0.055329036 40897 g
 3.2782607 2.8407204 8.462306 40901 a
 0.082670376 -0.05338759 -0.031360585 41092 g
 4.0186677 3.192668 8.338406 41096 a
 0.09492092 -0.0485939 -0.045475338 41292 g
 3.8827965 3.572149 8.086416 41296 a
 0.17907707 -0.058982093 0.062916644 41495 g
 3.989937 3.3566709 8.270171 41498 a
 -0.040367395 -0.011045194 -0.061452974 41692 g
 3.5368345 3.1914709 8.588001 41697 a
 -0.13198014 0.1277055 -0.11338461 41892 g
 3.6170402 2.758719 8.897452 41896 a
 -0.3077485 0.07550594 -0.2183121 42090 g
 3.25372 3.6727054 8.640674 42094 a
 0.1567068 -0.05232579 -0.0729035 42290 g
 3.5236664 3.1651347 8.619126 42294 a
 0.04458771 -0.07256582 0.028030302 42489 g
 4.1258082 3.3345244 8.204929 42493 a
 0.05444114 -0.089608446 0.07729772 42694 g
 3.4979286 3.0735564 8.465898 42699 a
 -0.027584223 0.052338038 0.019507121 42890 g
 3.7726634 3.0322564 8.378509 42894 a
 0.029940056 -0.0073167686 0.06584612 43090 g
 4.063559 3.2465374 8.453327 43094 a
 0.04032665 -0.005455752 0.005128183 43292 g
 4.1653123 3.4183214 8.252214 43296 a
 0.0957204 0.044079043 -0.03641713 43490 g
 3.032855 4.1216183 8.507795 43494 a
 -0.027051324 0.5127954 -0.13282356 43690 g
 -0.013766659 1.9548657 8.892664 43694 a
 -0.3586149 0.7929599 -0.22230577 43891 g
 1.2018893 4.1491513 7.678205 43894 a
 -0.0150671005 0.028899025 -0.049999252 44090 g
 1.0283096 3.6379895 9.715671 44094 a
 0.24805321 -0.37883094 0.19341367 44290 g
 2.947861 3.016694 10.005967 44294 a
 0.056571934 -0.44248047 0.373976 44525 g
 5.505467 1.5646108 7.5375457 44666 a
 0.16602786 -0.36231932 0.72684485 44865 g
 2.4259248 2.4432828 7.7637978 44867 a
 0.19159366 0.077907845 0.865591 45065 g
 3.9516299 0.9504981 9.836577 45067 a
 -0.25821424 0.37884504 0.25625974 45263 g
 4.185065 0.90381116 8.683769 45265 a
 -0.26620373 -0.044597562 -0.6366982 45463 g
 4.0222588 0.83018947 8.949526 45465 a
 0.018222148 0.004666657 -0.025499767 45664 g
 3.7523127 1.9913772 8.796896 45666 a
 0.1101012 -0.011578625 -0.041478734 45862 g
 4.348469 1.3670892 8.5886 45864 a
 -0.0033494576 -0.05445552 -0.023102922 45942 g
 4.250905 0.57879823 8.477868 45947 a
 -0.045427404 -0.012910206 0.080227725 45967 g
 4.3754034 0.9343372 8.917803 45969 a
 -0.07152665 -0.006513293 0.10099692 45990 g
 4.4921207 0.9307459 8.946533 45993 a
 -0.06673296 -0.027019633 0.10632324 46007 g
 4.4538136 0.98341835 8.6299 46008 a
 -0.05687926 -0.032345954 0.11111693 46015 g
 4.2945995 0.9684546 8.552089 46027 a
 -0.049156096 -0.024889104 0.12150326 46047 g
 4.289212 0.83737206 8.781932 46048 a
 -0.04249819 0.005737248 0.13215591 46067 g
 4.4316673 0.75118077 8.98484 46069 a
 -0.012937103 0.028374117 0.1502654 46086 g
 4.5435963 1.0426749 9.028535 46088 a
 0.0059713395 0.010264622 0.18275596 46107 g
 4.1437645 0.6596026 8.462306 46108 a
 0.056837715 -0.063771255 0.17583175 46126 g
 4.0533834 1.1390414 8.479664 46128 a
 0.11036725 -0.12955134 0.10605693 46146 g
 3.989937 1.4185646 8.861539 46148 a
 0.07734406 -0.10718078 0.04507054 46166 g
 4.0186677 1.5095441 8.92319 46168 a
 0.071751416 -0.04912387 0.015243135 46186 g
 4.052785 1.6274586 8.84478 46188 a
 0.07627879 -0.04646071 0.00938418 46206 g
 4.0360255 1.4796166 8.670602 46208 a
 0.056038767 -0.09785972 0.013645238 46226 g
 4.107253 1.2916719 8.751406 46228 a
 0.015026087 -0.12981765 0.020569457 46246 g
 4.271256 1.086369 8.771756 46248 a
 -0.0054802527 -0.12768713 0.02589578 46270 g
 4.5202527 1.1833342 8.662222 46271 a
 -0.003349724 -0.10664815 0.016308399 46287 g
 4.175488 0.22625206 8.801085 46289 a
 0.058968246 -0.1652377 0.0069873356 46306 g
 4.667496 0.75956047 8.698134 46308 a
 0.030738737 -0.097593404 -0.0028663604 46326 g
 4.824915 1.1432313 8.913014 46328 a
 0.09145881 -0.10265341 -0.011388476 46347 g
 4.748899 1.4568717 8.520366 46348 a
 0.14152624 -0.14260082 -0.0018010958 46367 g
 5.1864395 1.5490485 8.149264 46368 a
 0.20996948 -0.14126924 0.016042084 46387 g
 5.2115784 1.0696096 8.932767 46388 a
 0.21316527 -0.070695475 0.019770509 46406 g
 4.3520603 2.3421278 8.607155 46408 a
 0.17667997 -0.18201561 0.07143583 46426 g
 5.273229 1.3227965 8.531737 46429 a
 0.20091473 -0.13674188 0.0626474 46446 g
 5.0930657 1.5400703 7.9433627 46447 a
 0.22168739 -0.19453247 0.09327375 46466 g
 5.1026425 2.2703018 9.223063 46467 a
 0.25337902 -0.06084178 0.06451161 46486 g
 4.209605 0.8265981 8.333617 46487 a
 0.2829401 -0.13381346 0.10419325 46508 g
 2.541445 0.79248077 7.9008656 46510 a
 0.2549769 -0.24966097 0.19607231 46530 g
 4.827309 2.0626047 8.372523 46531 a
 0.23127477 -0.19772932 0.2306934 46547 g
 5.0284224 1.7884687 8.842385 46548 a
 0.248319 -0.03793966 0.21924181 46567 g
 5.519832 1.5508442 8.280347 46569 a
 0.23340529 -0.055250205 0.18595229 46587 g
 4.554969 1.8722657 8.289325 46589 a
 0.1740168 -0.11996502 0.063180566 46607 g
 4.0306387 1.8608932 6.7743936 46609 a
 0.13380307 -0.10025763 0.06744163 46627 g
 4.203021 0.587178 9.088389 46629 a
 -0.005746569 0.15727004 0.12416696 46647 g
 4.9482164 1.977012 8.555081 46649 a
 0.036331374 0.004404602 0.07170268 46667 g
 5.505467 1.1994951 8.054693 46669 a
 0.038195588 0.011595137 0.04666897 46687 g
 5.355231 0.4429273 9.255385 46690 a
 -0.016399214 0.047281496 -0.038019553 46707 g
 5.4162827 1.5514427 8.483255 46712 a
 0.055506136 -0.2898747 -0.076102756 46731 g
 4.7177744 1.8339585 8.429385 46736 a
 0.18786524 -0.25392202 -0.05319957 46751 g
 4.8602295 1.5735891 7.903858 46756 a
 0.2666948 -0.030216493 0.090078495 46770 g
 4.8003745 1.3640964 7.973889 46774 a
 0.27681482 0.2510133 0.14893435 46791 g
 5.079299 1.75076 8.183381 46796 a
 0.24086215 0.30267864 0.12949328 46812 g
 5.059547 2.0697873 8.396465 46817 a
 0.21076843 0.22651224 0.11511221 46832 g
 4.8662148 2.2284033 8.670602 46837 a
 0.22328529 0.17910796 0.111916415 46852 g
 4.6375685 2.1894975 8.416218 46857 a
 0.26083586 0.19162482 0.10738904 46871 g
 4.395156 1.8770541 8.2037325 46876 a
 0.25630847 0.19002692 0.061316352 46891 g
 3.9258924 1.7316064 8.214506 46894 a
 0.19931683 0.17537954 -0.011654259 46911 g
 3.5087025 2.094328 8.338406 46917 a
 0.1524452 0.12557843 -0.033758495 46933 g
 3.116652 1.9135658 8.415619 46938 a
 0.12847675 0.09069102 -0.006860569 46951 g
 4.2664676 2.4821887 8.259995 46956 a
 0.1061062 0.13436686 0.01231419 46970 g
 4.437054 1.697489 8.347384 46974 a
 0.05523982 0.13782898 -0.016980581 46990 g
 4.3598413 1.857302 8.474875 46997 a
 -0.009208678 0.10214261 -0.10379963 47012 g
 4.4741645 1.8154035 8.517372 47017 a
 -0.04942241 0.08509758 -0.1565297 47033 g
 4.8279076 2.0859482 8.464102 47038 a
 -0.047291882 0.031035414 -0.14960547 47050 g
 4.799177 2.1517887 8.800487 47055 a
 -0.0076107816 -0.005982525 -0.09740751 47070 g
 4.734534 1.8417397 8.620922 47075 a
 0.069887206 -0.03634256 -0.009256882 47091 g
 4.3885717 2.2092497 8.723872 47097 a
 0.13886307 -0.06297417 0.06930637 47111 g
 4.7985787 1.7369933 8.306683 47116 a
 0.17960945 -0.060311012 0.12629801 47132 g
 4.7524905 1.6980876 8.052299 47137 a
 0.13886307 -0.03234782 0.08661692 47151 g
 4.607641 2.078167 8.265982 47156 a
 0.076545104 -0.038206775 0.011515775 47172 g
 4.003105 2.2068555 8.447941 47176 a
 0.06935457 -0.07522471 0.004857872 47188 g
 3.8714242 1.7914615 8.926781 47193 a
 0.100779876 -0.15538587 0.056789514 47211 g
 4.0294414 1.8854338 8.377312 47217 a
 0.16256522 -0.25578704 0.10206325 47232 g
 4.5765166 1.7280151 8.985439 47236 a
 0.20570841 -0.17269641 0.14467382 47252 g
 3.9863458 1.7178397 8.489241 47257 a
 0.268559 -0.116237395 0.18542019 47270 g
 5.0254292 2.5049336 8.738836 47273 a
 0.30637592 -0.20465434 0.21950865 47291 g
 5.2684407 2.1158757 7.457938 47296 a
 0.34206226 -0.2981313 0.22749814 47310 g
 5.7945666 1.7842789 8.071452 47313 a
 0.268559 -0.21264382 0.16304964 47330 g
 4.724957 1.7004818 9.018958 47334 a
 0.28214115 -0.20039329 0.07117058 47350 g
 4.0503907 0.6051345 8.869919 47355 a
 0.46723083 -0.37376508 0.06398005 47370 g
 5.473145 5.0224366 7.301118 47373 a
 0.6568479 -0.5103852 0.022168418 47390 g
 4.675876 5.2660465 3.8504748 47395 a
 0.61476994 -0.323165 0.07090427 47410 g
 2.9909565 1.7621324 9.856929 47415 a
 0.5742899 -0.10398685 0.5460122 47430 g
 8.479664 1.7860745 3.942053 47434 a
 0.42648447 0.5325087 0.67890394 47450 g
 4.923676 4.3448777 11.253346 47454 a
 -0.35408804 0.9253249 0.24560763 47470 g
 3.957017 3.9492357 10.111911 47475 a
 -0.15941097 0.06805335 0.3143172 47490 g
 3.5661635 4.183269 6.781576 47495 a
 0.1790768 0.013192235 0.40140256 47510 g
 4.6782703 2.3894134 7.1712327 47516 a
 0.1441894 0.5735213 0.4037994 47530 g
 3.1142578 4.8602295 7.9325886 47535 a
 0.07255063 1.2153397 0.29194903 47559 g
 4.3688197 -0.59974754 9.451111 47566 a
 0.0022431805 1.6153464 0.3689144 47571 g
 3.6858735 0.5770026 8.197746 47575 a
 -0.03397581 0.679778 0.2834269 47590 g
 3.429694 3.7175968 6.6786256 47593 a
 -0.21480444 -0.36444747 0.23442475 47610 g
 5.575497 0.6302736 9.10455 47615 a
 -0.52692693 -0.54128134 0.30100378 47630 g
 6.4368114 2.055422 9.387665 47635 a
 -0.3793878 -0.5681793 0.16251941 47650 g
 2.831742 2.0590134 7.9744873 47655 a
 0.008102135 -0.22569677 6.657903E-5 47670 g
 5.4605756 2.268506 7.301717 47674 a
 0.025146365 -0.34527272 0.2914164 47690 g
 5.04578 3.638588 7.369353 47695 a
 -0.0768527 -0.30452633 0.31565118 47710 g
 3.9713821 3.5661635 7.7626004 47715 a
 -0.1644707 -0.0097144125 0.25732794 47730 g
 3.9851487 1.0851719 8.672397 47734 a
 -0.35302252 -0.056053415 0.4352271 47750 g
 5.710171 3.525462 7.7189064 47754 a
 -0.4393089 -0.44860336 0.55640095 47770 g
 2.830545 0.1364695 10.338163 47776 a
 -0.23637605 0.32477862 0.13242568 47790 g
 0.47345337 0.52253455 7.195773 47794 a
 -0.11546854 -0.11597454 0.35160384 47810 g
 6.623559 2.695871 6.7767878 47815 a
 -0.2800519 -0.68376046 0.92711294 47830 g
 5.253477 2.110489 7.6129627 47834 a
 -0.58045644 -0.6281004 0.6541389 47848 g
 4.933253 0.6739678 8.479065 47853 a
 -0.6867166 -0.29014528 0.48023453 47869 g
 5.4342394 0.18495208 9.172187 47876 a
 -0.66221553 -0.4739034 0.8189886 47890 g
 11.915942 -0.28072014 9.736021 47894 a
 -0.58844596 -0.77404165 0.85068023 47909 g
 8.418612 1.0085574 7.9888525 47914 a
 -0.27792138 -0.40918857 -0.15279886 47931 g
 10.741586 2.5252843 8.378509 47935 a
 -0.12878434 -0.64967203 -1.0135325 47949 g
 4.6417584 -0.30346507 7.140108 47953 a
 -0.0033494576 -0.05152604 -1.8449714 47969 g
 10.064626 0.5847838 9.105747 47974 a
 0.08586644 0.7426286 -2.3706794 47990 g
 -16.49126 6.330868 14.446613 47995 a
 0.4472574 2.3088336 -3.6292894 48010 g
 3.2429461 1.6011224 7.5225816 48014 a
 0.8485958 1.8579605 -1.3538845 48030 g
 4.4364557 1.4873978 7.657854 48034 a
 0.5481912 -0.1633788 -0.24308002 48052 g
 6.042965 4.739322 8.579023 48060 a
 0.3929289 -0.72077733 -0.048936117 48076 g
 4.787206 3.0777464 6.8905125 48081 a
 0.32874674 -1.0416882 -0.32883435 48087 g
 4.4514194 3.0095115 7.755418 48095 a
 0.13220544 -0.9205144 -0.3376228 48110 g
 4.423288 0.45489833 5.801151 48115 a
 0.02834216 -0.82730377 -0.25080374 48131 g
 4.0306387 0.98581254 8.059482 48137 a
 -0.4025573 -0.30053052 -0.13895096 48149 g
 8.189965 6.3913217 10.483012 48154 a
 -0.4864469 -0.13408297 0.083156675 48169 g
 3.9935284 6.1884127 8.267179 48175 a
 -0.15754649 -0.35485902 -0.18715417 48191 g
 5.149928 2.1188686 7.643489 48196 a
 0.013694773 -0.53408974 0.09008089 48211 g
 6.31351 1.1378443 6.289568 48215 a
 0.07681169 -0.43342227 0.21365157 48229 g
 5.7784057 1.3335704 7.515399 48235 a
 -0.034774758 0.1761753 0.13588727 48251 g
 8.258799 3.4249055 9.761759 48255 a
 0.0041073933 0.5863021 0.24960424 48270 g
 8.658031 4.92607 9.287108 48275 a
 0.28879932 0.027837224 0.5175182 48290 g
 4.473566 4.1635165 6.6480994 48294 a
 0.61477023 -0.6731068 1.242697 48309 g
 3.4943373 5.1624975 6.522404 48316 a
 0.66829973 -0.74687636 1.7409744 48330 g
 3.6218286 0.16699557 6.8581905 48335 a
 0.36576468 -0.48641917 1.4176667 48351 g
 3.8708255 -0.84694886 9.088389 48357 a
 0.21529606 -0.6158488 0.9990178 48368 g
 5.7095723 1.9644425 8.337209 48372 a
 0.103709616 -1.3207875 0.57717305 48390 g
 5.28939 2.9801826 7.4968443 48396 a
 0.08533381 -1.6377037 0.53243196 48409 g
 7.0569096 1.7363948 7.1407065 48416 a
 0.15830442 -1.851023 0.80434066 48430 g
 7.2909427 0.82899237 7.4711065 48435 a
 0.2736193 -1.7636713 0.8751808 48451 g
 7.714118 1.3634979 5.571307 48456 a
 0.41876158 -1.5005509 0.7287069 48468 g
 7.7847466 0.9127894 5.346851 48473 a
 0.44299632 -0.8962797 0.6208489 48492 g
 8.292916 3.1316159 5.1080294 48498 a
 0.4685627 -0.28961158 0.48289716 48508 g
 9.944916 7.81228 6.2099605 48513 a
 0.5939976 0.08935624 0.35692963 48531 g
 4.537012 2.5258827 7.965509 48536 a
 0.71144295 0.629179 0.11644618 48550 g
 0.92895025 2.2559366 8.127118 48555 a
 0.9407411 1.448101 -0.05958876 48570 g
 9.388862 -3.5847185 8.480861 48573 a
 0.9452683 2.050245 0.21631233 48592 g
 7.617751 2.4349031 5.687426 48597 a
 0.66031003 0.68777174 0.18834914 48607 g
 6.019023 3.8953662 2.759916 48612 a
 0.5045151 0.47764832 0.8501447 48630 g
 5.140351 1.6801311 8.006809 48635 a
 0.26429796 -0.038205974 0.63522756 48651 g
 7.029376 2.7204118 6.4002995 48656 a
 0.8736292 0.5535484 0.34760618 48670 g
 6.073491 0.17657238 7.0784574 48675 a
 0.6286184 0.6283832 0.29274505 48691 g
 6.76781 -0.4165911 7.2089415 48695 a
 0.39319497 0.79349923 0.41977784 48711 g
 6.337452 -0.20231004 7.5333557 48716 a
 0.1937242 0.6552812 0.5643875 48731 g
 5.4791307 1.4431051 7.055114 48735 a
 0.22088844 0.42545035 0.6589297 48751 g
 5.517438 1.4933833 7.201759 48755 a
 0.22408423 0.6275843 0.79235405 48771 g
 6.159084 1.46585 7.4711065 48775 a
 0.2650969 0.9745942 0.8227141 48790 g
 6.5762734 1.8285716 7.523779 48795 a
 0.35617703 0.9271899 0.6517392 48809 g
 6.4044895 2.1667526 7.53156 48813 a
 0.4206255 0.52318835 0.37716725 48828 g
 4.730344 2.8209682 7.667431 48833 a
 0.37135702 0.67019486 0.4240389 48850 g
 5.3564277 3.6703112 8.7609825 48855 a
 0.29385906 1.7165508 0.85626996 48870 g
 3.8845923 1.6891093 9.165603 48875 a
 0.46430135 2.728552 1.0701218 48891 g
 7.6093717 -1.7154455 10.07121 48896 a
 0.90159243 2.4113696 1.2243187 48910 g
 5.889736 0.24959552 9.827001 48915 a
 1.2768317 0.8398382 0.8208499 48930 g
 3.247136 3.3800142 7.5267715 48933 a
 1.3186435 0.27524808 0.64827704 48947 g
 2.6312277 2.143409 8.200739 48953 a
 1.2107854 1.364481 1.139364 48969 g
 3.0220811 -1.2294226 10.311228 48973 a
 1.1141126 2.7088447 1.392098 49015 g
 3.858256 -0.073621705 11.349713 49019 a
 1.3338234 3.0057871 1.0682576 49025 g
 4.659715 -0.25438392 12.33373 49028 a
 1.8888263 2.895266 1.026446 49034 g
 2.7329812 1.882441 11.122264 49038 a
 2.4339752 2.2284105 1.108205 49047 g
 1.103727 3.0490158 9.381081 49051 a
 2.7881758 1.9253427 1.4504212 49070 g
 2.0248961 3.4859576 8.148665 49074 a
 2.910681 2.348519 1.8722659 49086 g
 1.2318168 2.8538885 8.160038 49091 a
 2.7905724 3.244676 1.9505607 49117 g
 1.8561049 2.806603 9.746197 49125 a
 2.465134 4.026314 1.955088 49129 g
 -0.090381116 4.347272 9.607333 49133 a
 2.5042825 3.976513 2.1481671 49149 g
 3.0490158 5.161899 5.595848 49153 a
 2.8158724 3.4769037 2.8307354 49173 g
 1.06123 2.814384 4.5112743 49177 a
 2.185502 2.491268 2.7431173 49188 g
 2.5115175 3.6314054 5.518635 49192 a
 1.2256988 2.2619698 2.3495023 49213 g
 1.8459295 4.283227 5.6664767 49219 a
 0.39399365 1.6811342 1.7814499 49226 g
 0.81881696 4.8919525 6.949769 49230 a
 -0.07658692 1.1716715 1.5146012 49249 g
 -1.002572 7.1275387 7.2610154 49253 a
 -0.25421977 1.2086895 1.6344435 49271 g
 0.45429978 5.533 8.139089 49277 a
 -0.703495 1.3735392 1.8450994 49289 g
 -0.23942018 6.096236 6.5188127 49295 a
 -1.300842 1.2694095 1.5798486 49309 g
 -1.0947487 5.2840033 8.519767 49313 a
 -1.8419964 1.3738055 1.0171227 49329 g
 -2.190096 3.7247794 10.149619 49334 a
 -1.9421313 0.9807229 0.837892 49350 g
 -3.514688 5.5647235 8.546103 49353 a
 -1.4952528 0.7703332 2.0823872 49443 g
 4.26946 -0.29927522 9.898827 49586 a
 -0.69550556 0.13676716 1.559875 50098 g
 0.06404489 1.9147629 8.910022 50099 a
 0.065058365 0.77474046 0.14680675 50169 g
 -1.5424645 3.2423477 9.774328 50799 a
 0.06402745 -0.023548203 -0.007932225 50998 g
 1.3988123 3.651756 9.837176 50999 a
 -0.0062800003 -1.2643149 -0.11632288 51197 g
 2.2212207 2.6761189 8.27077 51200 a
 0.018487398 -0.06722404 -0.20820194 51398 g
 -0.20829555 3.7822402 9.078813 51399 a
 0.23100898 0.6968214 0.025100825 51604 g
 -1.1827357 3.5655649 8.643068 51607 a
 -0.18231362 0.729312 0.5177856 51797 g
 -0.7086837 3.3225534 9.054273 51798 a
 -0.2001568 -0.09333847 0.18941787 51997 g
 -0.8846575 3.2142158 9.408015 52001 a
 -0.07818242 -0.038764175 0.009667541 52148 g
 -1.0564415 3.1160536 9.11293 52303 a
 0.011033476 0.050984353 0.018722288 52504 g
 -0.92416185 2.9706059 9.366715 52511 a
 -0.04675712 -0.06752631 0.010200174 52703 g
 -0.94211835 3.05141 9.176376 52710 a
 -0.033436786 0.021902103 0.02195217 52911 g
 -0.89543146 3.0382419 9.120711 52914 a
 0.007043262 0.008586298 0.029142706 53103 g
 -0.94211835 2.926313 9.130288 53108 a
 -0.014794659 0.0149778845 -6.846987E-4 53303 g
 -1.0366893 2.8874073 9.256582 53309 a
 -0.021449631 0.025598038 -0.010784204 53506 g
 -1.1378443 2.8742392 9.241618 53512 a
 1.2197278E-4 0.014412762 -0.0059905145 53702 g
 -0.88765025 2.906561 9.427768 53707 a
 0.0022525017 -0.082526304 0.0073252907 53902 g
 -0.8146271 3.494936 9.958682 53907 a
 0.041402303 -0.0905339 0.011065168 54104 g
 -2.2301989 2.6641479 10.119692 54109 a
 -0.057400975 0.51719946 0.0097335875 54302 g
 -0.83378077 2.336741 7.32506 54306 a
 0.08694235 -0.047390684 0.853423 54502 g
 -0.943914 5.1996074 7.7877398 54507 a
 0.8544662 -0.20479283 0.55036116 54711 g
 -0.02633622 5.1481323 8.6574335 54715 a
 -0.112261295 -0.056987386 0.11280378 54905 g
 0.23642741 4.617218 8.500613 54909 a
 -0.041154895 -0.19094439 0.09389534 55101 g
 0.46028528 4.5980644 8.746617 55106 a
 -0.018783808 -0.03941665 0.0033518546 55306 g
 0.4890157 4.1677065 8.385093 55312 a
 -0.024909077 0.03515186 0.012939234 55497 g
 -0.038905777 4.5459905 8.641273 55499 a
 -0.13676184 0.05432662 -0.022480808 55729 g
 0.16160862 4.349067 8.578424 55751 a
 -0.005734052 0.0093184 -0.01742027 55910 g
 0.12389994 4.3317094 8.6017685 55917 a
 -0.0033372073 0.014378407 -0.0035718316 56101 g
 0.29209262 4.326921 8.540117 56106 a
 0.05977971 0.0061226073 -0.030736074 56317 g
 0.37229836 4.2000284 9.514558 56322 a
 0.035810996 -1.8642128E-6 -0.009431318 56506 g
 0.6859388 4.782418 8.376713 56510 a
 0.037408892 -0.041547175 -0.04351978 56698 g
 -0.3669114 5.08708 7.968502 56702 a
 0.10105844 -0.047672447 -0.09225563 56897 g
 -0.2705448 5.273229 8.498817 56901 a
 0.04513206 -0.060454823 -0.053107694 57112 g
 5.985504E-4 4.684854 9.149442 57116 a
 -0.08429757 -0.09267907 0.0675335 57302 g
 0.56084174 4.489128 7.690176 57306 a
 -0.035295404 -0.06897694 0.05341875 57501 g
 0.623091 4.3760023 8.67958 57505 a
 -0.12424525 -0.007987886 0.06406953 57710 g
 0.38307226 4.3263226 8.374319 57714 a
 -0.04435042 0.089750126 -0.0011779162 57901 g
 -0.13108255 3.750517 9.44752 57905 a
 -0.30454126 0.22077765 -0.043788493 58101 g
 -0.093373865 3.2860417 8.915408 58106 a
 -0.21079798 0.035956137 -0.063230634 58310 g
 0.02932897 2.896984 9.229049 58314 a
 -0.21692325 -0.011714446 -0.054442205 58502 g
 -0.2136825 2.7659016 9.303867 58506 a
 -0.10533681 0.05912564 -0.017157948 58697 g
 -0.33279404 2.7988217 9.179369 58702 a
 0.0051841093 0.04075302 0.003878894 58910 g
 -0.3453636 2.8083985 9.14226 58913 a
 0.011575696 0.04075302 0.001215733 59099 g
 -0.39264908 2.8263552 9.424775 59104 a
 -0.01399065 0.037290912 0.0028136296 59299 g
 -0.56443304 2.8526914 9.390059 59303 a
 -0.0030722227 0.029306756 0.0025441179 59510 g
 -0.50517654 2.778471 9.252393 59514 a
 9.22519E-4 0.0056046224 0.009734653 59701 g
 -0.45848963 2.7988217 9.335591 59706 a
 0.0046509444 0.0085341 0.008403072 59896 g
 -0.46806642 2.789245 9.267356 59900 a
 0.008645154 -7.819041E-4 0.009997773 60242 g
