 0.18329872 0.027586887 -0.050534282 48 g
 -0.9983821 5.8705826 5.554548 49 a
 -0.0936703 0.21800557 0.30419716 261 g
 0.15502456 6.7600284 6.5188127 263 a
 0.34362075 0.3255973 0.8354978 456 g
 2.7736826 9.290101 -0.23104046 460 a
 2.2179534 -1.1268908 2.0080876 656 g
 8.381501 5.7395 -2.2709002 660 a
 2.2855978 -0.33140376 2.4006371 863 g
 4.5992613 5.2241483 4.3418846 868 a
 0.6634664 3.5014176 1.4112726 1056 g
 8.804078 5.298967 9.876082 1059 a
 0.57451683 2.7554662 -0.15226917 1256 g
 4.280833 8.360553 8.659229 1259 a
 1.2102137 0.3045575 0.23761868 1461 g
 6.314707 3.3159695 7.1329255 1465 a
 1.3913085 0.4883156 1.0709218 1654 g
 4.7896004 6.5846534 3.555988 1659 a
 1.1023556 -0.6941279 0.05306162 1855 g
 4.908712 6.766014 1.2797008 1859 a
 0.34521917 -0.31836012 -1.1810446 2062 g
 4.624999 11.188704 -1.1653777 2066 a
 0.40753713 -1.9266431 -1.1554782 2254 g
 -0.52971715 12.768876 -0.107140526 2259 a
 -0.33468583 -0.9165061 -1.7456347 2454 g
 1.0660183 10.357915 0.47764325 2458 a
 -0.07582606 -1.1838925 0.26398984 2662 g
 -1.1318588 12.386402 1.2030864 2666 a
 -0.10085977 -0.6776256 -0.9272421 2854 g
 15.491083 19.612701 3.41892 2858 a
 0.6232537 -0.43208218 0.58490074 3054 g
 -1.347337 9.361329 -0.09816227 3058 a
 0.15959738 -1.3447485 -1.352282 3258 g
 -3.1465795 9.247604 -0.18195933 3262 a
 0.89276564 -2.0270505 -0.21244915 3451 g
 -2.2996306 9.487623 -1.7010803 3457 a
 0.5734526 -1.4467477 0.2759746 3648 g
 -2.5785553 9.121908 0.5153519 3652 a
 -0.73628974 -0.6083869 -0.2231002 3859 g
 -0.338181 8.899248 2.693477 3863 a
 -0.3669093 -1.9503537 -0.17596224 4050 g
 -1.3347675 7.6243353 5.382764 4055 a
 -1.1658577 -0.85765874 -0.4084562 4249 g
 -1.3108255 5.5102553 7.2550297 4253 a
 -1.1216481 -0.6824356 -0.15598027 4461 g
 -0.83856916 4.2784386 8.926183 4464 a
 -1.0476122 -0.5359617 -0.1679645 4652 g
 0.7966706 3.7666779 10.976816 4656 a
 -0.7799645 -0.79002726 -0.078748606 4850 g
 0.60932434 1.9255368 9.615712 4854 a
 -0.24040861 -0.1532588 0.18197033 5067 g
 1.1791444 2.1110873 9.38168 5071 a
 -0.15891588 -0.12955666 0.09461865 5250 g
 0.717662 1.7184383 9.600749 5254 a
 -0.14826323 -0.0046544066 -0.0012551479 5450 g
 1.3431472 1.4377182 9.928755 5455 a
 -0.023893615 -0.098931104 0.0032727586 5661 g
 1.0348936 1.858499 9.22426 5664 a
 0.041620146 -0.012911005 -0.040403083 5851 g
 1.0414777 2.4492683 9.449914 5856 a
 0.02510855 -0.0025246767 -0.060909424 6049 g
 1.532289 1.8884265 9.504981 6054 a
 -0.036143888 -0.057920825 -0.017498033 6252 g
 1.4622587 2.0003555 9.3499565 6258 a
 0.020315126 -0.023033414 -0.0169654 6447 g
 1.1300632 1.8938135 9.32362 6451 a
 -0.00871333 0.053132992 -0.017231718 6646 g
 1.2910733 1.9027919 9.448118 6650 a
 -7.235809E-4 -0.009986588 -9.84837E-4 6853 g
 1.3275849 1.8908207 9.466674 6858 a
 -0.001256213 -0.009986588 -0.0025827335 7046 g
 1.3138182 1.9333179 9.402629 7050 a
 7.536746E-5 -0.0041276333 -9.84837E-4 7248 g
 1.3054385 1.9081788 9.427169 7252 a
 -0.0017888453 1.3182647E-4 -0.0028479844 7454 g
 1.340753 1.8974048 9.481039 7459 a
 -0.0017888453 -0.0027976506 -0.002049036 7646 g
 1.4036007 1.951873 9.392453 7650 a
 8.743158E-4 -0.008123972 6.1412493E-4 7846 g
 1.3198037 1.9357121 9.458893 7850 a
 0.0027387948 -4.0266995E-4 -0.002314287 8053 g
 1.3820529 1.9434932 9.389461 8058 a
 7.5633776E-5 -0.002799515 -0.0012490225 8248 g
 1.3269863 1.9111716 9.422979 8251 a
 -1.9068233E-4 0.00439102 -0.002047971 8446 g
 1.377863 1.9147629 9.437943 8450 a
 7.5633776E-5 -1.3715279E-4 -4.4954158E-4 8654 g
 1.3413515 1.9087774 9.456498 8658 a
 3.4194987E-4 -0.0017350494 -0.0025800704 8846 g
 1.3874398 1.9009962 9.424775 8850 a
 7.5633776E-5 0.00172706 -9.821738E-4 9044 g
 1.377863 1.8992004 9.420585 9049 a
 7.5633776E-5 1.2836437E-4 -0.0023132218 9266 g
 1.377863 1.9201498 9.41879 9276 a
 7.5633776E-5 -0.0012032161 -0.0023132218 9448 g
 1.371279 1.8920178 9.431957 9452 a
 0.0022061625 1.2836437E-4 -0.003378486 9648 g
 1.3826514 1.922544 9.44333 9652 a
 0.0030053772 -6.713829E-4 -0.0033779535 9853 g
 1.3664906 1.9201498 9.403227 9858 a
 8.748484E-4 0.0027907265 -0.0031116374 10046 g
 1.4251486 1.9327193 9.416994 10049 a
 0.0011411646 -4.050668E-4 -0.0025790052 10245 g
 1.4215573 1.9387048 9.434352 10249 a
 0.0014074807 0.0027888622 -0.004974785 10451 g
 1.2970588 1.8794483 9.432556 10456 a
 8.748484E-4 0.01051203 -4.4741106E-4 10644 g
 1.4041992 1.9393034 9.372701 10649 a
 0.0014074807 -0.0041353563 -4.4741106E-4 10844 g
 1.2246342 1.9201498 9.492412 10849 a
 0.002206429 -0.0020048276 -0.005507417 11044 g
 1.447295 1.8674773 9.455301 11049 a
 0.002472745 -0.0065322015 -0.0063063656 11244 g
 1.3934253 1.9147629 9.432556 11248 a
 0.0014074807 -0.0020048276 -0.0012463594 11443 g
 1.3988123 1.9231426 9.420585 11448 a
 6.085323E-4 9.2464953E-4 -0.0015126754 11644 g
 1.4490906 1.910573 9.428367 11648 a
 -4.5673212E-4 -0.0014721955 -9.800433E-4 11843 g
 1.4395138 1.9135658 9.412206 11848 a
 0.0011411646 -0.0059995693 0.0011504856 12043 g
 1.4532804 1.9333179 9.445126 12048 a
 3.422162E-4 0.0033214944 -0.0031105722 12243 g
 1.4155718 1.9009962 9.442732 12248 a
 -1.9041602E-4 0.0046530752 -0.002844256 12443 g
 1.4514848 1.9183542 9.424176 12447 a
 -1.9041602E-4 0.0017235979 -0.0020453078 12642 g
 1.4329298 1.8890251 9.478644 12647 a
 -4.5673212E-4 0.0027896613 -0.0020458403 12857 g
 1.4269443 1.8920178 9.443929 12860 a
 -1.9041602E-4 0.0027896613 -0.0020458403 13035 g
 1.4215573 1.893215 9.441534 13039 a
 6.085323E-4 0.0025233452 -0.0025784725 13242 g
 1.4095862 1.8938135 9.408015 13246 a
 8.748484E-4 0.0014580807 -0.0023121564 13447 g
 1.4221559 1.8974048 9.416395 13450 a
 8.748484E-4 0.0014580807 -0.0020458403 13643 g
 1.423353 1.9045875 9.44333 13648 a
 3.422162E-4 0.0011917646 -0.0025784725 13843 g
 1.4514848 1.9165585 9.414599 13848 a
 3.422162E-4 6.6019763E-4 -0.0028453213 14046 g
 1.3856442 1.9021933 9.384073 14050 a
 0.002472745 -1.3875069E-4 -0.0028453213 14242 g
 1.4520833 1.9135658 9.43914 14245 a
 0.002472745 -0.0014703312 -0.0031116374 14443 g
 1.429937 1.8968062 9.439739 14447 a
 0.0027390611 0.0019899139 -0.0033768883 14645 g
 1.4478935 1.9201498 9.413403 14649 a
 0.0032716934 -6.732471E-4 -0.0033768883 14842 g
 1.4155718 1.9309237 9.436746 14847 a
 0.0038043256 6.583334E-4 -0.00257794 15042 g
 1.4520833 1.9129672 9.43495 15047 a
 0.0014074807 9.2651375E-4 -0.0025790052 15248 g
 1.4329298 1.9081788 9.441534 15256 a
 -1.9041602E-4 0.0019917781 -0.0017800569 15442 g
 1.4520833 1.8980033 9.4295635 15449 a
 3.422162E-4 0.0022580943 -0.002312689 15642 g
 1.4496891 1.9045875 9.454702 15646 a
 -4.5673212E-4 0.0025244104 -0.0017800569 15842 g
 1.4191631 1.8770541 9.428965 15846 a
 3.422162E-4 0.001725462 -0.002046373 16041 g
 1.4377182 1.9111716 9.436148 16046 a
 7.590009E-5 0.0022580943 -0.002312689 16241 g
 1.4466964 1.9141643 9.416395 16246 a
 6.085323E-4 0.0014572818 -0.0020453078 16448 g
 1.4131776 1.910573 9.439739 16451 a
 7.590009E-5 0.00225623 -0.002311624 16641 g
 1.4431051 1.8974048 9.434352 16645 a
 3.422162E-4 0.0019899139 -0.00257794 16841 g
 1.4335283 1.8800468 9.423578 16844 a
 6.085323E-4 0.0011928298 -0.0025790052 17045 g
 1.4520833 1.894412 9.427768 17049 a
 6.085323E-4 0.0022580943 -0.0025790052 17241 g
 1.429937 1.9033904 9.449914 17245 a
 6.085323E-4 0.001725462 -0.0028453213 17441 g
 1.4568717 1.8914193 9.438541 17445 a
 8.745821E-4 9.273127E-4 -0.003378486 17647 g
 1.4329298 1.8854338 9.449316 17650 a
 0.0027387948 3.9468048E-4 -0.003378486 17841 g
 1.4526819 1.9063832 9.46009 17844 a
 0.0022061625 -1.3795175E-4 -0.002579538 18040 g
 1.4449008 1.899799 9.439739 18044 a
 0.003005111 9.273127E-4 -0.0036448021 18242 g
 1.4407109 1.8992004 9.434352 18246 a
 0.0027387948 0.0014599449 -0.00311217 18441 g
 1.4742297 1.8842367 9.43495 18445 a
 3.7444045E-4 -7.510114E-5 2.9960563E-4 18641 g
 1.4682442 1.9069817 9.469068 18644 a
 -0.0014897723 4.5753107E-4 5.659217E-4 18842 g
 1.4143747 1.963844 9.425972 18846 a
 0.0035702337 -0.012591958 0.0050932956 19039 g
 1.5825673 1.887828 9.545084 19043 a
 3.7444045E-4 -0.006200372 0.029061746 19239 g
 1.6035166 1.5873557 9.270947 19243 a
 0.0038365498 -0.0136572225 0.030659642 19441 g
 1.3305776 1.8914193 9.411607 19445 a
 0.023277625 0.037741788 -0.018875154 19639 g
 1.4742297 2.043451 9.42238 19643 a
 0.016886039 -0.012059326 -0.03139201 19839 g
 1.5795746 1.9069817 9.3026705 19843 a
 0.0022386531 0.0047185887 -0.0028961876 20041 g
 1.46585 1.9428947 9.378687 20045 a
 0.007831291 0.010577543 -0.028462535 20238 g
 1.2892777 2.0638018 9.384073 20242 a
 0.008630239 0.022029135 -0.011151987 20435 g
 1.252766 2.0775685 9.539098 20440 a
 3.7444045E-4 0.039339684 -0.005825665 20641 g
 1.2802993 2.0614076 9.462483 20645 a
 -0.007615043 0.015104917 -0.013548832 20838 g
 1.2779051 2.0626047 9.462483 20842 a
 -0.006017146 0.014039652 -0.0020972393 21036 g
 0.997185 1.9656396 9.475053 21041 a
 -0.0036203011 0.04493232 -0.017543573 21238 g
 1.1348516 1.9794062 9.467871 21242 a
 -0.0102782035 0.004452273 -0.0044940845 21436 g
 1.0965444 1.9853917 9.504981 21440 a
 1.0812434E-4 -0.01179301 -2.330266E-4 21635 g
 1.3090298 2.0566192 9.419388 21640 a
 0.0062333946 -0.018450912 -0.006624613 21838 g
 0.9876082 1.9422961 9.475652 21842 a
 0.0027712854 0.02575756 -0.0010319749 22033 g
 1.1366472 2.0332758 9.408015 22039 a
 -4.245079E-4 7.238472E-4 -0.0031625037 22234 g
 1.146224 1.9812019 9.460688 22238 a
 3.7444045E-4 7.238472E-4 -0.0031625037 22437 g
 1.1677719 2.0093338 9.444528 22441 a
 0.0014397049 0.007648066 0.0045606634 22633 g
 1.3796587 1.9548657 9.379285 22639 a
 0.0075649754 0.012708072 -0.0076898774 22833 g
 -0.22984336 2.2828712 9.518747 22839 a
 0.07307874 0.2529252 -0.16241954 23037 g
 1.1456255 2.4019828 9.710283 23041 a
 0.009695504 -0.06425729 -0.091845766 23230 g
 -0.074818805 1.8620903 9.361329 23234 a
 0.0057007624 0.1421377 -0.055893093 23433 g
 0.23702596 2.3714569 9.272743 23439 a
 -0.030518495 0.002591522 -0.076135516 23642 g
 1.003769 2.1362264 9.431957 23646 a
 -0.03264902 -0.15799709 0.023999343 23830 g
 0.8355764 1.8830396 9.536704 23833 a
 -0.03078481 -0.025904302 0.05222885 24030 g
 0.47884035 2.1254525 9.235633 24033 a
 0.004635232 -0.014985341 -0.011953332 24236 g
 0.7733272 2.0171149 9.548675 24241 a
 -0.010544786 0.0012599415 0.0034930022 24429 g
 0.61411273 2.106299 9.537302 24433 a
 -0.0012237225 0.019635754 -0.0034312168 24629 g
 0.6607997 1.9812019 9.495404 24630 a
 -0.0273227 0.01856969 0.015211443 24825 g
 0.7368156 2.071583 9.500193 24826 a
 0.013157347 -0.015252456 0.018140921 25024 g
 0.5823896 2.296638 9.241618 25026 a
 0.037392113 -0.030698791 -0.02500229 25232 g
 0.6907272 2.0482395 9.569624 25236 a
 3.7390782E-4 -0.007527691 5.6299224E-4 25441 g
 0.7116765 1.9740193 9.452907 25448 a
 -0.011610317 0.012446017 0.0069545787 25631 g
 0.80564886 2.071583 9.482236 25635 a
 -0.0036208339 -0.02190876 0.0064219465 25832 g
 0.6099229 2.066196 9.491813 25836 a
 0.0038362835 0.0129762525 0.004825648 26042 g
 0.95109665 1.9746178 9.409811 26046 a
 0.004901548 0.028156271 0.03598463 26227 g
 0.55246204 1.9871874 9.872491 26232 a
 -0.017735321 0.015373098 -0.014349112 26431 g
 0.7134721 1.9949685 9.242816 26436 a
 -0.012675049 -0.026441194 -0.008754609 26641 g
 0.37588966 2.0009542 9.9951935 26646 a
 -0.012408732 -0.021381188 3.3822147E-5 26831 g
 0.81881696 1.9692309 9.486425 26835 a
 0.0049018143 -0.0064674867 -0.0052925 27031 g
 0.80804306 1.9937714 9.451111 27034 a
 1.0812434E-4 -0.0035388083 0.0018985675 27241 g
 0.6338649 1.9800048 9.435549 27244 a
 9.070727E-4 0.005515939 -7.6459354E-4 27429 g
 0.7170634 2.0135236 9.465476 27433 a
 -0.0017560885 -0.007000918 0.0018985675 27629 g
 0.7254431 2.0123265 9.481039 27632 a
 0.0035702337 -8.7564735E-4 -0.0026288063 27831 g
 0.7146692 2.0141222 9.527725 27835 a
 9.070727E-4 -0.008598815 -0.0012972257 28030 g
 0.6853402 1.8992004 9.502586 28034 a
 -0.0017560885 0.012440158 0.015747005 28228 g
 0.7793127 1.9919758 9.448717 28232 a
 0.001173655 -0.0032743565 -0.007421431 28437 g
 0.85293436 2.0590134 9.578004 28441 a
 -0.0052179317 -0.0056712013 -0.0036930055 28628 g
 0.87208796 1.4389153 9.281123 28632 a
 -0.036909547 0.010307765 -0.012481437 28826 g
 0.7906851 1.9746178 9.455301 28830 a
 0.044050816 -0.008070444 0.016015984 29033 g
 0.729633 1.9979613 9.43914 29039 a
 -0.0017555557 -0.0019451729 -7.6193037E-4 29226 g
 0.78050977 2.0021513 9.45171 29230 a
 -6.9029134E-4 -3.472762E-4 -0.0012945626 29431 g
 0.76195467 1.9698294 9.5013895 29434 a
 1.0892329E-4 0.0015142733 3.0493195E-4 29633 g
 0.717662 1.9949685 9.478644 29638 a
 0.0030384006 9.816411E-4 -0.002091913 29829 g
 0.74878657 2.0159178 9.472659 29833 a
 1.0892329E-4 -0.0035457327 -0.0012929647 30024 g
 0.7625532 2.0081367 9.457097 30028 a
 0.001174454 -0.0014186659 5.733786E-4 30237 g
 0.7661445 1.982399 9.51336 30241 a
 0.0017070862 0.0012444952 -2.2556975E-4 30427 g
 0.7697359 2.0069396 9.52174 30431 a
 6.418218E-4 -0.0014186659 -7.5820193E-4 30629 g
 0.7344214 2.0278888 9.485827 30633 a
 -0.003619236 7.094661E-4 0.001906557 30836 g
 0.6817489 1.721431 9.327211 30840 a
 -0.050224554 0.010563162 -0.009811352 31028 g
 0.7577648 1.8357542 8.79929 31032 a
 0.045382928 -0.010742126 0.0077655115 31228 g
 0.777517 2.0260932 9.466674 31232 a
 9.0840424E-4 0.0012402341 -0.0020871193 31436 g
 0.7589619 2.011728 9.460688 31440 a
 9.0840424E-4 -8.9029473E-4 0.0016413062 31627 g
 0.78529817 1.95307 9.479841 31631 a
 -6.894924E-4 -0.001422927 -0.001288171 31827 g
 0.7398083 1.9746178 9.46847 31831 a
 0.0065010423 -9.1346425E-5 -0.0050165965 32030 g
 0.7260417 1.9919758 9.4972 32033 a
 0.0046368297 0.0036370791 -2.2290659E-4 32227 g
 0.7745243 2.0111294 9.466674 32231 a
 0.0011747204 -0.0043524043 -4.892227E-4 32427 g
 0.6895301 1.9752164 9.360131 32430 a
 -4.231763E-4 0.0012412993 0.0013744574 32637 g
 0.7158663 1.9758149 9.437345 32641 a
 -0.0044179177 -0.0014218617 0.0013744574 32826 g
 0.75836337 1.9841946 9.504981 32830 a
 -0.0017547568 0.0012412993 8.418252E-4 33026 g
 0.81283146 2.0015526 9.48044 33030 a
 6.418218E-4 -0.0038163099 -7.5766933E-4 33236 g
 0.7356185 1.970428 9.494206 33240 a
 -1.571265E-4 0.0028415928 0.0013728596 33425 g
 0.7673417 1.9686323 9.494805 33429 a
 1.09189605E-4 -0.0030173615 4.1278996E-5 33626 g
 0.7769185 1.9877859 9.449316 33629 a
 3.755057E-4 0.0020426444 4.1278996E-5 33828 g
 0.7667431 1.9800048 9.46847 33832 a
 -6.8975874E-4 -3.5420043E-4 4.1278996E-5 34024 g
 0.7769185 2.0087352 9.439739 34029 a
 -6.8975874E-4 -6.2051654E-4 3.075951E-4 34226 g
 0.75716627 1.9847932 9.461885 34230 a
 9.0813794E-4 -3.5340147E-4 4.0746363E-5 34434 g
 0.7493851 1.9967642 9.4774475 34438 a
 -1.571265E-4 -6.197176E-4 -0.001024518 34621 g
 0.80086046 1.9841946 9.476251 34625 a
 1.09189605E-4 -0.001684982 -7.5820193E-4 34822 g
 0.78649527 1.9764135 9.500791 34826 a
 9.078716E-4 -3.5153725E-4 -4.9295113E-4 35034 g
 0.76315176 1.9907787 9.493608 35038 a
 0.0014405039 -0.0016831178 -2.26635E-4 35223 g
 0.7745243 2.0027497 9.467871 35227 a
 1.0892329E-4 4.4741106E-4 -2.26635E-4 35423 g
 0.78649527 1.9728222 9.487024 35427 a
 -0.0014889734 0.0015126754 0.0011049455 35626 g
 0.7811083 2.0009542 9.496601 35633 a
 -9.5634116E-4 1.8109495E-4 3.059972E-4 35826 g
 0.7930793 1.9686323 9.487024 35832 a
 -4.2370893E-4 -8.522115E-5 8.3862944E-4 36021 g
 0.7697359 1.9434932 9.507974 36025 a
 -6.9002504E-4 7.1532506E-4 3.8615835E-5 36229 g
 0.76315176 1.9871874 9.496002 36233 a
 -4.2370893E-4 1.8269285E-4 5.7124806E-4 36421 g
 0.770933 1.9788077 9.456498 36425 a
 3.7523938E-4 -8.362326E-5 3.8615835E-5 36622 g
 0.7793127 1.963844 9.495404 36627 a
 -1.5765913E-4 -6.1439123E-4 3.038667E-4 36830 g
 0.7769185 1.9841946 9.478644 36834 a
 9.076053E-4 -8.175905E-5 -0.0015603461 37022 g
 0.7781156 1.9818004 9.481637 37026 a
 9.076053E-4 -6.1439123E-4 -0.0010277139 37221 g
 0.78649527 1.9907787 9.510367 37226 a
 0.0019728697 -0.0011462246 -4.9561425E-4 37431 g
 0.7649474 1.988983 9.515156 37436 a
 0.0022391859 -3.472762E-4 -4.9561425E-4 37621 g
 0.7846996 1.9728222 9.506178 37626 a
 -1.5765913E-4 -3.472762E-4 -0.0015608787 37820 g
 0.7739257 1.899799 9.527725 37824 a
 -0.012674516 0.0071103736 -0.0020940437 38031 g
 0.80325466 2.0147207 9.522339 38034 a
 0.007831824 -0.0078033283 -2.298308E-4 38221 g
 0.76315176 1.9446903 9.478644 38225 a
 1.0865697E-4 -6.127934E-4 0.0034985947 38420 g
 0.81043726 1.9829975 9.4535055 38425 a
 0.0030378678 -7.93622E-5 -0.00182826 38630 g
 0.7380127 2.0039468 9.491813 38634 a
 9.07339E-4 4.5327E-4 -0.0012956279 38823 g
 0.80086046 1.9309237 9.462483 38827 a
 -0.001489506 0.0012522184 0.0026991137 39021 g
 0.78769237 2.0219033 9.516354 39025 a
 0.0014399712 4.5433527E-4 -0.0031603733 39229 g
 0.670975 1.9746178 9.482835 39232 a
 1.0839065E-4 0.0039164447 0.0013670006 39420 g
 0.825401 2.011728 9.466674 39424 a
 -1.5792545E-4 -0.0043393546 8.3436834E-4 39620 g
 0.74878657 1.9428947 9.473856 39624 a
 1.0839065E-4 0.0015203987 8.3383574E-4 39830 g
 0.7152678 1.9375077 9.488221 39834 a
 -1.5792545E-4 -0.002740659 3.0120352E-4 40020 g
 0.7763199 2.0159178 9.485229 40024 a
 -4.2424156E-4 -0.002474343 -0.0012966931 40220 g
 0.6973112 1.970428 9.485827 40224 a
 -6.9055764E-4 0.0031190943 0.0026975158 40429 g
 0.80564886 2.0087352 9.449914 40433 a
 -4.2424156E-4 -0.0054030214 -0.0034277546 40619 g
 0.7835025 1.9841946 9.507974 40623 a
 3.7470675E-4 0.0015211976 0.0013659353 40819 g
 0.80564886 2.0093338 9.662399 40825 a
 -0.015338209 0.0039188415 -0.0020967068 41026 g
 0.92057055 1.8896236 9.780912 41030 a
 0.0059670787 0.008446216 -0.0060914485 41219 g
 0.8343793 1.9021933 9.566631 41223 a
 0.0049018143 -0.009130647 0.0077569894 41420 g
 0.7679402 1.9644425 9.500791 41424 a
 0.0035705 -6.0933124E-4 0.0016322514 41628 g
 0.7314286 1.9572599 9.490616 41632 a
 -6.9055764E-4 -7.669904E-5 -0.0010309096 41818 g
 0.777517 1.9668367 9.48463 41822 a
 -6.9055764E-4 0.0017875137 -2.3196133E-4 42018 g
 0.81761986 2.0021513 9.481039 42022 a
 -4.2424156E-4 -0.0032724924 5.66987E-4 42220 g
 0.5955577 1.9632454 10.125677 42224 a
 -1.5792545E-4 0.01164121 0.0021648835 42416 g
 0.5255273 1.9536686 9.020754 42419 a
 -0.03131691 -0.039491482 0.049835466 42617 g
 0.99299514 2.034473 9.634268 42621 a
 0.029935528 0.002056493 -0.04524098 42828 g
 0.6841431 1.9566613 9.502586 42832 a
 0.0054344465 0.0028554413 0.0016306535 43012 g
 0.82899237 2.0213048 9.476251 43016 a
 -1.5819176E-4 4.5859633E-4 -0.0034293525 43217 g
 0.8295909 1.9919758 9.531317 43221 a
 -0.0012234562 0.0025891252 0.0010980213 43421 g
 0.8643068 1.6873137 9.384672 43425 a
 -0.029452963 0.008448079 -0.0052935653 43617 g
 0.8499416 2.0111294 9.518148 43620 a
 0.03393027 -0.006465622 5.653891E-4 43814 g
 0.7380127 1.9668367 9.478644 43819 a
 -0.0017563547 4.6019422E-4 2.980077E-4 44026 g
 0.8194155 2.005144 9.4696665 44030 a
 -0.009213205 7.2651036E-4 -0.004495682 44214 g
 0.8451532 1.614889 9.284714 44218 a
 -0.014273211 0.0068517807 -0.0055609467 44416 g
 0.8631097 2.0135236 9.303867 44419 a
 0.028870264 -0.010194048 0.007755924 44617 g
 0.7673417 1.9548657 9.508572 44622 a
 0.0011733888 0.0012575446 0.0010980213 44814 g
 0.8631097 2.0446482 9.454702 44819 a
 0.0027712854 -8.729842E-4 -0.0034293525 45014 g
 0.801459 1.9800048 9.48882 45019 a
 -0.002288987 0.0057857176 0.0026953854 45224 g
 0.88286185 2.107496 9.552266 45229 a
 -0.0046858317 -0.007530088 -0.0015656723 45414 g
 0.7715315 1.8016368 9.460688 45418 a
 -0.041171137 0.01244362 -0.0039625173 45614 g
 0.7128736 2.183512 9.45171 45618 a
 0.040588174 -0.01072668 0.0042938148 45823 g
 0.7529764 1.9883845 9.483433 45830 a
 -9.571401E-4 0.004187022 5.653891E-4 46013 g
 0.81761986 1.9949685 9.476251 46018 a
 -1.5819176E-4 -0.0011393003 -4.9987534E-4 46210 g
 0.7787141 1.9973627 9.476849 46214 a
 9.070727E-4 7.257114E-4 2.9854037E-4 46423 g
 0.80684596 1.9973627 9.479841 46428 a
 9.070727E-4 1.9307918E-4 0.0016301209 46613 g
 0.7541735 1.9644425 9.496002 46617 a
 0.0011733888 4.593953E-4 -0.0010330402 46813 g
 0.8475474 2.0207062 9.493608 46817 a
 -0.0012234562 -0.0059321914 -2.3409186E-4 47015 g
 0.82001406 1.9835961 9.504382 47019 a
 -0.0012234562 -6.0586917E-4 0.0021627531 47211 g
 0.7613561 1.9560628 9.4535055 47215 a
 -4.245079E-4 0.004720453 2.9854037E-4 47411 g
 0.82240826 1.9698294 9.479243 47416 a
 -4.247742E-4 -0.0019366507 -5.009406E-4 47621 g
 0.83617496 1.988983 9.471462 47625 a
 0.0019720707 -3.387541E-4 -0.0010335728 47812 g
 0.7679402 1.9620483 9.503783 47816 a
 0.0043689157 4.6019422E-4 -0.0020988372 48012 g
 0.90620536 1.9734207 9.499594 48016 a
 0.0011733888 -0.0022037658 -0.0023646208 48221 g
 0.7954735 1.8902222 9.523536 48226 a
 0.0038365498 0.0068509816 5.6485645E-4 48411 g
 0.80684596 1.988983 9.470863 48416 a
 -6.90824E-4 -0.008595352 8.3117257E-4 48611 g
 0.7858967 2.0165164 9.415198 48616 a
 -6.910903E-4 -0.002735599 0.005890646 48821 g
 0.91338795 1.9452889 9.497798 48826 a
 -0.0020226708 0.0015254586 0.01654329 49011 g
 0.7026982 2.0925324 9.524135 49014 a
 0.002771019 -0.004599812 -0.020474648 49211 g
 0.8038532 2.0171149 9.549872 49214 a
 -0.0012237225 7.2730926E-4 0.0026943202 49420 g
 0.7188591 1.9057846 9.479841 49424 a
 -0.010544786 0.007651528 0.0010964234 49610 g
 0.8643068 1.192911 8.92319 49614 a
 -0.08458067 0.023097862 0.0018953717 49811 g
 0.6464345 2.6048915 9.218874 49814 a
 0.2009102 -0.038421158 -0.008490956 50012 g
 0.8295909 2.2038627 9.440936 50016 a
 0.028603682 0.021766283 -0.07054261 50211 g
 0.8086416 2.2756886 9.390657 50214 a
 0.018483669 -0.011523232 -0.008490956 50410 g
 0.878672 2.2774844 9.509769 50414 a
 -0.018001636 0.0060528326 0.016010659 50626 g
 0.6344634 2.071583 9.325416 50629 a
 -0.074460655 0.004721252 0.030658044 50810 g
 0.81761986 2.0213048 9.435549 50813 a
 0.054436345 0.008449677 -0.015148327 51009 g
 0.79846627 2.224812 9.520543 51012 a
 9.068063E-4 -0.004866128 -0.0020988372 51211 g
 0.7392098 2.2254105 9.426571 51216 a
 0.0033036512 -0.004866128 5.6432385E-4 51409 g
 0.82360536 2.1918917 9.488221 51412 a
 0.0014394386 -0.0133882435 -0.0052946303 51600 g
 0.8607155 2.1679497 9.3499565 51601 a
 -0.022795593 0.008452341 0.0050900998 51801 g
 0.57041854 1.9189527 9.415796 51802 a
 -0.0036208339 0.008984973 0.011748003 52008 g
 0.9504981 2.280477 9.397242 52012 a
 0.024342358 -0.016315058 -0.014617292 52209 g
 0.6793547 2.3056161 9.436148 52213 a
 0.019282619 0.0055202004 -0.009555688 52417 g
 0.8319851 2.2427685 9.403826 52421 a
 0.0022383868 0.0020580909 -0.012485165 52609 g
 1.1121067 2.1829133 9.411607 52612 a
 0.0038362835 -0.01711667 0.015478026 52808 g
 0.5351041 2.030283 9.293094 52812 a
 -0.062476162 0.011111241 0.016810672 53013 g
 0.5805939 3.0298622 9.773131 53017 a
 0.03952291 0.002056493 -0.002364088 53208 g
 0.8355764 2.2523453 9.432556 53212 a
 0.0049018143 -0.008329835 -0.009554623 53407 g
 0.801459 2.2158337 9.458294 53411 a
 0.0014397049 0.004720453 0.0024290693 53613 g
 0.8074445 2.235586 9.428367 53617 a
 -4.245079E-4 -8.721853E-4 0.0010974887 53823 g
 0.7691373 2.243367 9.426571 53827 a
 -4.245079E-4 1.9307918E-4 2.9854037E-4 54009 g
 0.8355764 1.8273745 9.378088 54013 a
 -0.058481153 0.007646468 -0.0031614385 54211 g
 0.8038532 1.75076 9.276335 54215 a
 -0.08031908 0.0020538298 -0.013547767 54407 g
 0.8062474 1.869273 9.445126 54411 a
 -0.035577968 4.559332E-4 -0.0124825025 54603 g
 0.7218518 2.0937295 9.83957 54608 a
 -0.013740313 -0.007000119 3.0013826E-4 54812 g
 0.81283146 1.7836803 9.473258 54816 a
 -0.0038866173 -0.01445697 0.01042015 55007 g
 0.84575176 1.371279 9.358934 55012 a
 -0.044899296 0.0396052 -0.012483035 55207 g
 0.83617496 2.9221232 9.289502 55210 a
 0.33593273 -0.06026334 0.03172544 55408 g
 0.7392098 2.3582888 9.545084 55412 a
 0.024076574 0.05877996 0.0018980349 55606 g
 0.84934306 2.570774 9.492412 55612 a
 0.020614464 -0.016054867 0.005360144 55806 g
 0.729633 2.461838 9.388862 55810 a
 -0.014538995 0.0039180424 -0.004759335 56018 g
 0.8242039 2.4762032 9.3583355 56028 a
 -0.0049516154 -6.0933124E-4 -0.0023624902 56206 g
 0.74998367 2.5258827 9.391854 56210 a
 0.012625247 -0.0019409118 0.0042954125 56403 g
 0.7781156 2.4600422 9.3978405 56408 a
 -0.0041526672 0.0012540825 -0.003693538 56612 g
 0.78529817 2.4612393 9.355343 56616 a
 -6.9055764E-4 -0.0016753946 3.488741E-5 56801 g
 0.8026561 2.4516625 9.382876 56806 a
 -9.5687376E-4 4.5513423E-4 -4.977448E-4 57003 g
 0.7009025 2.4378958 9.388264 57009 a
 9.07339E-4 0.0065812035 0.0013659353 57209 g
 0.7517793 2.4672248 9.388862 57213 a
 -0.0017558221 -0.0035388083 -2.3196133E-4 57404 g
 0.7254431 2.4941597 9.342773 57409 a
 -4.2424156E-4 -8.7564735E-4 0.0013659353 57601 g
 0.7715315 2.48578 9.356541 57606 a
 -6.9055764E-4 4.5513423E-4 0.0011001518 57811 g
 0.830788 2.5240872 9.317635 57816 a
 -9.5687376E-4 -0.0011427624 3.0120352E-4 58001 g
 0.6997054 2.4001873 9.376891 58006 a
 -1.5792545E-4 0.0041835597 0.0013664679 58201 g
 0.80325466 2.4546554 9.38168 58206 a
 1.0839065E-4 -0.0030069752 -0.0012966931 58403 g
 0.8475474 2.4809916 9.351752 58409 a
 0.0019726034 -3.4381408E-4 -0.0015630092 58601 g
 0.75836337 2.486977 9.351153 58606 a
 -9.5687376E-4 1.8881811E-4 0.001632784 58800 g
 0.74639237 2.4522612 9.355942 58803 a
 -0.0036200348 0.0012540825 0.0034969968 59000 g
 0.7206547 2.4702177 9.3583355 59004 a
 9.07339E-4 7.214503E-4 -0.0015630092 59197 g
 0.80684596 2.4917655 9.36911 59201 a
 9.07339E-4 0.0033846113 -0.0023619574 59400 g
 0.78769237 2.4534583 9.396045 59403 a
 -0.001489506 4.5433527E-4 0.002432265 59603 g
 0.7529764 2.4468741 9.39365 59608 a
 0.0019726034 -0.0070025157 -0.002361425 59797 g
 0.7679402 2.4654293 9.3499565 59801 a
 -6.9055764E-4 0.0063132895 0.0018996327 59998 g
 0.7398083 2.4612393 9.362526 60131 a
