 -0.013699301 0.6615188 -0.20958465 2 g
 7.7129207 0.90261406 4.445434 5 a
 0.02385127 -0.2567391 0.05832935 127 g
 9.297882 0.88645315 4.1557355 131 a
 0.06939159 -0.17684534 0.04101907 329 g
 7.487866 0.97862995 5.7867856 333 a
 -0.0102369245 0.22475934 0.015985359 526 g
 8.39048 0.6901286 5.3899465 530 a
 0.013465209 -0.013593573 0.034893803 726 g
 8.937555 1.4586674 5.7203465 730 a
 -0.033406958 -0.047413588 0.3755113 927 g
 14.938023 -0.26874915 4.5076833 932 a
 0.03636786 -0.43516985 0.5107999 1125 g
 -2.0859482 -1.4341269 2.6743233 1130 a
 0.19615753 3.0684848 -0.31504637 1325 g
 7.6201453 0.25438392 9.029732 1329 a
 -0.02222115 0.1331466 0.30413938 1528 g
 4.8841715 0.050278235 10.088568 1532 a
 0.073386334 0.73102623 0.16991606 1725 g
 2.144606 0.55006784 9.656414 1729 a
 0.22758336 1.1190488 -0.053523146 1924 g
 -3.5865142 1.3221979 7.723695 1929 a
 0.33597508 1.6665905 -0.05858102 2127 g
 -5.189432 2.3385365 7.991845 2131 a
 -0.0033116408 1.4071985 0.10200759 2325 g
 -6.8719573 0.7649474 7.350199 2329 a
 -0.25311616 0.84021163 0.19015822 2524 g
 -9.35235 -0.093373865 6.341642 2528 a
 -0.5777547 0.7424704 -0.3230313 2727 g
 -7.1125746 -0.61530983 6.4062853 2730 a
 -0.8150423 -0.5821859 0.031169105 2926 g
 -5.1301756 -2.8514943 7.915829 2929 a
 -0.85152763 -1.0375865 0.48683596 3124 g
 -2.553416 -4.355053 9.189545 3129 a
 -0.6856111 -0.95689934 0.3155979 3327 g
 -1.6897079 -4.176685 9.137471 3331 a
 -0.13726625 -0.3936408 -0.058309913 3524 g
 -2.5635915 -2.9562407 8.614338 3528 a
 0.13118039 0.077206105 -0.12488894 3723 g
 -3.4422636 -2.5091233 8.644265 3727 a
 0.1285183 0.034591265 -0.05537857 3927 g
 -2.19668 -3.1561563 9.229049 3932 a
 0.066466644 -0.27513435 -0.29586202 4122 g
 -0.92296475 -3.032855 9.156026 4126 a
 0.04249819 -0.44371247 -0.58561397 4323 g
 0.12389994 -3.899556 9.185953 4327 a
 0.063005865 -0.5656906 -0.7432704 4525 g
 2.9640217 -1.690905 4.722563 4529 a
 0.049690057 -1.2818146 -0.9874823 4723 g
 8.5622635 -1.9327193 4.1826706 4727 a
 -0.510639 -3.8890493 -1.2269005 4919 g
 14.219763 -0.60932434 1.9859903 4921 a
 -0.47228846 -1.2019243 0.13983592 5120 g
 8.566454 -2.3822308 0.059855044 5122 a
 -0.001175253 0.13471627 0.029314745 5322 g
 9.636662 -2.4947581 0.4417302 5326 a
 0.06833325 -0.40510648 -0.48041427 5522 g
 9.695918 -1.0432734 -0.092775315 5526 a
 0.015869511 -0.12840618 -0.17548154 5725 g
 10.06283 -0.12509704 -0.50158525 5729 a
 0.16074547 -0.46849185 -0.48813665 5923 g
 9.053075 0.9911995 -2.795829 5927 a
 0.076589584 -1.1736969 -0.34778807 6124 g
 7.0383544 0.6039374 -7.472902 6128 a
 -0.09971088 -2.2019465 0.14809413 6324 g
 6.4248405 0.6703765 -7.687782 6328 a
 -0.06748663 -0.71031004 0.004283428 6523 g
 6.8863225 0.7140707 -7.5405383 6527 a
 -0.04165397 0.2963648 -0.0053039514 6723 g
 8.219893 0.75477207 -5.3540335 6727 a
 -0.011560249 1.0508384 0.005615009 6921 g
 9.376292 0.62368953 -3.1244333 6925 a
 -0.017419204 1.2100954 0.0029518476 7121 g
 10.075399 0.9487024 -1.6567876 7125 a
 -0.1793394 0.97680247 -0.029006084 7320 g
 10.515932 -0.5153519 -0.23283611 7324 a
 -0.016352342 0.60848093 0.27752694 7523 g
 14.289793 -0.1412579 2.9083564 7527 a
 0.6454432 1.0982362 0.31268066 7720 g
 2.700061 1.1336545 1.9087774 7724 a
 0.8787361 3.612793 0.6133516 7920 g
 7.1484876 -0.6434417 11.638214 7924 a
 0.17725973 0.82659274 0.80456704 8124 g
 2.4774003 -1.3605051 8.15106 8128 a
 -1.0679276E-4 0.11446346 0.07752409 8319 g
 3.7499185 -0.39444473 9.008782 8323 a
 0.20682082 0.27664998 0.25009692 8519 g
 0.45010993 0.55485624 10.477027 8524 a
 0.23984376 0.566403 0.0034876757 8722 g
 2.6749218 0.3465607 8.4234 8726 a
 0.20841846 0.39462906 0.65250003 8918 g
 1.264737 -1.8770541 9.304466 8923 a
 -0.5231519 0.8439043 1.0477132 9118 g
 -2.3229742 -2.1027076 8.953716 9122 a
 0.2635464 0.96187997 0.28498486 9321 g
 -4.8285065 1.5173253 9.202713 9325 a
 1.0648916 0.8763925 -0.17094831 9518 g
 -3.4261026 2.268506 7.4387846 9522 a
 0.56501627 0.64629537 -0.22554311 9718 g
 -9.300875 2.9364884 8.274361 9722 a
 0.1463676 0.98398316 -0.25350577 9922 g
 -3.9504328 0.9355343 -1.0097545 9926 a
 0.45982167 1.9286064 -0.18745938 10117 g
 -17.587805 -0.6787562 4.5872903 10122 a
 -0.26003078 2.2625668 -0.6868021 10317 g
 -9.545682 -1.1001357 2.9017725 10325 a
 -0.36096486 -0.3673037 -0.10729876 10520 g
 -10.980408 -0.8984242 1.4323312 10524 a
 -0.51942295 -0.067698084 -0.040719733 10717 g
 -8.2593975 -0.29388827 2.1577742 10721 a
 -0.56229985 -0.7497336 -0.27108318 10917 g
 -8.819042 -0.2669535 2.9281087 10923 a
 -0.32927245 -0.66637987 -0.17334382 11119 g
 -7.7811556 -2.2852654 5.2157683 11123 a
 -0.27521026 -0.7595905 -0.16215855 11316 g
 -7.28376 -2.8892028 6.341642 11322 a
 -0.18705964 -0.5635819 -0.5371316 11516 g
 -6.8683662 -2.7808652 6.069301 11522 a
 -0.033661555 -0.18994038 -0.19651332 11717 g
 -6.9252286 -2.697667 6.0357823 11722 a
 -0.0043667853 -0.023226492 0.07619437 11916 g
 -7.28795 -2.2469583 6.0770826 11922 a
 0.044635378 0.10913261 0.20668927 12115 g
 -7.5225816 -2.2655134 5.865794 12121 a
 -0.028601818 0.2201875 0.24210905 12318 g
 -9.945514 -2.72939 5.4683566 12322 a
 0.031585623 0.37198767 0.29510593 12515 g
 -3.602675 1.0809821 3.4865563 12519 a
 0.25342694 -0.9105907 -1.5432742 12715 g
 0.32321724 -1.834557 4.5435963 12719 a
 0.50429726 -2.7098246 -2.4785755 12917 g
 -2.2188265 -0.8523358 6.831256 12921 a
 0.04490196 -0.44081122 -0.33686137 13114 g
 2.7455509 -4.6662993 7.813477 13118 a
 0.10242624 -0.8008706 0.08098859 13315 g
 3.7547069 -5.7766104 9.032724 13319 a
 0.076593846 -0.010978082 -0.5033084 13517 g
 1.738789 -4.382586 9.381081 13521 a
 0.058218032 0.40447503 -0.058560517 13714 g
 2.6102784 -3.2148144 8.76637 13718 a
 -0.012622052 0.25347382 -0.12407428 13914 g
 -1.3293805 -2.5360582 9.170391 13918 a
 -0.07733633 0.5424247 0.29697254 14116 g
 -0.6452374 -4.8057613 8.714894 14120 a
 -0.23952284 -0.10845191 0.57474023 14313 g
 1.2808979 -4.6698904 9.2308445 14317 a
 0.12266707 -0.39660594 -0.043912064 14513 g
 1.4945804 -2.4648306 10.476428 14517 a
 0.5261357 -0.20299307 -0.34112138 14716 g
 2.6641479 0.5351041 9.607931 14720 a
 0.7389223 -0.48688602 -0.43806043 14914 g
 6.269816 1.7830818 2.7024553 14917 a
 0.44624087 -3.6448624 -1.7211714 15113 g
 6.0489507 0.9187749 -0.2813187 15126 a
 0.8055021 -2.3979747 0.1837898 15315 g
 9.31943 0.6943185 0.39205053 15319 a
 0.014010624 2.018676E-4 0.02133698 15513 g
 9.269152 1.4993688 1.6238673 15517 a
 0.0030916636 0.4103287 -0.034589402 15712 g
 9.102755 0.48961425 3.496133 15716 a
 -0.10423373 0.7709207 0.12120552 15912 g
 10.411784 1.4263457 2.6791117 15917 a
 -0.026469424 -0.54601246 -0.011952533 16112 g
 7.554305 1.7735049 -4.6645036 16116 a
 0.076861225 -3.111169 -0.23778859 16311 g
 5.856816 1.2551602 -8.261193 16315 a
 0.18764979 -2.3034368 -0.028994633 16515 g
 4.586692 0.9804256 -8.480263 16519 a
 0.107222326 -0.81899077 0.045041244 16711 g
 2.059612 0.6171055 -10.309433 16715 a
 0.14450659 -1.3423018 0.0740697 16911 g
 1.5376761 0.5554548 -9.774927 16915 a
 0.06434677 -0.41419584 0.018678347 17113 g
 1.5227122 0.52253455 -9.841366 17117 a
 0.026796194 9.909623E-4 -0.015410115 17310 g
 1.6023195 0.5033809 -9.826403 17314 a
 0.004691957 0.015904665 -0.0031595742 17510 g
 1.738789 0.53091425 -9.834184 17514 a
 -0.020075973 0.064642645 0.0021656826 17713 g
 2.31639 0.6374562 -9.862914 17717 a
 -0.047240216 0.28941342 0.010155166 17909 g
 3.7481227 0.7260417 -9.414001 17913 a
 -0.08452447 0.7133887 0.06395102 18109 g
 5.357026 0.83258367 -8.74542 18114 a
 -0.09118264 1.1043417 0.092712894 18312 g
 9.056666 0.30945057 -4.5394063 18316 a
 -0.0091572795 2.4564288 0.10522975 18509 g
 10.184934 1.3401544 -1.0576386 18513 a
 0.08059125 1.7890404 -0.11927473 18709 g
 9.802461 0.82001406 0.47884035 18713 a
 -0.038185734 0.9211163 0.05116758 18908 g
 9.597756 1.1168951 2.202067 18913 a
 -0.04324574 0.8036709 -0.0042261705 19108 g
 10.078392 -0.3333926 3.4847605 19113 a
 0.07206913 0.23135759 0.024802286 19308 g
 10.314221 0.45908818 3.6433764 19312 a
 0.4164169 0.61884326 0.19631173 19510 g
 5.7203465 1.2629414 2.9466639 19514 a
 0.48752332 2.2779927 0.7614345 19707 g
 4.1018662 -1.6819267 7.5345526 19711 a
 0.014545919 1.235365 1.0245548 19907 g
 5.9980736 -2.1739352 10.653001 19911 a
 -0.051500477 -0.14575028 0.032793634 20108 g
 4.947019 -1.6795325 8.177396 20112 a
 -0.39398298 -0.09621548 0.26262444 20307 g
 5.4647655 -3.6792896 7.820061 20311 a
 -0.4059672 -0.26426095 0.4655573 20506 g
 6.7851677 -3.544017 6.645705 20510 a
 -0.2562973 -0.65867615 -0.26601252 20709 g
 7.3591776 -3.7900212 5.977723 20713 a
 -0.38253114 -0.47624964 -0.3589568 20906 g
 16.196177 -2.3469162 7.3567834 20910 a
 0.058488343 -0.13989238 -0.72673935 21106 g
 -2.248754 0.6985083 3.6284127 21110 a
 0.42147747 4.2183695 0.037588388 21308 g
 -4.5783124 2.9694088 7.4932528 21313 a
 0.38925323 1.6268476 0.7081723 21505 g
 -5.6042275 2.5300727 7.171831 21509 a
 0.5069649 1.735771 1.6317567 21705 g
 -15.877149 1.6801311 4.0462008 21709 a
 0.117078416 2.2865114 -0.32966098 21908 g
 -9.217078 1.4377182 3.5380316 21913 a
 0.12080684 0.84707296 0.025072064 22106 g
 -9.800665 2.2152352 0.98102415 22110 a
 0.2489049 0.7671781 0.19072068 22304 g
 -8.968679 2.3020248 0.40043023 22308 a
 -0.056025986 0.88062453 0.24638288 22508 g
 -8.902839 3.0723593 -1.5388732 22512 a
 -0.1026313 0.740276 0.21788706 22706 g
 -9.661801 3.0502129 -1.9716251 22710 a
 0.037717286 0.07555095 -0.028455343 22906 g
 -9.495404 2.517503 -0.52971715 22909 a
 -0.06268389 -0.54736245 -0.21700715 23106 g
 -9.562442 1.9554642 1.1965023 23110 a
 -0.16521558 -0.7404416 -0.2279261 23305 g
 -9.196129 0.94331545 2.8401217 23309 a
 -0.14923662 -0.676792 -0.24283981 23504 g
 -8.949526 0.107140526 3.3530796 23508 a
 -0.107957624 -0.4016875 -0.1962345 23705 g
 -8.557475 0.5943606 4.0503907 23709 a
 0.049967825 0.0068413946 -0.19010922 23904 g
 -9.878476 0.35793316 0.99179804 23908 a
 0.26275438 0.33201337 -0.19596818 24104 g
 -8.583213 0.7374141 2.9753942 24108 a
 0.08911683 0.39539447 0.1563691 24306 g
 -10.65719 1.4221559 0.29448682 24310 a
 0.060887318 0.6803527 0.16915227 24504 g
 -9.326612 1.7753005 -0.92655605 24508 a
 0.0936442 0.67103165 0.1595649 24704 g
 -9.15423 1.4131776 -2.3295584 24707 a
 0.29284918 0.6614421 0.113759324 24903 g
 -9.088389 1.489792 -3.774459 24907 a
 0.33199766 0.5852757 0.047446612 25103 g
 -9.478046 1.6723499 -4.2981906 25107 a
 0.0848563 0.34053123 -0.0106103 25303 g
 -10.037092 1.3640964 -3.8235402 25307 a
 0.060622066 -0.522868 -0.1307178 25510 g
 -9.184756 0.56982 -0.51714754 25516 a
 -0.07519915 -1.2070341 -0.08730827 25698 g
 -10.575189 0.8583213 0.18734628 25699 a
 -0.030990673 -0.91541797 0.08206877 25902 g
 -10.33517 3.2740707 1.3371617 25906 a
 -0.05415991 -0.7218072 -0.04016979 26105 g
 -11.86686 -0.20350714 1.8848352 26108 a
 -0.31914443 -0.5915786 -0.3578849 26302 g
 -8.837597 -3.3153708 4.4526167 26306 a
 -0.59451526 -0.6094218 0.025077656 26502 g
 -8.049306 -0.7290344 5.068525 26506 a
 -0.46055722 -0.3074236 0.0897946 26703 g
 -8.056489 -1.0402806 5.865794 26708 a
 -0.38359186 -0.34950155 0.11056726 26901 g
 -7.137714 -1.1563994 6.163274 26905 a
 -0.27466857 -0.24776879 0.2104358 27101 g
 -7.611766 -1.5915456 6.1123967 27105 a
 -0.051228568 -0.13751711 -0.026850257 27304 g
 -6.915053 -0.7104794 6.6103907 27308 a
 0.12720323 -0.4248722 -0.26307264 27500 g
 -6.401497 -1.6412252 7.6764092 27504 a
 0.05369998 -0.5052997 -0.21140732 27700 g
 -4.395156 -2.6527755 7.839215 27704 a
 -0.10369204 -0.2448457 -0.22312362 27903 g
 -3.9761705 -2.7898436 9.509171 27907 a
 0.06355447 -0.52128184 -0.43484494 28096 g
 0.11911154 -2.066196 4.420295 28099 a
 -0.047765657 -1.6983991 -0.9778635 28297 g
 0.010175358 -3.5727475 9.112331 28299 a
 -0.2022282 -0.28053525 -0.37971616 28502 g
 -1.1162965 -3.1381998 9.22426 28506 a
 -0.007551127 0.3285297 0.47835433 28699 g
 -0.02813187 -3.5488055 9.760562 28704 a
 0.11761744 -0.014751782 -0.2513518 28899 g
 -1.8112136 -3.364452 9.880871 28904 a
 0.057696585 0.3013641 -0.13843325 29097 g
 -1.7112557 -2.088941 9.219472 29100 a
 0.11708508 0.12745969 -0.14961852 29296 g
 -1.192911 -3.0627825 8.990228 29297 a
 0.02467339 0.048363805 -0.30248398 29498 g
 -1.4437037 -3.4638114 9.062054 29503 a
 0.03346342 0.1556828 -0.08436788 29701 g
 -4.243124 -3.3315318 11.53706 29705 a
 -0.031784028 -0.10690488 0.06343756 29898 g
 3.9019501 -1.2497733 3.7738605 29902 a
 -0.5503015 -2.8928378 -1.2273966 30095 g
 9.303269 -4.675277 10.835558 30097 a
 -0.26374537 -1.5860245 -0.6897044 30297 g
 7.0515227 -3.376423 5.499481 30302 a
 -0.17799157 -0.51490116 -0.12910898 30497 g
 9.339182 -2.6013002 2.724003 30503 a
 0.168752 -1.3772327 -0.350684 30697 g
 10.019734 -0.91578215 1.0372878 30702 a
 0.22760892 -0.851529 -0.8596119 30899 g
 11.376049 0.86490536 -1.4586674 30904 a
 0.3013785 -1.0898819 -0.41193455 31097 g
 10.650606 0.88525605 -1.8267759 31101 a
 -0.18811052 -0.73008883 -0.2689228 31296 g
 9.322423 0.7026982 -3.453636 31300 a
 0.048911616 -0.5982655 -0.012991698 31499 g
 9.048885 0.76075757 -4.1581297 31503 a
 0.018285263 -0.38547897 -0.009263273 31696 g
 8.787319 0.78050977 -4.3897686 31700 a
 -0.029119004 -0.3378084 -0.0071327444 31896 g
 8.51857 0.8146271 -5.2929816 31900 a
 -0.015803197 -0.29013783 0.008047273 32096 g
 8.800487 0.7799112 -4.7165775 32100 a
 -0.0115421405 0.21959122 0.0096451705 32295 g
 9.372103 0.9247604 -4.110844 32300 a
 -0.025656894 0.5053484 0.0072483253 32496 g
 10.052056 -0.5422867 -2.3708582 32500 a
 0.24039343 0.71546835 0.30898607 32698 g
 9.485827 -0.43993455 3.0933087 32702 a
 0.5442601 1.9983131 0.45892203 32895 g
 4.827309 -0.15382746 3.0597897 32899 a
 0.4435926 2.6228242 0.70712864 33095 g
 19.612701 -4.396951 9.272144 33099 a
 0.061695322 -0.03287992 0.18435013 33296 g
 7.888296 -1.7585411 5.7909756 33300 a
 0.0049699913 -0.057913635 -0.17597556 33495 g
 7.9565306 -2.2744915 6.1728506 33499 a
 -0.1420365 -0.09093683 0.2682397 33695 g
 7.395689 -3.2196028 6.9066734 33699 a
 -0.2296545 0.21639195 0.38808197 33894 g
 6.739678 -3.448249 6.3751607 33898 a
 0.07900587 0.040889643 -0.02337643 34094 g
 13.700221 -3.4488475 7.4256167 34098 a
 0.31869036 -0.53461945 -0.31286204 34294 g
 0.6895301 -0.9935937 4.8279076 34298 a
 0.47714898 2.7165654 0.09886373 34496 g
 3.9133227 -0.83138657 11.23539 34500 a
 0.31656036 0.82199264 0.08714582 34693 g
 1.4820108 -0.40342298 9.087193 34697 a
 0.2393287 0.8739243 0.021632059 34893 g
 -2.480393 -0.11432313 8.6813755 34897 a
 0.33626777 1.415345 0.22483125 35094 g
 -4.5807066 1.9381063 5.1397524 35098 a
 0.48487216 1.8971108 0.7968782 35292 g
 -6.5002575 0.219668 4.787206 35296 a
 -0.08504432 2.7386696 0.47756523 35493 g
 -8.990826 2.574964 2.7593174 35504 a
 -0.28318352 0.7181294 0.15745327 35693 g
 -9.320028 2.9083564 1.6567876 35697 a
 -0.17479284 0.39349005 0.11084796 35892 g
 -9.120711 2.6659436 2.0416555 35896 a
 -0.17985286 0.06086122 0.0021909827 36092 g
 -9.035717 1.8423382 3.0119057 36096 a
 -0.27253005 -0.16178223 -0.06545171 36295 g
 -9.116522 1.6980876 2.9562407 36299 a
 -0.15481834 -0.15299381 0.026427345 36492 g
 -8.893861 2.0231004 3.66253 36496 a
 0.12241673 -0.2571234 -0.074772775 36692 g
 -8.6257105 2.3918076 4.048595 36696 a
 0.24412346 -0.36631408 -0.10273543 36894 g
 -8.121731 1.9189527 4.2012253 36898 a
 0.23213923 -0.2906803 -0.15413444 37091 g
 -9.072827 2.136825 4.0521865 37095 a
 0.008433699 -0.18362123 -0.34002307 37291 g
 -7.7973166 0.074220255 6.060323 37295 a
 -0.26320872 -0.49547738 -0.567457 37492 g
 -7.855974 -0.8643068 6.1279593 37496 a
 -0.15428545 -0.42250678 -0.41832003 37690 g
 -6.941988 -2.0296845 6.602011 37695 a
 -0.29490036 -0.23342234 -0.563196 37890 g
 -6.4206505 -1.9111716 7.277176 37894 a
 0.14904886 -0.30319822 -0.44282058 38093 g
 -3.6912606 -2.6330233 8.34918 38097 a
 0.009765545 -1.0488833 -0.4582669 38290 g
 1.881244 -2.2260091 5.841852 38294 a
 -0.6807921 -2.8782086 -0.59142494 38489 g
 -0.79248077 -6.002862 12.871228 38494 a
 -0.3417712 -0.56632066 0.29460952 38693 g
 0.99538934 -4.1293993 8.777742 38697 a
 0.15517467 0.16498336 -0.023638217 38889 g
 -0.4938041 -4.6112323 8.867524 38893 a
 0.40098444 0.75620514 -0.21618477 39089 g
 -1.4041992 -3.1974564 8.465299 39093 a
 0.19112761 0.5418196 0.058387674 39292 g
 -1.4305356 -2.767697 8.764574 39295 a
 0.045985334 0.01078527 -0.06225352 39488 g
 -0.36750996 -3.970185 9.534908 39493 a
 -0.31274247 -0.19507708 -0.0404156 39688 g
 0.10534488 -4.3418846 8.897452 39693 a
 -0.07598691 -0.23502663 -0.12483674 39891 g
 0.7224504 -3.779846 8.453926 39895 a
 0.36263573 -0.23529294 -0.26598427 40089 g
 2.730587 -1.7250223 9.983821 40093 a
 0.6819487 -0.275773 -0.8132639 40287 g
 2.835932 -0.7062895 11.596914 40291 a
 0.7924696 -0.31705093 -0.086221434 40490 g
 3.2638955 0.6374562 7.8667483 40498 a
 0.10643936 -0.12264016 -0.12936464 40687 g
 1.4012065 -0.24480712 10.081385 40691 a
 0.07261721 0.08295587 0.059453472 40887 g
 1.2749124 0.6931214 9.41041 40891 a
 -0.05175161 0.034483142 0.04800348 41089 g
 2.3612814 -0.43873745 5.0900726 41094 a
 0.13786545 -1.2904395 -0.09820406 41286 g
 4.7518916 -0.05566519 2.7018566 41290 a
 -0.17558861 -3.8769016 -0.39328232 41487 g
 17.073051 4.4699745 -0.094570965 41490 a
 -0.026983947 -2.4089684 -0.20712683 41689 g
 5.847239 0.9056068 -9.941922 41693 a
 -0.08583981 -3.3898108 0.035487153 41886 g
 5.1900306 0.7062895 -8.22947 41890 a
 0.0728846 -0.8970919 0.022437664 42086 g
 4.282628 0.59974754 -8.770559 42090 a
 0.04678668 -0.5104052 0.012586099 42289 g
 2.7042508 0.51235914 -9.936536 42293 a
 0.06462986 -0.806815 0.0064608287 42485 g
 2.058415 0.46686932 -9.84795 42489 a
 0.024682444 -0.4076072 0.017113473 42685 g
 1.8914193 0.40521863 -9.734225 42689 a
 0.01589481 -0.11173319 0.02270771 42888 g
 2.0231004 0.47285482 -9.800665 42892 a
 -0.007807323 0.051518586 0.014718226 43085 g
 2.6803088 0.5291186 -9.734824 43089 a
 -0.030710509 0.33700946 0.016049806 43285 g
 4.1066546 0.47225627 -9.114127 43289 a
 -0.028047347 0.72716254 0.07756883 43486 g
 5.5264163 0.40701428 -8.050503 43489 a
 -0.01553049 0.8355532 0.092216216 43684 g
 7.700351 0.109534726 -5.8783636 43688 a
 -0.010204168 1.4811034 0.1382889 43885 g
 9.449316 0.24181437 -3.3979707 43888 a
 0.109105185 1.5902941 0.065850385 44087 g
 9.299079 0.13587095 -2.8987796 44091 a
 0.08487041 0.6520625 0.02377244 44284 g
 9.627085 0.45609543 0.4830302 44288 a
 0.17888 1.102403 -0.26811 44484 g
 10.08737 0.30286652 0.03232172 44488 a
 0.137601 0.34606525 0.023239808 44684 g
 9.138069 0.15143326 2.2786815 44688 a
 0.12321994 0.6475351 -0.029224465 44884 g
 13.371616 -0.9367314 2.5791538 44887 a
 0.027612453 0.049122807 0.14734311 45083 g
 5.752668 -1.204882 2.7850552 45087 a
 0.30085304 1.9351724 0.36359233 45286 g
 3.8893807 -0.260968 6.634333 45290 a
 0.1644992 1.477375 0.487163 45483 g
 7.665635 -2.557606 6.105813 45487 a
 0.012432701 -0.30001867 0.038686674 45683 g
 7.6255326 -0.89543146 6.675633 45687 a
 -0.26000842 -0.091760546 0.032295354 45885 g
 4.8638206 -2.6605566 6.950966 45889 a
 -0.2019515 0.20518191 0.7470878 46082 g
 7.441179 -5.483919 6.700772 46086 a
 -0.4019549 -0.29416078 0.024305873 46283 g
 10.278308 -1.5179238 5.380968 46286 a
 0.09792044 -0.10374477 -0.45586208 46483 g
 1.2419921 -1.5382746 5.971139 46487 a
 0.33414283 2.1295822 0.19261765 46683 g
 4.9224787 -3.405752 9.133281 46687 a
 -0.20594624 -0.43877044 -0.119771145 46882 g
 7.1951747 -2.7940333 6.135142 46886 a
 -0.042161036 -0.4033536 -0.18315278 47084 g
 3.2345665 -1.9363106 8.816648 47088 a
 0.13280864 1.0826902 0.09541387 47281 g
 1.3617022 -1.0049661 8.872313 47285 a
 0.31896362 1.1569924 0.15400341 47481 g
 -2.3732524 0.19093758 8.289924 47485 a
 0.19512688 1.2707084 0.23842615 47683 g
 -4.630985 0.27593175 7.8086886 47687 a
 0.30484912 1.3785664 0.95055544 47880 g
 -7.018004 0.3184288 7.454347 47884 a
 -0.22645152 1.3910832 0.9814481 48080 g
 -7.0036387 1.299453 6.5259953 48084 a
 -0.24376126 0.26589453 0.3020773 48283 g
 -6.167464 -0.12389994 7.2227077 48287 a
 -0.3422982 -0.4488979 -0.19939592 48480 g
 -4.31076 -1.2671312 9.050082 48484 a
 -0.36546773 -0.84171414 -0.41990566 48681 g
 -1.7717092 -0.8439561 9.5732155 48685 a
 -0.0027451864 -0.7146814 -0.4486678 48880 g
 -1.091756 -1.287482 9.818622 48884 a
 -0.07438422 -0.5799254 -0.5155131 49079 g
 0.40821138 -2.742558 6.4739213 49083 a
 -0.40461618 -1.5453213 -0.53415525 49278 g
 8.289325 -4.8141413 14.283209 49283 a
 -0.42698675 -1.7469226 -0.8827631 49479 g
 4.741118 -2.544438 7.5327573 49483 a
 0.024685372 -0.25768295 0.041886464 49680 g
 4.582502 -4.869208 8.937555 49684 a
 -0.2544139 0.34046304 -0.24972968 49878 g
 3.8971617 -3.0220811 8.571242 49883 a
 -0.025914688 0.10131118 -0.15838325 50079 g
 5.294777 -1.5807717 7.5806413 50083 a
 0.25558144 -0.26247662 -0.41351408 50278 g
 6.2099605 -1.2617443 8.007407 50282 a
 0.23001508 -0.13171542 -0.35891926 50478 g
 6.0357823 -0.7727286 8.198944 50482 a
 0.09419467 0.13779302 -0.109379485 50676 g
 2.7659016 -0.504578 5.395932 50677 a
 0.17462213 -0.1700684 -0.26890284 50877 g
 16.73487 -2.4372973 8.207323 50889 a
 -0.2890342 -1.9216294 -0.30725235 51077 g
 8.771158 -0.961272 5.7903767 51082 a
 -0.09009607 0.17694148 -0.1261574 51278 g
 8.765771 0.38486794 4.8626237 51282 a
 -0.23417309 -0.30322644 -0.09100368 51476 g
 8.878897 -1.0372878 4.466982 51480 a
 -0.384908 -0.44330874 -0.2087154 51677 g
 8.616134 -0.46567222 3.4237084 51681 a
 -0.2983542 -0.5144194 -0.17648928 51879 g
 10.247782 0.2112883 0.44771573 51884 a
 0.017496701 -1.2433265 -0.4233643 52076 g
 9.877279 2.6443958 -3.691859 52080 a
 0.3184339 -1.5104417 -0.5487992 52275 g
 8.5778265 2.0207062 -4.313154 52279 a
 0.07395598 -1.0252148 -0.15651505 52479 g
 8.565256 1.9997569 -4.7746367 52483 a
 0.03507383 -0.19031376 -0.0049811765 52676 g
 8.919 1.8243817 -3.8696284 52680 a
 0.02841593 0.41342485 0.046950463 52875 g
 9.582193 1.4347254 -3.044826 52879 a
 0.08061442 0.6392588 0.21473068 53078 g
 9.999982 0.6787562 -1.3916297 53083 a
 0.031612255 0.72767574 0.3492203 53275 g
 10.016143 -0.16400282 0.39624038 53279 a
 -0.028575186 0.90184647 0.32045817 53476 g
 9.643845 -0.5279215 2.48159 53480 a
 0.052917276 0.9726876 0.31699553 53678 g
 9.31943 -0.8858546 3.6212301 53683 a
 0.0582436 0.6504451 0.1939575 53875 g
 7.8146744 -1.6903064 4.9996915 53879 a
 0.0995226 0.47760597 0.13510163 54074 g
 11.848306 -1.4024036 8.605359 54078 a
 0.24413198 0.26002678 -0.010840131 54277 g
 3.1621418 -0.75357497 3.6816838 54282 a
 0.21350563 1.3937345 0.12631266 54474 g
 9.081207 0.11432313 8.99322 54478 a
 0.16450346 0.5950524 0.5351079 54674 g
 4.348469 -2.4001873 8.845977 54678 a
 0.14106818 0.02779701 0.35481295 54876 g
 6.9820905 -1.3215994 7.551911 54880 a
 -0.07544682 -0.31042445 0.20700751 55074 g
 7.031172 -1.4957775 7.0569096 55077 a
 -0.16040166 -0.44438145 -0.064368606 55274 g
 7.7829514 -1.4263457 6.5589156 55278 a
 -0.106338955 -0.35729823 -0.37329423 55476 g
 10.704475 -0.4141969 4.8458643 55480 a
 0.13627502 0.03178962 -0.2276193 55673 g
 1.4000094 -1.5107412 5.9424086 55677 a
 -0.029906234 1.8446034 0.35028663 55872 g
 2.7736826 -2.220622 5.650316 55876 a
 0.070761256 -0.2446465 0.18889908 56073 g
 3.803788 -1.3323733 8.35337 56083 a
 0.026552781 0.112483405 0.060534716 56272 g
 3.8025908 -1.3940239 8.550891 56276 a
 0.09366444 0.1819919 0.008070444 56472 g
 3.453636 -1.3024458 8.856153 56476 a
 0.04626044 0.51275545 -0.10777653 56675 g
 4.0096893 -0.6039374 9.882068 56680 a
 0.07156047 0.61368924 -0.024685904 56872 g
 -0.28191724 -0.6967127 9.682152 56876 a
 0.24147014 1.2291458 0.13537008 57072 g
 -2.5510218 0.24361002 8.550293 57076 a
 0.29633206 1.2592363 0.26453498 57275 g
 -5.2037973 1.8130093 7.245453 57278 a
 0.3019247 1.6267525 1.1915814 57471 g
 -7.227496 4.031237 5.20679 57475 a
 0.57090396 1.408107 0.9345863 57671 g
 -8.145673 3.3542767 4.6375685 57675 a
 0.18128404 0.6198089 -0.4340111 57874 g
 -8.124723 3.240552 4.7818193 57878 a
 -0.008865663 0.07146406 -0.12268757 58070 g
 -7.8757267 3.0561984 4.337695 58075 a
 -0.12737633 -0.067286626 -0.114165455 58270 g
 -7.9463553 1.6705543 5.4192758 58275 a
 -0.42458564 -0.4569047 -0.3948637 58476 g
 -4.5621514 -0.24899697 8.307879 58479 a
 -0.67092806 -1.1914045 -0.43055007 58670 g
 -3.2543187 -1.4143747 8.733449 58674 a
 -0.3492182 -0.9911348 -0.3980595 58869 g
 2.7976246 -2.043451 4.701015 58873 a
 -0.72871786 -2.6550813 -0.84200686 59073 g
 1.1300632 -3.4793737 10.228628 59077 a
 -0.62458825 -0.9983288 -0.49632853 59269 g
 4.6950297 -2.3810337 7.633912 59273 a
 -0.2453541 -0.45983765 -0.24332823 59468 g
 5.0026846 -5.121197 8.260594 59472 a
 -0.1452195 -0.061960306 -0.47262692 59672 g
 5.7389016 -3.2752678 6.9449806 59676 a
 -0.033899378 -0.10030983 -0.29366252 59868 g
 3.5930982 -2.3080103 6.971317 59873 a
 0.0699639 -0.10430457 -0.59726286 60204 g
 0.3743523 1.0612239 0.4386988 1 g
 -1.3401544 9.164406 -0.96905315 3 a
 1.0989984 -0.909249 0.062394135 122 g
 -0.57760113 10.181343 -1.6741456 126 a
 0.7943328 -2.068523 0.003804592 322 g
 0.5835867 9.427768 -1.3006501 326 a
 0.84679705 -1.7649226 -0.077954456 521 g
 1.7118542 8.941745 -2.1416135 525 a
 0.30351114 -1.2434725 0.17850663 724 g
 -0.05925649 9.257181 0.49799395 728 a
 -1.9668337 -0.53240854 0.83710635 920 g
 -0.50637364 11.59871 8.111555 925 a
 -0.41900444 1.0263397 0.29781625 1120 g
 -5.392939 5.7095723 -0.39863458 1125 a
 0.6153673 -0.102308 -0.29740027 1321 g
 1.4879963 6.989872 -0.2633622 1326 a
 1.5338916 -0.6823445 -0.7165818 1520 g
 -1.316811 11.87943 -0.5614403 1524 a
 0.35357857 -0.47222108 -0.1690359 1720 g
 -1.6394296 6.6983776 -0.10534488 1724 a
 -2.2776234 -0.009633186 1.1931723 1922 g
 -1.5837644 19.612701 10.761936 1927 a
 -0.21180946 1.0364565 0.32657972 2116 g
 -0.9379285 6.712743 -5.1559134 2118 a
 0.83854127 -0.4365379 -0.12908715 2319 g
 -1.3030443 9.674371 0.14425065 2324 a
 1.9323024 -1.0280292 -0.9200449 2522 g
 -0.50397944 15.638327 -2.8640637 2526 a
 -0.04935583 -0.4147032 0.24508806 2719 g
 1.6394296 4.2850223 -0.36750996 2723 a
 -2.6675096 -0.07728067 0.9745279 2922 g
 0.18136078 7.102998 7.547721 2926 a
 0.13280572 0.7911719 -0.04785807 3121 g
 0.8948329 9.682152 -0.92775315 3126 a
 1.175167 -0.47915593 -0.7892821 3318 g
 2.606687 16.213533 2.3852234 3322 a
 1.9253794 -0.40591902 -0.27209625 3518 g
 -3.1573534 13.385384 -2.5474305 3522 a
 -2.241934 1.6417816 1.0506974 3720 g
 -1.9494787 6.613384 2.670732 3724 a
 -1.8041103 2.221818 -0.06250386 3917 g
 -1.650802 10.645818 -0.6961141 3921 a
 0.07075513 0.4044769 0.08397 4117 g
 -0.8194155 8.857947 -2.0242975 4121 a
 2.394364 -1.5153991 0.2778492 4320 g
 3.98874 13.161526 -0.0035913025 4324 a
 1.5149884 -1.5782497 -0.36450526 4517 g
 -3.5051112 6.2219315 0.3824737 4521 a
 -2.1750875 -0.99821323 1.4507053 4717 g
 1.513734 7.839813 11.599907 4720 a
 -0.9082213 1.3610791 0.37745222 4919 g
 1.4718355 4.000711 -0.5542577 4923 a
 0.42176136 -0.45359892 -0.27795172 5113 g
 -0.5434838 8.1959505 0.5351041 5115 a
 2.233776 -1.060267 -0.995141 5317 g
 0.7308301 13.215993 -0.8062474 5320 a
 -0.13483824 -0.2663819 -0.15278208 5519 g
 1.8459295 3.4847605 -1.7741034 5523 a
 -2.2978578 1.0380344 1.4381903 5716 g
 8.985439 4.6339774 2.1589713 5720 a
 0.02441879 1.8937081 0.29542792 5916 g
 -4.049194 10.636241 -0.83258367 5920 a
 0.70192724 0.18156074 -0.48381248 6119 g
 -1.1647792 13.916297 3.0418332 6123 a
 1.7019442 0.117378555 -0.5442662 6315 g
 -6.9581485 17.653048 5.7065797 6319 a
 -1.8339348 0.43163157 0.8751986 6515 g
 -2.915539 2.5462334 2.8083985 6519 a
 -0.907421 1.4992929 1.3713455 6716 g
 -5.4713492 15.134348 -6.3260794 6720 a
 0.3328131 0.795952 -0.07821304 6915 g
 -3.0131028 8.938752 3.2734723 6919 a
 0.96344966 1.3602759 -0.88701504 7115 g
 2.8862102 12.571953 0.8050503 7119 a
 1.4366937 -0.05199955 -0.31603307 7318 g
 -5.2259436 7.012018 0.14724341 7322 a
 -1.9875989 -0.15905863 1.3716121 7515 g
 -1.2970588 2.949058 6.271013 7518 a
 -1.3015686 1.1115355 0.87786204 7714 g
 -7.211934 2.0709844 4.392163 7718 a
 0.7466686 0.20899023 -0.40631422 7914 g
 -0.17417817 9.387066 0.98102415 7918 a
 1.7994162 -0.34761044 -0.6686356 8114 g
 0.7428011 11.089942 -4.39336 8118 a
 0.8401456 -0.44401687 -0.3312131 8314 g
 -4.851251 3.4739866 2.7210102 8318 a
 -2.3884046 -0.4333642 1.037918 8514 g
 -2.1045034 19.612701 10.837354 8518 a
 -0.088765025 0.7898257 0.27971607 8713 g
 -5.919065 18.44493 -8.934562 8717 a
 0.22415641 -0.3124567 -0.1860708 8913 g
 -1.6849195 8.373122 0.919972 8917 a
 1.9813106 -0.3241765 -0.52615565 9115 g
 -1.9153614 16.150087 -4.1437645 9119 a
 -0.087432906 -0.36865127 0.14203145 9313 g
 -0.6218939 4.654328 0.8451532 9317 a
 -2.4453957 0.31977588 0.9399145 9513 g
 0.29987377 9.068039 7.864354 9517 a
 -0.05387788 1.4127401 -0.006307697 9715 g
 -4.879383 17.256208 -6.31351 9719 a
 0.7954042 -0.770253 -0.03959721 9912 g
 -2.8107927 12.30081 0.12928689 9916 a
 2.023654 -0.1843576 -0.31683227 10112 g
 -3.165733 12.139201 -1.1145009 10118 a
 -0.36067376 -0.35480097 0.28317818 10314 g
 -2.1212628 3.9636009 1.7280151 10318 a
 -2.5761576 0.41298836 0.77000403 10516 g
 -1.5574282 10.059837 8.209718 10519 a
 -0.08903134 1.3142021 -0.088332795 10712 g
 -1.146224 16.765398 -4.835689 10716 a
 1.2148523 -0.9398975 -0.49659538 10913 g
 -0.3633201 12.720992 0.6997054 10916 a
 1.8705226 -0.049869023 -0.23347507 11110 g
 -6.257246 19.215263 -0.2777274 11115 a
 -1.1790632 0.0976701 0.61500806 11312 g
 -2.2296004 3.2130187 0.31304187 11315 a
 -1.9716198 0.81113094 0.9891822 11512 g
 -6.209362 17.943344 -5.3983264 11516 a
 0.0031140342 1.464937 -0.05291275 11710 g
 0.3309984 6.781576 6.359598 11715 a
 1.1533333 0.29953772 -0.40737948 11910 g
 -0.020949265 13.396755 1.1504139 11914 a
 1.4606618 0.08808379 -0.27981433 12113 g
 -4.8614264 9.475652 2.0566192 12117 a
 -1.8275431 0.16984282 0.8554912 12307 g
 -3.028665 5.7520695 2.4049757 12309 a
 -1.2075592 1.8289921 0.9806598 12510 g
 -4.607043 5.3540335 -4.585495 12514 a
 -0.08024291 1.1815766 0.35242036 12712 g
 -1.3742718 9.163807 0.7703344 12716 a
 1.1836933 0.8830363 -0.43454373 12909 g
 3.364452 12.45763 -0.24779987 12914 a
 1.2436144 -0.14920492 -0.22308874 13109 g
 -5.8723783 9.622895 2.9215245 13113 a
 -1.8648272 -0.010454238 0.9495011 13310 g
 -1.7824832 6.375759 4.301782 13314 a
 -1.141779 1.2465578 0.9218042 13509 g
 -6.5804634 2.5270798 0.040102877 13513 a
 0.27768594 0.81406045 0.02857998 13709 g
 0.005985504 9.9712515 -0.22445641 13713 a
 1.4089968 -0.19261445 -0.69420195 13909 g
 2.7192147 10.882844 1.2348095 13914 a
 1.1951449 -0.49355167 -0.440669 14109 g
 -1.9782091 5.7736173 -1.0289081 14113 a
 -1.62967 -0.22963239 1.3793353 14308 g
 -0.41718966 2.5809495 4.3664255 14312 a
 -1.3018352 1.140565 0.5239277 14511 g
 -2.4109612 0.2172738 3.417723 14515 a
 0.08700334 0.8175236 -0.2345406 14708 g
 -0.5722142 7.129334 0.5835867 14712 a
 1.6723831 -0.24108292 -0.4262882 14907 g
 2.516306 9.539098 -1.2126632 14912 a
 0.8433408 -0.2980735 -0.5027212 15110 g
 -0.90021986 7.03177 -1.9081788 15120 a
 -2.168428 -0.12416909 1.4355274 15307 g
 -0.19632454 8.975264 7.4746976 15311 a
 -0.5601451 1.7389784 0.7223329 15507 g
 -6.232107 2.891597 6.1040173 15512 a
 0.40897924 0.89795214 -0.14559129 15707 g
 -1.5969325 8.053496 0.2765303 15711 a
 1.7924914 -0.31857985 -0.6401403 15906 g
 0.4333505 10.964247 -1.7010803 15910 a
 0.6332174 -0.40992627 -0.28514093 16106 g
 -0.40940848 5.3247046 -1.8740613 16110 a
 -2.1737545 0.033756364 1.379601 16308 g
 0.19752164 17.766174 12.282853 16312 a
 -0.5982283 1.5349803 0.42512414 16506 g
 -1.5059528 5.20679 -2.3864205 16510 a
 0.6412069 -0.033355292 -0.14452602 16706 g
 -1.9632454 8.996213 0.95708215 16710 a
 1.9735856 -0.4245715 -0.8452045 16908 g
 -1.6101006 14.617799 -1.9093759 16912 a
 -0.10368006 -0.154527 0.060536582 17105 g
 1.376666 5.2121773 -0.93373865 17109 a
 -2.2294152 0.2619914 1.0299273 17305 g
 1.8285716 7.3071036 5.6527104 17309 a
 -0.24669154 1.1922325 0.14202957 17508 g
 -1.5628152 14.346057 -2.2164323 17512 a
 1.2153839 -1.0948902 -0.48487854 17705 g
 1.8968062 12.914324 1.5394717 17709 a
 2.018327 -0.5105927 -0.5293533 17905 g
 -9.43076 16.538548 2.0009542 17909 a
 -1.1963753 -0.06131529 1.0565583 18107 g
 -1.9524715 0.65900403 2.268506 18111 a
 -2.412641 0.025237447 0.550824 18304 g
 -9.518148 17.1359 -3.9444473 18308 a
 0.81031656 0.36798626 -0.3551834 18504 g
 -3.3967736 8.393473 1.0019734 18508 a
 1.7309713 -1.1007471 -0.55998045 18704 g
 0.789488 12.228385 1.7812861 18708 a
 1.4097941 -0.9345658 -0.50432044 18904 g
 -6.0088477 11.616667 1.4532804 18908 a
 -1.7753465 -0.17370069 1.1111531 19104 g
 -0.5279215 2.0859482 1.8046296 19107 a
 -1.4768062 0.9616049 0.6879768 19304 g
 -2.9963434 4.207211 -1.8387469 19308 a
 0.37036234 0.38556314 -0.20231795 19503 g
 -2.8724434 7.410054 -1.3760674 19507 a
 1.0097873 -0.7840972 -0.29153386 19703 g
 0.8182184 7.5028296 -0.44232875 19707 a
 0.48887247 -1.6416329 -0.71497726 19905 g
 -2.086547 8.926183 0.3537433 19909 a
 0.26037326 -1.3076725 -0.47156432 20103 g
 -4.18686 8.747814 -0.36990416 20106 a
 0.5820831 -1.4171284 -0.15384921 20302 g
 -3.5272577 8.429984 1.3850456 20306 a
 0.24146535 -1.586774 -0.15864211 20505 g
 -0.7529764 7.5483193 3.3333273 20509 a
 0.18687055 -1.9588176 -0.12029259 20701 g
 -0.7637503 4.795586 -2.7659016 20705 a
 1.6042049 -2.3052948 0.29995424 20902 g
 -0.074818805 13.133393 0.7320272 20906 a
 1.6121941 -2.8339312 0.102613725 21105 g
 -0.38187516 9.563639 -2.908955 21109 a
 0.6103129 -1.3481537 0.22645071 21302 g
 -2.006341 8.243835 -1.8734628 21306 a
 -2.3063812 -0.97424585 0.97613055 21501 g
 0.51355624 5.839458 5.3941364 21505 a
 -1.0728049 0.55094653 0.014463095 21702 g
 -2.4552538 3.2357635 3.3722332 21706 a
 0.4582464 -0.031220503 -0.2401351 21901 g
 -0.5386954 8.314464 0.40462008 21905 a
 1.7067363 -0.1997986 -0.30271938 22100 g
 3.4614172 11.964424 -2.319383 22105 a
 0.6675711 -0.21631126 -0.57249737 22304 g
 -0.91338795 5.807136 -4.4753613 22308 a
 -2.0797458 0.065451175 1.2717417 22500 g
 -0.5805939 7.3178773 5.9029045 22505 a
 -0.7910422 1.4822528 0.5601451 22700 g
 -5.2540755 2.3570917 5.5138464 22704 a
 0.67902243 0.20633346 -0.26303828 22903 g
 -0.338181 7.627328 -1.0726024 22907 a
 1.5754424 -0.33402193 -0.49766278 23100 g
 -0.2693477 10.283695 -0.31004912 23104 a
 0.44493058 -0.28954712 -0.35038996 23299 g
 -0.82779527 6.4308257 -4.0497923 23303 a
 -2.1535153 0.015650066 1.2765354 23503 g
 -1.412579 17.873314 11.622652 23507 a
 -0.29942265 1.2817168 0.40621436 23699 g
 -0.46028528 7.3645644 -8.965088 23703 a
 0.581551 -0.29567346 -0.10271572 23899 g
 -1.0175357 7.6111674 1.2108675 23903 a
 1.7629293 -0.2184418 -0.8068555 24099 g
 -1.3437457 15.38514 -3.402759 24104 a
 -0.16306882 -0.17663017 0.18170987 24299 g
 2.6916811 3.727772 -0.6536171 24303 a
 -2.4600453 -0.25226393 0.9766635 24499 g
 0.6925228 5.657499 5.337274 24503 a
 0.36663365 0.9235227 0.028844165 24701 g
 -1.0301052 11.337742 -0.3393781 24705 a
 1.0846219 -0.93642896 -0.51523966 24898 g
 1.2791022 13.928268 2.6970682 24902 a
 1.9477524 -0.53935164 -0.47955328 25098 g
 -10.086173 16.055517 2.1230583 25102 a
 -1.4970465 -0.21657652 1.086119 25298 g
 -0.45429978 -0.20530279 3.9151182 25303 a
 -2.0744197 0.1852945 0.3931646 25497 g
 -2.7252002 3.946243 -1.0803835 25501 a
 0.8649111 0.0697133 -0.25877723 25697 g
 -0.36032736 8.178593 -2.6856956 25701 a
 1.9701232 -1.1316397 -0.7147101 25900 g
 -0.3453636 10.164583 -2.854487 25904 a
 0.9844873 -0.55506533 -0.36370552 26097 g
 -0.48722005 4.614824 -3.1675289 26101 a
 -2.5260916 -0.5071285 1.2139511 26297 g
 -2.565387 19.612701 13.781025 26301 a
 -0.35721353 0.73550355 0.27012655 26499 g
 -1.8106151 11.617265 -6.671443 26503 a
 0.5706318 -0.94282055 -0.17328976 26697 g
 -0.4249708 13.561357 2.3810337 26700 a
 2.2478907 -0.8038035 -0.8681085 26896 g
 -4.9218802 16.191986 -2.6042929 26900 a
 -0.47572312 -0.30845878 0.5742606 27099 g
 1.4867992 2.4211364 0.0 27103 a
 -2.4440656 -0.9207195 0.29569396 27296 g
 -9.674969 19.612701 -6.2422824 27300 a
 0.64333713 0.195145 -0.04306012 27496 g
 -0.7445967 6.622362 1.3371617 27500 a
 1.359993 -0.84135514 -0.52429414 27699 g
 2.8832173 12.400169 0.094570965 27703 a
 1.3927499 -1.1321723 -0.3338781 27895 g
 -2.831742 8.04392 -0.91219085 27899 a
 -1.9809426 -1.6296508 1.0648141 28095 g
 1.2054806 0.78290397 5.3761797 28099 a
 -1.3441807 -0.43948415 -0.14106524 28296 g
 -2.2379801 1.8513165 1.7699136 28300 a
 0.9051251 -0.35479563 -0.34772655 28495 g
 -1.4574703 8.5473 0.338181 28499 a
 2.0047443 -1.2826409 -0.7421407 28695 g
 0.9008184 12.180501 -1.6675615 28698 a
 0.70778483 -0.52204216 -0.2758212 28895 g
 -0.6392518 5.4899044 -2.7114334 28899 a
 -2.5082486 -0.23708393 1.070673 29094 g
 -3.7642837 19.612701 13.01488 29098 a
 -0.35534903 1.0028839 0.3028837 29294 g
 -1.1845313 11.101315 -10.151415 29298 a
 0.62496084 -0.6155202 -0.15358157 29497 g
 -1.2868834 13.365032 2.6509798 29501 a
 2.1395006 -0.17982702 -0.806056 29693 g
 -3.1902738 19.612701 -1.8142064 29697 a
 -0.8751978 -0.13774908 0.538574 29894 g
 0.8475474 0.98222125 3.1717186 29898 a
 -2.4408703 0.24015348 1.1806622 30094 g
 -5.966949 19.612701 -7.3579803 30098 a
 0.6036555 0.8641321 -0.22042692 30293 g
 -1.5472529 5.4486046 7.0904284 30297 a
 1.2697121 -0.36225355 -0.6183032 30493 g
 2.9257145 13.709199 -0.31244332 30497 a
 1.745885 -0.48342633 -0.55092573 30696 g
 -5.7119665 7.7159133 -0.24241292 30700 a
 -1.8581709 -0.039211053 1.3313965 30893 g
 -0.3417723 1.3910311 6.0884547 30897 a
 -1.6632274 0.8782479 0.51833344 31093 g
 -4.0695443 -3.0508115 7.091625 31097 a
 0.7027259 0.08275853 -0.15304814 31295 g
 -0.61650693 6.47033 -1.9698294 31299 a
 1.9165947 -0.8304394 -0.742672 31492 g
 0.7266402 10.474632 -3.1663318 31496 a
 0.8031271 -0.33029774 -0.41323897 31692 g
 -0.76554596 5.837662 -2.565387 31696 a
 -2.1069098 -0.1462712 1.2501706 31895 g
 0.75477207 19.612701 9.308058 31899 a
 -0.61607224 0.8063415 0.16147038 32091 g
 -1.6621746 10.461464 -9.233239 32095 a
 0.7325525 -0.9433553 -0.073953055 32291 g
 0.046088383 12.556391 1.4975731 32295 a
 2.1671982 -0.7590667 -0.7775594 32494 g
 -4.6363716 19.40321 -4.1383777 32498 a
 -0.49782708 -0.39261574 0.622997 32691 g
 1.8423382 3.5075054 -1.3054385 32695 a
 -2.5287538 -0.97158694 0.40887883 32890 g
 -8.595184 16.478094 -2.7551277 32894 a
 0.6372124 0.20819262 -0.19592476 33093 g
 0.17956513 5.9609637 -0.5626374 33097 a
 1.3322974 -1.2269849 -0.67050004 33290 g
 1.6519991 13.549985 2.4839842 33294 a
 1.6012768 -0.78170437 -0.4393377 33490 g
 -9.1751795 14.380773 2.4049757 33494 a
 -1.4586953 -0.5595967 1.2104906 33690 g
 0.19991584 -0.31004912 3.0909145 33694 a
 -2.0741518 -0.104196176 0.12898089 33890 g
 -7.095815 10.353127 1.8956091 33894 a
 0.7141778 0.05452822 -0.23027955 34089 g
 -1.38325 9.553463 -2.1709423 34094 a
 1.8084706 -1.0490857 -0.6228295 34290 g
 2.533664 10.0748005 -0.6961141 34294 a
 1.0662477 -0.7641275 -0.49712828 34489 g
 -2.397793 5.547964 -2.633622 34493 a
 -2.158574 -0.2695785 1.1819948 34689 g
 0.7236475 6.9000893 6.789956 34693 a
 -0.9132797 0.76585746 0.16200462 34891 g
 -4.201824 0.90740246 5.892729 34896 a
 0.23480904 0.34534433 0.038167626 35088 g
 -1.4921862 6.8653736 0.3878607 35092 a
 1.7962204 -0.61366 -0.7594491 35288 g
 2.8173769 10.226832 -0.64823014 35292 a
 0.46810248 -0.238689 -0.43454266 35490 g
 -0.6386533 8.052897 2.2900538 35498 a
 -2.3314123 0.31764534 1.3628248 35687 g
 -2.694674 19.612701 9.227852 35691 a
 0.078482024 1.2156632 0.33484456 35887 g
 -3.5422213 9.160215 -6.9168487 35891 a
 0.35651577 -0.124704644 0.008606804 36086 g
 0.020350715 6.8121023 1.7735049 36088 a
 1.8982197 -0.6016768 -0.78474885 36283 g
 -2.2888567 11.140819 2.1948843 36284 a
 0.010038519 -0.1073941 0.03071104 36483 g
 0.7272388 7.5082164 0.30166942 36484 a
 -2.4448633 -0.12869939 0.8552257 36687 g
 -1.762731 15.23251 8.033145 36691 a
 0.18234505 1.024982 0.098887965 36887 g
 -0.6278794 13.815741 -6.154894 36891 a
 0.47049907 -0.4067334 -0.26782933 37086 g
 -1.1109096 9.811439 1.5263035 37090 a
 1.8327078 -0.24215645 -0.385006 37289 g
 -0.997185 13.703812 -3.7594953 37294 a
 -0.59769297 -0.055735167 0.02778396 37485 g
 -0.32202014 5.86759 0.492607 37489 a
 -1.7263407 0.47130442 1.2549685 37686 g
 -0.22505496 16.959927 5.6359506 37690 a
 0.3258929 1.6169909 -0.21695867 37889 g
 -6.455965 13.573328 -0.61530983 37893 a
 0.085942075 -0.27145654 0.19476603 38085 g
 0.5255273 10.029909 1.3533225 38089 a
 1.1051338 0.21510299 -0.32508302 38285 g
 -5.026028 13.779229 -1.2204443 38288 a
 0.11816818 -0.50475556 0.07758933 38488 g
 -2.4528596 8.213309 1.6968905 38492 a
 -1.3771968 -2.266703 -0.06568873 38685 g
 -0.076015905 10.085575 4.394557 38689 a
 1.270518 -2.0115721 -0.741599 38885 g
 -5.146935 6.5708866 1.1923125 38890 a
 0.889687 -1.4975863 0.59530944 39088 g
 1.8549078 9.761759 -1.0851719 39092 a
 1.1599978 -2.1029227 -0.082465045 39285 g
 -2.8993783 9.419987 -3.7379475 39288 a
 0.4268296 -1.7085086 0.48159248 39484 g
 -1.8842367 9.610924 1.0618285 39488 a
 -2.2579029 -2.4869516 0.7071625 39687 g
 0.65242 9.416994 6.1902084 39692 a
 -0.38357002 -0.9263393 -0.6878013 39884 g
 -3.5757403 6.38773 1.525705 39890 a
 0.5016647 -0.4946409 0.012876384 40084 g
 0.17118542 9.202713 0.04249708 40088 a
 1.4004824 -1.655515 -0.21242625 40281 g
 -0.18555063 10.6117 -0.0053869537 40283 a
 0.93895656 -1.1700207 -0.19884412 40484 g
 -2.8401217 14.643537 2.569577 40487 a
 -1.1755934 -1.5029159 0.8858614 40680 g
 -0.4842273 1.6514006 3.4009635 40682 a
 -2.0555012 -0.38518897 0.5457765 40886 g
 -4.231153 9.176975 -2.8760347 40889 a
 0.5304282 0.60311013 -0.25530234 41082 g
 -0.7015011 7.804499 1.816002 41084 a
 1.3549428 -0.46588275 -0.68859863 41283 g
 -1.0097545 12.68867 2.9825768 41287 a
 1.4313759 -0.6419188 -0.10909453 41486 g
 -4.9182887 16.4751 -0.27353755 41490 a
 -1.173462 -0.17346872 0.57853365 41683 g
 -1.1797429 4.1545386 0.9888053 41685 a
 -2.0299346 0.11441898 0.9423215 41884 g
 6.5008564 2.9771898 7.133524 41888 a
 0.5501369 1.0265485 -0.31175974 42087 g
 -2.333748 9.751583 0.15981296 42090 a
 0.77757084 0.27606967 -0.46409258 42282 g
 -1.9548657 11.79683 1.3634979 42286 a
 1.7858436 -0.15909085 -0.18472697 42483 g
 -4.4562078 16.687586 -1.1713632 42487 a
 -1.0762556 -0.07972865 0.44084957 42682 g
 -1.067814 3.4889505 1.3018472 42686 a
 -1.8469744 0.14158003 1.3798802 42881 g
 3.7229836 10.185533 7.778163 42885 a
 0.50965685 1.1282812 -0.47714207 43081 g
 -4.1557355 14.73691 -0.6218939 43085 a
 0.64734256 -0.3873248 -0.27447525 43283 g
 -2.7281928 11.973403 0.8762778 43287 a
 1.747228 -0.19211511 -0.3069658 43481 g
 -1.3988123 14.130578 -4.9027267 43485 a
 -0.4964851 -0.31115842 0.24803697 43681 g
 0.90021986 6.6067996 0.7589619 43685 a
 -1.865616 0.10589155 1.0147616 43884 g
 1.6927006 11.73518 6.928221 43888 a
 0.027092604 1.2518498 -0.10243449 44080 g
 -4.369418 15.473127 -4.863222 44084 a
 0.52403843 -0.36868376 -0.036121786 44281 g
 -1.697489 11.200075 -0.12270284 44284 a
 1.6779861 0.41694877 -0.5320024 44483 g
 -0.18255788 11.899781 -1.2324153 44487 a
 -0.3055362 -0.14471191 0.10342786 44681 g
 -0.3705027 7.915829 1.869273 44686 a
 -2.0270035 0.13678421 0.9090341 44882 g
 -0.2908955 16.7642 8.067263 44886 a
 0.17037067 1.205777 0.054958325 45082 g
 -2.3517046 13.255498 -6.667852 45086 a
 0.30379504 -0.5561703 0.0429741 45280 g
 -0.53570265 9.897031 1.0462662 45287 a
 1.7517557 -0.6272767 -0.5250782 45477 g
 1.2072762 11.232996 -2.4498668 45482 a
 -0.13908891 -0.29198366 -0.32081422 45681 g
 -0.21906945 9.411607 1.4856021 45690 a
 -2.1087627 0.45822883 1.1098359 45877 g
 -1.951873 19.612701 7.023391 45882 a
 -0.14947525 2.0505328 0.3793308 46077 g
 -0.37110126 9.776723 -4.742315 46082 a
 0.0209668 0.9916611 0.065077536 46280 g
 -0.142455 7.9966335 -0.37110126 46284 a
 1.5203265 1.1048454 -0.047574177 46477 g
 3.5727475 10.210073 -3.1944637 46482 a
 -0.18462923 0.17859797 -0.12134374 46677 g
 0.61530983 8.966884 1.4706384 46683 a
 -1.993714 0.83905977 1.2379345 46881 g
 -0.42916065 19.093758 11.337144 46885 a
 -0.20140661 1.6278881 0.36841238 47076 g
 -2.0171149 7.213131 -7.9673047 47081 a
 0.83589464 -0.08585605 -0.30350316 47276 g
 -1.5316905 9.351153 -0.5554548 47281 a
 1.8817177 -0.1620214 -0.48486495 47478 g
 -1.4688427 15.522208 -3.3075895 47482 a
 -0.4067366 -0.18306036 0.26694542 47676 g
 1.9973627 4.3993454 0.15801731 47681 a
 -2.32874 -0.12766662 1.2597718 47876 g
 2.938284 9.190144 4.501099 47880 a
 0.23135678 1.2105718 -0.015349661 48076 g
 -2.7090392 13.941437 -5.9358244 48080 a
 0.9607966 -0.7361989 -0.37088168 48273 g
 0.5793968 12.58153 1.0947487 48274 a
 2.01674 -0.37480795 -0.47847337 48473 g
 -7.0832458 19.612701 -0.9995792 48476 a
 -1.022992 -0.1026329 0.732466 48676 g
 0.7218518 3.4967315 1.3730747 48681 a
 -2.1228776 -0.16947824 0.64990795 48874 g
 -3.1112652 6.999449 0.24001873 48878 a
 0.3653138 0.77594393 -0.14504561 49073 g
 -0.54647654 6.5631056 0.12808979 49077 a
 1.2984858 -0.31169212 -0.6989826 49274 g
 2.6210523 14.198215 1.9800048 49276 a
 1.762941 -0.6403262 -0.33439583 49476 g
 -7.3178773 13.11843 3.489549 49480 a
 -1.7702748 -0.17294142 1.2144986 49676 g
 -1.3808558 0.04189853 2.6605566 49680 a
 -1.6874497 0.5303962 0.76868653 49877 g
 -2.5743654 4.349666 -1.8956091 49882 a
 0.6034015 0.45183298 -0.29684418 50074 g
 -1.7531542 8.994417 -2.7126305 50079 a
 1.5645363 -0.5066387 -0.60044456 50271 g
 2.5899277 10.655993 -0.11432313 50275 a
 1.17758 -0.45337868 -0.5658221 50477 g
 -1.536479 6.003461 -1.7244238 50482 a
 -1.9753363 -0.13007091 1.2166315 50675 g
 -0.20709845 2.879626 5.2941785 50679 a
 -1.0781174 1.356772 0.58093506 50870 g
 -4.7626657 4.449025 -0.7290344 50873 a
 0.40100256 0.5514312 -0.3413174 51074 g
 -2.5851393 8.663419 0.077811554 51078 a
 1.2249845 0.4901785 -0.3415837 51270 g
 2.4660277 11.723807 1.2449849 51273 a
 1.0044749 -0.13859384 -0.46621963 51470 g
 -1.8866309 7.825448 -2.6677392 51473 a
 -2.0120869 0.11733275 1.1063781 51673 g
 -1.5233108 2.8401217 3.429694 51677 a
 -1.0424299 1.9455929 1.0089064 51873 g
 -4.7985787 6.9725137 0.59256494 51877 a
 0.431896 0.70562506 -0.04623807 52072 g
 -1.8189948 8.740033 -1.134253 52076 a
 1.0806421 0.8342557 -0.50083965 52270 g
 3.8618474 12.48217 -1.7070658 52272 a
 1.2606717 -0.16496232 -0.3082931 52472 g
 -3.5655649 8.056489 1.1468226 52476 a
 -2.0030322 0.39802992 1.2043824 52669 g
 -1.4742297 2.1152773 5.474941 52670 a
 -1.3982272 1.5860629 0.92954546 52875 g
 -2.8215668 2.9334955 -0.688333 52880 a
 0.71232796 0.2619392 -0.18232426 53068 g
 -2.5342624 9.270349 -0.7308301 53070 a
 1.3525518 -0.034736942 -0.5967121 53272 g
 3.4201171 10.621277 0.3764882 53276 a
 1.1863711 -0.31490362 -0.4276006 53470 g
 -2.0380642 5.3767786 -1.963844 53474 a
 -2.254433 0.1333064 1.3692342 53671 g
 -0.48841715 6.851008 6.0226145 53676 a
 -0.71459323 1.4909859 0.645387 53871 g
 -3.9163153 1.6400281 5.33907 53875 a
 0.345612 0.47818255 -0.18312135 54070 g
 -0.74878657 6.6905966 -1.6843209 54071 a
 1.6055535 -0.06190651 -0.44970378 54270 g
 2.8981812 10.893019 0.094570965 54275 a
 0.5821007 -0.12555607 -0.5245386 54470 g
 -0.06823475 7.2125325 -1.6897079 54474 a
 -2.1668134 0.31626022 1.3165054 54668 g
 -0.19871874 14.462774 9.292496 54670 a
 -0.52817035 1.6947124 0.5116982 54870 g
 -2.171541 3.4943373 0.53091425 54874 a
 0.4236434 0.38923085 -0.04090775 55067 g
 -2.4522612 7.6494746 -0.8439561 55068 a
 1.8055574 0.09042524 -0.48272642 55273 g
 2.0069396 9.887454 0.78529817 55277 a
 0.17117548 -0.19320142 -0.21987244 55469 g
 0.47225627 5.7855883 -2.207454 55473 a
 -2.2898517 0.39615613 1.3876116 55669 g
 -2.5115175 19.612701 12.642582 55673 a
 -0.0940751 1.5895176 0.18146619 55868 g
 -1.2384008 9.764751 -7.091027 55880 a
 0.5722478 -0.6134493 0.22167993 56068 g
 -1.8525136 9.757569 1.1510124 56074 a
 1.894241 0.08030416 -0.825475 56268 g
 -0.98700964 13.818135 -2.7551277 56273 a
 -0.35186908 -0.058979165 0.15563354 56469 g
 1.484405 5.9561753 0.8690952 56473 a
 -2.2776008 0.14928003 1.0890715 56668 g
 1.103727 13.459004 6.3751607 56672 a
 0.3008717 1.273134 -0.17779423 56868 g
 -3.769072 15.239094 -4.955399 56872 a
 0.62844074 -0.48402047 -0.1948382 57071 g
 -0.79487497 11.651981 0.7200562 57075 a
 1.7325873 -0.0025209482 -0.39137948 57267 g
 -0.37948096 10.796653 -0.7422025 57272 a
 -0.11378223 -0.31810555 0.0531021 57467 g
 0.8146271 8.597578 1.567005 57471 a
 -2.0762658 -0.28508154 1.1652379 57670 g
 -0.9504981 19.612701 8.109161 57674 a
 0.03934927 1.0046873 -0.024129838 57864 g
 -1.4371196 6.932411 -4.3101616 57865 a
 0.06677983 -0.29706576 0.11462086 58067 g
 -0.7846996 8.108562 1.1665748 58071 a
 1.4111444 -1.6169313 -0.74611175 58270 g
 -4.683657 11.233594 0.6619968 58274 a
 0.3011388 -1.5293133 -0.33625126 58466 g
 -3.0711622 7.693767 -0.581791 58470 a
 -0.37450516 -2.3562248 -0.3269302 58666 g
 -3.9085343 9.077017 2.2631192 58670 a
 0.24121715 -1.6265166 -0.7365252 58869 g
 -2.9574378 7.7027454 2.9813797 58873 a
 0.8321726 -1.6717904 -0.56448495 59066 g
 1.5496471 6.8025255 -5.556942 59070 a
 1.1312456 -1.845162 0.41236252 59266 g
 2.3546975 9.614515 -0.39145198 59270 a
 1.0444268 -1.805482 0.26828605 59468 g
 3.0041246 13.0202675 -0.8499416 59473 a
 1.1418985 -1.0574001 0.08426162 59665 g
 -4.177882 13.430274 -1.1348516 59669 a
 -1.0163273 -0.6475396 0.75085086 59865 g
 -0.8110358 1.7064673 2.906561 59869 a
 -2.4403193 -0.7122555 0.5958551 60254 g
