 1.8891631 -2.7247212 -1.0848114 26 g
 7.831434 -4.0665517 2.3397336 28 a
 0.30831596 -0.58359504 0.73172575 30 r
 1.1613212 -2.3164585 -1.1402053 39 g
 7.611766 -2.6408045 1.0708067 42 a
 0.50580466 -0.43585002 0.7348458 46 r
 0.32508862 0.15868339 -0.2581663 211 g
 12.44087 -5.052963 2.779668 212 a
 0.6239362 -0.35054952 0.6930824 214 r
 0.20098317 1.1131678 -0.6110386 416 g
 9.820416 -1.5873557 -0.50278234 421 a
 0.6087559 -0.2870102 0.73247033 426 r
 -0.061870825 -0.38885507 -0.21023287 614 g
 9.647436 -1.8968062 0.40821138 618 a
 0.65617174 -0.2724535 0.6915837 622 r
 0.28114432 0.22979724 -0.29199192 813 g
 9.336189 -1.2180501 1.1150994 817 a
 0.6580326 -0.24132955 0.7014666 821 r
 0.36610076 0.3400468 -0.15190724 1019 g
 9.3343935 -1.1414356 0.43634325 1024 a
 0.64177185 -0.19480175 0.7288926 1029 r
 0.53814095 1.2444563 -0.32927376 1214 g
 7.199963 0.7140707 5.099051 1218 a
 0.6328782 -0.16006947 0.74505025 1221 r
 -0.09675664 1.4298123 -0.47281814 1412 g
 7.192182 0.16938977 7.041347 1417 a
 0.4937162 -0.08411372 0.8495411 1420 r
 0.18953398 -0.053837933 -0.05549921 1610 g
 7.9996266 0.17776948 6.1501055 1611 a
 0.4110418 -0.0621318 0.89128274 1612 r
 0.40924478 -1.6256356 0.035048265 1809 g
 9.224859 0.58897364 2.6833014 1811 a
 0.48975363 -0.055597678 0.8538881 1812 r
 0.04652223 -0.11535695 -0.3295385 2010 g
 9.861717 1.6621746 3.7163997 2012 a
 0.58215266 -0.04817514 0.7965538 2015 r
 0.039067242 -0.6506587 0.016675383 2135 g
 10.02153 0.9792285 0.57520694 2289 a
 0.080612555 -0.62163025 -0.03525626 2489 g
 9.486425 1.9422961 -0.7068881 2490 a
 0.06676412 -0.52016383 -0.09331317 2688 g
 10.95048 1.6316484 -1.7962499 2690 a
 0.18687402 -0.4344143 0.21588169 2889 g
 6.5122285 1.234211 -2.7623103 2890 a
 0.43374905 -1.28849 -0.15722717 3088 g
 9.74859 1.1432313 -2.7269957 3089 a
 0.044661213 0.11899057 0.18072797 3288 g
 9.5971575 0.54527944 -3.9217024 3289 a
 -0.0051353737 -0.32816908 0.14717907 3489 g
 8.981848 0.3357868 -4.5046906 3490 a
 -0.0051353737 -0.2970101 0.045712627 3687 g
 8.924387 0.45429978 -4.3777976 3689 a
 -0.031766985 -0.008856076 0.041717887 3888 g
 8.748413 0.4818331 -4.4161053 3890 a
 -0.0035286883 -0.013945643 0.0049798447 4089 g
 8.961497 0.20949265 -4.5435963 4090 a
 -0.04986769 -0.052827794 0.09712522 4287 g
 8.810063 0.17238252 -4.5801077 4288 a
 -0.0615856 -0.020070914 0.07715151 4486 g
 8.786121 0.14784196 -4.617218 4487 a
 -0.005914881 -0.007057643 0.015915584 4688 g
 8.831612 0.15741876 -4.541202 4689 a
 0.005270396 0.0011981562 -0.0013949638 4887 g
 8.75799 0.088585466 -4.629189 4888 a
 0.006601976 -9.323727E-4 -0.0053897053 5087 g
 8.775348 0.11911154 -4.6351743 5088 a
 0.0044839643 0.0016881778 -0.0019081549 5287 g
 8.842385 0.16400282 -4.5819035 5288 a
 2.2290659E-4 -0.0012412993 -8.4289047E-4 5486 g
 8.79091 0.23642741 -4.582502 5487 a
 2.2290659E-4 0.0011555456 -5.7657436E-4 5686 g
 8.841787 0.17058687 -4.5783124 5687 a
 7.680557E-4 -0.00128391 -8.231831E-4 5887 g
 8.782531 0.17537527 -4.5992613 5888 a
 0.0010343718 4.7670583E-5 -0.0024210797 6086 g
 8.800487 0.15083471 -4.583699 6087 a
 0.001567004 0.0021781994 -0.0018884476 6292 g
 8.797494 0.20470424 -4.554969 6296 a
 7.789746E-4 1.1451592E-5 -0.002404302 6495 g
 8.8088665 0.18794483 -4.629189 6499 a
 0.001577923 -0.001586445 -0.002404302 6707 g
 8.831013 0.16220717 -4.5980644 6733 a
 0.001577923 0.0013430321 -0.0013390374 6889 g
 8.811859 0.16579847 -4.617218 6893 a
 5.209143E-4 -1.7310547E-5 -0.001592304 7088 g
 8.793304 0.17836803 -4.572925 7091 a
 7.872304E-4 -5.499428E-4 -0.001592304 7284 g
 8.764574 0.15442601 -4.6142254 7285 a
 5.209143E-4 5.153217E-4 -0.0010596717 7484 g
 8.775348 0.19632454 -4.565144 7485 a
 5.25708E-4 4.9960904E-4 -0.001318531 7686 g
 8.777742 0.18255788 -4.613028 7688 a
 7.920241E-4 -0.0010982876 -7.858988E-4 7916 g
 8.789114 0.15322891 -4.596867 7920 a
 5.25708E-4 -8.319715E-4 -5.195827E-4 8085 g
 8.763377 0.16579847 -4.621408 8087 a
 7.9655147E-4 0.0010173275 -0.0013116068 8290 g
 8.800487 0.19273324 -4.5741224 8294 a
 5.3023535E-4 7.510114E-4 -7.789746E-4 8487 g
 8.744224 0.15263036 -4.586692 8491 a
 2.6391927E-4 -4.79369E-5 -2.463424E-4 8688 g
 8.778939 0.20709845 -4.594473 8692 a
 1.0652644E-6 -5.9228705E-4 2.530003E-5 8888 g
 8.811261 0.14664486 -4.6261964 8892 a
 2.6738137E-4 0.00233719 -5.073322E-4 9084 g
 8.790312 0.15801731 -4.5914803 9086 a
 5.336975E-4 4.729774E-4 -7.7364827E-4 9287 g
 8.806473 0.14305355 -4.6124296 9291 a
 -7.9628517E-4 -0.0032607743 0.0061529675 9489 g
 8.792706 0.060453594 -4.689044 9492 a
 0.0039974046 -0.0040597226 -0.0071628382 9685 g
 8.790312 0.142455 -4.610634 9690 a
 0.0029321404 0.0031308122 2.9401298E-4 9893 g
 8.690952 0.16759412 -4.6621094 9897 a
 0.0010689929 -0.0019334549 -0.0023670176 10089 g
 8.837597 0.19093758 -4.607043 10093 a
 0.001335309 0.0065886606 -0.0018343853 10285 g
 8.766968 0.16699557 -4.6154222 10289 a
 8.026767E-4 -0.0016671389 -0.0028996498 10485 g
 8.813056 0.17238252 -4.59567 10489 a
 0.0013350426 -6.817692E-5 -0.0015686018 10687 g
 8.771756 0.17657238 -4.6261964 10691 a
 -5.291701E-4 -0.0035302863 2.9294772E-5 10885 g
 8.710106 0.23163901 -4.64116 10890 a
 2.6977822E-4 7.307714E-4 2.9561087E-4 11086 g
 8.7951 0.16579847 -4.64116 11090 a
 -0.0013278521 1.9707392E-4 0.001627724 11287 g
 8.759786 0.17896658 -4.6405616 11291 a
 3.7284256E-6 0.0015286545 -5.028048E-4 11484 g
 8.86932 0.12270284 -4.613028 11488 a
 3.7284256E-6 -6.018744E-4 -2.364887E-4 11683 g
 8.744822 0.17118542 -4.5980644 11687 a
 2.6844663E-4 0.002066613 -0.0015707324 11886 g
 8.793304 0.16519992 -4.617218 11890 a
 5.3476274E-4 -6.391587E-5 -0.0021033646 12084 g
 8.762179 0.13108255 -4.6351743 12088 a
 2.1305289E-6 4.6871635E-4 -0.0026359968 12282 g
 8.790312 0.15861586 -4.5603557 12288 a
 2.663161E-6 0.0020655477 -0.0013038836 12487 g
 8.780735 0.16519992 -4.644751 12491 a
 5.352954E-4 -5.9761334E-4 -0.0013038836 12682 g
 8.800487 0.17657238 -4.607043 12687 a
 5.352954E-4 -6.498113E-5 -7.7125145E-4 12883 g
 8.697536 0.23702596 -4.624999 12889 a
 5.326322E-4 4.761732E-4 -0.001307612 13085 g
 8.798093 0.16519992 -4.634576 13089 a
 -2.663161E-4 2.098571E-4 2.396845E-5 13281 g
 8.784326 0.19632454 -4.6202106 13285 a
 0.0 -3.2277513E-4 -5.0866377E-4 13481 g
 8.788516 0.17717093 -4.608838 13487 a
 2.6604978E-4 4.7723847E-4 -5.0919637E-4 13684 g
 8.845977 0.19393034 -4.593276 13688 a
 -2.665824E-4 -0.0011206581 -2.4288028E-4 13880 g
 8.752603 0.1933318 -4.6220064 13884 a
 -5.328985E-4 0.0015425029 -5.0919637E-4 14078 g
 8.765771 0.15502456 -4.6034513 14080 a
 -5.326322E-7 4.7830373E-4 -2.4341293E-4 14282 g
 8.759187 0.17776948 -4.586692 14286 a
 -2.6684874E-4 0.0015435681 -2.4341293E-4 14480 g
 8.821436 0.12210429 -4.609437 14484 a
 -2.6684874E-4 -3.2064458E-4 2.892193E-4 14699 g
 8.772954 0.1933318 -4.623802 14709 a
 -2.6711504E-4 0.0026098979 -5.102617E-4 14878 g
 8.789114 0.17118542 -4.6112323 14879 a
 2.6551716E-4 2.1305289E-4 -0.00130921 15084 g
 8.787319 0.17597382 -4.6022544 15088 a
 -7.9894835E-7 0.0010120012 -7.7657774E-4 15279 g
 8.806473 0.16759412 -4.6285906 15283 a
 -5.326322E-7 -3.2064458E-4 -5.09729E-4 15482 g
 8.780735 0.16519992 -4.6321816 15486 a
 2.6578348E-4 0.0023425166 -0.0010423613 15679 g
 8.775348 0.16879122 -4.6202106 15682 a
 -5.326322E-7 0.001010936 -0.0010423613 15879 g
 8.781932 0.19512744 -4.659715 15882 a
 7.9894834E-4 0.0010088055 -0.0018402443 16081 g
 8.787319 0.16220717 -4.6034513 16086 a
 -2.663161E-4 0.0015414376 -5.0866377E-4 16278 g
 8.7771435 0.219668 -4.6022544 16282 a
 5.326322E-4 0.0020740698 -0.0026391926 16478 g
 8.77834 0.15263036 -4.610634 16482 a
 -7.981494E-4 -0.0021891184 -2.4154871E-4 16680 g
 8.806473 0.15801731 -4.6034513 16684 a
 7.323693E-4 -2.4980452E-4 0.0012815131 16880 g
 8.774749 0.14065935 -4.6818614 16884 a
 -0.0011318434 -0.00397823 -8.490158E-4 17078 g
 8.815451 0.17477672 -4.597466 17082 a
 9.986854E-4 0.0042775692 -5.006743E-5 17278 g
 8.7849245 0.19093758 -4.6285906 17281 a
 -3.3289514E-4 -0.0013150689 2.1624868E-4 17477 g
 8.785523 0.21547815 -4.6399627 17481 a
 1.9973709E-4 -0.004244546 0.0047436226 17677 g
 8.779537 0.14305355 -4.6806645 17681 a
 4.660532E-4 -0.009304552 0.011135209 17877 g
 8.7538 0.12330139 -4.6351743 17881 a
 -3.3289514E-4 -0.001581385 0.003145726 18078 g
 8.772355 0.19033903 -4.602853 18081 a
 -0.0019307918 0.0048102015 -0.0016479641 18276 g
 8.748413 0.16759412 -4.6393642 18280 a
 -6.657903E-5 2.828277E-4 2.1624868E-4 18477 g
 8.757391 0.1436521 -4.644751 18481 a
 -5.9921126E-4 -0.006375075 0.003944674 18677 g
 8.770559 0.18315643 -4.6495395 18680 a
 -0.0016644757 -0.0034455978 0.0050099385 18875 g
 8.789114 0.13706805 -4.6926355 18879 a
 -3.3289514E-4 -0.0034455978 0.0068741515 19077 g
 8.772954 0.13467385 -4.6591167 19082 a
 7.323693E-4 0.0013480921 0.0026130937 19274 g
 8.869919 0.13108255 -4.6621094 19278 a
 -0.005392901 0.03090918 -0.02242062 19472 g
 8.878897 0.2705448 -4.5220485 19473 a
 -0.0056592175 0.058073424 -0.035203792 19676 g
 8.893861 0.24959552 -4.495114 19679 a
 0.013515542 0.022919698 -0.02108904 19875 g
 8.731653 0.29568392 -4.522647 19878 a
 0.002330266 -0.006108759 -0.006175338 20076 g
 8.823831 0.24420857 -4.501099 20080 a
 0.0012650015 -0.011168765 0.0018141454 20275 g
 8.808268 0.27473465 -4.5274353 20279 a
 -6.657903E-5 -0.001581385 -0.0027132286 20478 g
 8.974665 0.272939 -4.5166616 20482 a
 0.0015313176 0.008538627 -0.003512177 20671 g
 8.9519205 -0.02932897 -4.613028 20672 a
 0.0806272 0.055942893 0.022853117 20870 g
 8.563461 0.16340427 -4.1946416 20872 a
 0.050267164 0.047420777 -0.0043111253 21072 g
 9.231443 0.23882163 -4.2401314 21073 a
 -0.019241339 0.090830304 -0.009903763 21274 g
 9.1272955 0.21188685 -4.048595 21275 a
 -0.03495399 -0.0074403393 0.009270996 21470 g
 8.555081 0.049679685 -4.5220485 21471 a
 0.0129829105 -0.14938682 0.047886834 21670 g
 8.958505 -0.13587095 -4.5256395 21672 a
 9.986854E-4 -0.089998335 0.04682157 21877 g
 8.804677 0.142455 -4.619014 21878 a
 0.023109313 -0.059395682 -0.018681543 22074 g
 8.510789 -0.008978256 -4.721366 22075 a
 0.0923515 -0.02876933 -0.045313153 22269 g
 8.714894 -0.012569559 -4.6722846 22270 a
 0.0020703415 -0.034628283 0.01194481 22469 g
 8.707711 0.0077811554 -4.76506 22470 a
 -0.023490412 -0.024261663 0.0196765 22669 g
 8.732252 -0.054468088 -4.8494554 22673 a
 -0.010973555 0.0015709987 0.0013006879 22868 g
 8.687361 -0.073621705 -4.920683 22870 a
 -3.209109E-4 -0.0058858525 0.0010343718 23068 g
 8.734647 -0.095768064 -4.915296 23069 a
 -0.0011124024 4.7883636E-4 0.0021118866 23269 g
 8.672397 -0.038307227 -4.848857 23270 a
 4.8549427E-4 0.0018104169 -5.5127434E-4 23468 g
 8.6712 -0.01316811 -4.8907557 23469 a
 -3.1345405E-4 0.004207262 -0.0013502226 23667 g
 8.671799 -0.010175358 -4.8524485 23668 a
 -3.0200247E-4 0.0017691379 -5.328985E-4 23877 g
 8.635287 -0.02932897 -4.8757915 23884 a
 -0.0013672669 0.0017691379 2.6604978E-4 24068 g
 8.672397 0.004189853 -4.8027687 24069 a
 -3.5686357E-5 0.0028344023 -2.663161E-7 24270 g
 8.668806 -0.009576807 -4.844667 24273 a
 5.073322E-4 -3.9920784E-4 2.828277E-4 24472 g
 8.651448 0.020350715 -4.833295 24476 a
 2.4101608E-4 0.0035955338 -0.0021140173 24670 g
 8.611345 0.045489833 -4.799776 24675 a
 -0.006683203 0.020107133 -0.028212996 24870 g
 8.728063 0.0700304 -4.851251 24875 a
 -0.010138121 0.011558918 -0.0175489 25073 g
 8.81605 0.18734628 -4.657321 25078 a
 -0.03810131 0.02647262 -0.038321555 25269 g
 8.784326 0.3705027 -4.546589 25274 a
 -0.050618168 0.020879982 -0.071344756 25469 g
 8.663419 0.40043023 -4.778228 25473 a
 -0.006404636 0.0067468523 -0.045503836 25672 g
 8.74123 0.45070848 -4.4993033 25677 a
 -0.020253073 0.019530026 -0.002360626 25868 g
 8.688558 0.40162733 -4.596867 25873 a
 0.04579332 -0.034798462 0.049837332 26070 g
 8.677185 0.2160767 -4.780622 26074 a
 0.02582201 -0.033209354 0.03173183 26268 g
 8.701127 0.23822308 -4.759673 26269 a
 0.011973572 -0.010039851 0.0040349555 26467 g
 8.696938 0.25079262 -4.799177 26470 a
 0.003984089 -0.007909322 0.006698116 26668 g
 8.677784 0.20649989 -4.7907977 26671 a
 0.0039835563 -0.004711132 0.006164419 26868 g
 8.683171 0.16938977 -4.803367 26872 a
 0.0045161885 -0.0028469192 0.009892845 27070 g
 8.667608 0.18974048 -4.7901993 27076 a
 5.214469E-4 -7.163903E-4 0.001370729 27267 g
 8.667608 0.2765303 -4.7638626 27271 a
 -1.1185277E-5 -4.500742E-4 3.914847E-5 27467 g
 8.670003 0.16819267 -4.8404775 27471 a
 -2.7750139E-4 -9.827064E-4 -2.2716763E-4 27667 g
 8.672996 0.21188685 -4.799177 27670 a
 2.5513084E-4 0.0014141385 -7.5979985E-4 27867 g
 8.717288 0.21428105 -4.812944 27870 a
 -1.2783174E-5 0.0011531487 5.6938385E-4 28077 g
 8.624513 0.1921347 -4.809353 28078 a
 7.861651E-4 0.0011531487 -0.0010285128 28267 g
 8.711303 0.18614918 -4.831499 28271 a
 -1.2783174E-5 0.0014194648 3.0306773E-4 28467 g
 8.719084 0.18136078 -4.818331 28470 a
 -5.4648065E-4 -0.0025710156 -2.314287E-4 28668 g
 8.690952 0.18255788 -4.8279076 28671 a
 -8.1279676E-4 6.247776E-4 -2.314287E-4 28865 g
 8.690952 0.2148796 -4.809353 28869 a
 -5.4648065E-4 0.0014237259 3.488741E-5 29066 g
 8.652645 0.18435353 -4.797382 29070 a
 -0.0013467605 -0.0017678064 8.319715E-4 29268 g
 8.644864 0.25558102 -4.8309007 29272 a
 -2.8149612E-4 0.0024932513 2.993393E-4 29465 g
 8.703522 0.20949265 -4.8279076 29469 a
 -8.141283E-4 -4.362258E-4 8.319715E-4 29665 g
 8.651448 0.20590134 -4.811747 29669 a
 -1.6245283E-5 -9.643306E-4 -5.0173956E-4 29867 g
 8.674192 0.26156655 -4.848857 29871 a
 2.5007082E-4 0.0019651465 -2.3542345E-4 30067 g
 8.676587 0.19931729 -4.830302 30071 a
 -2.8256138E-4 0.0022314626 3.089267E-5 30264 g
 8.631097 0.22864626 -4.7979803 30268 a
 2.4847293E-4 6.3889235E-4 -0.0010367685 30467 g
 8.754997 0.15203181 -4.7734394 30471 a
 5.14789E-4 3.7257624E-4 -5.041364E-4 30666 g
 8.705916 0.20709845 -4.7985787 30670 a
 -8.167915E-4 0.0011715245 -2.3782028E-4 30861 g
 8.69155 0.19812019 -4.8045645 30863 a
 -8.170578E-4 1.0732539E-4 5.608617E-4 31067 g
 8.690952 0.21667525 -4.832696 31070 a
 -2.844256E-4 -4.2530682E-4 8.2717784E-4 31262 g
 8.668806 0.19632454 -4.811148 31266 a
 -8.170578E-4 6.399576E-4 0.00135981 31463 g
 8.6813755 0.24420857 -4.8057613 31467 a
 -0.0010844392 0.001443167 5.587312E-4 31665 g
 8.69155 0.19692309 -4.8099513 31669 a
 -8.181231E-4 -1.5472966E-4 0.0010913634 31863 g
 8.670602 0.18854338 -4.8099513 31867 a
 -5.51807E-4 9.1053476E-4 5.587312E-4 32063 g
 8.69155 0.2172738 -4.8177323 32067 a
 -1.9441075E-5 0.0011781824 5.5819855E-4 32265 g
 8.690353 0.2148796 -4.7740383 32269 a
 5.1319116E-4 -4.197142E-4 -5.0706585E-4 32462 g
 8.689755 0.22744916 -4.827309 32466 a
 7.795072E-4 -9.523464E-4 2.5566347E-5 32662 g
 8.69155 0.21428105 -4.783615 32666 a
 5.121259E-4 1.1611382E-4 2.4234765E-5 32863 g
 8.681973 0.1945289 -4.775235 32867 a
 5.121259E-4 0.0017140105 2.4234765E-5 33059 g
 8.682572 0.22685061 -4.835689 33060 a
 2.4580976E-4 -1.5020228E-4 2.9055087E-4 33258 g
 8.687361 0.19572599 -4.809353 33259 a
 2.4527713E-4 -4.1438788E-4 8.2211784E-4 33459 g
 8.702325 0.21188685 -4.7800236 33460 a
 2.4527713E-4 0.0011835088 2.3169501E-5 33661 g
 8.692748 0.22266077 -4.789002 33665 a
 2.4527713E-4 3.8456047E-4 -2.4314661E-4 33860 g
 8.635885 0.2112883 -4.8267107 33864 a
 -2.876214E-4 -9.459548E-4 8.218515E-4 34063 g
 8.676587 0.207697 -4.7979803 34067 a
 -5.539375E-4 -6.796387E-4 0.0010881677 34260 g
 8.713099 0.17357962 -4.8189297 34264 a
 -5.539375E-4 0.0011845741 0.0013544838 34459 g
 8.672397 0.20829555 -4.7925935 34463 a
 -0.0010902982 2.663161E-4 5.326322E-4 34662 g
 8.675988 0.19512744 -4.8123455 34666 a
 -5.5766595E-4 -7.9894834E-4 5.326322E-4 34859 g
 8.726267 0.20470424 -4.76506 34864 a
 2.412824E-4 -2.663161E-4 2.663161E-4 35060 g
 8.689755 0.21428105 -4.8380833 35064 a
 5.075985E-4 0.0 -5.326322E-4 35259 g
 8.686762 0.22864626 -4.799776 35262 a
 2.412824E-4 -0.0013315806 -0.0010652645 35458 g
 8.673594 0.21667525 -4.812944 35462 a
 0.0010402307 -5.326322E-4 2.663161E-4 35658 g
 8.677784 0.20051439 -4.8279076 35662 a
 2.412824E-4 7.9894834E-4 0.0 35858 g
 8.6813755 0.20949265 -4.8141413 35863 a
 5.075985E-4 0.0 -5.326322E-4 36059 g
 8.675988 0.20530279 -4.796783 36063 a
 -0.0010902982 -0.0015978967 2.663161E-4 36258 g
 8.655039 0.23283611 -4.8219223 36262 a
 2.412824E-4 -5.326322E-4 -2.663161E-4 36458 g
 8.692748 0.21667525 -4.8267107 36462 a
 5.075985E-4 0.0013315806 -2.663161E-4 36657 g
 8.680777 0.2112883 -4.7925935 36662 a
 -2.5033714E-5 0.0 2.663161E-4 36857 g
 8.702923 0.20709845 -4.7907977 36861 a
 -2.9134983E-4 -0.0010652645 5.326322E-4 37059 g
 8.709507 0.20470424 -4.8021703 37063 a
 -2.5033714E-5 -0.0013315806 0.0010652645 37257 g
 8.719683 0.2148796 -4.8404775 37261 a
 -2.5033714E-5 0.002130529 0.0010652645 37457 g
 8.668207 0.20470424 -4.8045645 37461 a
 -8.2398206E-4 -5.326322E-4 0.0 37655 g
 8.652645 0.20649989 -4.758476 37657 a
 -2.9134983E-4 0.0 0.0 37857 g
 8.670003 0.18794483 -4.7949877 37861 a
 -2.5033714E-5 0.0 0.0 38057 g
 8.671799 0.22026655 -4.793192 38061 a
 5.075985E-4 -2.663161E-4 0.0 38258 g
 8.693346 0.23343466 -4.8021703 38262 a
 2.412824E-4 -0.0010652645 2.663161E-4 38456 g
 8.659229 0.24361002 -4.7979803 38459 a
 5.075985E-4 5.326322E-4 0.0 38660 g
 8.682572 0.18495208 -4.8201265 38665 a
 -2.5033714E-5 7.9894834E-4 2.663161E-4 38854 g
 8.667608 0.24241292 -4.815338 38855 a
 -2.5033714E-5 -0.0013315806 0.0 39053 g
 8.687361 0.18854338 -4.8201265 39055 a
 2.412824E-4 -5.326322E-4 5.326322E-4 39256 g
 8.640076 0.25378537 -4.811148 39266 a
 7.739146E-4 -2.663161E-4 -2.663161E-4 39456 g
 8.680179 0.20051439 -4.8386817 39460 a
 -2.9134983E-4 0.0 5.326322E-4 39658 g
 8.699332 0.20171149 -4.795586 39662 a
 -2.5033714E-5 -0.0010652645 5.326322E-4 39856 g
 8.716091 0.23104046 -4.7656584 39860 a
 -2.5033714E-5 -2.663161E-4 2.663161E-4 40057 g
 8.739435 0.17178397 -4.8177323 40060 a
 -5.5766595E-4 -7.9894834E-4 0.0010652645 40255 g
 8.6813755 0.22984336 -4.8123455 40259 a
 -5.5766595E-4 0.0015978967 0.0010652645 40456 g
 8.689755 0.2112883 -4.7842135 40460 a
 -8.2398206E-4 0.0 5.326322E-4 40655 g
 8.692149 0.21787235 -4.8039656 40659 a
 -8.2398206E-4 0.0 0.0010652645 40855 g
 8.640076 0.22804771 -4.830302 40859 a
 -2.663161E-4 -5.832323E-5 -2.330266E-4 41056 g
 8.678981 0.19812019 -4.827309 41060 a
 -2.663161E-4 0.0010069412 -2.330266E-4 41256 g
 8.708909 0.20350714 -4.777031 41260 a
 2.663161E-4 -5.9095543E-4 -4.993427E-4 41453 g
 8.711303 0.14305355 -4.835689 41458 a
 5.326322E-4 2.0799288E-4 -2.330266E-4 41652 g
 8.701726 0.18794483 -4.799776 41656 a
 -2.663161E-4 0.0010069412 -4.993427E-4 41855 g
 8.692149 0.20530279 -4.8027687 41859 a
 5.326322E-4 -5.9095543E-4 3.3289514E-5 42055 g
 8.6712 0.20470424 -4.80636 42059 a
 7.9894834E-4 -0.0011235876 3.3289514E-5 42253 g
 8.686164 0.23223756 -4.848857 42259 a
 0.0 -5.832323E-5 3.3289514E-5 42452 g
 8.683171 0.1945289 -4.8105497 42456 a
 2.663161E-4 0.0012732573 -4.993427E-4 42652 g
 8.689157 0.20829555 -4.8057613 42658 a
 0.0 -5.9095543E-4 2.9960563E-4 42852 g
 8.701726 0.18315643 -4.799776 42856 a
 -0.0010652645 -8.5727155E-4 0.001098554 43052 g
 8.707711 0.19393034 -4.7698483 43057 a
 -7.9894834E-4 0.0018058895 5.659217E-4 43251 g
 8.692748 0.18195933 -4.7764325 43256 a
 -2.663161E-4 -3.2463935E-4 5.659217E-4 43451 g
 8.693346 0.20350714 -4.8320975 43455 a
 -0.0010652645 2.0799288E-4 5.659217E-4 43651 g
 8.705916 0.19393034 -4.8285065 43655 a
 2.663161E-4 2.0799288E-4 3.3289514E-5 43851 g
 8.673594 0.2136825 -4.7656584 43855 a
 -2.663161E-4 7.406251E-4 -2.330266E-4 44051 g
 8.672996 0.21547815 -4.8225207 44055 a
 5.326322E-4 -8.5727155E-4 -4.993427E-4 44251 g
 8.672397 0.15622166 -4.84766 44255 a
 -2.663161E-4 -5.832323E-5 3.3289514E-5 44450 g
 8.704121 0.20590134 -4.8255134 44454 a
 -5.326322E-4 0.0010069412 3.3289514E-5 44650 g
 8.694544 0.23582886 -4.771045 44654 a
 5.326322E-4 -5.832323E-5 -7.656588E-4 44850 g
 8.683171 0.24181437 -4.771045 44854 a
 0.0 -3.2463935E-4 3.3289514E-5 45050 g
 8.594585 0.2681506 -4.7919946 45054 a
 0.0 -5.832323E-5 3.3289514E-5 45249 g
 8.661623 0.20470424 -4.8243165 45253 a
 -5.326322E-4 2.0799288E-4 3.3289514E-5 45449 g
 8.641871 0.207697 -4.8141413 45453 a
 5.326322E-4 -3.2463935E-4 5.659217E-4 45649 g
 8.688558 0.19692309 -4.7919946 45652 a
 2.663161E-4 2.0799288E-4 8.322378E-4 45849 g
 8.68796 0.16938977 -4.7494974 45852 a
 -5.326322E-4 -3.2463935E-4 8.322378E-4 46049 g
 8.6813755 0.20590134 -4.800973 46053 a
 0.0 0.0010069412 2.9960563E-4 46248 g
 8.682572 0.19871874 -4.8105497 46251 a
 -7.9894834E-4 -0.002188852 8.322378E-4 46448 g
 8.734647 0.24301147 -4.779425 46452 a
 -5.326322E-4 -5.9095543E-4 3.3289514E-5 46648 g
 8.704719 0.22505496 -4.7937903 46652 a
 2.663161E-4 -0.002188852 2.9960563E-4 46847 g
 8.677784 0.21188685 -4.780622 46853 a
 5.326322E-4 -0.002188852 -2.330266E-4 47048 g
 8.694544 0.19033903 -4.83928 47052 a
 5.326322E-4 -0.0027214843 -2.330266E-4 47247 g
 8.6712 0.20410569 -4.8338933 47251 a
 5.573996E-4 -3.4967304E-4 -6.657903E-5 47449 g
 8.702325 0.2124854 -4.815338 47452 a
 2.4767398E-5 -8.335694E-5 -3.3289514E-4 47647 g
 8.655039 0.2088941 -4.8165355 47650 a
 2.4767398E-5 -8.8230526E-4 1.9973709E-4 47847 g
 8.664616 0.219668 -4.841076 47851 a
 -2.4154871E-4 -6.1598915E-4 -6.657903E-5 48047 g
 8.698134 0.1921347 -4.8536453 48051 a
 2.4767398E-5 0.0012482236 1.9973709E-4 48247 g
 8.703522 0.22804771 -4.8021703 48251 a
 2.4767398E-5 7.1559136E-4 1.9973709E-4 48447 g
 8.667608 0.2220622 -4.812944 48451 a
 -2.4154871E-4 -6.1598915E-4 4.660532E-4 48646 g
 8.719084 0.14903906 -4.8069587 48650 a
 -7.741809E-4 1.8295916E-4 9.986854E-4 48845 g
 8.684967 0.20470424 -4.8021703 48849 a
 -7.741809E-4 0.0031124363 -6.657903E-5 49048 g
 8.675988 0.20410569 -4.823119 49051 a
 -2.4154871E-4 1.8295916E-4 1.9973709E-4 49249 g
 8.642469 0.22744916 -4.789002 49254 a
 -5.078648E-4 9.819075E-4 1.9973709E-4 49445 g
 8.660426 0.19512744 -4.829105 49448 a
 2.4767398E-5 0.0015145397 -6.657903E-5 49645 g
 8.67539 0.21188685 -4.7985787 49649 a
 5.573996E-4 4.4927528E-4 -8.6552737E-4 49845 g
 8.65863 0.20290859 -4.775235 49848 a
 2.910835E-4 -8.8230526E-4 1.9973709E-4 50045 g
 8.632295 0.22625206 -4.8374844 50049 a
 0.0010900318 1.8295916E-4 -3.3289514E-4 50245 g
 8.686164 0.19991584 -4.8279076 50249 a
 2.910835E-4 0.0017808558 -6.657903E-5 50444 g
 8.684368 0.19692309 -4.811747 50449 a
 2.910835E-4 4.4927528E-4 -3.3289514E-4 50644 g
 8.653243 0.20051439 -4.8536453 50647 a
 2.910835E-4 -6.1598915E-4 -6.657903E-5 50844 g
 8.700529 0.18914193 -4.8285065 50848 a
 2.4767398E-5 0.0015145397 4.660532E-4 51044 g
 8.674192 0.19931729 -4.8500543 51048 a
 2.910835E-4 -8.335694E-5 -8.6552737E-4 51247 g
 8.648455 0.2184709 -4.833295 51250 a
 -5.078648E-4 1.8295916E-4 1.9973709E-4 51445 g
 8.680179 0.21428105 -4.812944 51448 a
 -7.741809E-4 -0.0014149374 -6.657903E-5 51643 g
 8.637681 0.23582886 -4.8135424 51647 a
 2.4767398E-5 9.819075E-4 4.660532E-4 51844 g
 8.6712 0.20171149 -4.823718 51847 a
 -0.001040497 4.4927528E-4 1.9973709E-4 52045 g
 8.651448 0.20709845 -4.8524485 52048 a
 -5.078648E-4 -6.1598915E-4 9.986854E-4 52240 g
 8.685565 0.22505496 -4.800973 52241 a
 -5.078648E-4 9.819075E-4 1.9973709E-4 52441 g
 8.696938 0.19153613 -4.811148 52446 a
 2.910835E-4 0.0015145397 -3.3289514E-4 52642 g
 8.6712 0.20590134 -4.791396 52647 a
 5.573996E-4 -8.8230526E-4 -0.0011318434 52842 g
 8.696339 0.21188685 -4.7614684 52846 a
 2.910835E-4 -3.4967304E-4 1.9973709E-4 53042 g
 8.713697 0.23223756 -4.8309007 53047 a
 -2.4154871E-4 -8.335694E-5 1.9973709E-4 53244 g
 8.663419 0.23702596 -4.8416743 53248 a
 -2.4154871E-4 0.0012482236 -3.3289514E-4 53441 g
 8.686762 0.22325931 -4.808754 53445 a
 2.910835E-4 -8.335694E-5 -6.657903E-5 53641 g
 8.687361 0.22924481 -4.8261123 53645 a
 3.4115094E-4 1.0812434E-4 1.7470337E-4 53842 g
 8.713697 0.18614918 -4.8081555 53846 a
 -1.9148127E-4 3.7444045E-4 7.073356E-4 54040 g
 8.661623 0.20949265 -4.7764325 54044 a
 -7.241135E-4 0.0014397049 4.4101948E-4 54240 g
 8.678981 0.20470424 -4.7818193 54244 a
 -4.5779737E-4 -4.245079E-4 4.4101948E-4 54440 g
 8.696339 0.22325931 -4.793192 54450 a
 3.4115094E-4 -0.0012234562 -9.161274E-5 54639 g
 8.685565 0.22445641 -4.8015714 54643 a
 3.4115094E-4 9.070727E-4 1.7470337E-4 54839 g
 8.707711 0.20231004 -4.8105497 54843 a
 3.4115094E-4 -1.5819176E-4 -9.161274E-5 55040 g
 8.676587 0.22266077 -4.8027687 55045 a
 6.07467E-4 -0.0012234562 -3.5792886E-4 55238 g
 8.67958 0.21667525 -4.824915 55241 a
 7.4834825E-5 3.7444045E-4 4.4101948E-4 55439 g
 8.652046 0.20111294 -4.8147397 55444 a
 -1.9148127E-4 1.0812434E-4 -3.5792886E-4 55639 g
 8.672397 0.19572599 -4.793192 55644 a
 -1.9148127E-4 -1.5819176E-4 7.073356E-4 55839 g
 8.69993 0.13587095 -4.8021703 55843 a
 -0.0012567457 -0.0012234562 4.4101948E-4 56039 g
 8.676587 0.21428105 -4.8285065 56043 a
 -0.0012567457 0.0014397049 0.0015062839 56238 g
 8.677185 0.21308395 -4.811148 56244 a
 -4.5779737E-4 6.4075657E-4 4.4101948E-4 56437 g
 8.6712 0.20709845 -4.817134 56441 a
 3.4115094E-4 -6.90824E-4 1.7470337E-4 56637 g
 8.664616 0.18495208 -4.8219223 56641 a
 6.07467E-4 -4.245079E-4 -3.5792886E-4 56837 g
 8.668806 0.19692309 -4.7925935 56841 a
 3.4115094E-4 9.070727E-4 -9.161274E-5 57038 g
 8.663419 0.22026655 -4.821324 57042 a
 6.07467E-4 -0.0014897723 -3.5792886E-4 57237 g
 8.690952 0.24241292 -4.784812 57241 a
 6.07467E-4 -6.90824E-4 -9.161274E-5 57437 g
 8.671799 0.21547815 -4.76506 57441 a
 -4.5779737E-4 0.0011733888 -3.5792886E-4 57637 g
 8.675988 0.2184709 -4.8374844 57641 a
 0.0011400993 -0.0012234562 -3.5792886E-4 57838 g
 8.674791 0.19991584 -4.8297033 57842 a
 3.4115094E-4 -4.245079E-4 -9.161274E-5 58039 g
 8.701127 0.16699557 -4.8320975 58042 a
 3.4115094E-4 -9.571401E-4 1.7470337E-4 58237 g
 8.68796 0.20231004 -4.8069587 58241 a
 -7.241135E-4 3.7444045E-4 9.736517E-4 58438 g
 8.714295 0.2100912 -4.8177323 58441 a
 -1.9148127E-4 9.070727E-4 1.7470337E-4 58638 g
 8.690353 0.20709845 -4.8243165 58641 a
 -7.241135E-4 -4.245079E-4 9.736517E-4 58836 g
 8.608353 0.25558102 -4.809353 58839 a
 -4.5779737E-4 1.0812434E-4 7.073356E-4 59037 g
 8.664018 0.18614918 -4.836886 59040 a
 -9.904295E-4 0.001706021 0.0015062839 59236 g
 8.674192 0.18914193 -4.8285065 59240 a
 -1.9148127E-4 -1.5819176E-4 -9.161274E-5 59435 g
 8.692748 0.17058687 -4.805163 59439 a
 7.4834825E-5 -4.245079E-4 1.7470337E-4 59637 g
 8.693945 0.19752164 -4.819528 59646 a
 -1.9148127E-4 0.001706021 1.7470337E-4 59835 g
 8.689157 0.20829555 -4.787206 59839 a
 8.7378314E-4 -4.245079E-4 -3.5792886E-4 60168 g
 0.33437693 0.25464612 -0.3613502 8 g
 -0.9403227 7.844003 1.1623849 9 a
 0.18763675 0.18939869 0.010959707 132 g
 -0.58538234 9.900622 -0.8900445 135 a
 0.48564446 0.108438596 -0.230589 332 g
 -0.16819267 9.712678 -0.9415198 336 a
 0.3607414 0.020557472 0.02161102 535 g
 -0.61530983 10.110714 -1.0283096 539 a
 0.35115403 0.0024479777 -0.16853867 732 g
 0.3537433 11.295844 -0.760159 735 a
 0.15621065 -0.37865037 -0.19144186 932 g
 -2.1667526 11.952454 0.7314286 936 a
 -0.750596 -0.5834464 0.5838041 1134 g
 -0.7320272 8.1319065 1.821389 1138 a
 -0.8970698 -0.42685252 0.6429262 1331 g
 0.7254431 11.930307 4.2401314 1335 a
 0.24063258 0.37076423 -0.3909129 1531 g
 -4.7159786 12.7018385 1.4879963 1535 a
 0.1716575 0.3886042 0.021878134 1733 g
 -2.4127567 9.487623 1.18094 1738 a
 0.5186674 -0.25561446 -0.316077 1931 g
 0.15382746 10.026319 0.076614454 1935 a
 0.5748601 -0.79623616 -0.0960999 2130 g
 -0.049679685 9.938332 -1.2707225 2134 a
 0.31280637 -0.3067514 -0.33285332 2332 g
 -2.5049336 10.783484 -0.15801731 2336 a
 -0.35724494 -0.652696 0.4234844 2530 g
 1.1252748 10.196306 1.5251064 2534 a
 -0.8888119 -0.44949684 0.84000283 2730 g
 1.1180922 8.591593 1.9710265 2733 a
 -0.22808084 0.73720455 0.07700823 2933 g
 -1.9243397 15.316307 0.724246 2938 a
 0.32079667 0.24585131 -0.13497938 3129 g
 0.2873042 8.685565 -0.3309984 3133 a
 0.4883095 -0.11340912 -0.31128064 3329 g
 0.41479546 9.648034 -0.2112883 3333 a
 0.61987126 -0.58426106 -0.1272541 3531 g
 0.52073884 10.0341 -0.94092125 3535 a
 0.32239616 -0.38372502 -0.32486063 3729 g
 -2.959832 10.652402 0.66498953 3733 a
 -0.5649691 -0.22899537 0.45544556 3928 g
 1.0241197 7.864354 0.7374141 3933 a
 -1.016108 0.11774608 1.1747662 4131 g
 2.3241713 10.037092 4.0922894 4135 a
 -0.03420058 1.0021819 -0.12965013 4328 g
 -4.851251 9.8276 3.6673183 4332 a
 0.47046843 0.3795348 -0.26041135 4528 g
 -1.5346833 9.490616 -0.11731588 4532 a
 0.4939056 0.23731774 -0.32432562 4730 g
 -0.09696517 10.015544 -0.23283611 4734 a
 0.5045582 -0.061755244 -0.24016972 4927 g
 2.1140802 10.778097 -0.34237084 4931 a
 0.29017377 -0.25057337 -0.29183504 5125 g
 -3.1094694 12.008119 -0.46986207 5129 a
 -0.77189434 0.13664813 0.67835504 5329 g
 -0.20649989 7.433996 1.0941502 5333 a
 -0.8363428 0.57180864 1.0019292 5527 g
 4.047398 11.238382 2.0817583 5531 a
 0.20761631 0.66688347 -0.4452326 5727 g
 -1.9207484 3.9977183 -1.6932992 5731 a
 0.44091055 0.19230393 -0.024185231 5930 g
 -0.38187516 9.609129 -0.17357962 5935 a
 0.66914344 -0.24738397 -0.48704264 6127 g
 -1.2036849 10.758346 -0.7206547 6131 a
 0.5628833 -0.35284513 -0.32325822 6326 g
 -1.0324994 9.713276 -1.1665748 6330 a
 -0.067220315 -0.51822823 0.055177502 6529 g
 0.25857377 9.495404 0.50637364 6533 a
 -1.185748 -0.81437176 1.0509335 6726 g
 1.9081788 8.13849 2.498948 6730 a
 -0.2848006 0.42932448 0.14492603 6925 g
 -3.9827545 16.048933 -1.4359225 6929 a
 0.49630457 0.07139562 -0.19143121 7125 g
 0.06404489 8.309077 -0.3321955 7129 a
 0.57007414 -0.2812069 -0.44709468 7325 g
 0.74519527 10.235811 -0.27473465 7329 a
 0.6374521 -0.9925372 -0.194627 7525 g
 0.20590134 10.196905 -0.24600422 7529 a
 0.2909754 -0.369626 -0.35574746 7728 g
 -1.4281414 12.607866 -0.8690952 7731 a
 -0.80944276 -0.6244905 0.8043255 7924 g
 -0.65780693 6.464943 1.5975311 7928 a
 -1.1420716 0.21041049 0.7135117 8124 g
 2.5133133 14.0473795 3.9402575 8128 a
 0.45049927 0.18963571 -0.49023628 8327 g
 -2.5234885 9.396643 -1.7531542 8331 a
 0.26194745 0.014399712 8.5061364E-4 8524 g
 -0.18555063 9.654618 -0.7541735 8528 a
 0.68059635 -0.2338069 -0.25374758 8724 g
 0.108337626 10.515932 -1.1725603 8728 a
 0.4757993 -0.273488 -0.31473398 8924 g
 0.7080852 8.121132 -2.1978772 8928 a
 -0.12474353 -0.53607565 0.0072422004 9123 g
 2.5558102 9.837775 1.3293805 9127 a
 -1.2097154 -0.42928293 1.1063287 9323 g
 1.6783354 7.949348 2.4372973 9326 a
 -0.15084277 0.9097555 0.146525 9525 g
 -4.642956 16.174627 -2.4678235 9529 a
 0.46461374 0.024520788 -0.2236544 9722 g
 -1.3724761 10.019734 0.44532153 9726 a
 0.5138822 0.023455525 -0.5480274 9922 g
 -0.17357962 9.989208 -0.1328782 9926 a
 0.67686874 -0.84899926 -0.19648883 10124 g
 0.9708488 11.139024 -0.5722142 10132 a
 0.307222 -0.38321236 -0.31553212 10321 g
 -0.7703344 11.449073 0.91578215 10325 a
 -1.1071829 -0.3192965 0.94387674 10521 g
 -1.6603789 6.736685 0.84814596 10525 a
 -0.5583064 0.64024365 0.68927723 10724 g
 5.0427876 8.369531 5.199009 10728 a
 0.2438377 0.32945272 -0.38770512 10921 g
 -2.7856536 13.014282 1.2910733 10925 a
 0.32959148 0.4642087 -0.24762285 11121 g
 0.19752164 9.615712 -0.13227965 11125 a
 0.6598237 -0.53873885 -0.056673665 11324 g
 0.073023155 10.177752 -0.45968673 11328 a
 0.4824572 -0.46070823 -0.39649302 11521 g
 -3.1531637 9.482236 0.21906945 11525 a
 -0.27175003 -0.59732836 0.14705816 11720 g
 -0.7200562 9.783905 0.6476316 11724 a
 -0.9641722 -0.92356455 0.92842907 11922 g
 1.965041 9.058462 2.2152352 11926 a
 -0.07387742 0.23304631 -0.13630271 12122 g
 -4.074931 12.426505 0.32621 12125 a
 0.41534528 0.09456193 -0.07105527 12321 g
 -0.7697359 9.7324295 0.007182605 12324 a
 0.35915256 0.17152728 -0.29422817 12522 g
 0.4369418 9.787497 -0.093972415 12526 a
 0.38525155 -0.66230845 -0.22312176 12721 g
 -1.7908629 10.426748 -0.14305355 12725 a
 0.14716496 -0.018888736 -0.38850406 12920 g
 0.54288524 12.967595 0.20350714 12924 a
 -0.9774882 -0.5664336 0.65385693 13125 g
 -0.5979519 8.254609 1.0103531 13132 a
 0.07179722 0.460215 0.8650456 13320 g
 4.9907136 9.988609 -1.3144168 13324 a
 0.12958781 0.5443709 -0.3698622 13520 g
 -1.7172412 4.3526587 -2.5354595 13524 a
 0.39830104 0.12465565 -0.030841535 13722 g
 0.08499416 9.778519 -1.283292 13726 a
 0.31121567 0.12758513 -0.44203362 13919 g
 -0.26635495 10.201694 -0.943914 13923 a
 0.20681976 -0.2612364 -0.23270914 14119 g
 -1.0749966 10.497976 -0.61171854 14123 a
 0.007615309 -0.80425495 -0.29396185 14323 g
 -0.6266823 11.60709 2.5270798 14327 a
 -0.7452603 -1.3944114 0.3728937 14519 g
 -0.16280572 8.231265 1.9841946 14523 a
 -0.03952264 -0.14538889 0.45518535 14720 g
 1.6621746 10.108918 1.4131776 14724 a
 0.28458405 0.33744222 -0.23483968 14920 g
 -2.6449943 6.179435 -2.2397757 14924 a
 0.18285131 0.12438933 0.1318776 15118 g
 -0.5033809 9.647436 0.23223756 15122 a
 0.22146714 -0.45724505 -0.1328406 15317 g
 0.26635495 9.220071 -0.33039984 15321 a
 0.09390199 -0.29825538 -0.15521063 15520 g
 -0.7685388 10.524312 -1.4341269 15525 a
 0.19536842 -0.014096112 -0.3416319 15718 g
 -1.1468226 9.200917 0.6895301 15722 a
 -0.26056474 -0.75285697 0.07062543 15917 g
 0.090381116 10.015544 1.7190368 15921 a
 -0.55777323 -0.52569044 0.27169436 16121 g
 -0.12988544 9.078215 2.532467 16124 a
 -0.030201046 0.58937514 0.36570394 16318 g
 1.4975731 9.470863 3.4584243 16322 a
 -0.022477878 0.70415735 -0.27238944 16518 g
 -1.2491747 9.03452 -1.5029601 16522 a
 0.19803159 0.041031323 0.119627595 16720 g
 -0.061650693 9.5798 0.079008654 16724 a
 0.34264123 0.35901275 -0.003144128 16918 g
 -0.46148238 9.583989 0.047285482 16922 a
 0.22706005 0.3105432 -0.109936886 17118 g
 -0.85772276 11.085154 -1.287482 17122 a
 0.17805868 0.07618292 -0.209272 17320 g
 -0.7182605 10.147225 2.463035 17323 a
 -0.867232 -0.5925368 0.27782017 17517 g
 -1.0097545 8.453926 1.6591818 17521 a
 -0.30077767 0.31213897 0.600329 17717 g
 0.62967503 10.0825815 2.5887306 17721 a
 -0.005433381 1.381133 0.046390936 17920 g
 -1.5783775 10.672752 1.5059528 17923 a
 -0.13406406 1.8802093 0.17369004 18116 g
 -1.4371196 11.516708 1.5855601 18121 a
 0.30961856 1.2823297 0.06290253 18316 g
 0.61112 9.820416 -0.24899697 18320 a
 0.28138933 1.3236076 0.13773789 18517 g
 -1.1354501 10.084976 -0.34356794 18521 a
 0.2776609 1.2628875 -0.038297053 18714 g
 -0.5674258 9.959879 0.20051439 18719 a
 0.05715117 0.3962949 -0.0670592 18913 g
 -1.614889 13.116634 0.20231004 18919 a
 -1.3340842 1.3861918 0.440273 19116 g
 -2.119467 8.86932 0.6901286 19120 a
 -0.47441578 1.7214838 0.45278984 19313 g
 -2.4019828 9.350554 3.2501287 19319 a
 -0.030999461 1.4501077 -0.044688642 19513 g
 -1.0127473 9.202114 2.4133554 19519 a
 0.0680704 0.3020179 0.17635399 19715 g
 -0.6697779 10.42196 -0.27832595 19720 a
 0.24144219 0.03623444 -0.05321049 19912 g
 0.27353755 9.906608 0.5279215 19918 a
 0.50589406 -0.030610906 0.095393896 20112 g
 0.14544775 10.355521 0.3561375 20118 a
 0.34983283 -0.14672473 -0.08623369 20312 g
 0.5734113 10.815806 -1.0522517 20318 a
 0.32479912 -0.51077884 -0.03403573 20511 g
 -0.023942016 9.890448 2.1571758 20516 a
 -0.7204916 -0.28441015 0.5230976 20712 g
 -0.13946225 7.031172 2.4289176 20717 a
 -1.1095794 0.2719242 0.37768897 20912 g
 -2.7952304 10.183737 4.1539397 20918 a
 0.5200088 1.0240009 -0.27904654 21113 g
 -1.4598645 7.3843164 -0.5351041 21119 a
 0.39137816 0.094557665 0.12548761 21311 g
 -0.74758947 9.643845 -1.1575965 21316 a
 0.4627514 0.31426632 -0.089428686 21514 g
 -0.35194764 10.667366 0.3716998 21519 a
 0.4675451 -0.51157993 0.050653588 21711 g
 -1.4407109 10.578181 -1.292869 21716 a
 0.2510301 -0.57496315 -2.1278657E-4 21912 g
 -0.8499416 8.659827 -0.9624691 21916 a
 -0.41023305 -0.36111027 0.1659682 22114 g
 -0.12629414 8.167819 2.9700072 22118 a
 -1.663783 0.019189142 0.11590077 22311 g
 -1.4371196 9.307459 3.4979286 22316 a
 0.36048576 -0.36989868 -0.5562811 22507 g
 -2.973 10.933721 2.6557682 22511 a
 0.5951108 -1.0125216 -0.10993449 22714 g
 -0.21787235 9.504981 0.6667852 22719 a
 0.55809283 -0.48068833 -0.12937556 22911 g
 0.6500258 10.223241 -0.092176765 22914 a
 0.73013306 -1.3355631 0.06636677 23107 g
 1.1438298 10.970232 -0.22864626 23109 a
 0.56341994 -0.7866874 -0.33124265 23312 g
 -2.5839422 12.944251 -0.6434417 23317 a
 -0.9492555 -0.21224356 0.70019966 23510 g
 -1.2988545 5.7706246 1.0881647 23514 a
 -1.0904031 0.59948796 0.751066 23710 g
 0.8098387 11.7681 4.7081976 23713 a
 0.22067112 1.1406423 -0.28703415 23907 g
 -0.7882909 5.346851 -2.6156654 23910 a
 0.36821026 0.38590243 0.12628843 24109 g
 -0.01316811 9.074623 -0.5919664 24113 a
 0.6795338 0.26606017 -0.22205304 24309 g
 -1.174356 10.317812 -1.1282675 24313 a
 0.6521037 0.096681006 -0.365064 24513 g
 -0.29987377 8.54311 -1.6418238 24518 a
 -0.30050898 -0.20691936 0.11776711 24709 g
 -0.38187516 10.028712 0.050876785 24713 a
 -1.1157025 0.6354385 0.97530496 24905 g
 2.8413188 9.910798 1.9764135 24907 a
 -0.010490724 2.625885 0.50685495 25110 g
 -1.3120226 9.618706 -0.5057751 25113 a
 0.18658319 3.1896763 0.49566966 25308 g
 0.34237084 10.754155 0.12330139 25312 a
 0.53439206 2.2317371 0.0051153996 25508 g
 0.038307227 9.408015 -0.8523358 25512 a
 0.061415423 1.8141503 -0.02497699 25711 g
 0.48003745 10.36031 -0.80924016 25714 a
 -0.069878414 1.2040201 -0.26972148 25905 g
 -1.8046296 9.344569 3.715801 25906 a
 -0.86057097 0.7371681 0.037607297 26108 g
 -0.4261679 10.344747 2.4139538 26123 a
 -0.7377992 0.4570035 0.73162705 26308 g
 1.2413936 8.477868 2.2200236 26312 a
 0.55303496 0.8117366 0.70313126 26507 g
 -2.3798366 7.945757 1.697489 26511 a
 0.39883792 0.37311393 -0.35227948 26707 g
 -0.9528923 10.978013 -0.3345897 26711 a
 0.49391413 -0.011184477 -0.36346316 26910 g
 0.7673417 10.322002 -0.4237737 26914 a
 0.47820145 -1.3366398 -0.13789342 27103 g
 1.0420763 10.213066 0.008978256 27105 a
 0.24863698 -0.68549687 -0.33230418 27307 g
 -2.4756045 11.541249 2.0727801 27311 a
 -0.7026447 -0.89348763 0.5675771 27509 g
 -0.89902276 7.73806 2.1440077 27513 a
 -0.6895952 -0.08947928 0.65865725 27706 g
 0.9163807 11.64001 3.904943 27710 a
 0.28405648 0.31665277 -0.21459326 27906 g
 -3.4805708 8.337209 1.9758149 27910 a
 0.3365213 0.34408122 0.10605213 28108 g
 -0.9648633 10.444705 0.5542577 28112 a
 0.45183617 -0.10119932 -0.32058626 28304 g
 -0.38965634 9.710283 -0.09876082 28308 a
 0.35036972 -0.61945045 -0.031366978 28504 g
 0.16400282 10.835558 -0.23104046 28509 a
 0.37700135 -0.23995002 -0.40740532 28706 g
 -2.9879637 12.576741 0.7284359 28711 a
 -0.7529779 -0.64421785 0.47303572 28904 g
 -0.748188 7.639299 2.179322 28909 a
 -0.9822761 -0.48309663 0.484221 29105 g
 2.1823149 12.11107 4.4837413 29109 a
 0.25422934 0.014915566 -0.4476196 29307 g
 -3.9145198 8.118738 4.6782703 29311 a
 0.27739885 0.4223792 0.20671909 29504 g
 -1.9033904 9.8042555 -0.22146365 29509 a
 0.5876571 -0.05778873 -0.10220759 29703 g
 -0.6051345 9.932944 -0.81343 29708 a
 0.49870834 -0.38908917 -0.13895789 29907 g
 0.31783026 10.205883 0.077213004 29911 a
 0.37194186 -0.49348506 -0.35014656 30104 g
 -3.3153708 11.8339405 -1.0654198 30108 a
 -0.8262143 -0.56246096 0.6237714 30300 g
 -1.5388732 7.3603745 1.5915456 30302 a
 -0.99612427 -0.15073518 0.4959392 30505 g
 0.6871359 10.478823 3.0855274 30509 a
 0.17939505 0.40746337 -0.29102492 30702 g
 -3.5553896 10.38485 2.8293478 30706 a
 0.33971736 0.3217096 -0.015920376 30903 g
 -1.0708067 9.288904 -0.36391866 30907 a
 0.42174298 0.25299898 -0.1307021 31105 g
 0.054468088 9.793482 -0.84455466 31109 a
 0.4734083 -0.017045563 0.018967565 31302 g
 -0.11611878 10.175357 -0.7799112 31306 a
 0.39804086 -0.15419836 -0.2811707 31502 g
 -2.0272903 9.365519 -1.6077064 31507 a
 -0.036853354 -0.24234898 -0.06385674 31703 g
 0.60812724 8.953716 0.84335756 31708 a
 -1.3857445 -0.34301648 0.6730399 31902 g
 -0.14664486 8.616732 1.6220716 31906 a
 -0.15030402 0.56165934 0.5089892 32101 g
 5.881955 9.274539 3.406949 32105 a
 0.19750482 0.19440943 -0.25880012 32302 g
 -1.0498575 7.6291237 -1.8447324 32306 a
 0.41615033 0.5312993 -0.02097985 32501 g
 -0.47345337 9.425972 -1.1168951 32505 a
 0.46355462 0.014379738 -0.048144095 32701 g
 0.13108255 9.710882 -0.3405752 32705 a
 0.46728358 -0.45220822 -0.17198054 32903 g
 0.18076223 11.061212 -1.2156559 32908 a
 0.25849175 -0.42131555 -0.1778395 33101 g
 -1.5185224 9.886257 -0.11671733 33105 a
 -0.6682883 -0.352606 0.30259475 33300 g
 -1.3030443 8.22528 1.264737 33304 a
 -1.0022488 -0.15952681 0.6871552 33501 g
 1.5682021 12.109872 4.3400893 33505 a
 0.061151505 0.53848773 -0.4095345 33700 g
 -4.768651 10.303447 4.361038 33704 a
 0.18126006 0.20079888 0.11484189 33900 g
 -0.7703344 9.458294 -0.14604631 33904 a
 0.45077303 -0.01784957 -0.33469835 34102 g
 0.64703304 9.909601 0.6027403 34106 a
 0.57487637 -0.47111958 -0.12856969 34300 g
 -0.8355764 9.77792 -0.5518635 34304 a
 0.34877396 -0.15793185 -0.25187406 34499 g
 -2.8101943 7.804499 -0.46387658 34503 a
 -0.3622903 -0.32890573 0.1843512 34702 g
 0.41958386 9.753379 1.2497733 34706 a
 -0.9226194 -0.14195181 0.78888875 34899 g
 0.90500826 8.923788 2.8365304 34903 a
 -0.004627775 0.42929623 0.05891631 35099 g
 -2.3020248 13.857041 1.364695 35103 a
 0.11175263 0.53182685 0.0021915152 35302 g
 -0.6811504 10.157999 -0.62488663 35306 a
 0.3477087 0.5177121 -0.32644257 35499 g
 0.6147113 9.513959 -0.037110128 35502 a
 0.5184173 0.015706258 -0.020977987 35695 g
 -0.037708677 10.538677 -1.003769 35696 a
 0.41055903 0.013576795 -0.3315031 35901 g
 -0.2633622 9.35235 -0.7763199 35905 a
 -0.028596224 -0.31132886 -0.050539605 36098 g
 -0.16519992 9.945514 1.4454993 36102 a
 -1.1263512 -0.57764494 0.8416194 36298 g
 0.3441665 8.640076 1.8447324 36302 a
 -0.14311242 0.6601934 0.42749754 36500 g
 3.5284548 8.599374 2.7754784 36504 a
 0.1615532 0.35392985 -0.3485476 36697 g
 -1.5981296 8.875306 -1.5520413 36701 a
 0.37540504 0.22050548 -0.1599958 36897 g
 -0.1400608 9.543886 -1.6053122 36901 a
 0.48060098 0.015171496 -0.12510678 37100 g
 -0.29269117 9.943718 -0.64823014 37104 a
 0.45103988 -0.2956194 -0.24308482 37297 g
 1.6819267 11.649587 -2.1320367 37301 a
 0.16661428 -0.3502142 -0.29847857 37496 g
 -0.74399817 13.095685 0.48961425 37501 a
 -1.1649665 0.14513482 0.6559978 37699 g
 -1.043872 7.2843585 1.4149733 37703 a
 -0.48106676 0.9930853 0.92258024 37896 g
 0.23942018 9.414599 3.3315318 37900 a
 0.09231182 0.86285675 -0.12457468 38096 g
 -3.8013937 8.313866 1.7968484 38100 a
 0.6268082 0.099594764 -0.04760933 38296 g
 -2.859874 9.941324 0.51475334 38300 a
 0.32986578 0.20239279 -0.3285728 38495 g
 -0.20350714 9.943718 0.077213004 38499 a
 0.54717976 -1.0082803 -0.073175676 38695 g
 -1.0737995 9.782708 -0.5626374 38700 a
 0.39484718 -0.62478614 -0.26359117 38898 g
 -4.161721 7.5351515 0.95827925 38902 a
 -0.40463376 -1.1459668 0.30206424 39095 g
 -0.6631939 9.288305 1.8770541 39099 a
 -1.0597714 -1.1270583 0.66744995 39295 g
 1.027711 9.735423 3.0933087 39299 a
 -0.034187265 0.08494419 -0.17890184 39498 g
 -2.1338322 14.702194 0.50397944 39502 a
 0.21668251 0.47216782 0.065576345 39694 g
 -0.5722142 8.722675 -0.47046062 39699 a
 0.34504688 0.3912077 -0.2689167 39894 g
 0.61171854 9.60015 0.107739076 39898 a
 0.6651588 -0.38403848 -0.015650066 40094 g
 0.037110128 9.995792 -1.0426749 40098 a
 0.38099954 -0.23330356 -0.29208618 40294 g
 -1.6543933 7.410054 -0.85652566 40298 a
 -0.10289682 -0.16219716 0.0730332 40493 g
 1.5454572 10.822391 2.4408886 40496 a
 -1.4057157 -0.54009867 0.83363146 40691 g
 1.0408791 7.7853456 2.4654293 40694 a
 -0.23499013 0.5587216 0.22616443 40893 g
 0.35314476 11.857284 1.9099745 40897 a
 0.45823067 0.0010556771 -0.40207526 41093 g
 -1.3335704 11.248558 1.2246342 41097 a
 0.24224885 0.22289594 -0.227904 41296 g
 0.30765492 9.992201 0.5081693 41301 a
 0.6015093 -0.27964255 -0.035623774 41493 g
 -0.7218518 10.2417965 -0.36152446 41497 a
 0.4166859 -0.0966834 -0.33016938 41692 g
 -0.6607997 10.508151 -0.7368156 41696 a
 0.02680019 -0.24369416 -0.063052736 41894 g
 1.3126211 9.395446 0.90381116 41899 a
 -1.4294163 0.13846946 0.822182 42092 g
 -1.127669 9.322423 1.0564415 42096 a
 -0.012614595 1.7097344 0.6996766 42292 g
 3.0556 10.727221 1.9422961 42296 a
 0.04357837 1.4106604 0.07782875 42494 g
 -0.35913026 9.457695 2.295441 42498 a
 0.39884406 1.3054656 0.19500785 42691 g
 -0.7715315 9.403227 -0.9911995 42695 a
 0.11867951 1.635165 -0.24015269 42891 g
 -0.557849 10.033501 0.11312603 42895 a
 0.15969326 1.7313021 0.15106675 43094 g
 -0.90021986 10.040085 -0.30346507 43098 a
 0.25689864 1.2082573 -0.11791252 43292 g
 -0.39743748 10.38066 -0.053869538 43295 a
 0.1439806 0.24845402 -0.034821898 43494 g
 -2.6120741 9.903017 1.6717514 43498 a
 -0.9175554 0.37335628 0.21737945 43692 g
 0.032920275 9.534309 2.7389667 43695 a
 -0.8531069 0.0074379425 0.47677135 43890 g
 0.30885202 10.404602 4.1018662 43894 a
 0.1703459 0.83647996 -0.116048306 44090 g
 -2.100912 8.349778 1.4802152 44094 a
 0.21482095 0.34086463 0.15905677 44292 g
 -0.6386533 10.079589 -1.8022354 44296 a
 0.42760754 0.04978114 -0.108058296 44486 g
 0.7015011 9.689933 -0.9816227 44488 a
 0.57674456 -1.1015034 -0.019108713 44686 g
 0.51595044 10.048465 -0.095169514 44687 a
 0.4755447 -0.6956387 -0.18768655 44892 g
 1.0313023 11.270704 -0.81522566 44895 a
 0.22227807 -0.53105533 -0.13468964 45091 g
 -0.8870517 12.038645 0.3274071 45095 a
 -0.82754004 0.115826465 0.35666358 45290 g
 -0.7733272 8.039131 1.0450691 45294 a
 -0.90477145 0.43673632 0.930309 45491 g
 1.3437457 10.068216 4.1180267 45495 a
 0.23426257 0.6963945 -0.07317008 45686 g
 -4.782418 7.3537903 4.441244 45690 a
 0.55943453 0.10197697 -0.17357126 45888 g
 -2.6689363 10.42615 0.22565351 45892 a
 0.5288098 0.018614696 -0.3935465 46090 g
 0.19632454 9.955689 -0.2753332 46094 a
 0.5269456 -0.83492845 -0.07423349 46289 g
 -0.43035775 9.803658 -0.7338228 46293 a
 0.33280113 -0.3883163 -0.38981807 46488 g
 -2.9813797 9.628283 -0.31783026 46492 a
 -0.44430953 -0.7411841 0.40806472 46691 g
 0.22445641 9.487024 0.9044097 46695 a
 -0.9391249 -0.61308604 0.738563 46888 g
 0.8559271 8.766968 2.2373815 46892 a
 -0.115675464 0.5323395 -0.048134774 47087 g
 -3.882198 15.82687 1.264737 47091 a
 0.17221251 0.19944334 -9.965549E-4 47290 g
 -1.3694834 8.537125 -1.2198458 47294 a
 0.40763596 0.33712876 -0.20126627 47487 g
 -0.5746084 9.853337 -0.1921347 47491 a
 0.5767467 -0.48445642 -0.07263559 47687 g
 -2.0386627 10.205883 -0.80564886 47691 a
 0.373282 -0.38246056 -0.36371776 47889 g
 -0.25977087 9.980229 -0.6979098 47893 a
 -0.006218481 -0.67647356 -0.06757425 48086 g
 -0.8074445 9.313444 1.3982137 48090 a
 -1.0328671 -0.7877937 0.82911205 48286 g
 -0.0053869537 8.12233 1.3371617 48290 a
 -0.25149614 0.4431215 0.60327524 48489 g
 4.59567 12.154165 0.46686932 48493 a
 0.2752771 0.3621614 -0.3048627 48686 g
 -2.1625626 5.076905 -1.2276269 48690 a
 0.2648908 0.37547722 0.021907164 48885 g
 -2.6940753 9.507375 -0.23582886 48890 a
 0.51656 -0.44504458 -0.32057455 49088 g
 -1.091756 9.788693 -1.2653356 49092 a
 0.33892718 -1.1643643 -0.23428813 49285 g
 -0.84694886 10.195708 -0.64463884 49289 a
 0.13279852 -1.578486 -0.2784966 49485 g
 -2.4498668 10.570999 1.3964181 49489 a
 -0.49171194 -2.3558648 -0.19354123 49687 g
 -2.0039468 8.04392 2.2493525 49691 a
 -0.24030954 -2.1545298 0.06744855 49885 g
 -1.780089 9.776124 3.0819361 49889 a
 0.10030876 -1.1896665 -0.72590715 50084 g
 0.18854338 9.572019 3.9594111 50089 a
 0.48140657 -0.65383744 -0.402067 50287 g
 -3.1585505 8.513183 1.9877859 50291 a
 0.84625965 -0.6562343 0.2629243 50484 g
 -1.8890251 9.742006 0.75956047 50488 a
 0.2585 -0.8359977 0.13509257 50684 g
 0.37469256 9.958083 0.029927522 50688 a
 0.5437251 -1.8543916 0.032028507 50886 g
 -1.4921862 10.023325 0.15083471 50890 a
 0.4632976 -0.88686514 -0.14533801 51083 g
 -1.4197617 10.465055 -0.62967503 51088 a
 0.21375942 -0.7294723 -0.030023146 51283 g
 0.21667525 9.850345 -0.33159694 51287 a
 -1.2115638 -0.49671417 0.6280447 51486 g
 0.19931729 7.6919713 1.3263878 51491 a
 -0.5721389 1.1411299 0.6072721 51682 g
 -0.094570965 10.54586 4.4699745 51686 a
 -0.031783495 1.7813538 -0.27689737 51883 g
 -0.66259533 6.1237693 -1.9470845 51886 a
 0.19857994 1.2401994 0.3888929 52083 g
 -0.7086837 10.105926 0.15203181 52087 a
 0.4063065 1.0937257 0.009658753 52282 g
 -1.7381904 10.237008 -0.025139118 52286 a
 0.53760034 0.05136439 -0.081687674 52482 g
 1.1731589 12.75511 -3.0178912 52486 a
 0.24598394 -0.76595867 -0.2625166 52684 g
 -0.074220255 12.899361 -0.95349085 52689 a
 -1.1447188 0.5368597 0.50154436 52882 g
 -2.4660277 8.459313 0.7739257 52886 a
 -0.21314503 1.4183661 0.7787794 53081 g
 0.7846996 7.028179 1.282095 53085 a
 0.1780736 1.7334169 -0.24200997 53284 g
 -2.5300727 8.482059 -1.6136919 53290 a
 0.065954514 1.3525848 0.07144409 53482 g
 -1.2054806 9.582193 -0.095169514 53486 a
 0.19644941 0.9829381 0.07677041 53681 g
 -0.35673606 9.927557 0.46028528 53685 a
 0.18340018 0.2596225 -0.086480826 53884 g
 -0.61530983 9.983821 -1.1552023 53888 a
 0.12960432 -0.012552544 -0.18475147 54081 g
 -0.1604115 11.216236 2.0751743 54085 a
 -1.0640244 -0.037053626 0.71353275 54280 g
 -1.2156559 8.29531 2.079364 54284 a
 -0.35828677 0.61222506 0.3420218 54482 g
 0.5626374 10.080787 2.5486276 54486 a
 0.0976464 0.42180902 -0.2233673 54680 g
 -0.19871874 10.161591 0.29328972 54684 a
 0.37461516 -0.2367907 0.052802496 54881 g
 -0.47884035 8.986037 -0.10175357 54891 a
 0.22787471 -0.19551064 -0.016972858 55082 g
 0.17657238 9.411008 1.3084313 55086 a
 0.18446518 -0.3864593 -0.06331186 55279 g
 0.38187516 9.409811 0.51116204 55283 a
 0.35437486 0.1789298 -0.13255405 55481 g
 0.18435353 9.750985 -0.7284359 55485 a
 0.46276605 0.8820022 -0.22549757 55681 g
 -0.46627077 8.479065 -1.1510124 55685 a
 -0.45495924 -0.0801979 0.18462923 55879 g
 -0.2837129 8.10557 2.082357 55883 a
 -1.3769456 -0.4011088 0.12870285 56078 g
 0.45669398 10.745177 4.976947 56082 a
 0.14451857 -0.049039982 -0.5967417 56281 g
 -3.881001 13.717579 1.8267759 56285 a
 0.34904933 0.010881144 0.28662884 56476 g
 -0.88765025 9.282919 0.2801216 56478 a
 0.42761257 -0.26688656 -0.13468325 56679 g
 0.2633622 9.682152 -0.26755205 56683 a
 0.55011797 -0.85118407 0.0038011298 56879 g
 0.075417355 10.237008 -0.12569559 56882 a
 0.43879786 -0.6344028 -0.1999307 57078 g
 -0.8924387 10.277111 -0.44831428 57082 a
 0.06275952 -0.05250209 -0.11337796 57278 g
 1.2683283 10.715848 -0.99060094 57282 a
 -1.5617675 0.61355025 0.5734529 57480 g
 0.019153614 10.089765 0.8810662 57484 a
 -0.0389719 2.3049238 0.9356428 57679 g
 -0.9259575 8.814254 2.52289 57683 a
 0.28380322 2.6591241 0.43044114 57877 g
 -0.9295488 12.980763 0.50637364 57881 a
 0.19671759 1.8340781 0.08556124 58080 g
 -1.8626889 10.300454 -2.7880478 58084 a
 0.07048375 2.0551205 0.14095499 58277 g
 0.107739076 9.734824 -0.037110128 58281 a
 0.31842405 1.0444508 0.103138104 58476 g
 0.3196259 9.66659 -0.4914099 58481 a
 0.24944872 0.45242792 -0.1828846 58680 g
 0.748188 10.869676 -1.4532804 58684 a
 0.07767482 -0.0011084076 -0.119235046 58876 g
 -0.26635495 10.2417965 1.5933412 58880 a
 -1.048576 0.02632215 0.3018107 59076 g
 -0.5919664 7.9996266 1.8830396 59080 a
 -0.43631554 0.6028976 0.7428299 59279 g
 0.39085343 9.6528225 3.4494462 59283 a
 0.056369267 1.0678855 -0.3637135 59476 g
 -2.3020248 12.584522 0.53330845 59480 a
 0.27821058 0.51820904 0.23816091 59677 g
 1.4987702 10.144233 -2.4917655 59681 a
 0.3631662 1.302507 -0.17303011 59878 g
 -0.56084174 9.672575 -0.06584055 59890 a
 0.18713127 1.5587032 0.09461758 60204 g
