 -0.045664955 -0.1879984 -0.1925556 2 g
 8.819042 -5.119402 3.3081882 4 a
 0.24222276 -0.5158335 0.011708854 105 g
 7.924209 -3.4530375 2.1523874 107 a
 0.99296784 -0.5640367 -0.0045364285 308 g
 5.553351 -1.555034 2.3822308 312 a
 0.9932334 0.48898035 0.15764849 511 g
 13.3225355 -5.6102133 2.7060466 515 a
 0.37777686 0.0042850263 -0.11053184 707 g
 7.7213006 -2.0147207 2.879626 712 a
 0.17910504 -0.30943534 -0.5544808 905 g
 9.260772 -0.7942764 3.7445314 906 a
 0.5008149 -0.21222997 -0.42158905 1107 g
 10.115502 -1.003769 2.6288335 1113 a
 0.05580068 -0.24818264 0.119298965 1306 g
 9.598354 -2.111686 2.8407204 1311 a
 -0.13141954 -0.08333297 0.3464666 1507 g
 9.094974 -3.3159695 2.9053638 1511 a
 -0.20092832 0.06900091 0.3256934 1709 g
 12.392388 -2.7048495 4.3478703 1713 a
 0.16365844 0.04476614 -0.08336813 1907 g
 4.5322237 -2.355296 1.9919758 1911 a
 0.47418302 1.1361295 -0.24688622 2107 g
 9.202713 -1.6717514 8.137293 2111 a
 0.41692585 0.9819293 0.20532013 2308 g
 6.7091517 -1.7076644 7.1730285 2312 a
 0.44941643 0.07698719 0.37389824 2507 g
 6.045359 -1.1121067 7.972093 2510 a
 0.14741395 0.5741994 0.14832848 2703 g
 5.4342394 -0.61291564 8.173804 2704 a
 0.3178568 0.55662036 0.1475306 2908 g
 3.0346506 0.0077811554 9.143456 2913 a
 0.3689895 0.78884804 -0.09614864 3105 g
 1.335366 0.15322891 9.762956 3109 a
 0.18017137 0.8229365 -0.26046568 3302 g
 1.1288661 0.30645782 9.712079 3304 a
 0.11545655 0.40961388 -0.20507193 3502 g
 1.0456676 1.1923125 9.621099 3504 a
 0.11332603 0.27219477 -0.09934443 3705 g
 -1.1450269 0.8834604 9.607931 3709 a
 0.13809343 0.459415 -0.10174128 3905 g
 -0.58119243 1.5412674 9.66659 3910 a
 0.100277334 0.22105888 -0.106799684 4107 g
 -1.2276269 1.2485762 9.464878 4111 a
 0.008131962 0.06659554 0.0029225529 4305 g
 -0.99778354 1.1091139 9.600749 4309 a
 -0.07176287 -0.09825413 0.1376785 4505 g
 0.31902736 0.8643068 9.636064 4508 a
 -0.10691633 -0.30251965 0.13315167 4707 g
 0.51355624 0.6596026 9.637859 4711 a
 -0.060843643 -0.18161213 0.078290544 4903 g
 0.09876082 0.22385786 9.710283 4907 a
 -0.08800789 -0.012501411 7.9255673E-4 5100 g
 0.5201403 0.47225627 9.726444 5102 a
 -0.01983043 -0.06922887 0.031153392 5304 g
 0.5943606 0.45190558 9.696517 5307 a
 -0.015835688 -0.08307731 0.02316391 5503 g
 0.58418524 0.5470751 9.694721 5507 a
 -0.01849885 -0.023955135 0.011978632 5703 g
 0.66020113 0.45310268 9.740809 5707 a
 -0.05125573 -0.06922887 -0.0042666504 5906 g
 1.0761937 0.19273324 9.577405 5911 a
 -0.043532565 -0.118231036 2.6072346E-4 6103 g
 1.0133458 0.30765492 9.69951 6107 a
 -0.007313573 -0.108111024 -0.010125604 6302 g
 1.6053122 0.25378537 9.54209 6306 a
 -0.028885178 -0.16430372 -0.013321398 6503 g
 1.8315643 0.04189853 9.53012 6507 a
 -0.07522418 -0.24366592 -0.016783508 6702 g
 2.5917234 0.019153614 9.404425 6706 a
 -0.115970545 -0.3706987 0.018370219 6901 g
 3.5577838 -0.34955344 9.163807 6906 a
 -0.06217389 -0.47349992 -0.013852432 7104 g
 4.618415 -0.38367084 8.450933 7108 a
 -0.11730132 -0.49027783 -0.046609312 7301 g
 6.0465565 -0.5105635 7.964312 7306 a
 -0.17402665 -0.59467375 -0.059392486 7498 g
 7.3711486 -0.6374562 7.2406645 7500 a
 -0.09386657 -0.58614737 -0.08203149 7703 g
 5.5509567 -0.219668 4.4897265 7707 a
 -0.027553864 -0.6314211 -0.20533584 7897 g
 12.797606 -0.80086046 2.8269536 7899 a
 -0.46990493 -2.25808 -0.32437915 8100 g
 10.412383 -0.2220622 2.224812 8105 a
 -0.26004782 -0.2228922 0.04420235 8301 g
 11.440094 -0.3196259 1.395221 8305 a
 -0.06483812 -0.25884488 -0.014387195 8500 g
 9.770139 -0.60094464 1.2491747 8505 a
 -0.049924415 -0.124621555 0.053789727 8700 g
 9.989208 -0.60812724 0.93014735 8705 a
 -0.06377286 -0.10997417 0.07296449 8901 g
 9.482236 -2.0009542 1.6226702 8906 a
 -0.25525415 0.17844617 0.14327194 9099 g
 9.147048 -1.287482 2.4582467 9103 a
 -0.037673876 0.37791693 0.014374944 9299 g
 9.205107 -1.0911574 2.5438392 9304 a
 -0.014238324 0.1116019 -0.13316445 9502 g
 9.825205 -0.6775591 2.2577322 9506 a
 -0.05205521 0.054876566 -0.2282393 9699 g
 9.481637 -0.5231331 3.176507 9704 a
 0.023578564 0.3201274 -0.12517495 9895 g
 9.43076 -0.036511578 3.5332432 9897 a
 0.042753056 0.27592 -0.1203818 10100 g
 8.848969 -0.39384618 4.3329067 10104 a
 -0.021961758 0.2892358 -6.9242187E-6 10298 g
 8.856153 -0.08140286 4.4286747 10302 a
 -0.03820704 0.030376548 -0.053536464 10497 g
 9.099762 -0.095169514 4.068946 10501 a
 -0.07309499 -0.004508732 -0.07723966 10700 g
 8.881291 -0.01316811 4.2610803 10704 a
 -0.037408624 0.027449202 -0.02743855 10897 g
 8.9758625 -0.046088383 4.1264067 10901 a
 -0.033147566 -0.025814021 -0.024242755 11097 g
 9.015965 0.023343466 4.211401 11102 a
 -0.023294138 -0.00424135 -0.014123276 11299 g
 8.874108 0.019153614 4.172495 11303 a
 0.0033374734 0.0061449776 -2.748382E-4 11497 g
 8.944737 -0.030526072 4.2143936 11501 a
 -6.5726816E-4 -0.00770346 -8.522115E-6 11696 g
 8.908226 -0.1388637 3.994127 11700 a
 0.028638037 -0.023950873 0.030086264 11896 g
 9.145252 -0.24420857 3.6062663 11897 a
 0.048611745 -0.07481725 0.12036742 12097 g
 9.193734 -0.18794483 3.7547069 12100 a
 0.18310137 -0.13287416 0.041005224 12296 g
 9.252991 -0.017956512 3.9444473 12300 a
 0.36180055 0.024514398 0.029555496 12498 g
 8.9040365 0.109534726 4.137779 12502 a
 0.03556332 0.13823138 -0.015451927 12695 g
 9.7324295 0.19871874 3.330933 12699 a
 -0.22729068 -0.21943116 -0.08309622 12894 g
 8.861539 -0.10534488 3.8247373 12898 a
 0.023313578 -0.016501479 0.014643392 13096 g
 6.633136 0.6937199 1.4257472 13100 a
 0.042754654 -0.30785128 -0.07217566 13295 g
 11.662156 -0.077811554 2.079364 13299 a
 -0.16870034 -2.100425 -0.5635289 13495 g
 8.8567505 0.5542577 -4.991312 13499 a
 0.49149862 -1.5179973 0.18934943 13697 g
 8.225879 0.40821138 -5.7784057 13701 a
 0.09149183 -0.9270418 0.114248276 13894 g
 8.01459 0.31184477 -5.7227407 13898 a
 -0.027551467 -0.17150305 0.049267147 14094 g
 7.5950065 0.30885202 -6.457162 14098 a
 0.013195697 -0.34407908 0.033023465 14297 g
 7.4992385 0.19871874 -6.7725983 14301 a
 0.039028358 -0.14380936 0.016511865 14495 g
 7.7213006 0.15622166 -6.1064115 14499 a
 0.031837825 0.21065737 0.006391853 14694 g
 7.891887 0.16639702 -6.031593 14698 a
 0.009733854 0.12863095 0.0069250176 14893 g
 7.9547353 0.1400608 -5.9202623 14901 a
 -0.009707222 0.06844351 7.9894835E-7 15094 g
 7.8811135 0.1448492 -6.0010667 15098 a
 -9.187906E-4 -0.04527347 5.334312E-4 15294 g
 7.8589673 0.12270284 -6.0770826 15298 a
 0.0068046427 -0.04500822 0.0037297572 15496 g
 7.8888946 0.16639702 -6.0226145 15500 a
 -0.0011848403 0.0106518455 0.0015992282 15694 g
 8.099585 0.05686229 -5.9489927 15698 a
 0.016924655 0.13528778 0.020507671 15894 g
 8.759786 -0.24301147 -5.265448 15898 a
 0.039028626 0.5014735 0.12383779 16096 g
 9.552266 -0.7308301 -2.92751 16101 a
 0.052877065 1.0548784 0.30573168 16293 g
 9.770139 -1.1330559 -1.3928268 16297 a
 0.06060023 0.83410233 0.15020308 16489 g
 9.73662 -1.2318168 -0.38187516 16491 a
 0.059534434 0.5544725 0.067111395 16695 g
 9.659407 -1.3910311 0.31364042 16699 a
 0.038761776 0.37604073 0.0324903 16893 g
 9.692925 -1.3575124 0.79846627 16897 a
 0.05207758 0.23116478 0.005592372 17092 g
 9.618107 -1.3838485 0.85293436 17096 a
 0.007869109 0.08415829 -0.020506607 17292 g
 9.811439 -1.2372037 0.83737206 17296 a
 0.013461746 -0.002128132 0.0047934237 17491 g
 9.595961 -1.3844471 0.9876082 17496 a
 -0.007577226 0.04021613 -0.017843446 17691 g
 9.715072 -1.2850877 1.027711 17695 a
 0.0038741005 0.015716113 -0.008256598 17894 g
 9.729437 -1.3748703 0.9415198 17898 a
 0.0131951645 -0.0071870727 0.007456052 18091 g
 9.664794 -1.1761516 1.0079589 18095 a
 -0.008376441 0.015716113 0.012516058 18291 g
 9.730036 -1.4921862 0.9498995 18295 a
 -0.02941568 -0.012778645 0.025298698 18494 g
 9.6767645 -1.3024458 1.158195 18498 a
 -0.089336805 0.1054657 0.027162911 18689 g
 9.698911 -1.5053543 1.0911574 18694 a
 0.016923323 0.08202989 0.0047923583 18890 g
 9.514558 -1.4449008 1.6555905 18894 a
 0.07045259 0.07963411 0.024232902 19093 g
 9.585785 -1.5107412 1.4969746 19097 a
 0.0044062 -0.0050544133 -0.01811136 19290 g
 9.758167 -1.4466964 1.3090298 19294 a
 0.0057377806 -0.05245868 5.30768E-4 19490 g
 9.701305 -1.4305356 1.3497312 19494 a
 -0.017965153 -0.020497285 -0.0037318876 19692 g
 9.698313 -1.4197617 1.2826935 19696 a
 0.004671717 -0.0037193708 0.0063881245 19889 g
 9.754577 -1.6065093 1.4706384 19893 a
 0.0126612 0.014390125 0.0063881245 20088 g
 9.859323 -1.3874398 1.3102269 20092 a
 9.4275904E-4 0.023979634 -0.053267747 20291 g
 9.607333 -1.4754268 1.578976 20295 a
 0.03503122 0.06419337 0.03381762 20488 g
 9.627085 -1.4377182 1.4826094 20492 a
 0.00839961 -0.003450924 0.0047891624 20690 g
 9.609727 -1.4341269 1.4526819 20694 a
 6.7617657E-4 -0.010640394 -0.0029345371 20890 g
 9.80665 -1.4640543 1.4903905 20894 a
 0.006535131 0.005871205 2.612561E-4 21087 g
 9.546879 -1.5765818 1.5340848 21092 a
 0.02437831 0.024247017 0.024496023 21288 g
 9.611523 -1.46585 1.7411832 21291 a
 0.033433326 0.0498123 0.0029249499 21490 g
 9.620501 -1.4359225 1.7046716 21494 a
 -0.0035846147 -2.5513084E-4 -0.0029340046 21686 g
 9.627684 -1.4431051 1.620276 21691 a
 -0.00731304 -0.018630942 -0.0029340046 21887 g
 9.521142 -1.4694413 1.5095441 21891 a
 -0.014238058 -0.0015835156 2.6045716E-4 22089 g
 9.487623 -1.4909891 1.6071079 22094 a
 -0.040869668 0.0026775422 0.023429958 22286 g
 9.603742 -1.5424645 1.4933833 22290 a
 -0.016102271 -0.02794881 -0.015452193 22486 g
 9.638457 -1.5125369 1.6142905 22491 a
 -0.014771223 0.009071259 -2.7324032E-4 22689 g
 9.67856 -1.508347 1.5077485 22695 a
 -0.010243849 8.1545993E-4 -0.0032027175 22886 g
 9.585785 -1.5897499 1.661576 22890 a
 -0.004384895 0.026648123 0.026891002 23087 g
 9.329007 -1.6214731 1.650802 23090 a
 0.04168806 0.027446005 0.022896793 23289 g
 9.830592 -1.5233108 2.148796 23293 a
 0.059531238 0.08124186 -0.009327455 23485 g
 9.60853 -1.4413095 2.3810337 23489 a
 0.10800077 0.24502626 -0.03223064 23686 g
 9.5971575 -1.151611 3.3518825 23690 a
 0.23503329 0.39576223 -0.16299239 23889 g
 8.079233 -1.1306617 3.8468835 23893 a
 0.15726899 0.66101307 -0.10227231 24085 g
 8.015189 -0.29807812 4.3478703 24089 a
 0.062726766 0.368598 0.104921624 24285 g
 8.804078 -1.4796166 5.08708 24289 a
 -0.040603884 -0.07162252 0.15285853 24486 g
 7.833828 -1.9111716 4.808754 24490 a
 -0.008912268 0.015729161 0.06976789 24685 g
 8.519168 -0.7751228 4.6363716 24689 a
 0.020382503 -0.097987816 -0.035693284 24885 g
 8.810662 -1.1498153 4.560954 24889 a
 -0.02222834 -0.12115625 -0.078038074 25087 g
 8.734048 -0.8774749 4.128801 25098 a
 0.13356659 -0.0740183 -0.025307488 25284 g
 8.835203 -0.521936 4.36044 25288 a
 0.105337076 -0.039397206 -0.24954565 25483 g
 8.9040365 0.12868834 4.5801077 25487 a
 0.0307683 0.11639878 -0.2996136 25686 g
 8.558673 0.6715736 4.478953 25690 a
 0.026507242 -0.040461406 -0.26259568 25883 g
 8.354567 0.6787562 4.8853683 25887 a
 -0.12982032 0.23304524 -0.12331235 26084 g
 8.430583 0.66498953 4.92607 26088 a
 -0.08055263 0.009342901 -0.07244757 26286 g
 8.592192 0.6332663 4.7734394 26290 a
 -0.060578924 -0.021549767 -0.053539123 26483 g
 8.24563 0.60333884 5.2079873 26487 a
 0.009728528 0.095096685 -0.001341168 26683 g
 8.439561 0.7188591 5.0421886 26687 a
 -0.0011901667 -0.01009924 -0.007998538 26885 g
 8.383896 0.7284359 5.071518 26889 a
 9.4036217E-4 0.0010860371 -0.0016069514 27082 g
 8.342596 0.7930793 5.0236335 27086 a
 1.4141385E-4 -0.006370814 -0.002938532 27281 g
 8.368334 0.7344214 5.0080714 27286 a
 -6.5780076E-4 -0.0029076394 -8.085357E-4 27485 g
 8.417415 0.8475474 5.01705 27489 a
 0.0017390442 -0.0015760587 -0.0010748518 27681 g
 8.367735 0.7344214 5.065532 27686 a
 0.0022716764 0.0018860507 -0.0010748518 27881 g
 8.389283 0.7326257 5.0362034 27886 a
 0.002005094 -0.0015747271 -2.7643613E-4 28084 g
 8.425196 0.6584055 5.0254292 28088 a
 0.0012061456 -7.7577884E-4 -0.0016080167 28281 g
 8.401853 0.741604 5.0463786 28285 a
 0.0014724617 2.8948562E-4 -8.090683E-4 28480 g
 8.374319 0.76315176 5.0637364 28485 a
 0.0022716764 0.002684999 0.0013219932 28684 g
 8.405443 0.6823475 5.033809 28688 a
 0.0022716764 -0.0010434265 -2.759035E-4 28880 g
 8.379706 0.7266402 5.0200424 28885 a
 0.00679905 0.002418683 5.2304484E-4 29080 g
 8.391078 0.7212533 5.069722 29085 a
 0.0022716764 0.002684999 -5.422196E-4 29280 g
 8.381501 0.7344214 5.059547 29285 a
 0.0028043087 0.002418683 5.2304484E-4 29480 g
 8.392874 0.6745663 5.0463786 29484 a
 0.009728528 0.007478689 0.0074472637 29680 g
 8.295909 0.7667431 5.0798974 29684 a
 0.04168646 0.039702937 0.020230437 29880 g
 8.289325 0.7697359 5.2049947 29884 a
 0.043550674 0.0258545 0.016768327 30079 g
 8.509591 0.688333 5.158906 30083 a
 0.04914331 0.02106081 0.03168203 30279 g
 8.237251 0.65541273 5.2367177 30285 a
 0.06938307 0.037840057 0.10891317 30481 g
 8.271368 0.3250129 5.20679 30485 a
 0.03396303 0.027187413 0.1573827 30679 g
 8.286332 -0.073621705 5.1810527 30683 a
 0.043550406 -0.0042378884 0.24606596 30878 g
 8.077438 -0.095768064 5.3875523 30883 a
 0.10533601 -0.011429489 0.20425487 31085 g
 7.7931266 -0.0712275 5.4803276 31089 a
 -0.06910104 -0.019951604 0.038872566 31278 g
 8.074445 -0.36990416 5.1487308 31283 a
 -0.15671904 0.054616906 -0.2796415 31478 g
 7.713519 0.2100912 5.595249 31483 a
 -0.0035878106 -0.048177917 -0.023447003 31681 g
 8.220491 -0.078410104 4.96318 31685 a
 -3.920173E-4 -0.08413059 0.023957264 31877 g
 8.711303 0.024540568 4.859631 31881 a
 0.006265885 -0.07986953 -0.05993231 32076 g
 8.309675 0.0676362 5.221754 32081 a
 -0.049127333 0.015203187 -0.0061353906 32280 g
 8.820838 0.41299978 5.485116 32284 a
 0.03502856 -0.04871268 -5.427522E-4 32476 g
 8.025963 -0.022146367 4.929063 32480 a
 0.026772758 0.06873272 -0.108134456 32677 g
 7.757812 0.06584055 4.717176 32680 a
 0.026772225 0.25382456 0.004516455 32879 g
 7.1329255 0.08678981 5.0254292 32883 a
 0.0379575 0.18538131 0.030615434 33076 g
 8.437167 -0.030526072 5.8143187 33080 a
 -0.0062509715 0.0018895128 -0.010663563 33276 g
 7.9289975 -0.107739076 5.893926 33280 a
 -0.023560986 -0.009297894 0.050323624 33478 g
 8.002021 -0.16519992 5.273229 33483 a
 -0.010777812 -0.15364122 0.060709953 33675 g
 8.590396 -0.090979666 4.9548006 33679 a
 -6.5780076E-4 -0.17681073 0.03141518 33875 g
 8.259995 -0.18914193 5.1343656 33879 a
 -0.029154157 0.011210577 0.0055817193 34077 g
 8.589199 0.077213004 5.449203 34081 a
 -0.017702565 0.07406118 0.014636467 34275 g
 8.199542 -0.15382746 5.463568 34279 a
 0.009994311 0.053022206 0.009043829 34475 g
 8.124125 0.08319851 5.4025164 34479 a
 0.03502856 -0.008498946 -0.069252305 34677 g
 8.328231 0.18195933 5.5647235 34681 a
 0.061660167 -0.012227371 -0.02317962 34874 g
 8.313866 0.18734628 5.1002483 34878 a
 0.03822435 -0.069219016 -0.015456454 35074 g
 8.45213 0.06344634 4.8386817 35078 a
 0.01665248 -0.0782727 0.013038836 35277 g
 8.693346 -0.18136078 5.331289 35288 a
 -0.018234931 -0.0053020874 -0.0077338195 35473 g
 8.549096 0.23163901 5.016451 35477 a
 0.01185879 -0.013824203 -0.040757015 35673 g
 8.474277 0.22146365 5.0116625 35677 a
 -0.005984123 0.006414756 -0.0151901385 35876 g
 8.33242 0.29927522 5.1613 35880 a
 -0.013440974 0.012540027 -0.02531015 36073 g
 8.461707 0.22804771 5.088876 36077 a
 -0.006250439 -7.7577884E-4 -0.018918563 36273 g
 8.35337 0.4866215 5.122993 36277 a
 0.015054584 -0.0058347196 0.01144094 36475 g
 8.467094 0.24839842 5.139154 36479 a
 4.0719734E-4 -0.016221048 0.008245147 36673 g
 8.456321 0.22864626 5.046977 36677 a
 -9.2438323E-4 -0.011427358 -0.001075917 36872 g
 8.479065 0.31663316 4.985925 36876 a
 0.004668255 -0.008764197 7.882957E-4 37073 g
 8.634688 0.21547815 5.3378725 37077 a
 0.0033366745 0.0042852927 0.03967045 37272 g
 8.277354 -0.60693014 4.936844 37276 a
 0.036359873 0.090305395 0.3824193 37471 g
 7.6524673 -0.8379706 5.7538652 37476 a
 0.18336636 0.18032023 0.28175178 37672 g
 8.682572 -0.95708215 5.170877 37676 a
 0.43263823 -0.16695596 0.37229925 37871 g
 8.178593 -0.45908818 5.752668 37876 a
 0.27098435 0.24370347 0.13048424 38071 g
 7.340024 -0.6075287 6.413468 38075 a
 0.10719969 0.40402684 -0.07298153 38274 g
 6.4721255 0.10594343 7.1963716 38278 a
 0.13676077 0.4594206 -0.10094472 38470 g
 5.864597 0.04309563 7.589619 38475 a
 0.17750715 0.41254896 -0.084699444 38671 g
 6.11539 0.40162733 7.644686 38676 a
 0.10267205 0.2831204 -0.010131463 38874 g
 4.618415 0.88765025 8.218696 38878 a
 0.1183847 0.42906162 -0.08549892 39070 g
 4.0581717 0.40641573 8.705916 39074 a
 -0.018235464 0.3395794 -0.088694714 39269 g
 4.2521024 0.75956047 8.839992 39274 a
 0.0033361418 0.10468859 -0.011729361 39470 g
 4.274847 0.7170634 8.967483 39474 a
 0.015586683 0.05036011 0.0018527611 39669 g
 4.423288 0.81343 8.822633 39674 a
 0.0020045612 0.009613745 -0.015990417 39869 g
 3.8738184 0.50158525 8.857349 39873 a
 -0.034479946 0.065803245 -0.05540387 40071 g
 3.7858315 0.83378077 8.732252 40075 a
 -0.029952573 0.03757374 -0.03969122 40269 g
 4.0240545 0.5231331 8.872911 40273 a
 -0.06563893 5.5580173E-4 -0.048745967 40468 g
 4.1000705 0.65541273 8.895058 40472 a
 -0.013441507 -0.012491557 -0.009065666 40671 g
 3.7098155 0.5883751 8.838794 40675 a
 -0.01051203 0.053554837 -0.017321466 40868 g
 3.9677908 0.58538234 8.871715 40872 a
 -0.008647816 -0.0031704933 0.010641726 41068 g
 4.248511 0.6194997 8.9998045 41072 a
 -0.013441773 -0.057231598 0.0053148707 41271 g
 4.1156325 0.5081693 8.93935 41275 a
 -0.008381767 -0.0063652215 -0.019718843 41468 g
 4.0198646 0.58298814 8.98484 41472 a
 -0.009713347 0.041305363 -0.02690938 41667 g
 3.8774097 0.52852005 8.946533 41671 a
 -0.009180183 0.029319007 -0.027174896 41870 g
 3.891775 0.35194764 8.974067 41874 a
 -0.02649073 0.01813373 -0.059931777 42066 g
 3.6242228 0.6835446 8.895058 42071 a
 0.02890302 0.0572822 -0.03303385 42267 g
 3.3357215 0.6452374 9.050082 42271 a
 0.020647489 0.067933775 -0.0061353906 42469 g
 3.882198 0.5422867 8.89446 42474 a
 -0.0070493873 -0.068153754 0.02528991 42667 g
 3.8061821 0.6380547 8.905831 42671 a
 -0.0067830714 -0.07747482 0.033279393 42867 g
 4.0306387 0.34955344 9.056067 42871 a
 -0.022495456 -0.02900635 -0.013858025 43069 g
 3.8696284 0.52133745 8.966286 43073 a
 -0.0027880634 -0.0066357986 -0.011194864 43266 g
 3.654749 0.6015432 8.883087 43270 a
 -0.032082833 -0.02900635 -0.004004329 43466 g
 4.3221326 0.44592008 8.728063 43470 a
 -0.05525287 -0.1741465 0.008778045 43668 g
 4.6417584 0.23163901 8.5700445 43672 a
 -0.039007585 -0.25697082 0.068699166 43865 g
 5.3743844 -0.091578215 8.082825 43869 a
 -0.053388655 -0.300114 0.087607615 44062 g
 5.5102553 -0.15502456 8.078036 44064 a
 -0.029153358 -0.20211183 0.05565048 44268 g
 5.952584 -0.11552023 7.541735 44272 a
 -0.029153358 -0.1935897 0.04313362 44465 g
 5.976526 -0.45489833 7.358579 44469 a
 -0.03101757 -0.14645176 0.017034644 44665 g
 6.1501055 -0.24361002 7.4004774 44669 a
 -0.0033206956 -0.0529748 0.019431489 44865 g
 6.153697 -0.25917232 7.647679 44869 a
 0.0012066783 0.010142116 -0.008265386 45066 g
 6.1626754 -0.20171149 7.5854297 45070 a
 1.4141385E-4 -0.023946345 2.5672873E-4 45264 g
 6.261436 -0.3417723 7.4268136 45268 a
 0.016653279 -0.08360222 0.013573066 45468 g
 6.7372837 0.095169514 7.234679 45478 a
 0.05020911 -0.17015496 0.013306751 45663 g
 6.4966664 0.30226797 7.255628 45667 a
 0.062459648 -0.0931896 0.07162998 45864 g
 7.135918 -1.2671312 6.2021794 45868 a
 -0.3362153 -0.32168987 0.10518634 46066 g
 8.356362 -0.25438392 6.196194 46070 a
 -0.22915623 -0.35071835 -0.29268992 46263 g
 7.3645644 -0.11671733 5.7670336 46267 a
 -0.12476031 -0.046052713 -0.36060053 46460 g
 9.654019 0.32680854 5.6096144 46461 a
 -0.092802376 -0.2886667 -0.5568755 46663 g
 8.6095495 0.62608373 4.7267528 46667 a
 -0.0027875307 -0.32648358 -0.002139051 46863 g
 8.595184 0.33758244 4.841076 46867 a
 -0.024359135 -0.09958225 -0.008530637 47062 g
 8.46889 0.5231331 4.9667716 47066 a
 0.006533799 0.035438683 0.011177287 47266 g
 8.720282 0.2633622 4.6034513 47270 a
 -0.004385161 -0.073218286 0.015970977 47457 g
 8.643068 0.40701428 4.7626657 47458 a
 0.017719075 2.8495822E-4 -7.9894835E-6 47658 g
 8.651448 0.40342298 4.710592 47659 a
 0.008664329 0.019193402 -0.0048016794 47863 g
 8.506598 0.41180268 4.747103 47867 a
 0.00919696 0.0010839065 -0.006665892 48061 g
 8.561666 0.46866497 4.7764325 48066 a
 0.0036043222 0.008008125 -0.0045353635 48261 g
 8.599374 0.45310268 4.8039656 48265 a
 0.0052027516 5.491438E-4 -0.0063985107 48464 g
 8.524555 0.47764325 4.817134 48467 a
 0.003604855 0.0042775692 -0.006132195 48660 g
 8.562862 0.47285482 4.807557 48665 a
 0.0025395905 8.1545993E-4 -0.0029364014 48860 g
 8.540716 0.46208093 4.8374844 48864 a
 0.0036056538 0.0042733084 -0.0026679547 49063 g
 8.522759 0.4758476 4.7746367 49067 a
 9.424927E-4 0.003740676 -0.003466903 49260 g
 8.498817 0.42916065 4.799177 49264 a
 -0.0043838294 0.0074691013 0.003989948 49460 g
 8.488642 0.37948096 4.763264 49464 a
 -0.0054480284 0.01705222 0.013579192 49668 g
 8.580819 0.3842694 4.9218802 49676 a
 -0.006513293 0.010394318 -0.0018671423 49856 g
 8.786121 0.8062474 4.83928 49857 a
 0.009199358 0.053537525 -0.057260893 50059 g
 8.148665 0.51235914 4.3275194 50064 a
 -0.08374523 -0.040204678 -0.14301495 50262 g
 8.95611 0.49559975 5.100847 50266 a
 -0.05498309 -0.104120545 -0.05592958 50459 g
 8.254609 1.0097545 4.4274774 50463 a
 -0.0816147 -0.08041841 -0.058326423 50659 g
 6.651691 0.28431144 3.5865142 50663 a
 -0.1577803 -0.45992205 -0.20932633 50861 g
 8.703522 0.08379706 3.6218286 50865 a
 -0.10291919 -0.31584504 -0.075901955 51058 g
 9.223662 1.3293805 3.1064768 51063 a
 0.051544152 0.08975439 0.12809618 51259 g
 8.820239 0.9487024 3.5152867 51264 a
 -0.04273175 0.0519375 -0.019975573 51458 g
 8.801684 1.1150994 3.4129345 51462 a
 0.007601993 0.08283017 -0.047672447 51657 g
 8.768764 1.0929531 4.289212 51661 a
 -0.07309179 0.21705349 -0.047139816 51857 g
 8.391078 0.9091981 4.3167458 51861 a
 -3.869573E-4 0.09827437 0.009320265 52060 g
 9.169194 1.1127052 3.7205894 52064 a
 0.03956046 -0.1509975 -0.03675242 52257 g
 8.968081 0.943914 4.156334 52261 a
 -0.00704486 -0.06098266 -0.04021453 52466 g
 9.427169 1.158195 3.3973722 52470 a
 0.029174663 -0.04367451 0.004261324 52655 g
 8.698134 1.2282255 4.211401 52656 a
 -0.011305385 0.19547735 0.0061255367 52857 g
 8.654441 1.0049661 4.5136685 52861 a
 0.006537794 0.15233414 0.028229773 53057 g
 8.87351 1.377863 4.4765587 53061 a
 0.034234405 -0.017307883 -0.003995008 53259 g
 9.059659 1.0384849 3.9498343 53264 a
 0.006537528 -0.0095847165 0.033555564 53456 g
 7.960122 0.91458505 4.180875 53460 a
 -0.017164607 0.109991215 -0.0050602723 53656 g
 8.397662 0.74758947 4.619612 53660 a
 -0.009973538 0.0031960595 -0.01997291 53858 g
 9.3182335 1.1587936 4.908712 53863 a
 -0.022490395 -0.14114727 -0.019173961 54055 g
 8.146272 0.89423436 2.3373394 54059 a
 -0.12528841 -0.4556666 0.059921924 54255 g
 10.976217 0.47884035 1.2773066 54259 a
 -0.11330392 -1.7816556 -0.121438816 54458 g
 9.029732 0.8218097 -1.1456255 54462 a
 0.22305332 -0.37284335 0.15606257 54655 g
 9.457695 0.45669398 -0.5141548 54659 a
 0.040094156 0.15606044 0.16991101 54855 g
 9.912594 0.27832595 0.866701 54859 a
 -0.05471411 0.45300183 0.21598423 55057 g
 9.689334 -0.59735334 0.26515785 55062 a
 0.101347126 -0.10333251 0.28469378 55255 g
 9.874287 -0.32561144 0.079008654 55258 a
 -0.117298394 -0.060189303 -0.12729724 55454 g
 9.953894 -0.22385786 0.24001873 55458 a
 -0.13008131 0.028226579 -0.11584511 55657 g
 9.745 -0.16639702 0.61112 55669 a
 -0.05631174 0.09933298 -0.011715512 55853 g
 9.768343 -0.074818805 0.7152678 55857 a
 -0.004646417 0.09027823 -0.0330208 56054 g
 9.854534 -0.065242 0.7230489 56058 a
 -0.008907475 0.031688686 -0.005057609 56254 g
 9.824607 -0.076015905 0.7691373 56258 a
 0.01266413 0.023699204 0.010122409 56454 g
 9.815628 -0.047285482 0.7811083 56458 a
 0.002810434 0.010916031 0.0039971382 56653 g
 9.831789 -0.08559271 0.83018947 56657 a
 -0.0011848403 -5.334312E-4 0.0053276536 56856 g
 9.824607 -0.12210429 0.7505822 56860 a
 -0.002782737 -0.0039955406 0.001066596 57053 g
 9.842564 -0.073621705 0.7811083 57057 a
 -0.0022501047 0.0021297298 -0.0066565713 57253 g
 9.844358 -0.09995792 0.79607207 57257 a
 -0.0038480014 -2.6711504E-4 -0.0045260424 57453 g
 9.77792 -0.05566519 0.8026561 57457 a
 -0.0041143177 -0.0015986956 -0.0066565713 57649 g
 9.812037 -0.033518825 0.7218518 57651 a
 4.130563E-4 -0.015447133 -0.009852365 57852 g
 9.812037 -0.011372458 0.7254431 57856 a
 -0.009973005 -0.008257664 -0.011183412 58055 g
 9.8515415 -0.04129998 0.7703344 58059 a
 0.003875432 0.009851832 0.0015997608 58251 g
 9.852738 0.0017956513 0.7116765 58255 a
 0.001478587 -0.0037302896 -0.0010634002 58451 g
 9.78989 0.005985504 0.75596917 58455 a
 0.0022778017 0.006122341 0.0010676612 58653 g
 9.862315 -0.004189853 0.770933 58657 a
 0.0014788533 7.9601887E-4 -0.0031933964 58851 g
 9.81503 -0.059855044 0.82240826 58855 a
 0.0012125373 -0.0018671423 -0.0010628676 59050 g
 9.799467 -0.021547815 0.7541735 59055 a
 0.0022770027 0.0031960595 -5.3183327E-4 59253 g
 9.865308 0.0035913025 0.7332243 59257 a
 0.0022770027 -0.005592372 -0.0029286782 59450 g
 9.844358 -0.019752163 0.7649474 59454 a
 0.0020106866 0.0015981629 0.0015986956 59649 g
 9.803059 -0.020350715 0.7433996 59653 a
 4.133226E-4 0.002927613 1.8642128E-6 59853 g
 9.827001 -0.0035913025 0.7266402 59857 a
 -0.0022498386 -0.004529238 -0.0010634002 60182 g
 -0.050688744 -0.3819423 -0.22016805 5 g
 0.05865794 10.056246 1.9093759 10 a
 -0.81474966 -0.6852763 0.12098288 91 g
 0.2717419 9.059061 1.7681179 96 a
 -0.47466397 -0.5273509 -0.0065825353 293 g
 0.05805939 10.212467 2.1571758 296 a
 0.3964552 -0.1624957 -0.09180449 495 g
 0.61650693 9.743802 1.2814964 499 a
 -0.07359273 0.18930787 0.044283044 692 g
 0.29927522 11.745355 3.3638535 696 a
 -0.22725712 -0.032799758 0.16013055 892 g
 1.9865888 8.145074 3.7684734 896 a
 -0.0011544803 -0.017088173 0.08849205 1094 g
 -1.1372458 5.1642933 -0.717662 1098 a
 0.3887323 0.3363133 -0.3370811 1291 g
 -0.110133275 9.267356 0.061052144 1296 a
 0.59619254 -0.2586369 -0.1107124 1491 g
 1.7130513 9.354146 -0.3681085 1495 a
 0.57595253 -0.50497925 0.022445654 1691 g
 4.173692 11.21444 -0.60453594 1695 a
 0.39991757 -0.45677605 -0.21351042 1890 g
 0.44891283 10.439318 -2.0201077 1894 a
 -1.3303381 -0.15903465 0.7369718 2090 g
 -0.44592008 4.875193 2.3235726 2094 a
 -0.996643 1.0678804 1.0600142 2293 g
 6.238691 9.194333 7.37055 2297 a
 0.6766211 0.12405617 -0.5000655 2490 g
 -2.5258827 12.491747 0.2681506 2494 a
 0.5943294 0.031910796 -0.445737 2689 g
 0.8158242 9.144054 -0.110731825 2694 a
 0.8822182 -0.32815284 -0.20285511 2892 g
 1.429937 11.716026 0.741604 2896 a
 0.42548606 -0.3161686 -0.32722473 3089 g
 1.371279 8.058883 -0.10594343 3094 a
 -1.8267492 -0.30205387 1.1718687 3289 g
 1.0516531 4.5256395 2.8137856 3294 a
 -0.64856577 1.1483004 0.698626 3488 g
 -4.921282 15.826272 -3.2836475 3489 a
 0.68221587 -0.2168359 -0.48514912 3690 g
 0.694917 8.844181 -0.19991584 3694 a
 0.7972644 -0.50179416 -0.64733565 3888 g
 0.38965634 10.354323 -0.21428105 3893 a
 0.93788093 -0.5084571 -0.21829824 4091 g
 -1.6220716 12.61445 -0.84455466 4095 a
 -0.20514782 -0.4671781 0.2205907 4291 g
 2.223615 9.862315 1.2653356 4295 a
 -1.8640308 -0.26664206 0.9271273 4488 g
 1.6837224 11.738173 7.2304893 4493 a
 0.17595106 0.48995987 -0.022555111 4692 g
 -2.9418752 2.2463598 0.8026561 4696 a
 0.40445027 -0.17796095 -0.10404784 4888 g
 1.0001777 9.0842 -0.9139865 4892 a
 1.0880837 -0.5984741 -0.42016506 5084 g
 4.317344 11.07019 -0.5770026 5086 a
 0.7615815 -0.75720274 -0.441469 5289 g
 -3.3632548 13.572131 1.1240777 5294 a
 -1.1987714 -0.44667816 0.97000635 5487 g
 -1.2850877 3.0597897 2.5306711 5492 a
 -1.4496411 0.5930199 1.0339222 5687 g
 4.9733553 8.407838 8.465299 5693 a
 0.71098226 0.2188426 -0.59593105 5890 g
 -1.1510124 9.543886 2.15957 5894 a
 0.7101833 -0.49621615 -0.64280266 6086 g
 0.38486794 8.772355 0.3417723 6090 a
 0.95146567 -0.66799 -0.2334748 6287 g
 0.6398504 9.252991 -2.273893 6290 a
 0.16130607 -0.26904958 -0.09525648 6489 g
 0.45609543 9.405622 2.0165164 6494 a
 -2.0315409 -0.041349303 1.0791975 6686 g
 2.4863784 10.128072 6.5858502 6690 a
 -0.08876476 0.9248455 0.2698629 6886 g
 -3.469797 4.2850223 3.5930982 6890 a
 0.444933 -0.22537453 -0.35997415 7089 g
 0.3705027 9.553463 0.2633622 7093 a
 1.1685139 -0.37264735 -0.35171837 7286 g
 4.4777555 10.71106 0.3537433 7289 a
 0.8052587 -0.6349687 -0.49899116 7485 g
 -4.5316253 13.754689 3.091513 7489 a
 -1.3055625 0.14693432 1.0933131 7688 g
 -2.010531 2.4121583 2.2691047 7693 a
 -1.5271375 0.961329 0.96201926 7885 g
 2.2583308 13.022661 -0.7015011 7889 a
 0.7368157 0.0073846793 -0.40950868 8085 g
 0.5781997 8.186973 1.062427 8089 a
 1.0753034 -0.5596023 -0.6547858 8286 g
 0.58418524 10.86788 1.0217255 8290 a
 1.0148498 -0.7662636 -0.42069396 8484 g
 -0.34835634 15.541362 -3.12982 8488 a
 -0.6094122 -0.12710495 0.51833665 8684 g
 4.0001125 5.1996074 -0.37469256 8688 a
 -1.6821334 0.63668966 1.2997081 8885 g
 4.6980224 12.579734 4.5896845 8888 a
 0.59646714 0.97917217 -0.25744218 9084 g
 -3.8804023 17.237055 -2.7694929 9088 a
 0.5695692 -0.4520106 -0.3687623 9285 g
 0.85173726 9.4774475 0.6410475 9288 a
 1.0617213 -0.42218322 -0.5373404 9484 g
 0.19812019 9.999383 -1.412579 9488 a
 0.16210555 -0.38623053 -0.18234104 9684 g
 1.0079589 9.036914 2.9951463 9687 a
 -1.8256779 0.29314187 1.286126 9883 g
 1.9608512 8.838196 5.8065376 9887 a
 0.04146462 1.6047477 0.52153295 10086 g
 -4.006098 7.5016327 3.2369606 10094 a
 0.40285558 0.18821225 -0.3951271 10283 g
 0.26994625 8.7609825 -0.4417302 10287 a
 1.0159153 0.123497434 -0.26676273 10483 g
 4.5178585 10.271125 1.0582372 10487 a
 0.8542611 -0.21818507 -0.48860458 10686 g
 -1.7621324 16.045341 1.0672154 10690 a
 -1.4480417 0.826573 0.84723705 10883 g
 -1.9440918 5.3265004 1.3186066 10887 a
 -0.8837178 1.6707951 1.1881217 11082 g
 1.4730326 6.619369 8.683769 11086 a
 0.40471953 0.9735795 -0.33813596 11283 g
 -0.12808979 10.680533 -5.0332108 11287 a
 0.53361654 0.39114618 -0.16556314 11482 g
 0.5189432 8.831612 -0.17537527 11486 a
 1.2508057 0.70832866 0.1524183 11682 g
 4.51307 11.830349 -0.49320555 11687 a
 0.5922066 -0.20433769 -0.30085117 11884 g
 0.4830302 7.0569096 -2.0757728 11888 a
 -1.84139 0.8255067 1.1721432 12082 g
 0.44113165 5.051167 4.0677485 12086 a
 -0.6176675 1.492096 0.47865605 12282 g
 -1.2198458 9.733028 -1.4939818 12286 a
 0.6236311 -0.33855888 -0.36849627 12484 g
 0.7368156 9.524733 -0.908001 12488 a
 1.1437465 0.3456072 -0.2896667 12681 g
 3.7283707 10.074203 0.4213795 12685 a
 1.069178 -0.558536 -0.23214242 12880 g
 -2.2176294 16.840216 -0.4261679 12884 a
 -0.9380468 0.05159528 0.6062201 13083 g
 0.9475053 4.9919105 1.3515269 13087 a
 -1.6839982 0.29740506 0.86188364 13280 g
 1.9829975 7.047333 4.396951 13284 a
 0.600195 0.54214954 -0.2627693 13480 g
 -0.03172317 13.550583 -0.89064306 13484 a
 0.76398 -0.69941825 -0.5735594 13683 g
 1.1605892 10.784681 0.24540567 13687 a
 1.0806298 -0.6938256 -0.35464758 13880 g
 -0.62368953 9.533711 -1.6310499 13884 a
 0.015365374 -0.28955778 -0.049182992 14079 g
 1.4251486 9.814431 2.6078842 14083 a
 -2.1026468 0.36984196 1.1622887 14281 g
 2.8221653 17.331028 8.048109 14285 a
 0.33148232 0.85959727 0.16706543 14479 g
 -2.1176715 2.8778305 0.09995792 14484 a
 0.45318878 -0.22484191 -0.34852257 14679 g
 1.8297687 8.177995 -1.4891934 14684 a
 1.1426812 -1.0405681 -0.39432892 14879 g
 4.2036195 10.159795 -0.8158242 14884 a
 0.54346997 -0.62245184 -0.5232259 15079 g
 -0.18136078 7.356185 -1.0163386 15083 a
 -1.6379253 -0.112989135 1.1801319 15278 g
 -0.37349546 2.7419596 2.6210523 15282 a
 -0.8275251 1.1317713 0.90342975 15481 g
 -2.4426842 19.612701 -9.655217 15485 a
 0.7187062 -0.03096484 -0.41510132 15678 g
 1.5209166 9.105747 0.011971008 15682 a
 0.95732546 0.0638437 -0.5242909 15878 g
 2.6970682 11.779472 1.4622587 15882 a
 0.97969574 -0.522317 -0.5264217 16080 g
 -2.6803088 17.748217 -0.717662 16084 a
 -0.9971687 0.32643244 0.77719563 16277 g
 1.2892777 3.8073792 0.58418524 16281 a
 -1.6232779 0.87104887 1.1636202 16477 g
 6.233304 5.7466826 9.6767645 16481 a
 0.68142194 0.7120571 -0.2196253 16679 g
 -3.442862 14.128184 -0.17956513 16683 a
 0.8854201 -0.24508299 -0.512573 16877 g
 -0.7918822 10.626664 1.471237 16881 a
 1.0609224 -0.17610712 -0.32801595 17076 g
 1.067814 9.546281 0.53211135 17080 a
 -0.17744748 -0.18143344 -0.03986193 17276 g
 1.6136919 10.028113 1.9853917 17280 a
 -1.9505801 0.8058004 1.1724089 17476 g
 1.6747441 19.612701 8.546103 17480 a
 0.3016552 1.3086052 0.14016776 17676 g
 0.53091425 4.0318356 -6.1596823 17680 a
 0.5141754 0.2260302 -0.31470016 17876 g
 -0.50158525 9.13388 -1.1575965 17880 a
 0.99301183 0.19540384 -0.14186099 18076 g
 6.172252 10.579379 -0.2717419 18079 a
 0.696602 -0.36385998 -0.46223927 18276 g
 -0.23582886 7.7266874 0.008978256 18280 a
 -1.6800022 0.88542676 1.2395215 18478 g
 -2.457648 3.6284127 3.9456444 18482 a
 -0.76494 2.1749294 1.1497729 18675 g
 -1.0420763 19.612701 -7.825448 18679 a
 0.7482681 -0.1207155 -0.31123725 18876 g
 1.3180081 8.127118 0.6452374 18879 a
 0.8987359 0.6942139 -0.49419722 19074 g
 0.55964464 12.119449 0.93373865 19076 a
 1.0870214 0.052658416 -0.25664324 19275 g
 0.6907272 13.940838 -2.5761611 19278 a
 -0.4882384 0.059848953 0.28504372 19475 g
 3.9234982 9.368511 -0.078410104 19479 a
 -1.640321 0.93496156 1.3977132 19677 g
 3.1124623 19.612701 9.26556 19681 a
 0.41164455 1.065989 0.0030157636 19874 g
 -2.0242975 4.7949877 -3.0538042 19878 a
 0.64706796 0.061711036 -0.30324775 20075 g
 0.24959552 8.273164 -0.6380547 20079 a
 0.9783644 -0.5164591 -0.35731074 20279 g
 3.743933 10.95467 0.0676362 20284 a
 0.58368397 -0.34069046 -0.4396024 20473 g
 1.103727 5.8747725 -0.74878657 20477 a
 -1.966559 0.5538653 1.4847978 20673 g
 1.0929531 4.03004 3.293823 20677 a
 -0.52711976 1.604214 0.82326937 20875 g
 -0.7020996 18.32043 -4.793192 20879 a
 0.55412364 -0.19634928 -0.64999133 21073 g
 -0.31663316 10.163386 1.7250223 21077 a
 1.1253717 0.8010045 -0.48194587 21273 g
 0.86490536 11.19409 1.240795 21277 a
 0.9906158 -0.27704304 -0.33573833 21474 g
 -0.96426475 15.089457 -2.0727801 21478 a
 -0.935116 0.47583258 0.37825516 21673 g
 2.4133554 6.932411 0.18016368 21677 a
 -1.4315293 1.3378978 1.6405935 21872 g
 3.8827965 19.612701 9.033921 21876 a
 0.7506652 1.2939546 -0.046252184 22075 g
 -0.5009867 3.1872811 -2.3894134 22079 a
 0.4031227 0.19353645 -0.0012447615 22272 g
 1.7986441 8.975264 -0.5770026 22276 a
 0.88062745 -0.2967515 -0.4915327 22472 g
 1.6627731 12.847286 -0.59615624 22476 a
 0.40285638 -0.18676296 -0.12774491 22672 g
 2.1003134 10.490194 -0.7386112 22676 a
 -1.2741362 0.42230198 0.65362656 22871 g
 -2.1493945 11.410167 4.50888 22875 a
 -0.32525185 2.501432 0.6245981 23071 g
 1.4676456 15.127165 1.839944 23075 a
 0.2412025 1.8811816 0.59477067 23267 g
 0.17717093 9.175778 1.7741034 23269 a
 0.30485204 0.87503934 0.34390092 23466 g
 0.76195467 9.797672 1.4945804 23467 a
 0.17994979 0.3416082 0.064269 23666 g
 0.27234045 9.664195 2.1859062 23667 a
 0.10085444 0.05531625 -0.090726174 23873 g
 0.5979519 9.605537 2.0919337 23877 a
 -0.017922541 -0.012061723 6.2025024E-4 24070 g
 0.61890113 9.715072 1.9033904 24074 a
 0.029748041 -0.04029123 0.031779233 24269 g
 1.0977415 9.743802 2.2218192 24274 a
 -0.05147784 0.11496893 -0.028407406 24472 g
 0.75357497 9.452309 2.1242554 24476 a
 -0.10740422 0.55332524 -0.11948752 24669 g
 0.7344214 9.76535 1.9692309 24673 a
 -0.035232555 0.80153185 0.04562847 24869 g
 0.5734113 9.725247 1.5077485 24873 a
 0.13281398 0.8156434 0.044564273 25072 g
 0.39983168 8.693346 4.3317094 25076 a
 -0.35347924 0.72988963 0.09809381 25269 g
 0.21428105 10.41358 1.3311762 25273 a
 -0.32578236 1.1996713 1.4166249 25468 g
 0.75596917 7.2951326 3.1866825 25472 a
 0.690747 1.9685229 0.853101 25671 g
 -1.9087774 19.124285 -2.5498247 25675 a
 0.41164774 0.82709205 -0.20976655 25868 g
 0.11312603 8.925584 0.13347675 25872 a
 0.665447 1.5826309 -0.1477149 26068 g
 -0.31902736 11.719617 0.18076223 26072 a
 0.9525365 0.39592418 -0.04331818 26270 g
 0.23822308 9.317635 -2.4103625 26275 a
 -0.26399544 -0.4056873 -0.027605528 26467 g
 2.2391772 10.797251 -0.6488287 26472 a
 -1.8584299 -0.34443462 0.83659023 26667 g
 2.308609 10.326791 5.019444 26671 a
 0.29047444 0.6281529 0.17133233 26870 g
 -3.1705215 2.790442 2.9418752 26874 a
 0.5408116 -0.44536734 -0.18925968 27067 g
 1.5945383 9.840169 -0.8499416 27071 a
 0.8832941 -0.8973058 -0.4012473 27263 g
 3.2435448 10.945692 1.0606314 27266 a
 0.7690453 -0.4911769 -0.38500094 27465 g
 -4.2676644 14.36102 0.25737667 27467 a
 -1.2861161 -0.4198042 0.9383238 27667 g
 -1.5173253 1.8842367 3.141791 27670 a
 -1.9921201 0.13999225 0.5146149 27865 g
 -0.034715924 4.938041 7.1844006 27870 a
 0.88063174 -0.33964306 -0.40524098 28067 g
 0.002992752 13.100473 1.6364368 28071 a
 1.0598625 -1.2938536 -0.7690288 28263 g
 0.89064306 9.970653 0.92296475 28264 a
 0.9757066 -1.0448481 -0.17088279 28466 g
 -1.050456 12.115858 0.62368953 28470 a
 -0.23123801 -0.38917786 0.16574076 28666 g
 3.0573955 9.943718 1.3198037 28670 a
 -2.1889277 -0.08158274 0.9998428 28866 g
 2.203264 17.68956 8.132504 28870 a
 0.2816868 0.64972126 -0.12507643 29065 g
 -1.6358383 3.105878 -0.22445641 29069 a
 0.6260343 -0.55909073 -0.38553226 29267 g
 1.4371196 9.109339 -1.7447745 29271 a
 1.0694506 -1.6025172 -0.23053627 29464 g
 4.1940427 10.716447 -0.64823014 29468 a
 0.594609 -0.7974436 -0.482205 29663 g
 -2.9652188 8.978256 2.0494366 29668 a
 -1.5676117 -0.78599095 1.2877313 29863 g
 -1.3042414 0.6871359 4.8404775 29864 a
 -1.4150126 0.47927684 0.5313936 30064 g
 -4.8548427 19.612701 -9.099762 30068 a
 0.9128565 -0.87414163 -0.4158928 30264 g
 2.082357 9.762956 -0.29209262 30267 a
 1.1144589 -0.9732144 -0.74452555 30466 g
 2.7563248 10.981605 0.5847838 30470 a
 0.88755757 -0.99265546 -0.4065704 30664 g
 -3.9953241 18.208502 -0.46627077 30668 a
 -0.79209816 -0.48798645 0.75536674 30863 g
 1.7058687 5.7383027 0.24779987 30867 a
 -2.1891913 -0.44617882 0.51994467 31066 g
 2.903568 13.354857 9.306262 31070 a
 0.67370677 0.21827987 -0.1570309 31263 g
 1.9656396 9.372103 -3.968988 31267 a
 0.7056647 -0.8030424 -0.46595758 31463 g
 0.3357868 9.993398 -0.27712885 31467 a
 0.9602632 -0.8848025 -0.12667033 31665 g
 1.7585411 9.0716305 -3.8373067 31669 a
 0.26890656 -0.48905677 -0.23639256 31862 g
 1.1300632 8.288128 1.4520833 31866 a
 -2.347649 0.15409662 1.1114333 32063 g
 2.2918496 17.990032 10.708666 32067 a
 0.08355055 0.6704835 0.14657 32263 g
 -1.1378443 3.8115692 1.3533225 32266 a
 0.40659198 0.017210146 -0.14398088 32462 g
 1.3545196 8.409035 -0.34117374 32466 a
 1.179175 -0.732736 -0.5375961 32662 g
 3.70802 11.567586 -0.3800795 32666 a
 0.58049697 -0.44990936 -0.46595678 32864 g
 0.86370826 5.825093 -3.9312792 32868 a
 -1.7726722 0.10642498 1.3583086 33062 g
 0.7068881 7.523779 6.1369376 33066 a
 -0.19102082 1.5384067 0.5439139 33262 g
 -6.6762314 3.6583402 3.9031472 33266 a
 0.33229032 0.39058426 -0.43453148 33462 g
 -1.3084313 9.239823 0.09876082 33466 a
 1.0601323 -0.32873553 -0.3405219 33661 g
 5.118803 11.321581 -0.35434186 33665 a
 1.0558712 -0.40330404 -0.52428 33860 g
 -1.7058687 8.823232 1.821389 33864 a
 -1.5510967 0.17886083 1.2214229 34063 g
 -1.0384849 2.8299465 3.0771477 34067 a
 -0.9340422 0.8811364 0.56841576 34260 g
 -3.5847185 19.612701 -7.2861543 34264 a
 0.44520888 0.010016415 -0.34318426 34460 g
 0.4405331 8.449138 0.094570965 34464 a
 1.0191201 -0.2845292 -0.6427899 34663 g
 1.8674773 11.884218 0.3597288 34667 a
 1.1919593 -0.48000523 -0.32507476 34857 g
 -1.9740193 17.820044 0.90859956 34859 a
 -1.0352423 -0.11435321 0.8262098 35059 g
 1.06123 3.4099417 1.0073603 35064 a
 -1.5630811 0.13385446 0.968156 35262 g
 6.3619924 6.853402 7.2765775 35266 a
 0.5895519 0.39138216 -0.47261414 35458 g
 1.1372458 7.8787193 1.4921862 35463 a
 0.6816973 -0.42407778 -0.57567847 35658 g
 2.135628 10.59135 0.6362591 35663 a
 1.2761148 -0.5503116 -0.40496987 35859 g
 1.0259154 13.755287 -0.6171055 35863 a
 -0.28023645 -0.26135862 0.29091412 36058 g
 1.3988123 8.549096 0.2657564 36063 a
 -1.874671 -0.10290055 1.0131634 36258 g
 3.6086605 19.612701 6.4936733 36262 a
 0.3631838 0.46248642 -0.19963934 36460 g
 -2.493561 4.703409 -0.58777654 36464 a
 0.3714396 -0.20596701 0.15030003 36657 g
 1.067814 8.364742 -0.38606504 36662 a
 0.8974139 -1.1311492 -0.7559737 36858 g
 2.3582888 10.796653 0.87208796 36862 a
 0.5868891 -0.37161458 -0.4329328 37060 g
 0.5315128 9.062652 -1.429937 37065 a
 -1.5937072 -0.70664024 1.1559091 37258 g
 -0.3728969 1.7675194 3.3848026 37262 a
 -1.1518888 0.3801958 0.43445876 37458 g
 -3.165733 19.19252 -9.505579 37463 a
 0.77730507 -0.5718843 -0.47261387 37657 g
 1.365892 8.470087 -1.2880806 37662 a
 0.66412073 -0.8224877 -0.476076 37856 g
 1.2066777 10.95048 1.055843 37861 a
 1.0484148 -0.7708224 -0.3967138 38057 g
 -1.1587936 13.667899 -0.8050503 38062 a
 -0.51379436 -0.71117187 0.4893215 38259 g
 2.7138276 6.9545574 0.55006784 38263 a
 -2.2831986 -0.5367348 0.8997146 38456 g
 5.7736173 17.562069 5.6784477 38460 a
 0.6638555 -0.10450377 -0.5554366 38656 g
 -1.2216414 5.910087 -4.289212 38659 a
 0.70832896 -0.14657639 -0.37168035 38854 g
 1.5879543 8.531737 -0.8643068 38856 a
 0.9948851 -1.0941291 -0.32400978 39056 g
 1.0223241 11.353305 0.64942724 39059 a
 0.44760546 -0.62701064 -0.25902864 39255 g
 0.53450555 7.055114 -2.4971523 39259 a
 -2.148443 -0.42701152 1.1111693 39458 g
 1.8148049 7.252037 5.2504845 39462 a
 -0.4802388 0.7863247 0.25602832 39655 g
 -5.7400985 5.2498856 3.816956 39658 a
 0.46118864 0.18951027 -0.38366297 39856 g
 -0.3561375 9.372701 1.0115502 39859 a
 1.0502794 -0.4605652 -0.18286143 40058 g
 3.7989995 11.30123 -0.17717093 40062 a
 0.94614977 -0.33033663 -0.53226817 40254 g
 -1.2665327 9.904813 2.3080103 40258 a
 -1.5492321 0.18658292 1.0448558 40454 g
 -0.87687635 2.9412768 2.6868927 40462 a
 -1.2445663 0.79324996 0.6110272 40659 g
 -1.6950948 18.992603 -9.898827 40663 a
 0.63722336 0.10668703 -0.28272972 40854 g
 1.5945383 6.8085113 0.5674258 40858 a
 0.874511 -0.09518058 -0.6209512 41054 g
 1.638831 12.0805435 0.7128736 41058 a
 1.4015505 -0.4925242 -0.20523171 41254 g
 -0.01436521 13.728353 -4.0863037 41258 a
 -0.7436257 -0.026737338 0.45709646 41453 g
 2.5486276 5.197213 0.6027403 41457 a
 -2.0621567 0.3921779 0.98360336 41653 g
 2.9735985 12.628816 9.718663 41657 a
 0.5655843 0.6616898 -0.21801488 41854 g
 0.04129998 11.160571 -5.997475 41858 a
 0.45905787 -0.562299 -0.15356639 42053 g
 1.5358804 8.301894 -0.40402153 42057 a
 1.2675936 -0.67628235 -0.50323945 42253 g
 2.6001031 11.816583 0.1448492 42257 a
 0.57517195 -0.51676005 -0.3245408 42455 g
 1.2940661 7.0826473 -3.1292217 42459 a
 -2.0573628 0.021997444 1.1407304 42653 g
 1.6101006 7.1191587 6.009446 42656 a
 -0.32950386 0.8020373 0.29118204 42852 g
 -1.6334441 0.23163901 2.8095956 42856 a
 0.33202615 0.12825544 -0.14903769 43054 g
 -1.192911 9.701904 0.7104794 43058 a
 1.1336377 -0.6198265 -0.4598286 43252 g
 4.830302 10.972028 -0.0023942017 43256 a
 0.9576027 -0.47708106 -0.50243914 43452 g
 0.061052144 14.769232 1.4790181 43456 a
 -1.277589 0.20362397 1.0174264 43655 g
 -0.6536171 3.3979707 1.3892355 43659 a
 -1.4078175 0.9647554 0.73486495 43852 g
 1.9476831 16.502634 -2.9388826 43855 a
 0.51152265 0.2403756 -0.47021544 44051 g
 1.2425907 7.5710645 1.6956934 44055 a
 0.8606636 -0.16229543 -0.49258545 44254 g
 0.51475334 11.046248 0.94930094 44258 a
 1.1717209 -0.19451968 -0.31042525 44451 g
 0.40222588 15.730504 -2.8880057 44455 a
 -0.55746967 0.19456816 0.4243409 44650 g
 2.5157075 6.5241995 -0.3597288 44655 a
 -1.6490991 1.0278702 1.1457915 44853 g
 -1.021127 15.069704 10.887033 44857 a
 0.5219098 1.8089753 0.034188066 45050 g
 2.7760768 9.416395 -5.0439844 45054 a
 0.37357172 0.669675 -0.050234143 45250 g
 2.9682117 8.526351 -0.8858546 45254 a
 0.9533419 1.2944525 0.14071451 45450 g
 3.6709096 11.501745 0.6751649 45460 a
 0.6667858 0.6750013 -0.4265388 45648 g
 3.354875 8.281544 0.25498247 45652 a
 -1.610217 1.1668872 1.0903977 45849 g
 1.3706805 6.475717 2.0326772 45853 a
 0.047334757 2.4273605 0.8600346 46052 g
 -2.1039047 19.612701 1.0684125 46056 a
 0.6694492 1.0457126 0.25256753 46248 g
 1.4993688 10.308834 -1.1659763 46253 a
 0.50566477 1.3985814 -0.20283301 46449 g
 -0.49919105 9.384073 -0.15023616 46453 a
 0.8617289 0.8933816 -0.033190176 46648 g
 1.2372037 9.520543 0.6751649 46649 a
 -0.330302 0.5463717 0.004893026 46848 g
 2.179322 8.570643 -0.022744916 46853 a
 -1.3870443 0.7317277 1.123687 47048 g
 6.955156 13.494918 4.6603136 47052 a
 0.3930128 1.0385228 -0.09444261 47250 g
 1.2569559 6.259042 -7.5483193 47255 a
 0.3267001 -0.2416587 0.05975441 47448 g
 1.9560628 7.9876556 0.4758476 47452 a
 1.0774451 0.71468246 -0.34744292 47647 g
 4.197036 10.256162 0.13467385 47652 a
 0.6268386 -0.008899219 -0.42467406 47850 g
 0.320823 8.213309 -1.0354922 47854 a
 -1.7044926 0.10428513 1.3372734 48047 g
 0.55126494 5.406706 3.289633 48051 a
 -0.4844985 1.2377264 0.68772835 48247 g
 -0.079008654 19.612701 -9.235035 48251 a
 0.7426869 0.28218108 -0.25369805 48449 g
 0.9864111 9.583391 1.7393875 48453 a
 0.6334973 0.11999458 -0.8992483 48648 g
 0.060453594 9.822811 1.1510124 48652 a
 1.0995505 -0.58334625 -0.26514965 48846 g
 0.32920274 13.351864 -3.264494 48850 a
 -0.8616018 -0.050711915 0.11168685 49048 g
 2.4863784 8.446145 -0.95588505 49052 a
 -1.2975613 0.9418482 1.2909346 49246 g
 0.49200845 10.296265 2.6928782 49250 a
 0.68596107 2.8225725 0.4879915 49446 g
 -2.1092918 10.354323 -0.035913024 49449 a
 0.63562787 2.02522 0.6371293 49649 g
 0.6087258 9.175778 -1.4311341 49653 a
 0.5546678 2.1906023 -0.078195736 49845 g
 0.86251116 11.914146 0.41000703 49849 a
 0.8481481 1.4475803 -0.18126006 50046 g
 0.007182605 8.879496 -0.9331401 50050 a
 -0.72151905 1.4254762 -0.01561145 50246 g
 2.8921957 10.231023 0.30166942 50250 a
 -1.2395039 1.5338668 1.2778859 50446 g
 2.6611552 9.100959 6.6588736 50450 a
 0.3541317 1.618289 0.44618067 50645 g
 -1.3485341 2.0093338 -2.3157916 50649 a
 0.6300363 0.23024626 0.070409715 50848 g
 1.7423803 8.993818 -1.1324574 50852 a
 0.82231647 -0.24725853 -0.3330592 51045 g
 3.1914709 11.049839 0.7751228 51048 a
 0.83323544 -0.2800154 -0.39564347 51244 g
 -1.8770541 13.582306 1.2294226 51248 a
 -1.2285849 -0.037664555 0.84805167 51447 g
 -0.83737206 4.699818 2.0428526 51452 a
 -1.2280523 0.77566487 0.7899948 51644 g
 6.0651116 8.583213 7.5171947 51649 a
 0.70487005 0.30029058 -0.3303971 51844 g
 -1.9955671 15.759234 -1.6645688 51848 a
 0.2963422 -0.31703335 -0.17193794 52046 g
 1.7411832 8.104373 -0.29209262 52050 a
 1.0609357 -0.59666526 -0.34211394 52244 g
 2.1691468 9.677961 0.16101007 52248 a
 0.60793203 -0.3244902 -0.34451076 52443 g
 4.9338512 7.8823104 -0.7386112 52447 a
 -1.7332531 -0.20358162 1.1404675 52645 g
 1.0749966 5.8262897 3.5164838 52649 a
 -0.6083339 1.8614335 0.9356705 52843 g
 7.667431 8.225879 2.5701754 52847 a
 0.63136756 0.82413226 -0.484327 53043 g
 1.6286557 12.068572 3.9294837 53047 a
 0.54028773 1.0864525 -0.18631901 53245 g
 0.061052144 8.624513 -0.8948329 53249 a
 0.96213245 1.0550272 0.10503081 53440 g
 3.639785 10.390836 -0.29029694 53443 a
 0.4404192 0.5761909 -0.53439415 53642 g
 5.275025 7.8452005 -0.8888474 53646 a
 -1.6443033 1.2694117 1.138071 53843 g
 1.1587936 8.472482 2.2451627 53847 a
 0.18022837 2.7543902 0.96336764 54042 g
 2.8203697 18.5401 1.6867151 54046 a
 0.59701306 1.3461107 0.13645612 54241 g
 0.18315643 8.877101 0.9696517 54245 a
 0.5842304 1.6861943 0.0387189 54444 g
 0.074818805 8.937555 -0.83258367 54448 a
 0.74481905 1.0547588 -0.08245493 54641 g
 3.0142999 9.20391 -2.5480292 54645 a
 0.23881844 0.3191937 -0.12719603 54841 g
 4.2634745 9.947908 1.0163386 54845 a
 -1.6842499 0.15753876 0.99479425 55040 g
 1.8231846 7.4968443 2.7700913 55041 a
 0.18688706 1.1343862 0.46615678 55240 g
 -7.674015 14.546571 4.0773253 55244 a
 0.69049084 -0.031013044 -0.37859792 55442 g
 1.6376339 10.678739 1.0714053 55446 a
 0.49261823 -0.09919103 -0.6065642 55642 g
 -1.1468226 8.565855 -1.0115502 55646 a
 0.027630296 -1.114388 -0.26168486 55839 g
 -4.1814733 10.262147 3.9067385 55844 a
 -0.62111574 -2.8896513 -0.062214106 56040 g
 -2.7036524 7.259818 1.8590976 56044 a
 -0.29940534 -2.9639544 -0.7823323 56242 g
 1.6466122 11.7064495 1.8531121 56246 a
 1.348026 -3.5719543 -0.659028 56439 g
 -0.0664391 10.29806 0.3238158 56443 a
 0.33149752 -1.9229248 0.15430142 56639 g
 1.1288661 8.661025 -0.12689269 56643 a
 0.41272393 -0.70878965 0.34658164 56839 g
 1.4957775 11.922526 -1.210269 56844 a
 0.17969732 -0.4480662 0.052302353 57039 g
 3.1800983 8.118738 1.7848774 57043 a
 -2.2320614 -0.5055905 1.0890709 57238 g
 2.223615 6.651691 3.4769795 57242 a
 -0.2879543 0.87286276 0.14977351 57440 g
 -2.2613235 10.067019 -0.020949265 57446 a
 0.87451553 -0.33967447 -0.14796789 57638 g
 0.9056068 9.431359 -0.5434838 57643 a
 0.73256904 -0.120230004 -0.22013956 57838 g
 2.7144263 10.174759 0.35673606 57843 a
 0.6817032 -0.84674144 -0.22812851 58041 g
 -3.41473 12.795213 1.2946646 58045 a
 -0.91752505 -0.41024932 0.49278918 58235 g
 0.58657944 6.120178 1.9422961 58236 a
 -2.023802 -0.816914 0.09464661 58437 g
 8.021772 10.919954 4.1940427 58441 a
 0.8497492 -1.3474176 -0.70190406 58640 g
 -0.272939 13.231556 -5.015254 58644 a
 0.2151179 -0.6193093 -0.043570645 58834 g
 3.0310593 10.049063 -1.5221137 58836 a
 0.6353647 -2.3735335 -0.22786139 59036 g
 3.1160536 10.891822 -1.1474211 59040 a
 0.30513275 -1.9221277 -0.19217503 59237 g
 -0.076015905 13.575124 0.006584055 59241 a
 -1.9212699 -2.6238706 0.7159629 59437 g
 1.4431051 3.5936968 2.3654714 59441 a
 -1.233908 -1.4115998 -0.083518066 59636 g
 -1.1593921 14.956578 0.6607997 59640 a
 1.019926 -1.7447643 -0.6102902 59839 g
 1.240795 9.9233675 2.5623944 59843 a
 0.45959687 -0.5103892 -0.41641214 60225 g
