 3.3289514E-5 2.910835E-4 1.9973709E-4 6 g
 -0.30765492 0.3716998 9.713875 20 a
 -2.330266E-4 5.573996E-4 -6.657903E-5 105 g
 -0.30406362 0.3878607 9.69951 109 a
 3.3289514E-5 2.4767398E-5 1.9973709E-4 306 g
 -0.260968 0.37948096 9.396643 311 a
 -2.330266E-4 2.4767398E-5 1.9973709E-4 505 g
 -0.3333926 0.4201824 9.762358 509 a
 -2.330266E-4 -2.4154871E-4 4.660532E-4 705 g
 -0.30825347 0.43275195 10.052056 709 a
 -2.330266E-4 2.910835E-4 4.660532E-4 905 g
 -0.31004912 0.38486794 9.750985 909 a
 -2.330266E-4 2.910835E-4 1.9973709E-4 1104 g
 -0.30346507 0.40102878 9.735423 1108 a
 3.3289514E-5 2.4767398E-5 4.660532E-4 1303 g
 -0.2885013 0.39324763 9.667787 1308 a
 -2.330266E-4 2.4767398E-5 1.9973709E-4 1505 g
 -0.29448682 0.3728969 9.696517 1509 a
 3.3289514E-5 -2.4154871E-4 -6.657903E-5 1703 g
 -0.30705637 0.38845924 9.739014 1708 a
 2.9960563E-4 2.4767398E-5 -6.657903E-5 1903 g
 -0.3226187 0.41599256 9.811439 1907 a
 -2.330266E-4 5.573996E-4 -6.657903E-5 2104 g
 -0.31124622 0.40043023 9.745598 2108 a
 3.3289514E-5 -2.4154871E-4 -6.657903E-5 2303 g
 -0.30885202 0.3752911 9.695918 2308 a
 -2.330266E-4 2.910835E-4 1.9973709E-4 2503 g
 -0.29149407 0.37229836 9.651027 2507 a
 -7.656588E-4 2.910835E-4 4.660532E-4 2702 g
 -0.31483752 0.4237737 9.726444 2707 a
 -0.0010319749 2.4767398E-5 4.660532E-4 2902 g
 -0.27712885 0.41240123 9.753379 2907 a
 -2.330266E-4 -2.4154871E-4 1.9973709E-4 3102 g
 -0.29747957 0.40462008 9.741408 3107 a
 -7.656588E-4 2.4767398E-5 1.9973709E-4 3302 g
 -0.32441434 0.40521863 9.731832 3307 a
 -7.656588E-4 2.910835E-4 1.9973709E-4 3501 g
 -0.31663316 0.3824737 9.713276 3506 a
 3.3289514E-5 -2.4154871E-4 1.9973709E-4 3701 g
 -0.30406362 0.3728969 9.688736 3706 a
 -7.656588E-4 2.4767398E-5 1.9973709E-4 3898 g
 -0.29807812 0.40402153 9.742006 3900 a
 -2.330266E-4 2.910835E-4 1.9973709E-4 4101 g
 -0.31423897 0.40701428 9.743802 4106 a
 3.3289514E-5 -2.4154871E-4 -6.657903E-5 4301 g
 -0.30585927 0.40880993 9.74859 4306 a
 2.9960563E-4 -2.4154871E-4 -6.657903E-5 4501 g
 -0.30526072 0.37828386 9.688137 4506 a
 2.9960563E-4 2.910835E-4 4.660532E-4 4700 g
 -0.31304187 0.39863458 9.69113 4704 a
 2.9960563E-4 -5.078648E-4 1.9973709E-4 4899 g
 -0.31304187 0.38486794 9.719262 4903 a
 2.9960563E-4 -5.078648E-4 -3.3289514E-4 5101 g
 -0.29568392 0.3788824 9.728839 5113 a
 3.3289514E-5 2.4767398E-5 -6.657903E-5 5300 g
 -0.30945057 0.40462008 9.719262 5303 a
 3.3289514E-5 2.4767398E-5 -6.657903E-5 5500 g
 -0.29927522 0.39564183 9.731233 5504 a
 3.3289514E-5 2.4767398E-5 -6.657903E-5 5700 g
 -0.31902736 0.3764882 9.7240505 5704 a
 -2.330266E-4 -2.4154871E-4 -6.657903E-5 5899 g
 -0.30885202 0.39324763 9.735423 5903 a
 3.3289514E-5 -2.4154871E-4 4.660532E-4 6099 g
 -0.29987377 0.38187516 9.702502 6103 a
 3.006709E-4 2.8708877E-4 2.0160129E-4 6302 g
 -0.29269117 0.3866636 9.709685 6306 a
 3.006709E-4 2.0772657E-5 -3.3103093E-4 6499 g
 -0.29987377 0.41060558 9.746795 6503 a
 -2.3196133E-4 2.8708877E-4 -6.471481E-5 6699 g
 -0.30945057 0.39983168 9.751583 6702 a
 -2.3222764E-4 2.1837921E-5 2.0106866E-4 6902 g
 -0.3250129 0.39743748 9.73662 6906 a
 3.408846E-5 2.1837921E-5 2.0106866E-4 7098 g
 -0.29807812 0.3890578 9.667787 7102 a
 3.0040456E-4 2.1837921E-5 -3.3156355E-4 7299 g
 -0.26994625 0.39863458 9.687539 7303 a
 -2.3249396E-4 2.2903185E-5 2.0053603E-4 7501 g
 -0.29149407 0.40462008 9.69951 7506 a
 3.0013826E-4 -2.4341293E-4 2.0053603E-4 7699 g
 -0.30885202 0.39504328 9.734824 7702 a
 3.3822147E-5 2.2903185E-5 2.0053603E-4 7898 g
 -0.32920274 0.42078096 9.751583 7902 a
 3.355583E-5 2.9001824E-4 2.000034E-4 8101 g
 -0.31783026 0.38965634 9.697714 8105 a
 5.661881E-4 -2.4261397E-4 2.000034E-4 8297 g
 -0.27593175 0.40222588 9.691729 8301 a
 -2.3276027E-4 2.3702134E-5 4.663195E-4 8497 g
 -0.28431144 0.38067806 9.704897 8501 a
 -2.3249396E-4 -2.4341293E-4 2.0053603E-4 8700 g
 -0.30945057 0.39683893 9.737817 8704 a
 -4.988101E-4 2.892193E-4 -6.578008E-5 8900 g
 -0.29149407 0.40521863 9.75697 8908 a
 -2.3249396E-4 2.2903185E-5 -6.578008E-5 9094 g
 -0.31663316 0.39145198 9.726444 9098 a
 2.9960563E-4 -2.4154871E-4 4.660532E-4 9300 g
 -0.31004912 0.41958386 9.683349 9303 a
 3.3289514E-5 2.4767398E-5 -6.657903E-5 9497 g
 -0.29448682 0.3716998 9.720459 9500 a
 3.3289514E-5 2.4767398E-5 -6.657903E-5 9696 g
 -0.29448682 0.4141969 9.723452 9700 a
 3.3023196E-5 -2.4048344E-4 1.9920444E-4 9899 g
 -0.3184288 0.41299978 9.722853 9902 a
 -2.3329291E-4 2.5832662E-5 -6.711166E-5 10096 g
 -0.32680854 0.39025488 9.743204 10099 a
 3.3023196E-5 2.5832662E-5 -6.711166E-5 10296 g
 -0.32142156 0.40402153 9.722255 10308 a
 -4.9960904E-4 -2.4048344E-4 1.9920444E-4 10496 g
 -0.29867667 0.39743748 9.713276 10500 a
 3.3023196E-5 -5.0679955E-4 -6.711166E-5 10695 g
 -0.30406362 0.40282443 9.662998 10699 a
 2.993393E-4 -2.4048344E-4 -6.711166E-5 10895 g
 -0.30585927 0.362123 9.706693 10899 a
 2.9854037E-4 -2.3835292E-4 -6.817692E-5 11097 g
 -0.28491 0.38367084 9.762358 11101 a
 3.222425E-5 2.7963191E-5 -6.817692E-5 11294 g
 -0.32321724 0.4141969 9.7402115 11298 a
 3.222425E-5 -5.0466903E-4 1.9813918E-4 11494 g
 -0.2908955 0.39085343 9.742006 11498 a
 -4.9987534E-4 2.9321402E-4 1.9867181E-4 11697 g
 -0.29388827 0.38965634 9.683349 11701 a
 -2.3355923E-4 2.6897927E-5 -6.7644294E-5 11893 g
 -0.3250129 0.415394 9.753379 11898 a
 -2.3355923E-4 2.9321402E-4 1.9867181E-4 12093 g
 -0.29568392 0.39803603 9.673772 12097 a
 -2.3462449E-4 -2.3622239E-4 1.9734024E-4 12296 g
 -0.3184288 0.40462008 9.736021 12300 a
 -5.009406E-4 -2.3622239E-4 -6.8975874E-5 12493 g
 -0.3226187 0.42437226 9.753978 12497 a
 -4.5779737E-4 -1.9973709E-4 1.2463593E-4 12693 g
 -0.33159694 0.40880993 9.731832 12697 a
 7.4834825E-5 5.9921126E-4 1.2463593E-4 12895 g
 -0.30945057 0.39205053 9.701904 12898 a
 -1.9148127E-4 3.3289514E-4 1.2463593E-4 13095 g
 -0.28072014 0.39205053 9.693524 13099 a
 -1.9148127E-4 -1.9973709E-4 1.2463593E-4 13292 g
 -0.30945057 0.39683893 9.68694 13296 a
 -7.241135E-4 6.657903E-5 1.2463593E-4 13493 g
 -0.30166942 0.40462008 9.7563715 13497 a
 -1.9148127E-4 -1.9973709E-4 1.2463593E-4 13692 g
 -0.31064767 0.40521863 9.715072 13696 a
 -7.241135E-4 3.3289514E-4 1.2463593E-4 13893 g
 -0.320823 0.40521863 9.72824 13898 a
 3.4115094E-4 -1.9973709E-4 1.2463593E-4 14092 g
 -0.29628247 0.36990416 9.701305 14096 a
 7.4834825E-5 3.3289514E-4 1.2463593E-4 14291 g
 -0.30765492 0.36631286 9.67018 14295 a
 -1.9148127E-4 3.3289514E-4 -1.4168017E-4 14491 g
 -0.29448682 0.37708676 9.738416 14495 a
 -1.9148127E-4 5.9921126E-4 -4.0799627E-4 14692 g
 -0.3250129 0.40342298 9.779716 14696 a
 7.4834825E-5 6.657903E-5 -1.4168017E-4 14891 g
 -0.320823 0.38486794 9.768942 14897 a
 -1.9148127E-4 -1.9973709E-4 -1.4168017E-4 15091 g
 -0.30825347 0.3854665 9.689933 15096 a
 7.4834825E-5 3.3289514E-4 1.2463593E-4 15290 g
 -0.31124622 0.37110126 9.712079 15294 a
 3.4115094E-4 -1.9973709E-4 -1.4168017E-4 15490 g
 -0.30945057 0.3597288 9.702502 15494 a
 7.4834825E-5 -1.9973709E-4 -1.4168017E-4 15690 g
 -0.2896984 0.3800795 9.7479925 15694 a
 7.4834825E-5 -1.9973709E-4 -1.4168017E-4 15890 g
 -0.32621 0.40581718 9.782109 15896 a
 7.4834825E-5 -4.660532E-4 -1.4168017E-4 16090 g
 -0.30406362 0.41180268 9.73662 16094 a
 7.4834825E-5 6.657903E-5 1.2463593E-4 16289 g
 -0.3286042 0.39923313 9.698911 16293 a
 3.4115094E-4 -1.9973709E-4 1.2463593E-4 16489 g
 -0.31124622 0.3878607 9.668385 16493 a
 7.4834825E-5 -1.9973709E-4 3.9095205E-4 16689 g
 -0.29269117 0.36631286 9.733627 16693 a
 -4.5779737E-4 3.3289514E-4 1.2463593E-4 16889 g
 -0.29628247 0.415394 9.737817 16893 a
 7.4834825E-5 3.3289514E-4 1.2463593E-4 17090 g
 -0.30945057 0.39444473 9.764751 17094 a
 7.4834825E-5 -1.9973709E-4 -1.4168017E-4 17288 g
 -0.31124622 0.4201824 9.683349 17292 a
 7.4834825E-5 6.657903E-5 -1.4168017E-4 17488 g
 -0.31064767 0.38486794 9.706094 17492 a
 -1.9148127E-4 3.3289514E-4 -1.4168017E-4 17689 g
 -0.30705637 0.40880993 9.713875 17693 a
 7.4834825E-5 6.657903E-5 -1.4168017E-4 17889 g
 -0.29987377 0.39145198 9.7007065 17893 a
 3.4115094E-4 6.657903E-5 1.2463593E-4 18089 g
 -0.29508537 0.40402153 9.734225 18093 a
 -1.9148127E-4 3.3289514E-4 1.2463593E-4 18288 g
 -0.30645782 0.40581718 9.723452 18292 a
 7.4834825E-5 6.657903E-5 -4.0799627E-4 18487 g
 -0.31124622 0.40282443 9.733627 18491 a
 7.4834825E-5 6.657903E-5 1.2463593E-4 18688 g
 -0.31064767 0.36631286 9.730635 18692 a
 -4.5779737E-4 6.657903E-5 -1.4168017E-4 18888 g
 -0.3172317 0.36272156 9.690532 18892 a
 -3.9947417E-4 0.0 1.2463593E-4 19087 g
 -0.29568392 0.39983168 9.700109 19091 a
 -1.3315806E-4 2.663161E-4 1.2463593E-4 19287 g
 -0.29029694 0.40462008 9.733028 19291 a
 -1.3315806E-4 -2.663161E-4 3.9095205E-4 19487 g
 -0.29987377 0.39983168 9.737218 19491 a
 1.3315806E-4 5.326322E-4 3.9095205E-4 19686 g
 -0.30526072 0.39025488 9.715671 19690 a
 -1.3315806E-4 0.0 1.2463593E-4 19886 g
 -0.30945057 0.3890578 9.657013 19890 a
 1.3315806E-4 5.326322E-4 1.2463593E-4 20087 g
 -0.29388827 0.38726214 9.729437 20091 a
 -1.3315806E-4 0.0 3.9095205E-4 20287 g
 -0.29388827 0.40940848 9.697714 20291 a
 1.3315806E-4 2.663161E-4 -1.4168017E-4 20486 g
 -0.30945057 0.38726214 9.743204 20490 a
 1.3315806E-4 2.663161E-4 -1.4168017E-4 20687 g
 -0.29209262 0.41718966 9.766547 20691 a
 3.9947417E-4 2.663161E-4 1.2463593E-4 20885 g
 -0.30047232 0.39444473 9.722853 20889 a
 1.3315806E-4 7.9894834E-4 1.2463593E-4 21085 g
 -0.30945057 0.38606504 9.7007065 21089 a
 1.3315806E-4 2.663161E-4 3.9095205E-4 21286 g
 -0.2753332 0.3890578 9.710283 21290 a
 -3.9947417E-4 5.326322E-4 3.9095205E-4 21485 g
 -0.30107087 0.3597288 9.737218 21489 a
 1.3315806E-4 2.663161E-4 -1.4168017E-4 21685 g
 -0.30825347 0.40880993 9.745 21688 a
 -3.9947417E-4 0.0 1.2463593E-4 21885 g
 -0.30645782 0.41180268 9.749788 21889 a
 -1.3315806E-4 2.663161E-4 -1.4168017E-4 22084 g
 -0.31064767 0.40761283 9.731233 22088 a
 -1.3315806E-4 2.663161E-4 1.2463593E-4 22284 g
 -0.28790274 0.39803603 9.707291 22288 a
 3.9947417E-4 2.663161E-4 -1.4168017E-4 22485 g
 -0.31364042 0.3890578 9.688137 22488 a
 -1.3315806E-4 2.663161E-4 -1.4168017E-4 22683 g
 -0.2885013 0.39923313 9.71986 22689 a
 1.3315806E-4 0.0 1.2463593E-4 22883 g
 -0.30885202 0.40940848 9.77373 22887 a
 -1.3315806E-4 0.0 1.2463593E-4 23085 g
 -0.31783026 0.40342298 9.726444 23089 a
 1.3315806E-4 -2.663161E-4 1.2463593E-4 23284 g
 -0.3238158 0.40940848 9.67856 23288 a
 -1.3315806E-4 0.0 1.2463593E-4 23483 g
 -0.27234045 0.37229836 9.710283 23487 a
 -6.657903E-4 0.0 1.2463593E-4 23683 g
 -0.29927522 0.3824737 9.71986 23688 a
 1.3315806E-4 0.0 -1.4168017E-4 23883 g
 -0.29807812 0.40342298 9.731832 23888 a
 -3.9947417E-4 0.0 1.2463593E-4 24083 g
 -0.29628247 0.3812766 9.687539 24087 a
 -1.3315806E-4 2.663161E-4 1.2463593E-4 24284 g
 -0.29688102 0.40761283 9.688736 24288 a
 1.3315806E-4 0.0 1.2463593E-4 24483 g
 -0.32321724 0.40462008 9.724648 24487 a
 -3.9947417E-4 2.663161E-4 1.2463593E-4 24683 g
 -0.31244332 0.3824737 9.686341 24687 a
 -1.3315806E-4 2.663161E-4 -1.4168017E-4 24883 g
 -0.29747957 0.38486794 9.724648 24887 a
 -3.9947417E-4 2.663161E-4 -1.4168017E-4 25081 g
 -0.2813187 0.40581718 9.721058 25085 a
 3.9947417E-4 -2.663161E-4 -1.4168017E-4 25282 g
 -0.30645782 0.40162733 9.764751 25287 a
 -7.510114E-5 -1.6644757E-4 4.1545314E-5 25482 g
 -0.3184288 0.39624038 9.735423 25487 a
 1.9121496E-4 -1.6644757E-4 4.1545314E-5 25680 g
 -0.30825347 0.39803603 9.738416 25685 a
 -7.510114E-5 -1.6644757E-4 4.1545314E-5 25880 g
 -0.2885013 0.39025488 9.709685 25885 a
 1.9121496E-4 -1.6644757E-4 -2.2477079E-4 26081 g
 -0.28550854 0.39205053 9.6767645 26085 a
 1.9121496E-4 9.986854E-5 3.0786142E-4 26280 g
 -0.30705637 0.40282443 9.744401 26284 a
 -7.510114E-5 9.986854E-5 -2.2477079E-4 26481 g
 -0.32621 0.40222588 9.746795 26485 a
 4.5753107E-4 -4.3276369E-4 4.1545314E-5 26681 g
 -0.30885202 0.38187516 9.750985 26686 a
 -7.510114E-5 3.6618466E-4 4.1545314E-5 26880 g
 -0.31004912 0.3728969 9.727641 26885 a
 4.5753107E-4 -1.6644757E-4 3.0786142E-4 27079 g
 -0.29508537 0.39025488 9.668385 27083 a
 -7.510114E-5 -4.3276369E-4 4.1545314E-5 27280 g
 -0.30585927 0.39624038 9.715671 27283 a
 1.9121496E-4 -1.6644757E-4 4.1545314E-5 27479 g
 -0.29149407 0.39624038 9.727043 27483 a
 4.5753107E-4 -1.6644757E-4 -2.2477079E-4 27679 g
 -0.30945057 0.39624038 9.736021 27683 a
 -7.510114E-5 -4.3276369E-4 -4.910869E-4 27879 g
 -0.31543607 0.39923313 9.7324295 27883 a
 -7.510114E-5 9.986854E-5 4.1545314E-5 28078 g
 -0.2873042 0.41299978 9.703101 28080 a
 -7.510114E-5 -1.6644757E-4 4.1545314E-5 28278 g
 -0.29927522 0.39205053 9.664794 28282 a
 1.9121496E-4 9.986854E-5 -2.2477079E-4 28479 g
 -0.29747957 0.38845924 9.70789 28483 a
 -7.510114E-5 -4.3276369E-4 3.0786142E-4 28679 g
 -0.2896984 0.43394905 9.737218 28682 a
 -7.510114E-5 9.986854E-5 -2.2477079E-4 28878 g
 -0.31902736 0.39205053 9.7240505 28882 a
 -3.4141724E-4 -1.6644757E-4 3.0786142E-4 29078 g
 -0.31244332 0.39624038 9.706094 29082 a
 -6.077334E-4 -1.6644757E-4 4.1545314E-5 29277 g
 -0.32202014 0.39264908 9.668983 29281 a
 1.9121496E-4 9.986854E-5 4.1545314E-5 29477 g
 -0.30705637 0.37588966 9.693524 29481 a
 -7.510114E-5 -6.9907977E-4 4.1545314E-5 29678 g
 -0.31244332 0.39504328 9.726444 29681 a
 -7.510114E-5 -1.6644757E-4 3.0786142E-4 29877 g
 -0.30526072 0.39624038 9.721058 29881 a
 -7.510114E-5 -4.3276369E-4 -2.2477079E-4 30077 g
 -0.30406362 0.41359833 9.730036 30081 a
 4.5753107E-4 -4.3276369E-4 4.1545314E-5 30277 g
 -0.29688102 0.39145198 9.718064 30281 a
 7.238472E-4 -4.3276369E-4 4.1545314E-5 30476 g
 -0.31244332 0.3716998 9.713875 30480 a
 -7.510114E-5 9.986854E-5 4.1545314E-5 30676 g
 -0.2777274 0.3693056 9.695918 30687 a
 1.9121496E-4 -1.6644757E-4 4.1545314E-5 30876 g
 -0.27832595 0.39504328 9.718064 30880 a
 1.9121496E-4 -1.6644757E-4 4.1545314E-5 31076 g
 -0.2873042 0.39504328 9.746197 31080 a
 1.9121496E-4 -1.6644757E-4 4.1545314E-5 31276 g
 -0.3172317 0.39683893 9.731233 31280 a
 -7.510114E-5 9.986854E-5 4.1545314E-5 31476 g
 -0.30705637 0.40701428 9.722255 31480 a
 -7.510114E-5 -4.3276369E-4 -2.2477079E-4 31676 g
 -0.26755205 0.38486794 9.710283 31680 a
 1.2463593E-4 -2.663161E-4 3.3289514E-5 31875 g
 -0.29149407 0.36032736 9.743204 31879 a
 -1.4168017E-4 0.0 -2.330266E-4 32076 g
 -0.29927522 0.38726214 9.727043 32079 a
 -1.4168017E-4 -2.663161E-4 -2.330266E-4 32275 g
 -0.30466217 0.39863458 9.739613 32279 a
 1.2463593E-4 0.0 -2.330266E-4 32474 g
 -0.30526072 0.40521863 9.728839 32478 a
 -1.4168017E-4 0.0 3.3289514E-5 32676 g
 -0.31244332 0.39504328 9.749189 32680 a
 -1.4168017E-4 2.663161E-4 3.3289514E-5 32875 g
 -0.2896984 0.38067806 9.7162695 32879 a
 -1.4168017E-4 0.0 -2.330266E-4 33074 g
 -0.30226797 0.3788824 9.692925 33078 a
 -4.0799627E-4 0.0 3.3289514E-5 33274 g
 -0.28311434 0.38367084 9.729437 33278 a
 -1.4168017E-4 -2.663161E-4 3.3289514E-5 33473 g
 -0.30226797 0.39324763 9.70789 33478 a
 3.9095205E-4 -2.663161E-4 3.3289514E-5 33673 g
 -0.31483752 0.4213795 9.695918 33678 a
 -4.0799627E-4 -2.663161E-4 2.9960563E-4 33874 g
 -0.30885202 0.39923313 9.701305 33878 a
 1.2463593E-4 5.326322E-4 3.3289514E-5 34072 g
 -0.30885202 0.38307226 9.683349 34077 a
 -1.4168017E-4 0.0 3.3289514E-5 34272 g
 -0.28491 0.39504328 9.659407 34276 a
 -4.0799627E-4 -2.663161E-4 -2.330266E-4 34473 g
 -0.29328972 0.39624038 9.773131 34477 a
 1.2463593E-4 0.0 -2.330266E-4 34672 g
 -0.31064767 0.415394 9.739014 34676 a
 -1.4168017E-4 5.326322E-4 3.3289514E-5 34872 g
 -0.31543607 0.40821138 9.7324295 34876 a
 -1.4168017E-4 0.0 3.3289514E-5 35072 g
 -0.27114335 0.40821138 9.69113 35076 a
 1.2463593E-4 0.0 3.3289514E-5 35272 g
 -0.30645782 0.3878607 9.72824 35276 a
 1.2463593E-4 -5.326322E-4 3.3289514E-5 35471 g
 -0.3172317 0.3812766 9.743802 35475 a
 -1.4168017E-4 5.326322E-4 3.3289514E-5 35672 g
 -0.30346507 0.374094 9.718064 35676 a
 -4.0799627E-4 0.0 2.9960563E-4 35871 g
 -0.320823 0.40402153 9.744401 35875 a
 -4.0799627E-4 0.0 3.3289514E-5 36071 g
 -0.32561144 0.39564183 9.7007065 36075 a
 1.2463593E-4 -2.663161E-4 2.9960563E-4 36274 g
 -0.30166942 0.36990416 9.677961 36278 a
 -1.4168017E-4 -2.663161E-4 3.3289514E-5 36470 g
 -0.30705637 0.3633201 9.662399 36474 a
 -4.0799627E-4 2.663161E-4 3.3289514E-5 36670 g
 -0.2873042 0.3776853 9.731832 36674 a
 -1.4168017E-4 0.0 3.3289514E-5 36870 g
 -0.29269117 0.41479546 9.713276 36874 a
 3.9095205E-4 2.663161E-4 3.3289514E-5 37070 g
 -0.28790274 0.39743748 9.745 37074 a
 3.9095205E-4 2.663161E-4 -2.330266E-4 37270 g
 -0.3274071 0.39264908 9.752182 37274 a
 3.9095205E-4 0.0 3.3289514E-5 37470 g
 -0.31304187 0.38486794 9.713276 37475 a
 -1.4168017E-4 2.663161E-4 3.3289514E-5 37669 g
 -0.30047232 0.38606504 9.658808 37673 a
 1.2463593E-4 2.663161E-4 3.3289514E-5 37869 g
 -0.2896984 0.40880993 9.685743 37873 a
 -1.4168017E-4 0.0 -2.330266E-4 38070 g
 -0.31783026 0.40162733 9.745 38074 a
 1.8295916E-4 -2.8309404E-4 3.0786142E-4 38270 g
 -0.30346507 0.41838676 9.744401 38277 a
 4.4927528E-4 -2.8309404E-4 -2.2477079E-4 38469 g
 -0.30585927 0.39803603 9.72824 38472 a
 -3.4967304E-4 -1.6777914E-5 -2.2477079E-4 38669 g
 -0.30406362 0.39564183 9.695918 38673 a
 -3.4967304E-4 -1.6777914E-5 4.1545314E-5 38868 g
 -0.28550854 0.38606504 9.713276 38872 a
 1.8295916E-4 2.495382E-4 -2.2477079E-4 39069 g
 -0.29628247 0.37708676 9.705495 39072 a
 1.8295916E-4 -2.8309404E-4 3.0786142E-4 39269 g
 -0.29149407 0.40462008 9.743802 39273 a
 -3.4967304E-4 5.158543E-4 -2.2477079E-4 39468 g
 -0.32680854 0.40521863 9.750985 39471 a
 4.4927528E-4 -2.8309404E-4 3.0786142E-4 39668 g
 -0.31423897 0.39863458 9.721058 39671 a
 1.8295916E-4 -2.8309404E-4 3.0786142E-4 39869 g
 -0.29029694 0.39743748 9.680356 39873 a
 -8.335694E-5 2.495382E-4 4.1545314E-5 40067 g
 -0.28191724 0.39624038 9.694122 40071 a
 1.8295916E-4 2.495382E-4 3.0786142E-4 40267 g
 -0.29269117 0.41000703 9.731233 40271 a
 4.4927528E-4 -1.6777914E-5 -2.2477079E-4 40464 g
 -0.31543607 0.40581718 9.753978 40466 a
 4.4927528E-4 -2.8309404E-4 3.0786142E-4 40667 g
 -0.30705637 0.40402153 9.736021 40671 a
 -3.4967304E-4 -2.8309404E-4 4.1545314E-5 40867 g
 -0.3226187 0.3890578 9.734225 40878 a
 -3.4967304E-4 2.495382E-4 -2.2477079E-4 41067 g
 -0.30226797 0.38486794 9.698313 41071 a
 1.8295916E-4 -1.6777914E-5 4.1545314E-5 41266 g
 -0.2765303 0.3854665 9.706693 41270 a
 -8.335694E-5 -1.6777914E-5 4.1545314E-5 41466 g
 -0.27952304 0.40162733 9.742605 41470 a
 4.4927528E-4 -5.494101E-4 3.0786142E-4 41666 g
 -0.29328972 0.41299978 9.72824 41670 a
 -3.4967304E-4 -1.6777914E-5 4.1545314E-5 41866 g
 -0.30226797 0.3800795 9.698911 41869 a
 -3.4967304E-4 -1.6777914E-5 3.0786142E-4 42065 g
 -0.2908955 0.37588966 9.680356 42069 a
 1.8295916E-4 -1.6777914E-5 -2.2477079E-4 42266 g
 -0.30047232 0.39384618 9.730036 42270 a
 1.8295916E-4 -1.6777914E-5 4.1545314E-5 42465 g
 -0.30466217 0.39683893 9.698911 42469 a
 -8.335694E-5 2.495382E-4 4.1545314E-5 42665 g
 -0.28790274 0.39923313 9.698313 42669 a
 -3.4967304E-4 -2.8309404E-4 4.1545314E-5 42865 g
 -0.31783026 0.39025488 9.718064 42869 a
 1.8295916E-4 -2.8309404E-4 4.1545314E-5 43065 g
 -0.320823 0.39504328 9.714474 43069 a
 -8.335694E-5 -2.8309404E-4 -2.2477079E-4 43265 g
 -0.30346507 0.3812766 9.712678 43269 a
 1.8295916E-4 2.495382E-4 3.0786142E-4 43465 g
 -0.29209262 0.3866636 9.693524 43469 a
 -3.4967304E-4 2.495382E-4 -2.2477079E-4 43664 g
 -0.2801216 0.39564183 9.702502 43668 a
 4.4927528E-4 -1.6777914E-5 4.1545314E-5 43864 g
 -0.28072014 0.40102878 9.76535 43868 a
 1.8295916E-4 -1.6777914E-5 -2.2477079E-4 44064 g
 -0.30945057 0.41479546 9.742006 44068 a
 -8.335694E-5 2.495382E-4 4.1545314E-5 44260 g
 -0.3286042 0.41120413 9.720459 44262 a
 -3.4967304E-4 2.495382E-4 4.1545314E-5 44463 g
 -0.30226797 0.3842694 9.686341 44467 a
 -1.0839065E-4 2.745719E-4 8.255799E-6 44663 g
 -0.29927522 0.39085343 9.670779 44668 a
 -1.0839065E-4 8.255799E-6 8.255799E-6 44863 g
 -0.29269117 0.39743748 9.712678 44867 a
 -1.0839065E-4 -2.5806032E-4 2.745719E-4 45062 g
 -0.31064767 0.4141969 9.7324295 45067 a
 -3.7470675E-4 -2.5806032E-4 8.255799E-6 45263 g
 -0.30226797 0.41838676 9.755175 45267 a
 4.2424156E-4 2.745719E-4 8.255799E-6 45462 g
 -0.32621 0.40701428 9.691729 45466 a
 1.5792545E-4 2.745719E-4 2.745719E-4 45662 g
 -0.2908955 0.40102878 9.700109 45666 a
 1.5792545E-4 -2.5806032E-4 2.745719E-4 45862 g
 -0.30286652 0.40102878 9.701904 45867 a
 -3.7470675E-4 5.40888E-4 8.255799E-6 46061 g
 -0.27712885 0.3878607 9.718064 46066 a
 1.5792545E-4 -2.5806032E-4 -2.5806032E-4 46261 g
 -0.3226187 0.41299978 9.755774 46265 a
 4.2424156E-4 2.745719E-4 8.255799E-6 46462 g
 -0.31304187 0.4225766 9.733028 46466 a
 1.5792545E-4 -2.5806032E-4 8.255799E-6 46661 g
 -0.31124622 0.4141969 9.6923275 46665 a
 1.5792545E-4 8.255799E-6 -2.5806032E-4 46861 g
 -0.28670564 0.39683893 9.697714 46865 a
 -1.0839065E-4 8.255799E-6 -2.5806032E-4 47061 g
 -0.30765492 0.3842694 9.722853 47065 a
 -3.7470675E-4 8.255799E-6 8.255799E-6 47260 g
 -0.30526072 0.40043023 9.731832 47264 a
 -1.0839065E-4 -2.5806032E-4 8.255799E-6 47460 g
 -0.29149407 0.40940848 9.736021 47464 a
 -1.0839065E-4 -5.243764E-4 -2.5806032E-4 47660 g
 -0.30705637 0.39085343 9.730635 47664 a
 1.5792545E-4 8.255799E-6 8.255799E-6 47870 g
 -0.30526072 0.40641573 9.709086 47877 a
 -1.0839065E-4 8.255799E-6 -2.5806032E-4 48056 g
 -0.3184288 0.3776853 9.728839 48057 a
 1.5792545E-4 8.255799E-6 8.255799E-6 48256 g
 -0.30286652 0.3824737 9.697714 48257 a
 1.5792545E-4 8.255799E-6 8.255799E-6 48457 g
 -0.28670564 0.3669114 9.709086 48458 a
 1.5792545E-4 8.255799E-6 2.745719E-4 48659 g
 -0.29867667 0.41359833 9.744401 48663 a
 1.5792545E-4 2.745719E-4 8.255799E-6 48859 g
 -0.30945057 0.3842694 9.751583 48863 a
 -1.0839065E-4 2.745719E-4 -2.5806032E-4 49059 g
 -0.3226187 0.3800795 9.727043 49062 a
 -1.0839065E-4 8.255799E-6 8.255799E-6 49259 g
 -0.3250129 0.37229836 9.702502 49262 a
 -3.7470675E-4 -5.243764E-4 2.745719E-4 49459 g
 -0.28550854 0.374094 9.664794 49463 a
 1.5792545E-4 8.255799E-6 -2.5806032E-4 49658 g
 -0.30526072 0.40222588 9.710283 49662 a
 -6.4102287E-4 8.255799E-6 8.255799E-6 49858 g
 -0.30406362 0.4165911 9.744401 49862 a
 -1.0839065E-4 2.745719E-4 8.255799E-6 50059 g
 -0.32621 0.41599256 9.728839 50063 a
 -1.0839065E-4 8.255799E-6 -2.5806032E-4 50257 g
 -0.30346507 0.39145198 9.691729 50261 a
 -1.0839065E-4 -5.243764E-4 8.255799E-6 50457 g
 -0.2873042 0.39025488 9.706094 50461 a
 -1.0839065E-4 8.255799E-6 8.255799E-6 50659 g
 -0.30346507 0.374094 9.683948 50663 a
 -1.0839065E-4 8.255799E-6 8.255799E-6 50858 g
 -0.29328972 0.3812766 9.745 50862 a
 4.5753107E-4 2.4767398E-5 2.910835E-4 51057 g
 -0.31184477 0.40641573 9.7479925 51061 a
 4.5753107E-4 -5.078648E-4 2.4767398E-5 51258 g
 -0.32441434 0.41599256 9.757569 51262 a
 -7.510114E-5 -2.4154871E-4 -2.4154871E-4 51457 g
 -0.30226797 0.39983168 9.671378 51461 a
 -7.510114E-5 2.4767398E-5 -2.4154871E-4 51657 g
 -0.2813187 0.3728969 9.694721 51661 a
 -7.510114E-5 -2.4154871E-4 2.4767398E-5 51857 g
 -0.28670564 0.41240123 9.723452 51861 a
 -7.510114E-5 2.4767398E-5 -2.4154871E-4 52057 g
 -0.30585927 0.39743748 9.7402115 52061 a
 1.9121496E-4 -2.4154871E-4 2.4767398E-5 52256 g
 -0.31783026 0.39743748 9.739613 52260 a
 -3.4141724E-4 2.4767398E-5 2.910835E-4 52457 g
 -0.31902736 0.40581718 9.725247 52461 a
 -7.510114E-5 2.4767398E-5 -2.4154871E-4 52656 g
 -0.31184477 0.38187516 9.701305 52661 a
 -3.4141724E-4 -2.4154871E-4 2.4767398E-5 52853 g
 -0.28909984 0.39025488 9.716867 52856 a
 -3.4141724E-4 -2.4154871E-4 2.910835E-4 53056 g
 -0.2873042 0.37708676 9.715671 53060 a
 1.9121496E-4 2.4767398E-5 -2.4154871E-4 53255 g
 -0.30166942 0.41958386 9.727043 53260 a
 4.5753107E-4 2.4767398E-5 2.4767398E-5 53455 g
 -0.30526072 0.41479546 9.713276 53459 a
 7.238472E-4 2.4767398E-5 2.910835E-4 53655 g
 -0.32621 0.4141969 9.715072 53659 a
 1.9121496E-4 -2.4154871E-4 2.4767398E-5 53854 g
 -0.30526072 0.37948096 9.709086 53859 a
 -7.510114E-5 2.4767398E-5 2.4767398E-5 54054 g
 -0.29388827 0.38067806 9.706094 54058 a
 -3.4141724E-4 -2.4154871E-4 2.4767398E-5 54255 g
 -0.28191724 0.41000703 9.703101 54259 a
 -3.4141724E-4 2.4767398E-5 2.910835E-4 54454 g
 -0.30286652 0.40821138 9.729437 54458 a
 -3.4141724E-4 -2.4154871E-4 2.4767398E-5 54653 g
 -0.33279404 0.41000703 9.780912 54658 a
 1.9121496E-4 2.4767398E-5 2.910835E-4 54854 g
 -0.30047232 0.39504328 9.7007065 54858 a
 4.5753107E-4 -7.741809E-4 -2.4154871E-4 55053 g
 -0.31184477 0.38486794 9.683349 55057 a
 4.5753107E-4 2.4767398E-5 2.4767398E-5 55252 g
 -0.30286652 0.3812766 9.670779 55257 a
 1.9121496E-4 2.910835E-4 -2.4154871E-4 55453 g
 -0.29448682 0.39624038 9.716867 55457 a
 -7.510114E-5 2.4767398E-5 2.4767398E-5 55652 g
 -0.2861071 0.39264908 9.76116 55656 a
 -8.7404944E-4 2.910835E-4 5.573996E-4 55852 g
 -0.3184288 0.39803603 9.723452 55856 a
 1.9121496E-4 2.4767398E-5 2.4767398E-5 56053 g
 -0.31064767 0.39205053 9.685144 56064 a
 -7.510114E-5 2.4767398E-5 2.4767398E-5 56252 g
 -0.30286652 0.37229836 9.706094 56256 a
 1.9121496E-4 2.910835E-4 2.4767398E-5 56452 g
 -0.29029694 0.3890578 9.69532 56456 a
 -3.4141724E-4 2.4767398E-5 2.4767398E-5 56652 g
 -0.29927522 0.37469256 9.741408 56656 a
 -7.510114E-5 2.4767398E-5 -2.4154871E-4 56851 g
 -0.29388827 0.40222588 9.742006 56855 a
 1.9121496E-4 2.4767398E-5 2.4767398E-5 57051 g
 -0.31064767 0.38486794 9.753978 57055 a
 4.5753107E-4 -7.741809E-4 -2.4154871E-4 57252 g
 -0.30226797 0.3764882 9.737218 57256 a
 1.5792545E-4 -4.245079E-4 8.255799E-6 57451 g
 -0.30047232 0.3866636 9.690532 57455 a
 4.2424156E-4 -1.5819176E-4 -2.5806032E-4 57651 g
 -0.30645782 0.39803603 9.685743 57655 a
 4.2424156E-4 1.0812434E-4 -2.5806032E-4 57851 g
 -0.29927522 0.37828386 9.735423 57855 a
 -3.7470675E-4 1.0812434E-4 8.255799E-6 58050 g
 -0.30645782 0.40940848 9.764751 58054 a
 -1.0839065E-4 1.0812434E-4 2.745719E-4 58250 g
 -0.31184477 0.3890578 9.742605 58254 a
 -1.0839065E-4 -1.5819176E-4 8.255799E-6 58451 g
 -0.28431144 0.3764882 9.706693 58455 a
 1.5792545E-4 -4.245079E-4 -2.5806032E-4 58650 g
 -0.3172317 0.37708676 9.671976 58653 a
 1.5792545E-4 -4.245079E-4 -2.5806032E-4 58849 g
 -0.28670564 0.39085343 9.715072 58853 a
 -1.0839065E-4 -1.5819176E-4 -2.5806032E-4 59050 g
 -0.28550854 0.40222588 9.729437 59054 a
 1.5792545E-4 -1.5819176E-4 2.745719E-4 59249 g
 -0.29987377 0.40521863 9.723452 59253 a
 1.5792545E-4 -1.5819176E-4 2.745719E-4 59449 g
 -0.30765492 0.3890578 9.733627 59453 a
 1.5792545E-4 3.7444045E-4 2.745719E-4 59649 g
 -0.31244332 0.38606504 9.7007065 59653 a
 1.5792545E-4 -1.5819176E-4 8.255799E-6 59848 g
 -0.30406362 0.37110126 9.679757 59852 a
 1.5792545E-4 -1.5819176E-4 -2.5806032E-4 60244 g
