 0.05984256 0.42549512 0.13617595 8 g
 3.8444893 3.6511576 8.69993 10 a
 -0.08556604 0.6262975 0.24696344 115 g
 3.8744168 3.4446578 8.861539 117 a
 -0.1401611 0.22655804 -0.34372622 322 g
 0.017956512 3.4494462 9.105747 326 a
 -0.36200243 0.6129827 -0.28273982 519 g
 1.3521254 3.3883939 7.510012 524 a
 -0.1169916 -0.380909 0.27705663 718 g
 3.5260606 1.4945804 8.717887 722 a
 -0.09089316 -0.18037084 0.9526998 921 g
 3.0502129 4.36044 9.554661 925 a
 0.4390759 -0.18170242 0.60542357 1118 g
 7.501034 3.5218706 3.4518404 1122 a
 1.2481443 -2.6832097 0.9058282 1318 g
 6.9246297 2.9562407 6.76362 1322 a
 1.4034071 0.412713 1.029666 1520 g
 1.6190789 3.5978866 16.393099 1524 a
 0.52749336 3.3901272 0.67413396 1717 g
 3.1184478 2.0566192 10.947487 1721 a
 0.33361524 1.0393548 1.5844024 1916 g
 0.23523031 1.1665748 10.559627 1920 a
 0.35332423 1.4087299 2.1101124 2119 g
 -6.8127007 1.721431 7.389105 2123 a
 -0.06346046 4.1304803 1.799588 2317 g
 -2.0572178 1.5735891 7.181408 2320 a
 0.045729138 2.2388372 0.31727248 2517 g
 -5.653309 4.5902834 8.374918 2524 a
 0.6569257 -2.1505888 -0.055036087 2715 g
 -6.467936 1.4425066 8.853758 2716 a
 -0.02244672 -2.5119798 0.479993 2916 g
 -0.5895722 -1.0887632 12.800001 2920 a
 -1.2094176 -0.7364503 0.4520298 3116 g
 0.87567925 0.46627077 9.355942 3120 a
 0.28248575 0.024147414 0.098895155 3319 g
 -0.7954735 0.8026561 9.985018 3323 a
 -0.41526243 0.23826556 0.3654776 3517 g
 -0.81343 0.83258367 9.402629 3521 a
 0.2814205 0.241994 0.11966781 3715 g
 -0.84575176 1.2162545 9.858126 3719 a
 -0.13749368 -0.14150546 0.22806007 3919 g
 -0.0017956513 0.62488663 9.993997 3923 a
 -0.06745254 -0.27519616 0.0038219024 4114 g
 0.020949265 0.3705027 9.800066 4118 a
 -0.13802631 -0.10315595 -0.017483385 4314 g
 0.12689269 0.39683893 9.500791 4318 a
 -0.0064640245 0.10056842 0.105557315 4518 g
 -0.3298013 0.37469256 9.821015 4522 a
 -0.019247198 0.1101558 0.01847195 4714 g
 1.1246762 0.44951138 9.146449 4719 a
 0.026026541 -0.7662905 -0.012420717 4911 g
 1.8555063 0.5650316 8.732252 4913 a
 -0.059193548 -0.40570143 -0.17167668 5116 g
 -0.09636662 0.5129577 9.67856 5120 a
 0.026826555 1.0332044 0.01208143 5314 g
 -0.28431144 0.3728969 9.730635 5318 a
 -0.022441925 0.119473934 0.008353004 5514 g
 -0.2717419 0.36631286 9.734225 5518 a
 -6.034723E-4 0.0022927155 0.019805396 5712 g
 -0.21308395 0.40761283 9.633669 5714 a
 4.6179214E-4 0.011081147 0.013413809 5914 g
 -0.27114335 0.4213795 9.698313 5917 a
 -7.0840084E-5 1.6218651E-4 0.0022285332 6113 g
 -0.30765492 0.39863458 9.767744 6117 a
 1.9627497E-4 -0.003835751 0.0016972326 6315 g
 -0.30226797 0.45489833 9.7240505 6319 a
 0.0017941716 -0.008629441 0.002762497 6513 g
 -0.29448682 0.40102878 9.603742 6517 a
 -0.004331099 0.016404273 0.0022298647 6713 g
 -0.3298013 0.3812766 9.706693 6716 a
 -6.0267333E-4 -1.0732539E-4 0.0019635486 6913 g
 -0.29568392 0.3842694 9.690532 6917 a
 -8.6898945E-4 1.5899072E-4 0.0019635486 7113 g
 -0.29747957 0.39145198 9.724648 7117 a
 -6.0267333E-4 -1.0732539E-4 0.0022298647 7309 g
 -0.31304187 0.38307226 9.733627 7311 a
 -3.3609092E-4 -6.4102287E-4 0.002230131 7511 g
 -0.31004912 0.38486794 9.735423 7513 a
 -6.0240703E-4 -3.7470675E-4 0.001963815 7712 g
 -0.29388827 0.39145198 9.727043 7716 a
 -6.0240703E-4 -1.0839065E-4 0.0024964472 7911 g
 -0.2765303 0.39384618 9.679159 7915 a
 -8.6872315E-4 1.5792545E-4 0.002230131 8112 g
 -0.2801216 0.3800795 9.712079 8116 a
 -8.6872315E-4 1.5792545E-4 0.001963815 8312 g
 -0.29149407 0.39205053 9.764751 8315 a
 -0.0011350393 1.5792545E-4 0.001963815 8512 g
 -0.29269117 0.39803603 9.71986 8525 a
 -6.016081E-4 -1.10521185E-4 0.001964614 8710 g
 -0.3238158 0.3866636 9.742006 8712 a
 -6.016081E-4 -3.768373E-4 0.001964614 8911 g
 -0.30466217 0.3405752 9.734824 8915 a
 -6.016081E-4 1.5579493E-4 0.001964614 9111 g
 -0.29448682 0.36750996 9.7324295 9115 a
 -8.681905E-4 4.231763E-4 0.0019643477 9324 g
 -0.2885013 0.38486794 9.703699 9328 a
 -8.681905E-4 -1.0945592E-4 0.0022306638 9510 g
 -0.28491 0.40641573 9.715072 9515 a
 -8.681905E-4 -1.0945592E-4 0.00249698 9710 g
 -0.29149407 0.40462008 9.734824 9714 a
 -3.35292E-4 -3.768373E-4 0.0022309301 9913 g
 -0.30107087 0.40282443 9.717466 9917 a
 -0.0011342403 -1.10521185E-4 0.002497246 10109 g
 -0.31064767 0.40102878 9.685743 10113 a
 -6.016081E-4 -3.768373E-4 0.002497246 10309 g
 -0.2813187 0.40701428 9.713276 10314 a
 -8.676579E-4 1.5472966E-4 0.0024977787 10512 g
 -0.30107087 0.3866636 9.7324295 10516 a
 -6.013418E-4 -6.4421864E-4 0.0024977787 10709 g
 -0.28670564 0.40402153 9.743802 10713 a
 -6.013418E-4 -1.1158645E-4 0.0019651465 10909 g
 -0.31244332 0.41060558 9.764751 10915 a
 -8.679242E-4 -1.10521185E-4 0.0022309301 11112 g
 -0.31184477 0.40641573 9.733627 11116 a
 -6.016081E-4 -1.10521185E-4 0.0022309301 11308 g
 -0.29927522 0.38726214 9.657013 11312 a
 -8.679242E-4 -1.10521185E-4 0.0022309301 11508 g
 -0.25917232 0.39264908 9.713875 11512 a
 -3.3502566E-4 -1.1158645E-4 0.0022314626 11711 g
 -0.2705448 0.39683893 9.709685 11715 a
 -3.3502566E-4 -3.7790256E-4 0.0022314626 11905 g
 -0.2885013 0.41479546 9.762956 11906 a
 -3.3502566E-4 -3.7790256E-4 0.0019651465 12107 g
 -0.30047232 0.40162733 9.722255 12112 a
 -8.6872315E-4 -1.0839065E-4 0.002230131 12310 g
 -0.31902736 0.40342298 9.68275 12314 a
 -8.6872315E-4 -3.7470675E-4 0.002230131 12507 g
 -0.29987377 0.3812766 9.694122 12511 a
 -6.0240703E-4 -1.0839065E-4 0.0024964472 12707 g
 -0.29568392 0.38965634 9.747394 12711 a
 -8.679242E-4 -1.10521185E-4 0.0022309301 12909 g
 -0.28191724 0.38606504 9.73662 12915 a
 -8.679242E-4 -3.768373E-4 0.002497246 13107 g
 -0.29269117 0.39803603 9.725247 13111 a
 -8.679242E-4 1.5579493E-4 0.0022309301 13307 g
 -0.30466217 0.39624038 9.730635 13310 a
 -6.0267333E-4 -1.0732539E-4 0.0019635486 13509 g
 -0.29807812 0.3824737 9.704298 13513 a
 -6.0267333E-4 -3.736415E-4 0.0022298647 13707 g
 -0.30107087 0.3776853 9.710283 13711 a
 -8.6898945E-4 -1.0732539E-4 0.0022298647 13906 g
 -0.28670564 0.3866636 9.674371 13910 a
 -8.6872315E-4 -1.0839065E-4 0.002230131 14108 g
 -0.29987377 0.39444473 9.712079 14113 a
 -6.0240703E-4 -1.0839065E-4 0.002230131 14305 g
 -0.29568392 0.39983168 9.718663 14309 a
 -3.3609092E-4 -3.7470675E-4 0.0024964472 14505 g
 -0.30466217 0.41359833 9.727641 14509 a
 -6.0240703E-4 -3.7470675E-4 0.002230131 14706 g
 -0.30526072 0.39324763 9.7240505 14710 a
 -6.977482E-5 -3.7470675E-4 0.002230131 14905 g
 -0.31423897 0.3866636 9.7162695 14909 a
 -3.3609092E-4 1.5792545E-4 0.0024964472 15104 g
 -0.3172317 0.38965634 9.7007065 15112 a
 -6.018744E-4 -1.0945592E-4 0.0022306638 15310 g
 -0.2885013 0.38726214 9.7162695 15314 a
 -6.018744E-4 1.5686019E-4 0.0022306638 15505 g
 -0.30885202 0.4141969 9.757569 15508 a
 -6.018744E-4 -3.7577204E-4 0.0019643477 15704 g
 -0.29867667 0.39683893 9.753379 15708 a
 -6.0240703E-4 -3.7470675E-4 0.002230131 15907 g
 -0.31603462 0.3890578 9.673772 15911 a
 -6.0240703E-4 -1.0839065E-4 0.001963815 16104 g
 -0.29688102 0.38367084 9.661801 16108 a
 -8.6872315E-4 -3.7470675E-4 0.001963815 16304 g
 -0.29688102 0.3824737 9.724648 16308 a
 -8.679242E-4 -3.768373E-4 0.002497246 16506 g
 -0.30466217 0.39324763 9.749788 16510 a
 -8.679242E-4 -3.768373E-4 0.0022309301 16704 g
 -0.3226187 0.3866636 9.720459 16707 a
 -6.016081E-4 -1.10521185E-4 0.001964614 16903 g
 -0.31004912 0.4141969 9.75697 16907 a
 -6.018744E-4 -1.0945592E-4 0.0019643477 17105 g
 -0.29269117 0.39683893 9.710283 17109 a
 -3.355583E-4 -1.0945592E-4 0.0022306638 17303 g
 -0.28790274 0.38486794 9.738416 17307 a
 -6.018744E-4 -6.420881E-4 0.0022306638 17503 g
 -0.2837129 0.39264908 9.7084875 17507 a
 -6.034723E-4 -3.704457E-4 0.001962217 17705 g
 -0.29328972 0.38845924 9.72824 17709 a
 -8.697884E-4 -1.041296E-4 0.0022285332 17902 g
 -0.29328972 0.40162733 9.736021 17906 a
 -6.034723E-4 -3.704457E-4 0.0022285332 18103 g
 -0.320823 0.38067806 9.722255 18106 a
 -2.330266E-4 1.16380135E-4 2.910835E-4 18303 g
 -0.30406362 0.39624038 9.721656 18307 a
 -2.330266E-4 1.16380135E-4 -2.4154871E-4 18502 g
 -0.2837129 0.40043023 9.687539 18506 a
 3.3289514E-5 3.8269625E-4 2.4767398E-5 18702 g
 -0.29628247 0.3812766 9.727641 18706 a
 2.9960563E-4 1.16380135E-4 -2.4154871E-4 18902 g
 -0.3172317 0.39683893 9.738416 18906 a
 2.9960563E-4 -1.4993596E-4 -2.4154871E-4 19102 g
 -0.31603462 0.40701428 9.752182 19105 a
 -2.330266E-4 1.16380135E-4 2.4767398E-5 19301 g
 -0.29209262 0.39025488 9.715072 19305 a
 -2.330266E-4 1.16380135E-4 2.4767398E-5 19502 g
 -0.2908955 0.40641573 9.697714 19506 a
 3.3289514E-5 -1.4993596E-4 2.910835E-4 19701 g
 -0.29987377 0.39384618 9.672575 19705 a
 3.3289514E-5 -1.4993596E-4 2.4767398E-5 19900 g
 -0.27832595 0.38367084 9.6767645 19904 a
 2.9960563E-4 3.8269625E-4 2.4767398E-5 20100 g
 -0.30645782 0.40043023 9.715671 20111 a
 -2.330266E-4 3.8269625E-4 -2.4154871E-4 20299 g
 -0.31064767 0.39923313 9.7563715 20303 a
 2.9960563E-4 -1.4993596E-4 2.910835E-4 20500 g
 -0.31543607 0.3854665 9.72824 20504 a
 3.3289514E-5 1.16380135E-4 2.910835E-4 20700 g
 -0.30765492 0.38606504 9.727043 20704 a
 2.9960563E-4 3.8269625E-4 2.910835E-4 20899 g
 -0.29628247 0.40521863 9.685144 20903 a
 -2.330266E-4 1.16380135E-4 -2.4154871E-4 21099 g
 -0.29448682 0.4177882 9.73662 21103 a
 -2.330266E-4 1.16380135E-4 2.910835E-4 21300 g
 -0.29628247 0.40521863 9.733627 21304 a
 3.3289514E-5 1.16380135E-4 2.4767398E-5 21499 g
 -0.30107087 0.39983168 9.715072 21503 a
 3.3289514E-5 3.8269625E-4 2.910835E-4 21698 g
 -0.29628247 0.41479546 9.701904 21703 a
 3.3289514E-5 3.8269625E-4 2.4767398E-5 21899 g
 -0.2813187 0.38965634 9.683349 21903 a
 3.3289514E-5 3.8269625E-4 -2.4154871E-4 22098 g
 -0.30705637 0.39803603 9.713276 22102 a
 -2.330266E-4 1.16380135E-4 2.4767398E-5 22298 g
 -0.272939 0.3842694 9.733627 22302 a
 3.3289514E-5 -1.4993596E-4 2.4767398E-5 22498 g
 -0.30346507 0.40880993 9.739014 22502 a
 3.3289514E-5 1.16380135E-4 2.4767398E-5 22698 g
 -0.3274071 0.39683893 9.766547 22702 a
 2.9960563E-4 3.8269625E-4 2.4767398E-5 22897 g
 -0.31184477 0.3890578 9.72824 22902 a
 3.3289514E-5 1.16380135E-4 2.4767398E-5 23098 g
 -0.29867667 0.39564183 9.697116 23103 a
 2.9960563E-4 -1.4993596E-4 2.4767398E-5 23297 g
 -0.2825158 0.40102878 9.761759 23302 a
 3.3289514E-5 1.16380135E-4 2.4767398E-5 23496 g
 -0.29508537 0.4225766 9.729437 23500 a
 3.3289514E-5 1.16380135E-4 2.910835E-4 23697 g
 -0.30346507 0.42437226 9.74859 23701 a
 5.659217E-4 1.16380135E-4 -2.4154871E-4 23897 g
 -0.31184477 0.40342298 9.725247 23901 a
 -2.330266E-4 1.16380135E-4 -2.4154871E-4 24096 g
 -0.320823 0.39324763 9.704298 24099 a
 3.3289514E-5 -1.4993596E-4 -2.4154871E-4 24293 g
 -0.3196259 0.40761283 9.701904 24295 a
 2.9960563E-4 1.16380135E-4 2.4767398E-5 24497 g
 -0.29867667 0.3812766 9.694122 24501 a
 -2.748382E-4 2.57794E-4 2.745719E-4 24696 g
 -0.30705637 0.39264908 9.703699 24700 a
 -2.748382E-4 2.57794E-4 2.745719E-4 24896 g
 -0.29029694 0.40761283 9.727641 24900 a
 -2.748382E-4 2.57794E-4 8.255799E-6 25095 g
 -0.31543607 0.41120413 9.722255 25099 a
 -8.522115E-6 5.241101E-4 8.255799E-6 25295 g
 -0.30585927 0.41479546 9.743204 25299 a
 -5.4115435E-4 2.57794E-4 -2.5806032E-4 25496 g
 -0.3274071 0.38067806 9.676167 25500 a
 -5.4115435E-4 2.57794E-4 8.255799E-6 25696 g
 -0.29628247 0.38606504 9.727641 25700 a
 -8.522115E-6 2.57794E-4 -2.5806032E-4 25895 g
 -0.2861071 0.37708676 9.733028 25899 a
 -2.748382E-4 2.57794E-4 2.745719E-4 26095 g
 -0.29987377 0.40162733 9.67018 26099 a
 -2.748382E-4 2.57794E-4 8.255799E-6 26294 g
 -0.30585927 0.39205053 9.739613 26299 a
 -2.748382E-4 -8.522115E-6 8.255799E-6 26494 g
 -0.3250129 0.39444473 9.722853 26498 a
 -2.748382E-4 -2.748382E-4 8.255799E-6 26695 g
 -0.29987377 0.39264908 9.69532 26699 a
 2.57794E-4 -2.748382E-4 8.255799E-6 26895 g
 -0.29149407 0.38486794 9.696517 26899 a
 -8.522115E-6 -8.522115E-6 8.255799E-6 27094 g
 -0.29508537 0.40701428 9.731233 27098 a
 -2.748382E-4 -8.522115E-6 8.255799E-6 27294 g
 -0.320823 0.42317516 9.725247 27298 a
 -8.522115E-6 2.57794E-4 8.255799E-6 27494 g
 -0.29388827 0.42078096 9.711481 27498 a
 2.57794E-4 7.904262E-4 2.745719E-4 27694 g
 -0.30645782 0.39803603 9.697714 27697 a
 -2.748382E-4 -8.522115E-6 2.745719E-4 27894 g
 -0.2717419 0.39384618 9.700109 27898 a
 -2.748382E-4 -8.522115E-6 -2.5806032E-4 28093 g
 -0.31663316 0.39025488 9.68275 28097 a
 -2.748382E-4 2.57794E-4 2.745719E-4 28293 g
 -0.28431144 0.39743748 9.712079 28297 a
 2.57794E-4 -2.748382E-4 8.255799E-6 28490 g
 -0.30286652 0.39324763 9.722853 28492 a
 -2.748382E-4 -8.522115E-6 2.745719E-4 28693 g
 -0.2873042 0.3812766 9.740809 28695 a
 2.57794E-4 -8.522115E-6 2.745719E-4 28889 g
 -0.31603462 0.35434186 9.7240505 28890 a
 -8.522115E-6 -2.748382E-4 -2.5806032E-4 29093 g
 -0.30286652 0.38606504 9.713276 29097 a
 -2.748382E-4 -8.522115E-6 8.255799E-6 29290 g
 -0.29029694 0.39264908 9.701904 29294 a
 -2.748382E-4 -2.748382E-4 8.255799E-6 29492 g
 -0.30406362 0.37469256 9.750985 29496 a
 -8.074704E-4 -8.522115E-6 2.745719E-4 29691 g
 -0.29448682 0.3645172 9.743802 29695 a
 -8.522115E-6 -8.522115E-6 -2.5806032E-4 29890 g
 -0.30107087 0.3716998 9.723452 29895 a
 -2.748382E-4 2.57794E-4 8.255799E-6 30092 g
 -0.2885013 0.40761283 9.673173 30095 a
 -2.748382E-4 5.241101E-4 2.745719E-4 30290 g
 -0.26874915 0.39025488 9.715072 30297 a
 2.57794E-4 -8.074704E-4 2.745719E-4 30490 g
 -0.28311434 0.4285621 9.727641 30494 a
 -8.522115E-6 -8.522115E-6 8.255799E-6 30691 g
 -0.30765492 0.41299978 9.757569 30695 a
 -2.748382E-4 2.57794E-4 2.745719E-4 30891 g
 -0.57041854 0.22445641 10.09575 30895 a
 -0.0016064188 -8.522115E-6 8.255799E-6 31090 g
 -0.36870706 0.3357868 9.775525 31095 a
 -8.074704E-4 -8.522115E-6 0.0010735203 31290 g
 -0.29807812 0.19273324 9.64983 31297 a
 7.901599E-4 0.0015904398 -0.0010575412 31492 g
 -0.10474633 0.21667525 9.710283 31496 a
 5.238438E-4 5.2517536E-4 2.7403928E-4 31689 g
 -0.17597382 0.16879122 9.741408 31693 a
 -8.788432E-6 2.5885925E-4 2.7403928E-4 31889 g
 -0.24301147 0.21428105 9.779716 31893 a
 -8.522115E-6 2.57794E-4 -2.5806032E-4 32092 g
 -0.27952304 0.2693477 9.81084 32096 a
 2.57794E-4 -8.522115E-6 2.745719E-4 32289 g
 -0.22804771 0.30945057 9.777321 32294 a
 -8.522115E-6 -8.522115E-6 2.745719E-4 32488 g
 -0.1945289 0.2908955 9.677961 32493 a
 2.57794E-4 -8.522115E-6 8.255799E-6 32689 g
 -0.22445641 0.2148796 9.643246 32694 a
 -8.522115E-6 -8.522115E-6 2.745719E-4 32888 g
 -0.23822308 0.36391866 9.697116 32892 a
 -2.748382E-4 2.57794E-4 8.255799E-6 33088 g
 -0.27234045 0.41180268 9.727043 33092 a
 -2.7537087E-4 -6.391587E-6 2.7377295E-4 33291 g
 -0.31304187 0.36032736 9.752781 33295 a
 -9.054747E-6 5.262406E-4 -2.5885925E-4 33487 g
 -0.31124622 0.3716998 9.718064 33492 a
 2.5726136E-4 5.262406E-4 7.456851E-6 33687 g
 -0.31902736 0.43035775 9.7240505 33691 a
 -2.7510454E-4 2.5885925E-4 -2.5859295E-4 33890 g
 -0.2896984 0.39863458 9.703699 33895 a
 -8.788432E-6 2.5885925E-4 7.723167E-6 34086 g
 -0.30286652 0.42078096 9.717466 34091 a
 -8.788432E-6 -2.7377295E-4 2.7403928E-4 34287 g
 -0.27952304 0.4429273 9.712678 34291 a
 -9.321064E-6 -5.326322E-6 6.9242187E-6 34489 g
 -0.2789245 0.42916065 9.758766 34493 a
 -2.7563717E-4 -5.326322E-6 6.9242187E-6 34687 g
 -0.30286652 0.41599256 9.725247 34691 a
 -2.7563717E-4 -5.326322E-6 2.7324032E-4 34886 g
 -0.29927522 0.4201824 9.717466 34889 a
 -8.788432E-6 -7.456851E-6 -2.5859295E-4 35089 g
 -0.30645782 0.40102878 9.713276 35093 a
 2.575277E-4 -2.7377295E-4 -2.5859295E-4 35286 g
 -0.29388827 0.39504328 9.715072 35290 a
 -2.7510454E-4 -7.456851E-6 7.723167E-6 35485 g
 -0.31902736 0.3866636 9.758766 35489 a
 -5.4142065E-4 -2.7377295E-4 7.723167E-6 35686 g
 -0.31902736 0.40102878 9.739014 35690 a
 -2.7510454E-4 -2.7377295E-4 -2.5859295E-4 35886 g
 -0.3172317 0.41479546 9.710283 35889 a
 -2.7510454E-4 -2.7377295E-4 7.723167E-6 36085 g
 -0.30885202 0.39983168 9.68275 36089 a
 -2.761698E-4 -3.1957934E-6 2.7244136E-4 36288 g
 -0.28072014 0.40701428 9.685144 36292 a
 2.564624E-4 -3.1957934E-6 6.1252704E-6 36485 g
 -0.2801216 0.39264908 9.719262 36489 a
 -9.853696E-6 -5.35828E-4 6.1252704E-6 36685 g
 -0.30047232 0.4189853 9.779716 36688 a
 5.2304484E-4 -4.2610577E-6 6.6579028E-6 36887 g
 -0.30945057 0.40102878 9.742006 36891 a
 -9.58738E-6 2.6205505E-4 6.6579028E-6 37084 g
 -0.30107087 0.39145198 9.723452 37089 a
 -5.422196E-4 -4.2610577E-6 6.6579028E-6 37284 g
 -0.32680854 0.38067806 9.7084875 37289 a
 -9.853696E-6 -3.1957934E-6 6.1252704E-6 37486 g
 -0.30585927 0.39085343 9.695918 37490 a
 -2.761698E-4 2.631203E-4 6.1252704E-6 37683 g
 -0.30406362 0.3866636 9.70789 37688 a
 -9.853696E-6 -3.1957934E-6 -2.6019083E-4 37885 g
 -0.31603462 0.4165911 9.730036 37888 a
 2.564624E-4 -2.695119E-4 -2.6019083E-4 38084 g
 -0.31783026 0.39743748 9.717466 38088 a
 -5.424859E-4 -2.695119E-4 6.1252704E-6 38283 g
 -0.29448682 0.40462008 9.68275 38287 a
 -2.761698E-4 2.631203E-4 2.7244136E-4 38482 g
 -0.29807812 0.374094 9.705495 38486 a
 2.5592977E-4 2.6525086E-4 5.326322E-6 38685 g
 -0.2873042 0.3866636 9.718663 38689 a
 -1.03863285E-5 -2.6738137E-4 5.326322E-6 38879 g
 -0.29568392 0.40222588 9.730635 38881 a
 -2.7670243E-4 -1.0652644E-6 2.7164244E-4 39082 g
 -0.31184477 0.3878607 9.749189 39086 a
 -9.853696E-6 -3.1957934E-6 6.1252704E-6 39285 g
 -0.30825347 0.40043023 9.733028 39289 a
 -2.761698E-4 -2.695119E-4 -2.6019083E-4 39482 g
 -0.30466217 0.39683893 9.733627 39486 a
 -2.761698E-4 -5.35828E-4 2.7244136E-4 39682 g
 -0.30346507 0.3800795 9.731832 39686 a
 5.2304484E-4 -4.2610577E-6 6.6579028E-6 39884 g
 -0.27832595 0.39264908 9.696517 39888 a
 -9.58738E-6 -4.2610577E-6 2.7297402E-4 40081 g
 -0.30166942 0.3854665 9.742006 40085 a
 -2.759035E-4 -4.2610577E-6 6.6579028E-6 40281 g
 -0.30765492 0.4177882 9.697116 40285 a
 -1.03863285E-5 -1.0652644E-6 5.326322E-6 40484 g
 -0.30226797 0.3878607 9.704897 40488 a
 -1.03863285E-5 5.3156697E-4 5.379585E-4 40681 g
 -0.30705637 0.36750996 9.725247 40685 a
 2.5592977E-4 2.6525086E-4 5.326322E-6 40880 g
 -0.2825158 0.3716998 9.698313 40885 a
 -1.09189605E-5 7.9894835E-7 4.5273737E-6 41083 g
 -0.29867667 0.37110126 9.742006 41087 a
 5.217132E-4 -2.6551716E-4 -2.6178872E-4 41280 g
 -0.28909984 0.4237737 9.739014 41284 a
 2.5539714E-4 -2.6551716E-4 4.5273737E-6 41480 g
 -0.29508537 0.38965634 9.759365 41484 a
 -1.0652644E-5 -2.665824E-4 4.79369E-6 41683 g
 -0.3453636 0.40821138 9.779716 41687 a
 -1.0652644E-5 -2.663161E-7 5.374259E-4 41879 g
 -0.3286042 0.4429273 9.791088 41884 a
 -2.7696876E-4 -2.663161E-7 2.711098E-4 42079 g
 -0.2861071 0.40641573 9.667188 42084 a
 -1.0652644E-5 -2.665824E-4 2.711098E-4 42280 g
 -0.23044191 0.34596214 9.675568 42284 a
 -1.0652644E-5 2.6604978E-4 4.79369E-6 42479 g
 -0.31184477 0.39444473 9.718663 42485 a
 2.5566347E-4 -2.663161E-7 4.79369E-6 42679 g
 -0.28191724 0.41718966 9.6767645 42683 a
 -1.0120012E-5 5.305017E-4 5.5926384E-6 42882 g
 -0.29747957 0.39025488 9.719262 42886 a
 -2.7643613E-4 2.6418557E-4 2.7190874E-4 43078 g
 -0.3357868 0.39743748 9.681553 43082 a
 -2.7643613E-4 -2.1305289E-6 5.5926384E-6 43278 g
 -0.30226797 0.41060558 9.695918 43282 a
 -2.777677E-4 2.6818033E-4 2.7031085E-4 43481 g
 -0.2765303 0.41240123 9.739014 43485 a
 2.548645E-4 -5.30768E-4 2.7031085E-4 43678 g
 -0.29328972 0.42916065 9.721058 43682 a
 -1.1451592E-5 1.8642128E-6 3.9947417E-6 43878 g
 -0.32920274 0.41180268 9.718064 43882 a
 2.828277E-4 8.255799E-6 1.9121496E-4 44078 g
 -0.29807812 0.4369418 9.704897 44082 a
 -2.4980452E-4 5.40888E-4 -7.510114E-5 44277 g
 -0.30406362 0.40043023 9.702502 44281 a
 1.6511598E-5 8.255799E-6 1.9121496E-4 44477 g
 -0.30945057 0.40043023 9.721058 44480 a
 -2.4980452E-4 8.255799E-6 1.9121496E-4 44677 g
 -0.31423897 0.3854665 9.697714 44681 a
 2.828277E-4 -2.5806032E-4 -3.4141724E-4 44877 g
 -0.29688102 0.40940848 9.755774 44880 a
 1.6511598E-5 8.255799E-6 1.9121496E-4 45077 g
 -0.29328972 0.40940848 9.706693 45080 a
 2.828277E-4 8.255799E-6 -7.510114E-5 45277 g
 -0.31603462 0.40940848 9.740809 45280 a
 -5.1612064E-4 2.745719E-4 -7.510114E-5 45476 g
 -0.30885202 0.39025488 9.681553 45480 a
 -2.4980452E-4 8.255799E-6 1.9121496E-4 45676 g
 -0.28909984 0.3681085 9.698911 45680 a
 -7.8243675E-4 8.255799E-6 1.9121496E-4 45877 g
 -0.28550854 0.39205053 9.734824 45880 a
 2.828277E-4 5.40888E-4 1.9121496E-4 46076 g
 -0.31663316 0.4213795 9.72824 46080 a
 -2.4980452E-4 8.255799E-6 -7.510114E-5 46276 g
 -0.30885202 0.3842694 9.766547 46280 a
 1.6511598E-5 8.255799E-6 -7.510114E-5 46476 g
 -0.31423897 0.41958386 9.721656 46480 a
 1.6511598E-5 8.255799E-6 -3.4141724E-4 46675 g
 -0.30765492 0.39025488 9.721058 46679 a
 2.828277E-4 -2.5806032E-4 1.9121496E-4 46876 g
 -0.29688102 0.3800795 9.693524 46880 a
 -2.4980452E-4 5.40888E-4 -7.510114E-5 47076 g
 -0.29568392 0.40043023 9.739613 47079 a
 -2.4980452E-4 8.255799E-6 1.9121496E-4 47275 g
 -0.28491 0.39624038 9.730036 47279 a
 1.6511598E-5 8.255799E-6 1.9121496E-4 47474 g
 -0.30226797 0.42078096 9.746795 47478 a
 1.6511598E-5 8.255799E-6 1.9121496E-4 47674 g
 -0.31124622 0.3890578 9.737817 47678 a
 2.828277E-4 2.745719E-4 1.9121496E-4 47874 g
 -0.30945057 0.36990416 9.71986 47878 a
 2.828277E-4 2.745719E-4 4.5753107E-4 48074 g
 -0.26755205 0.38367084 9.663596 48077 a
 2.828277E-4 -2.5806032E-4 1.9121496E-4 48274 g
 -0.2861071 0.38187516 9.752781 48278 a
 -2.4980452E-4 8.255799E-6 1.9121496E-4 48474 g
 -0.30107087 0.3878607 9.724648 48477 a
 2.828277E-4 2.745719E-4 -7.510114E-5 48673 g
 -0.30585927 0.39803603 9.71986 48677 a
 2.828277E-4 -2.5806032E-4 1.9121496E-4 48874 g
 -0.3196259 0.39564183 9.683948 48878 a
 2.828277E-4 2.745719E-4 1.9121496E-4 49073 g
 -0.30166942 0.3764882 9.685144 49077 a
 1.6511598E-5 8.255799E-6 1.9121496E-4 49274 g
 -0.28550854 0.39384618 9.715671 49277 a
 1.6511598E-5 8.255799E-6 1.9121496E-4 49474 g
 -0.29149407 0.35793316 9.687539 49478 a
 2.828277E-4 8.255799E-6 4.5753107E-4 49673 g
 -0.29807812 0.415394 9.789292 49677 a
 1.6511598E-5 2.745719E-4 1.9121496E-4 49873 g
 -0.3298013 0.3776853 9.744401 49877 a
 -2.4980452E-4 -2.5806032E-4 1.9121496E-4 50073 g
 -0.29807812 0.40282443 9.6845455 50076 a
 -2.4980452E-4 8.255799E-6 1.9121496E-4 50274 g
 -0.30107087 0.3537433 9.672575 50277 a
 1.6511598E-5 -3.2463935E-4 7.4834825E-5 50472 g
 -0.30346507 0.39624038 9.703101 50476 a
 1.6511598E-5 -5.9095543E-4 -1.9148127E-4 50672 g
 -0.30226797 0.39743748 9.739014 50676 a
 1.6511598E-5 -3.2463935E-4 7.4834825E-5 50872 g
 -0.29209262 0.3890578 9.706693 50876 a
 -5.1612064E-4 2.0799288E-4 6.07467E-4 51072 g
 -0.30825347 0.39085343 9.737817 51075 a
 -2.4980452E-4 -3.2463935E-4 3.4115094E-4 51272 g
 -0.29508537 0.39444473 9.705495 51276 a
 2.828277E-4 2.0799288E-4 -1.9148127E-4 51471 g
 -0.28790274 0.37948096 9.696517 51475 a
 1.6511598E-5 -5.832323E-5 7.4834825E-5 51671 g
 -0.28790274 0.3728969 9.660604 51675 a
 2.828277E-4 -3.2463935E-4 3.4115094E-4 51871 g
 -0.30226797 0.39863458 9.731233 51875 a
 2.828277E-4 -5.832323E-5 7.4834825E-5 52070 g
 -0.3321955 0.40402153 9.742006 52074 a
 1.6511598E-5 -3.2463935E-4 7.4834825E-5 52270 g
 -0.30645782 0.39923313 9.722853 52274 a
 1.6511598E-5 2.0799288E-4 7.4834825E-5 52470 g
 -0.27353755 0.39983168 9.664794 52474 a
 1.6511598E-5 -5.832323E-5 7.4834825E-5 52670 g
 -0.30226797 0.36391866 9.69951 52674 a
 1.6511598E-5 -5.832323E-5 7.4834825E-5 52869 g
 -0.29688102 0.38726214 9.742605 52874 a
 -2.4980452E-4 4.74309E-4 7.4834825E-5 53070 g
 -0.30286652 0.40581718 9.75697 53074 a
 1.6511598E-5 -3.2463935E-4 7.4834825E-5 53269 g
 -0.29747957 0.4165911 9.753379 53273 a
 2.828277E-4 -3.2463935E-4 -1.9148127E-4 53469 g
 -0.31184477 0.40342298 9.711481 53473 a
 5.491438E-4 -3.2463935E-4 3.4115094E-4 53670 g
 -0.31783026 0.37469256 9.711481 53674 a
 2.828277E-4 -5.9095543E-4 7.4834825E-5 53868 g
 -0.29807812 0.3776853 9.715072 53873 a
 2.828277E-4 -5.832323E-5 7.4834825E-5 54068 g
 -0.30346507 0.3800795 9.755175 54073 a
 -2.4980452E-4 2.0799288E-4 -1.9148127E-4 54265 g
 -0.30286652 0.37349546 9.728839 54267 a
 -2.4980452E-4 2.0799288E-4 3.4115094E-4 54467 g
 -0.31004912 0.40641573 9.744401 54471 a
 1.6511598E-5 2.0799288E-4 -1.9148127E-4 54667 g
 -0.320823 0.39205053 9.737218 54671 a
 1.6511598E-5 -5.832323E-5 3.4115094E-4 54868 g
 -0.28790274 0.38965634 9.741408 54872 a
 1.6511598E-5 4.74309E-4 7.4834825E-5 55067 g
 -0.2657564 0.3812766 9.72824 55071 a
 1.6511598E-5 -3.2463935E-4 7.4834825E-5 55267 g
 -0.29448682 0.38486794 9.710882 55271 a
 1.6511598E-5 -3.2463935E-4 7.4834825E-5 55466 g
 -0.2873042 0.41838676 9.767146 55470 a
 2.828277E-4 -3.2463935E-4 -1.9148127E-4 55666 g
 -0.31124622 0.3705027 9.747394 55670 a
 1.6511598E-5 -3.2463935E-4 -1.9148127E-4 55866 g
 -0.29807812 0.40342298 9.734225 55870 a
 -5.1612064E-4 2.0799288E-4 7.4834825E-5 56067 g
 -0.30645782 0.3890578 9.6845455 56071 a
 1.6511598E-5 -5.9095543E-4 -1.9148127E-4 56266 g
 -0.28431144 0.3537433 9.700109 56270 a
 -5.1612064E-4 -5.832323E-5 -1.9148127E-4 56465 g
 -0.2825158 0.3669114 9.717466 56469 a
 -7.8243675E-4 2.0799288E-4 7.4834825E-5 56667 g
 -0.28491 0.3609259 9.787497 56670 a
 -2.330266E-4 4.980111E-5 1.6511598E-5 56865 g
 -0.31483752 0.3513491 9.77373 56869 a
 3.3289514E-5 3.1611722E-4 -2.4980452E-4 57065 g
 -0.30286652 0.36272156 9.737218 57069 a
 -4.993427E-4 4.980111E-5 -2.4980452E-4 57265 g
 -0.29209262 0.3693056 9.700109 57269 a
 -2.330266E-4 4.980111E-5 1.6511598E-5 57465 g
 -0.28670564 0.3776853 9.721058 57469 a
 -4.993427E-4 4.980111E-5 -2.4980452E-4 57664 g
 -0.2896984 0.40222588 9.774927 57668 a
 3.3289514E-5 4.980111E-5 1.6511598E-5 57865 g
 -0.28431144 0.39923313 9.718663 57869 a
 3.3289514E-5 4.980111E-5 -5.1612064E-4 58060 g
 -0.30526072 0.40402153 9.723452 58062 a
 3.3289514E-5 -4.828311E-4 -2.4980452E-4 58260 g
 -0.30585927 0.40821138 9.681553 58261 a
 2.9960563E-4 -4.828311E-4 -2.4980452E-4 58465 g
 -0.30346507 0.39983168 9.698313 58468 a
 3.3289514E-5 -2.1651499E-4 -2.4980452E-4 58664 g
 -0.30585927 0.38187516 9.720459 58667 a
 3.3289514E-5 4.980111E-5 -5.1612064E-4 58864 g
 -0.29508537 0.41479546 9.725247 58867 a
 2.9960563E-4 3.1611722E-4 1.6511598E-5 59064 g
 -0.29269117 0.4177882 9.7402115 59068 a
 -2.330266E-4 3.1611722E-4 1.6511598E-5 59264 g
 -0.29688102 0.39085343 9.7324295 59268 a
 3.3289514E-5 4.980111E-5 -2.4980452E-4 59463 g
 -0.31004912 0.38965634 9.698911 59467 a
 -2.330266E-4 -2.1651499E-4 -2.4980452E-4 59663 g
 -0.3238158 0.39564183 9.686341 59666 a
 -2.330266E-4 3.1611722E-4 -2.4980452E-4 59862 g
 -0.30047232 0.4201824 9.681553 59866 a
 3.3289514E-5 4.980111E-5 -2.4980452E-4 60201 g
