 -0.08472607 1.2844759 0.88917065 3 g
 -0.19752164 3.1591492 8.930372 5 a
 -0.037588123 2.0615864 1.5307261 153 g
 -5.3324857 3.4973302 7.60997 154 a
 -0.3334653 0.40962747 0.21059719 357 g
 -4.2658687 4.758476 8.607754 361 a
 -0.64159304 -0.48546097 -0.03867469 554 g
 -2.5713725 4.446631 10.510546 559 a
 0.050296195 -1.4026537 -0.1958012 756 g
 -0.062249243 2.5629928 9.41879 762 a
 0.04603407 -0.846049 -0.25545788 958 g
 0.40821138 4.0617633 9.709086 962 a
 -0.31189477 -0.47853276 -0.036013395 1155 g
 1.6358383 2.6497827 8.937555 1159 a
 -0.07780292 0.18486066 0.40287554 1354 g
 0.08559271 3.6631286 8.446744 1360 a
 0.20822111 0.12014399 -0.1848833 1557 g
 -0.21667525 3.0699651 8.0367365 1561 a
 0.35735813 0.2461115 0.07131279 1754 g
 -0.88046765 2.779668 9.5732155 1758 a
 -0.44878072 0.2261378 -0.1867475 1950 g
 -1.0205284 2.9825768 9.250597 1951 a
 0.012212192 0.016281769 -0.04480156 2151 g
 -0.86969376 3.2650926 9.0794115 2152 a
 0.07453016 -0.065477274 0.11125968 2352 g
 -0.3657143 3.2411506 9.041702 2354 a
 -0.036523655 -0.011415107 0.18609451 2550 g
 -0.64583594 3.4009635 9.138069 2551 a
 -0.016814666 0.014943795 0.16931953 2756 g
 -0.4417302 3.7301662 9.300277 2757 a
 0.14217605 -0.14910692 0.0912889 2948 g
 -0.25198972 3.6086605 8.752005 2950 a
 0.019404324 -0.063353136 0.056934122 3150 g
 0.27593175 3.4973302 9.251794 3151 a
 0.059089154 -0.008240087 0.019390475 3356 g
 0.18854338 3.8947675 9.051279 3360 a
 0.18159457 -0.038866438 -0.13640444 3552 g
 0.8194155 3.6511576 8.765172 3556 a
 0.08119339 -0.09399387 -0.089532815 3749 g
 0.18255788 4.198831 8.289924 3753 a
 -0.014407435 0.07189523 0.04177328 3955 g
 0.050876785 3.7187939 8.632295 3959 a
 -0.04077273 0.2700344 0.029256422 4152 g
 -0.019153614 4.4101195 9.424176 4156 a
 -0.07273066 -0.013858558 -0.15716486 4352 g
 0.40581718 2.9712043 8.684967 4356 a
 -0.13797225 -0.1813943 0.43593177 4554 g
 -0.2681506 3.5763388 9.841366 4558 a
 0.0042405515 0.34644422 0.4761455 4751 g
 0.19512744 2.4223335 8.851364 4755 a
 0.18586813 -0.17260586 -0.30069858 4951 g
 1.553837 3.6762967 9.154829 4954 a
 0.09452517 -0.41363525 -1.0088267 5154 g
 -0.7966706 4.5537715 10.022128 5158 a
 -0.1379688 -0.44878897 -1.6344032 5350 g
 -3.210026 3.1196449 7.0587053 5360 a
 -0.15341513 -0.06342957 -0.61254835 5550 g
 -0.7565677 4.4526167 11.441292 5554 a
 -0.16699591 -1.04188 0.274553 5754 g
 0.3549404 2.3888147 8.013991 5758 a
 -0.03650102 -0.44080454 -0.12119274 5947 g
 0.17776948 4.2293572 8.723274 5948 a
 0.47482592 0.3355069 -0.092963226 6150 g
 -1.3587095 3.1094694 9.027936 6154 a
 0.2439301 0.49636075 -0.07325531 6353 g
 -0.5093664 3.6110547 9.868899 6357 a
 -0.1760504 0.28623736 0.36776417 6546 g
 -0.8242039 3.513491 9.969456 6548 a
 -0.1480872 0.7874443 0.67642456 6750 g
 -0.025139118 3.9079356 8.3150625 6754 a
 0.320096 -0.04026433 0.812511 6952 g
 1.6466122 4.252701 7.2867527 6956 a
 0.29053488 -0.045324337 0.8271584 7146 g
 0.12808979 4.3460746 12.79641 7147 a
 -0.29269737 0.36640036 0.80345625 7349 g
 -0.18555063 4.3658266 8.023568 7353 a
 -0.13051113 0.29955608 0.551787 7552 g
 0.43394905 4.611831 8.792108 7556 a
 -0.16992593 0.1956928 -0.017863153 7745 g
 -0.12988544 4.780622 6.483498 7747 a
 0.3232915 -0.19046555 -0.35661724 7948 g
 -0.85532856 6.0525417 9.020155 7952 a
 0.02554877 0.003950533 -0.48551664 8151 g
 -0.5686229 5.0182467 9.338584 8155 a
 -0.002680738 0.07186114 -0.21573842 8348 g
 -0.25258827 4.185663 7.7931266 8352 a
 0.084670946 0.06147481 -0.033311885 8547 g
 -0.11312603 4.4340615 9.227852 8552 a
 0.05191353 0.14243704 -0.031714786 8746 g
 -0.3788824 4.785411 9.901819 8748 a
 -0.20747836 -0.17021807 -0.2269245 8946 g
 -0.08080431 3.5075054 8.199542 8950 a
 -0.057808705 0.06600431 -0.16780232 9147 g
 -1.6160861 4.123414 8.969278 9151 a
 -0.2391705 0.29716855 -0.31880462 9350 g
 -2.891597 4.394557 9.108741 9354 a
 0.10837201 0.08757778 -0.34889832 9546 g
 -2.468422 2.7802668 10.284293 9551 a
 -0.07458715 -0.07061398 -0.085245386 9746 g
 -2.2260091 4.1341877 9.041104 9750 a
 0.15737338 0.13631684 0.1112943 9949 g
 -1.8303672 4.4340615 8.988432 9953 a
 0.10038173 -0.037054956 0.07028162 10146 g
 -1.5574282 4.289212 7.867945 10150 a
 0.38720417 -0.17580564 -0.16540813 10346 g
 -1.5598224 4.6004586 8.599374 10350 a
 0.09798462 -0.09164869 -0.14303786 10548 g
 -1.5442601 4.570531 9.040505 10552 a
 -0.1454283 -0.090050794 0.024208667 10745 g
 -1.70946 4.4484267 8.575432 10749 a
 -0.04076607 -0.011487545 -0.16088103 10945 g
 -1.7711107 4.2012253 8.863335 10950 a
 0.00477345 0.03538622 0.04684447 11148 g
 -1.7537527 4.557363 8.325238 11152 a
 0.0138281975 0.03884833 0.03672446 11344 g
 -1.4257472 4.3556514 8.467094 11348 a
 0.012762933 -0.023735955 0.06681818 11544 g
 -1.7304093 4.7141833 8.239645 11548 a
 0.078276165 0.047638625 -0.08231991 11747 g
 -2.336741 4.570531 9.475053 11751 a
 0.014093981 0.018077537 0.027668646 11945 g
 -2.2918496 4.900931 8.091804 11949 a
 0.04498665 -0.06288256 -0.051693555 12144 g
 -1.5693992 4.648941 8.636484 12148 a
 -0.050887417 0.03725336 0.06788211 12347 g
 -1.4718355 4.6417584 8.375516 12351 a
 -0.025587386 -0.014145646 0.023939954 12543 g
 -1.4574703 4.373009 8.302493 12547 a
 -0.0013526195 -0.01254775 0.023141006 12743 g
 -1.5215151 4.6004586 8.397662 12747 a
 -0.0072121066 0.028999694 -0.01654116 12946 g
 -1.5209166 4.4861355 8.543709 12950 a
 0.034865838 -0.014409832 0.015416773 13143 g
 -1.7166426 4.8895583 8.508993 13147 a
 0.028740568 -0.0016266588 -0.017073791 13343 g
 -1.5508442 4.63278 8.457518 13347 a
 0.03246846 -5.592638E-4 -0.0034927358 13546 g
 -1.5933412 4.8668137 8.46889 13550 a
 0.048181113 0.006364955 -0.029591715 13743 g
 -1.6525977 4.9254713 8.158242 13747 a
 0.06735587 -0.021598237 -0.008552742 13942 g
 -1.2330139 4.943428 8.051102 13947 a
 0.0628277 -0.030117156 0.021007014 14145 g
 -0.9576807 4.8440685 8.308478 14150 a
 0.05537085 -0.068999305 -0.09430786 14342 g
 -1.3790601 5.4204726 8.128913 14346 a
 -0.021328192 -0.018399248 -0.13452159 14543 g
 -2.4654293 4.7189717 8.874108 14547 a
 -0.020529244 0.07055033 -0.18512166 14742 g
 -2.2744915 4.746505 8.239047 14746 a
 -0.18484628 0.042320825 -0.12706473 14942 g
 -1.8315643 3.9294837 8.255806 14946 a
 -0.16833468 -0.029318208 -0.01015197 15138 g
 -2.1493945 4.0138793 8.334216 15140 a
 -0.061542455 0.0010436928 0.018609105 15344 g
 -1.9979613 4.1880574 8.729858 15348 a
 0.04738083 -0.016266854 0.027397536 15538 g
 -1.8088194 4.3065705 8.188768 15540 a
 0.07561034 -0.03757214 0.05030072 15741 g
 -1.8219875 4.2341456 9.169792 15746 a
 -0.0029531794 -0.15155438 -0.056226254 15943 g
 -1.2000936 4.574721 8.134899 15947 a
 0.18107125 -0.33344826 -0.17686746 16141 g
 -1.5448587 4.5819035 9.068638 16145 a
 -0.084179595 0.123017535 -0.07460207 16341 g
 -1.3652935 4.1611223 8.14687 16345 a
 -0.112941466 0.00397317 -0.05569309 16543 g
 -1.927931 4.3939586 8.546103 16548 a
 0.026075542 0.054839548 -0.05302993 16740 g
 -1.7567455 4.022857 8.724471 16744 a
 -0.104951985 -0.016266854 0.04683861 16940 g
 -1.4891934 3.8989575 8.23366 16945 a
 -0.11640357 -0.07538903 0.06201863 17140 g
 -1.1959038 3.7523127 9.463681 17144 a
 0.14139041 -0.10015643 0.010885937 17339 g
 -1.2826935 4.856638 8.22528 17343 a
 0.22235051 -0.08684062 -0.078063644 17538 g
 -1.0833763 4.894945 8.558074 17543 a
 0.20876813 -0.10175326 -0.05436204 17742 g
 -1.2479776 5.133767 8.162432 17746 a
 0.06362585 -0.023456324 -0.050100982 17945 g
 -1.0869676 4.8865657 8.523956 17951 a
 -0.053819556 0.069488 0.023135945 18138 g
 -1.1893197 4.565144 8.605359 18142 a
 -0.13211623 0.0021089572 0.005825931 18341 g
 -1.158195 4.601057 8.175002 18346 a
 -0.044498228 0.055638496 0.007423828 18538 g
 -1.7070658 4.5860934 8.365939 18542 a
 -0.11720252 0.20371024 0.061486 18738 g
 -1.6705543 4.4562078 8.388085 18742 a
 -0.05195481 -0.031447936 -0.009886187 18941 g
 -1.4197617 4.2640734 8.541314 18945 a
 -0.039970584 0.017554225 0.069476016 19137 g
 -1.5795746 4.19105 8.977059 19142 a
 -0.10042434 -0.0026857979 0.069209695 19337 g
 -1.1827357 3.9827545 8.376115 19342 a
 -0.0053492254 -0.038372956 0.09051552 19541 g
 -2.541445 4.449025 9.919178 19545 a
 -0.0892388 0.06122927 0.011685951 19737 g
 -1.0821792 4.162918 8.503606 19742 a
 0.050310843 -0.1350457 0.07134076 19936 g
 -1.5783775 3.8827965 10.522516 19941 a
 -0.10148934 0.034065027 -0.016809873 20137 g
 -0.5374983 4.020463 7.9852614 20142 a
 0.032733977 -0.20881526 -0.054893076 20336 g
 -0.089184016 3.8672342 8.902839 20340 a
 -0.031181887 -0.21707106 -0.19231218 20536 g
 -1.0301052 3.5446155 8.109759 20543 a
 0.06975219 -0.008013984 -0.35449818 20738 g
 -1.650802 3.8983588 8.335413 20743 a
 0.09718274 -0.09190356 -0.06048518 20935 g
 -0.2136825 4.224569 8.653842 20940 a
 0.2865335 0.15097673 0.21595094 21135 g
 -0.24720132 4.4897265 8.514978 21140 a
 -0.020795027 0.052705023 0.05083522 21338 g
 -1.2006922 4.5699325 9.2865095 21343 a
 -0.12785411 -0.08205093 -0.071403876 21535 g
 -0.825401 4.404134 8.5143795 21538 a
 -0.019996079 -0.067936175 -0.070338614 21734 g
 -0.39264908 4.004901 8.566454 21738 a
 -0.02851846 0.015689215 0.07134076 21937 g
 -0.7338228 4.3089647 8.804677 21942 a
 -0.022925822 0.02421133 0.028996497 22134 g
 -0.45010993 4.044405 8.731055 22138 a
 -0.0655364 -0.024790835 0.030061763 22334 g
 -0.75716627 4.0587707 9.054273 22338 a
 -0.04343216 0.012493421 -0.052229915 22534 g
 -1.1558008 4.2981906 8.911818 22538 a
 0.027940555 0.055902947 -0.09617207 22734 g
 -0.9475053 4.257489 8.802881 22738 a
 0.09904695 0.07241455 -0.054360446 22933 g
 -1.3269863 4.4663835 8.661623 22938 a
 0.020217653 0.13206829 -0.074333616 23131 g
 -1.4532804 4.179079 8.561666 23133 a
 0.01222817 0.044183973 0.01461596 23330 g
 -1.7226281 4.396353 8.591593 23331 a
 -0.024523452 -0.08657724 -0.05382728 23533 g
 -1.4000094 4.2610803 8.818443 23537 a
 -0.040236104 0.050841875 0.08625499 23733 g
 -0.3465607 3.870227 8.359355 23737 a
 -0.077520356 -0.16940154 0.15043718 23933 g
 -0.92535895 4.0563765 8.272566 23937 a
 0.07001877 -0.0010897655 0.057492852 24133 g
 -0.75716627 3.9270895 8.634089 24137 a
 -0.030115824 0.0021038973 -0.018140122 24335 g
 -0.7266402 3.594894 9.339781 24339 a
 -0.07592219 0.0566987 0.023937823 24532 g
 -0.3357868 4.008492 8.781333 24536 a
 -0.036773726 -0.1864479 0.04417785 24732 g
 -0.47644615 3.899556 8.82802 24736 a
 0.017023193 -0.045837265 -0.035182223 24935 g
 -0.9792285 4.0294414 8.562862 24939 a
 -0.0887043 0.02713335 -0.12546338 25132 g
 0.22385786 3.4225113 8.8884735 25136 a
 -0.18883915 -0.14171106 0.023673637 25332 g
 -0.09756372 2.9496565 9.236232 25336 a
 -0.10255168 -0.20163618 -0.05834986 25534 g
 -2.3110032 3.5913026 11.452065 25547 a
 -0.009341038 0.12113894 -0.12439626 25732 g
 0.09876082 3.2914288 9.148245 25735 a
 0.0013116068 -0.25756258 0.21142836 25930 g
 0.31004912 3.3530796 9.446921 25935 a
 0.11742543 0.034586206 0.15736619 26133 g
 0.19871874 3.5434184 9.167398 26137 a
 0.0050400323 -0.056760218 0.10863034 26331 g
 0.61291564 3.364452 9.632472 26334 a
 -0.009341038 -0.025334917 0.1227451 26531 g
 0.80564886 3.3602622 9.163208 26535 a
 0.064961955 -0.09591082 0.103038765 26733 g
 1.2539631 3.74094 8.143278 26737 a
 0.119556755 -0.08419291 0.12913774 26930 g
 0.7870938 4.0264487 9.674969 26934 a
 -0.029846579 0.05615568 0.043117642 27132 g
 0.86370826 3.0657754 9.276335 27136 a
 0.01356268 -0.1049645 0.100907706 27334 g
 2.4319103 3.6002808 8.400057 27337 a
 0.019954266 -0.021873873 -0.01573875 27530 g
 1.8148049 3.2603042 8.896255 27534 a
 -0.07805006 0.052162003 -0.23305269 27729 g
 -0.037708677 3.2662897 9.275736 27733 a
 -0.06766347 0.10755469 -0.29057643 27932 g
 -0.06284779 4.032434 8.689755 27936 a
 0.11289886 0.2513654 -0.027456125 28126 g
 -0.006584055 3.5541923 9.14585 28128 a
 -0.046624493 0.051095676 0.08732612 28328 g
 1.1749545 3.1352072 9.196728 28333 a
 -0.055945292 -0.075139225 -0.028787173 28532 g
 -0.16101007 3.638588 8.520366 28536 a
 -0.15661278 -0.22134677 -0.15581995 28728 g
 0.9540894 2.7377696 9.009979 28733 a
 -0.16593385 0.09903151 -0.010943994 28928 g
 1.6531962 2.9287071 8.504205 28933 a
 0.10544254 -0.25916472 0.25084502 29132 g
 1.1252748 2.8485014 8.000824 29136 a
 0.025281388 0.0702683 0.023144733 29328 g
 -0.54767364 2.834735 9.594764 29332 a
 -0.06819557 0.22206849 -0.031450067 29528 g
 1.6160861 3.0478187 8.289924 29532 a
 0.10970359 -0.08312977 0.25963345 29728 g
 1.0893618 2.9538465 9.433155 29733 a
 -0.06739662 0.0867799 0.12860592 29927 g
 0.24720132 3.4751837 9.095572 29932 a
 0.0042424155 -0.023474965 -0.033047963 30127 g
 1.6711528 2.202067 9.446322 30131 a
 -0.017062606 -0.0027031086 0.14298752 30331 g
 0.24361002 3.7044287 8.525154 30334 a
 -0.028247884 -0.025339978 -0.158216 30526 g
 0.770933 2.919729 9.96347 30531 a
 -0.14036697 0.053489592 -0.010943195 30726 g
 1.7914615 2.8927941 8.48146 30731 a
 0.0047755805 -0.314294 -0.077788 30928 g
 1.2605472 1.9303252 7.7709804 30933 a
 -0.07245609 -0.12148116 -0.26207876 31126 g
 2.1763294 1.484405 9.633669 31131 a
 -0.4231944 -0.1337317 0.052973203 31326 g
 1.9015948 2.2798786 9.377489 31331 a
 0.08706752 -0.21602444 0.13127068 31529 g
 1.453879 3.1160536 9.312247 31533 a
 0.11742756 -0.14092329 0.085197985 31725 g
 3.0107086 1.0348936 8.793304 31729 a
 -0.04875369 -0.0863285 0.16908756 31925 g
 1.513734 1.7298107 10.102334 31929 a
 -0.050617106 0.30941403 -0.12119567 32128 g
 3.1465795 2.1799207 8.215105 32132 a
 0.17974633 -0.23493607 0.106504604 32325 g
 1.9913772 2.255338 9.355343 32329 a
 -0.008006527 0.060941115 -0.11586934 32525 g
 0.25258827 1.9387048 13.057378 32529 a
 -0.039166044 0.44603634 -0.14516492 32727 g
 2.372654 2.2140381 8.499416 32732 a
 0.06869198 -0.21469392 0.13047226 32924 g
 0.973243 2.896984 9.51336 32928 a
 0.024217188 0.040969536 -0.16114388 33123 g
 1.5586253 2.4468741 9.753379 33128 a
 -0.024519192 -0.026672624 -0.0029531794 33328 g
 0.7661445 2.8000188 10.680533 33332 a
 0.041260887 0.22792557 -0.018399514 33524 g
 1.2084733 3.116652 7.2699933 33529 a
 -0.15128566 -0.20110968 -0.11853437 33724 g
 1.204882 2.7281928 9.109339 33728 a
 -0.021322599 0.07399167 -0.010941065 33928 g
 2.415151 1.6980876 6.0639143 33932 a
 0.1389997 -0.0346653 0.14085911 34124 g
 3.493739 1.2425907 8.3821 34128 a
 -0.15474696 0.12379278 0.0042389533 34323 g
 -1.6843209 3.1310172 12.952033 34328 a
 -0.0024138892 0.04150004 -0.44157395 34526 g
 0.7990648 3.6553473 8.5383215 34530 a
 0.2995886 -0.21789184 0.033267677 34723 g
 1.30484 3.954024 8.959103 34726 a
 0.73687965 0.2854456 0.06043192 34922 g
 0.54767364 4.982932 8.441956 34926 a
 0.3584447 0.19143493 -0.07086139 35126 g
 0.45669398 5.0439844 8.133701 35130 a
 0.06789383 -0.009900035 0.0063702813 35322 g
 0.7368156 4.630386 8.549096 35326 a
 -0.043958936 0.05880952 0.04338822 35522 g
 0.54647654 4.911705 8.433576 35526 a
 -0.14755617 0.022857912 -0.014402907 35725 g
 0.46926352 4.3077674 8.662222 35735 a
 -0.088167675 0.037771612 0.018353973 35922 g
 0.50397944 4.2916064 9.040505 35926 a
 -0.040763408 0.08251272 -5.544701E-4 36121 g
 0.15622166 4.3077674 8.68796 36125 a
 -0.031175762 -0.022416892 0.020485034 36324 g
 0.40821138 4.2981906 8.970475 36328 a
 -0.0066746804 0.02525369 0.009832391 36521 g
 0.44532153 4.3688197 8.455123 36525 a
 0.00903797 -0.0067042415 0.026610306 36721 g
 -0.25797522 4.879383 8.781932 36725 a
 -0.0098699415 0.07505294 0.0013113405 36923 g
 0.08200141 4.1635165 8.701726 36927 a
 -0.035702605 0.2332447 0.0750809 37121 g
 0.3537433 3.4805708 8.465299 37125 a
 -0.14622378 0.07904768 0.114762 37320 g
 0.41599256 3.7780502 9.27394 37324 a
 -0.05194762 -0.12335362 0.06176563 37524 g
 -1.2485762 4.4238863 11.291056 37528 a
 -0.027446538 0.022587601 -0.044760812 37720 g
 0.207697 4.0581717 8.949526 37724 a
 -0.09349293 -0.31563386 0.034867704 37920 g
 0.33279404 3.8235402 9.487024 37924 a
 0.03513828 -0.13693787 -0.15102014 38123 g
 0.2777274 3.6924577 9.179369 38127 a
 -0.016260728 0.053744454 0.009568471 38320 g
 0.97982705 3.6367924 9.160215 38324 a
 -0.009869142 0.010068613 0.010633736 38519 g
 0.23343466 3.8732197 9.519346 38523 a
 -0.038897596 -0.016562998 -0.016530506 38720 g
 0.90261406 3.6170402 9.264363 38724 a
 2.5086978E-4 -0.01097036 0.020221116 38918 g
 0.85054016 3.5847185 9.054871 38923 a
 -0.017592309 -0.021623004 0.029009547 39118 g
 0.6242881 3.684078 8.959702 39123 a
 0.017030116 -0.0051167314 -0.021854166 39322 g
 0.57041854 3.5853171 9.003994 39326 a
 0.008241684 0.007932758 0.008239554 39518 g
 1.0785879 3.8498764 9.232041 39523 a
 -0.05221207 0.012992764 0.04738802 39718 g
 0.107140526 3.9228995 8.742428 39722 a
 0.063369386 0.15706898 0.053513825 39921 g
 1.0534488 3.3572693 9.471462 39925 a
 -0.10867082 0.061994128 0.10730968 40117 g
 0.94211835 3.2561142 8.901642 40122 a
 0.0045135254 -0.064506024 0.026349582 40317 g
 -0.23044191 3.5954924 9.651027 40321 a
 -0.0466189 0.0031372036 -0.03463654 40521 g
 1.0773908 3.4099417 8.636484 40525 a
 0.03540646 -0.10498714 0.036203545 40717 g
 0.91338795 2.8443117 10.8182 40721 a
 -0.12997584 0.042019356 -0.034103908 40916 g
 0.7787141 3.5853171 8.653243 40928 a
 0.16030899 -0.10738505 0.02022511 41120 g
 1.1875241 3.4452562 8.438364 41124 a
 0.12755209 0.11312469 0.05244936 41316 g
 -0.06464344 3.2956185 9.560646 41320 a
 0.07215835 0.52085465 -0.045288652 41516 g
 -0.7212533 4.6459484 9.174581 41521 a
 0.22555643 0.35520604 -0.018657042 41716 g
 -1.9285295 5.645528 7.825448 41721 a
 0.31743547 0.24282064 -0.011732822 41916 g
 -0.40043023 4.047398 9.622895 41920 a
 -0.21812621 -0.063442886 0.40931293 42116 g
 0.015562311 4.1066546 8.656237 42121 a
 0.009574597 -0.3015316 0.17522214 42315 g
 1.283292 4.4783545 8.557475 42316 a
 -0.054873902 -0.3555938 0.16110739 42515 g
 0.8900445 4.8841715 8.160038 42519 a
 0.19173482 -0.0032575787 0.1975927 42715 g
 1.3479356 4.6657004 6.401497 42719 a
 0.16536953 0.08116463 0.10438207 42915 g
 -0.31483752 5.855619 9.2625675 42919 a
 -0.10893607 0.209529 -0.13077506 43114 g
 0.76075757 4.57113 9.677363 43120 a
 -0.13157295 -0.14200827 -0.46819755 43314 g
 -1.769315 5.080496 10.964247 43318 a
 -0.09135868 -0.104992464 -0.98271924 43517 g
 -0.46567222 4.6112323 8.230667 43521 a
 0.27296177 -0.58968776 -0.67885256 43714 g
 -0.87328506 4.3143516 8.397064 43718 a
 0.33181763 -0.06184925 -0.56353766 43914 g
 -1.4532804 5.2786164 8.701726 43918 a
 0.060974937 -0.1382849 -0.36060345 44118 g
 -0.20350714 4.381389 7.4693108 44122 a
 -0.2737844 0.2105892 -0.22211908 44313 g
 -1.8776526 4.000711 8.784326 44317 a
 -0.5891027 0.18528916 -0.33770028 44513 g
 -3.163339 3.8025908 9.226655 44517 a
 -0.6290501 -0.15239966 -0.2639307 44714 g
 -1.1953052 1.7328035 8.933365 44718 a
 0.19253509 -0.0820922 -0.26606125 44913 g
 -2.3307555 2.059612 10.555437 44917 a
 -0.086830504 0.07317008 -0.1725843 45113 g
 -2.0326772 2.486977 9.992201 45118 a
 0.01809831 -0.05546166 -0.13077213 45316 g
 -2.7850552 2.6641479 8.805874 45320 a
 0.05724678 0.114980645 -0.21173222 45512 g
 -2.4301147 2.3702598 8.726865 45516 a
 -0.106803946 -0.006193181 -0.09002576 45712 g
 -2.5103204 1.8339585 10.763732 45716 a
 -0.2639299 -0.115384914 0.041269142 45915 g
 -2.328361 1.6011224 9.594764 45926 a
 -0.105471835 -0.1547997 0.09133657 46113 g
 -1.1348516 1.2294226 8.317456 46116 a
 -0.03489806 -0.058126952 0.06736812 46312 g
 -1.8579005 1.5394717 7.2286935 46316 a
 0.1517898 0.18927965 0.17788957 46515 g
 -2.1649568 2.1745336 6.0022635 46518 a
 0.042600192 -0.41552424 -0.2135951 46711 g
 -1.2773066 2.8694508 10.864887 46715 a
 -0.5661984 -0.7137983 0.10997897 46911 g
 -1.6394296 2.1045034 10.847529 46915 a
 -0.031169372 0.12616272 -0.040489636 47112 g
 0.16639702 1.4610616 10.636241 47117 a
 -0.02850621 -0.8911648 -0.8666022 47311 g
 -1.1192893 -2.2104468 8.14268 47315 a
 -0.011461979 1.3011494 -0.7757884 47511 g
 -3.6218286 1.9117701 11.54903 47515 a
 -0.01865198 -0.065587 -0.52784705 47714 g
 0.741604 0.25917232 8.145074 47718 a
 -0.023445671 -0.9042164 0.103322126 47910 g
 0.40521863 -0.15861586 9.69532 47915 a
 -0.39042926 0.060114205 0.037808366 48111 g
 0.52612585 -0.13587095 9.700109 48115 a
 7.888283E-4 -0.020578511 2.5726136E-4 48313 g
 0.4950012 -0.05566519 9.698911 48317 a
 -1.0120012E-5 -3.3848776E-4 -9.054747E-6 48510 g
 0.5566519 -0.18076223 9.731233 48514 a
 2.561961E-4 -8.7111996E-4 -2.7537087E-4 48706 g
 0.49440265 -0.062249243 9.686341 48708 a
 2.564624E-4 -7.323693E-5 -5.4115435E-4 48913 g
 0.52373165 -0.14724341 9.721656 48916 a
 -9.853696E-6 -3.3955302E-4 -8.522115E-6 49110 g
 0.52732295 -0.12270284 9.722255 49114 a
 -9.853696E-6 4.593953E-4 -8.522115E-6 49309 g
 0.5105635 -0.12270284 9.7162695 49313 a
 2.5726136E-4 -7.6166405E-5 -6.9242187E-6 49512 g
 0.5117606 -0.15322891 9.737817 49516 a
 2.5726136E-4 1.901497E-4 -6.9242187E-6 49708 g
 0.52373165 -0.10235212 9.726444 49713 a
 2.5726136E-4 1.901497E-4 -2.7324032E-4 49908 g
 0.53809685 -0.14903906 9.716867 49913 a
 -2.7510454E-4 1.8908443E-4 -2.7297402E-4 50112 g
 0.51714754 -0.12090719 9.685743 50116 a
 2.575277E-4 -3.4354778E-4 -2.7297402E-4 50308 g
 0.5093664 -0.11911154 9.685743 50312 a
 2.575277E-4 1.8908443E-4 -2.7297402E-4 50508 g
 0.53211135 -0.1376666 9.706693 50513 a
 2.5806032E-4 1.8695391E-4 -2.7190874E-4 50711 g
 0.5255273 -0.12330139 9.693524 50715 a
 -8.255799E-6 -3.456783E-4 -5.382249E-4 50907 g
 0.53809685 -0.14604631 9.68694 50912 a
 -8.255799E-6 -7.93622E-5 -2.7190874E-4 51107 g
 0.51714754 -0.10534488 9.703101 51111 a
 -7.9894835E-6 -8.042747E-5 -2.713761E-4 51310 g
 0.51475334 -0.12090719 9.734225 51314 a
 -2.7430558E-4 -8.042747E-5 -5.060006E-6 51507 g
 0.5081693 -0.11971009 9.725846 51511 a
 -7.9894835E-6 1.8588864E-4 -2.713761E-4 51707 g
 0.5351041 -0.12629414 9.710283 51711 a
 -2.748382E-4 -7.829694E-5 -6.1252704E-6 51910 g
 0.5177461 -0.12689269 9.731832 51914 a
 -2.748382E-4 -3.4461304E-4 -6.1252704E-6 52106 g
 0.51714754 -0.10414778 9.718064 52111 a
 7.904262E-4 -3.4461304E-4 -5.387575E-4 52306 g
 0.516549 -0.12150574 9.752182 52310 a
 2.5859295E-4 1.8482338E-4 -4.5273737E-6 52510 g
 0.504578 -0.10414778 9.700109 52514 a
 2.5859295E-4 -6.1412493E-4 -2.7084348E-4 52706 g
 0.521936 -0.1412579 9.715072 52710 a
 5.2490906E-4 -3.4780885E-4 -2.7084348E-4 52905 g
 0.5231331 -0.13826515 9.714474 52910 a
 2.5859295E-4 -8.1492726E-5 -2.7084348E-4 53106 g
 0.5141548 -0.11312603 9.726444 53111 a
 -7.723167E-6 -8.1492726E-5 -2.7084348E-4 53305 g
 0.51355624 -0.14185645 9.720459 53310 a
 5.2490906E-4 -8.1492726E-5 -2.7084348E-4 53505 g
 0.5279215 -0.11492168 9.723452 53510 a
 5.246427E-4 -3.4674356E-4 -5.376922E-4 53707 g
 0.51116204 -0.1400608 9.70789 53712 a
 5.246427E-4 -3.4674356E-4 -5.376922E-4 53904 g
 0.50757074 -0.11432313 9.734824 53908 a
 2.5832662E-4 1.8588864E-4 -2.713761E-4 54104 g
 0.5201403 -0.13347675 9.718064 54108 a
 2.5912558E-4 4.4927528E-4 -5.3636066E-4 54307 g
 0.5189432 -0.11611878 9.68694 54311 a
 -7.1905347E-6 1.8295916E-4 -2.7004452E-4 54504 g
 0.5291186 -0.109534726 9.727641 54508 a
 2.5912558E-4 -8.335694E-5 -2.7004452E-4 54704 g
 0.52732295 -0.11492168 9.734824 54708 a
 -6.6579028E-6 4.4714473E-4 -5.352954E-4 54907 g
 0.5189432 -0.108936176 9.746795 54911 a
 2.596582E-4 4.4714473E-4 -5.352954E-4 55103 g
 0.51954174 -0.11671733 9.722255 55107 a
 2.596582E-4 -8.548747E-5 -2.6897926E-4 55303 g
 0.52253455 -0.13467385 9.727043 55307 a
 2.5939188E-4 -8.442221E-5 -2.695119E-4 55507 g
 0.5374983 -0.14305355 9.718064 55511 a
 2.5939188E-4 -8.442221E-5 -2.695119E-4 55704 g
 0.5267244 -0.13108255 9.737817 55707 a
 -6.9242187E-6 1.818939E-4 -5.35828E-4 55900 g
 0.5303157 -0.130484 9.757569 55901 a
 -6.1252704E-6 1.786981E-4 -2.67914E-4 56105 g
 0.5243302 -0.12449849 9.706693 56109 a
 5.265069E-4 1.786981E-4 -8.005462E-4 56302 g
 0.5327099 -0.12629414 9.733028 56306 a
 2.6019083E-4 1.786981E-4 -1.5978967E-6 56504 g
 0.53929394 -0.12569559 9.745598 56508 a
 -5.5926384E-6 -8.974853E-5 -2.6684874E-4 56701 g
 0.53809685 -0.107140526 9.709086 56703 a
 2.6072346E-4 1.7656758E-4 -5.326322E-7 56902 g
 0.5255273 -0.13706805 9.718663 56906 a
 -5.5926384E-6 4.428837E-4 -5.326322E-7 57102 g
 0.51954174 -0.12270284 9.704298 57106 a
 -2.7164244E-4 1.7576863E-4 -2.665824E-4 57304 g
 0.5279215 -0.13108255 9.712079 57308 a
 5.273059E-4 -9.054747E-5 -5.328985E-4 57501 g
 0.54408234 -0.12749124 9.7084875 57505 a
 5.273059E-4 -9.054747E-5 -2.665824E-4 57701 g
 0.5351041 -0.11492168 9.6923275 57705 a
 2.609898E-4 1.7576863E-4 -2.665824E-4 57902 g
 0.5129577 -0.1376666 9.69113 57906 a
 2.609898E-4 1.7576863E-4 -2.665824E-4 58101 g
 0.5177461 -0.14305355 9.722853 58105 a
 -2.7164244E-4 1.7576863E-4 -5.328985E-4 58301 g
 0.53211135 -0.108936176 9.698313 58304 a
 2.6152242E-4 1.736381E-4 -5.3183327E-4 58500 g
 0.51475334 -0.1364695 9.737817 58502 a
 2.6152242E-4 -9.2678005E-5 2.6711504E-4 58701 g
 0.54049104 -0.11731588 9.712079 58705 a
 -4.79369E-6 1.736381E-4 7.9894835E-7 58900 g
 0.51475334 -0.1340753 9.730036 58904 a
 -4.2610577E-6 1.7150758E-4 -2.644519E-4 59102 g
 0.516549 -0.12210429 9.709086 59106 a
 -2.7057718E-4 -9.4808536E-5 -2.644519E-4 59299 g
 0.5069722 -0.12868834 9.694721 59303 a
 -4.2610577E-6 -9.4808536E-5 -2.644519E-4 59500 g
 0.5374983 -0.1352724 9.743204 59503 a
 2.6152242E-4 -9.2678005E-5 -5.3183327E-4 59702 g
 0.5189432 -0.12808979 9.698911 59706 a
 2.6152242E-4 -6.2531023E-4 -2.6551716E-4 59899 g
 0.51595044 -0.12689269 9.710882 59903 a
 -4.79369E-6 1.736381E-4 -5.3183327E-4 60224 g
