 -0.1266365 0.19852215 -0.15338317 2 g
 7.019799 2.428319 6.409278 4 a
 -0.035023764 0.112235725 0.05088129 120 g
 6.8719573 2.345719 6.108207 124 a
 -0.051270645 0.08214733 2.7909927E-4 323 g
 7.120356 2.6868927 6.691794 327 a
 -0.030231671 0.008111456 -0.08973575 519 g
 6.9545574 2.6803088 6.347627 523 a
 0.043804206 -0.026509637 -0.1403358 720 g
 6.6726403 3.1627405 6.649895 724 a
 0.087212935 0.031816784 -0.08574207 922 g
 6.6612678 3.3225534 6.3260794 925 a
 0.060581323 -0.00546747 -0.048457813 1119 g
 6.6893997 3.176507 6.4846954 1123 a
 -0.010791395 0.003587278 0.04848125 1319 g
 6.6720414 3.0424318 6.4122705 1323 a
 -0.012920592 -0.01372753 0.054075487 1521 g
 6.601413 2.8975825 6.4182563 1525 a
 -0.032361668 -0.0014769891 0.03197125 1718 g
 6.7624226 2.677316 6.3404446 1722 a
 -0.051270112 -0.06912128 0.09748501 1918 g
 7.04434 2.5929205 6.235698 1922 a
 -0.04727484 -0.02890968 0.15394482 2121 g
 7.295731 2.5181017 6.4745197 2125 a
 -0.21318977 0.015298795 -0.00717642 2318 g
 6.892308 1.6950948 6.5259953 2322 a
 -0.51226276 -0.09282555 -0.2961294 2518 g
 6.523601 2.0925324 6.872556 2522 a
 0.007853129 0.13407364 -0.16696529 2719 g
 6.007052 2.6270378 6.8492126 2723 a
 0.1495333 0.107442036 0.051147606 2918 g
 6.2099605 2.56419 6.9240313 2922 a
 0.008119445 0.057108294 -0.011170363 3118 g
 6.715137 2.202067 6.899491 3122 a
 0.11970643 -0.029446572 0.18430646 3320 g
 6.851607 2.384625 6.467337 3324 a
 0.047801077 -0.104281396 0.020522052 3518 g
 6.736685 2.4797945 6.56131 3522 a
 -0.05632852 0.05044826 -0.11796232 3718 g
 6.5032506 2.9215245 6.730101 3721 a
 0.0073218285 0.09252434 -0.17229001 3919 g
 5.707777 3.0723593 7.2179193 3923 a
 -0.036354013 0.15750547 -0.1374026 4115 g
 5.5898623 3.482965 6.9982514 4119 a
 -0.025168736 0.044853758 -0.014098242 4315 g
 5.886145 3.0885203 7.01142 4320 a
 -0.012650814 -0.0028210864 0.0058767977 4518 g
 6.181829 2.6868927 6.880337 4522 a
 0.025965022 -0.043034818 0.024252608 4715 g
 6.6265516 3.0053217 6.794146 4719 a
 0.08854931 -0.093901195 0.060205285 4914 g
 6.4110737 2.7365725 6.869563 4919 a
 -0.027030285 -0.07419913 0.13211276 5113 g
 7.0664864 2.2349873 6.489484 5114 a
 -0.02543239 -0.1911119 0.339573 5314 g
 7.399879 1.5454572 6.066907 5319 a
 0.21718158 -0.16980661 0.44423524 5514 g
 7.1808095 2.5552118 6.323685 5519 a
 0.81852496 -0.053431533 0.4990982 5717 g
 6.84203 4.325724 5.9250507 5721 a
 -0.2057268 0.17746453 -0.40797445 5915 g
 6.8731546 2.2972364 6.1249666 5920 a
 -0.078694016 -0.07420419 0.017066069 6114 g
 7.21373 1.8177977 5.5982423 6119 a
 0.10000409 -0.27527285 0.117999874 6314 g
 7.5680714 1.9829975 6.184223 6319 a
 -0.11278247 0.10982024 -0.07720983 6513 g
 7.32925 1.7621324 5.366603 6518 a
 0.025701901 -0.076334715 0.010940799 6713 g
 7.3843164 2.3876176 5.9651537 6718 a
 -0.09280877 0.10662445 -0.16722468 6914 g
 6.839037 2.9107506 5.8520274 6919 a
 0.029430326 0.0099517 0.036507145 7113 g
 7.281366 2.8203697 6.1489086 7118 a
 -0.37537014 0.06188334 -0.1792089 7313 g
 6.944382 1.3563153 6.420052 7317 a
 -0.34607485 0.065609634 -0.26070082 7515 g
 6.4086795 2.7132292 6.6983776 7520 a
 0.25713113 0.14284131 0.03544268 7713 g
 7.132327 2.046444 6.5241995 7717 a
 -0.057121877 0.053092778 -0.03832688 7912 g
 6.9581485 2.9299042 6.8228765 7917 a
 0.10373252 -0.019076755 -0.072948776 8114 g
 7.233482 3.1615434 6.5870476 8119 a
 0.065383 0.06507914 -0.22261843 8311 g
 5.7484784 3.1094694 7.0527196 8315 a
 0.020109262 0.3553637 -0.21755843 8512 g
 6.3512187 4.045004 7.109582 8517 a
 0.19907422 -0.08406001 0.27406192 8714 g
 5.9926867 2.3511062 7.4926543 8718 a
 -0.19027993 0.36281842 0.54943275 8911 g
 4.0857053 0.8451532 7.8368206 8915 a
 -0.15565884 0.41475004 0.42959052 9111 g
 6.7510505 3.50571 7.0515227 9115 a
 0.46246058 -0.5644932 -0.266294 9313 g
 6.0142345 4.0294414 6.233304 9317 a
 0.10985806 -0.49125627 -0.14352228 9511 g
 7.965509 2.055422 6.3584013 9515 a
 -0.32157403 -0.06435156 0.021061076 9710 g
 7.7009497 2.4121583 5.6820393 9714 a
 0.31811726 -0.32587397 0.25169083 9911 g
 8.924387 3.1322143 3.751714 9915 a
 0.31252462 -0.92934626 0.018397916 10110 g
 8.508394 3.0998926 4.0587707 10118 a
 -0.014245248 3.6325518E-4 -0.022082133 10310 g
 7.73806 2.9484594 4.667496 10314 a
 -0.0928085 0.2557604 -0.0127610685 10510 g
 7.8571715 2.8736405 4.8757915 10514 a
 -0.13941382 0.20249718 -0.01542423 10709 g
 7.972093 2.6755204 6.0968347 10713 a
 -0.18522018 0.3151489 -0.04898006 10909 g
 7.833828 2.9442697 5.708974 10913 a
 -0.12716274 -0.063821055 0.07965142 11115 g
 7.5549035 2.8161798 5.793968 11119 a
 -0.35725987 0.033650637 -0.19199102 11310 g
 6.241085 1.5370775 6.275801 11313 a
 -0.40173465 0.24723616 -0.57761675 11508 g
 6.7306995 3.1453824 6.941988 11512 a
 -0.19587204 0.10582124 -0.21462734 11711 g
 7.2382703 2.204461 5.8478374 11715 a
 0.085890405 -0.21349177 0.11054462 11908 g
 6.949769 2.4438813 6.341043 11912 a
 -0.007852863 -0.019081017 0.06340667 12108 g
 7.6764092 2.337938 5.949591 12112 a
 -6.6232815E-4 -0.121080086 0.09962566 12309 g
 7.7063365 2.8814218 5.810129 12312 a
 0.25260428 -0.09178531 0.17073207 12508 g
 7.181408 2.4774003 6.18542 12511 a
 -0.019304456 0.28185618 -0.06602296 12707 g
 6.2195373 2.5372553 7.079654 12711 a
 -0.16284937 0.41634795 -0.2748156 12910 g
 6.097433 3.027468 7.131728 12914 a
 0.027034014 0.14630342 -0.2005134 13104 g
 6.015432 3.578733 7.3286514 13106 a
 0.103466734 0.14550447 -0.12940699 13303 g
 4.2916064 2.5611973 7.3029137 13305 a
 -0.12583117 0.22300139 -0.19625206 13510 g
 5.964555 3.3249476 7.1885905 13518 a
 -0.058186874 -0.12587272 -0.1291404 13707 g
 6.154894 2.9634233 6.8761473 13711 a
 0.08242803 -0.20230544 0.11187567 13906 g
 6.0926447 3.448249 7.1353197 13910 a
 0.009190569 -0.083792634 0.08684116 14110 g
 5.8963203 3.1064768 6.9383965 14113 a
 -0.03049053 -0.044910483 0.089238 14306 g
 6.432023 2.9975405 6.983288 14310 a
 4.0213732E-4 -0.042779956 0.059410594 14506 g
 6.2883706 3.0023289 6.743269 14510 a
 0.036090095 -0.02094736 -0.009829462 14709 g
 6.021417 3.5033157 6.7654157 14713 a
 0.085092254 0.008613728 -0.098512724 14906 g
 5.9717374 3.6116533 6.3111157 14910 a
 0.10746281 0.012342154 -0.037526336 15106 g
 6.5110316 3.3758245 6.8043213 15118 a
 0.04913958 0.02006532 0.22799082 15305 g
 6.6923923 3.198055 6.6564794 15309 a
 0.098141745 -0.11176115 0.29803196 15505 g
 6.9587474 3.0813377 6.227319 15509 a
 0.020910075 -0.14025697 0.13930756 15705 g
 6.479308 3.7565024 6.787562 15709 a
 -0.031286817 0.058676895 -0.053503703 15908 g
 6.7253127 3.822343 6.9246297 15912 a
 0.012921657 0.06267164 -0.028469991 16104 g
 6.5750766 2.5270798 6.6846113 16109 a
 0.01957956 -0.054241136 -0.03273105 16304 g
 6.992266 4.0043025 6.8450227 16308 a
 0.043814328 -0.085932754 -0.064955294 16503 g
 6.5864487 2.7922378 6.5271926 16507 a
 -0.29973346 0.10368431 0.16753866 16700 g
 6.6959834 1.3335704 6.593033 16701 a
 -0.229426 0.09170009 0.5680781 16903 g
 6.9665284 0.41718966 6.658275 16908 a
 -0.11144797 -0.12854333 0.34304097 17102 g
 7.045537 0.7140707 6.1381345 17113 a
 0.595355 -0.27528352 0.2660756 17300 g
 8.872911 3.2513258 5.1104236 17301 a
 0.4382285 -0.37701625 -0.47295156 17503 g
 7.5842323 2.7389667 5.3941364 17508 a
 -0.23128995 0.083709545 -0.22474469 17705 g
 7.068282 3.165733 5.9878983 17710 a
 -0.16950461 0.16919701 -0.18160148 17902 g
 7.1700354 3.2782607 6.019023 17906 a
 -0.080288716 0.034441065 -0.1123593 18102 g
 7.4806833 1.775899 5.8903346 18106 a
 -0.24833338 -0.12535046 0.1108144 18301 g
 6.96174 2.3840263 5.861006 18303 a
 0.113057576 -0.06276618 0.03464799 18502 g
 7.3083005 2.047641 6.0226145 18506 a
 -0.15299222 0.34895852 -0.2878608 18702 g
 6.344036 2.5258827 6.647501 18706 a
 -0.025160214 0.08290767 -0.08253083 18905 g
 6.950966 3.0879216 6.5666966 18909 a
 0.14288525 -0.0028461202 0.036778785 19102 g
 6.83784 3.5446155 7.125743 19105 a
 0.0808336 0.10288137 -0.056165535 19301 g
 5.7203465 3.098097 6.7612257 19305 a
 -0.03581206 0.18383828 -0.15949485 19504 g
 6.353014 3.2243912 6.8641763 19508 a
 -0.007848868 -0.05664517 0.016540095 19699 g
 6.6469026 3.1501708 6.578069 19703 a
 0.023310116 -0.124555774 0.052226454 19902 g
 6.59423 3.056797 6.025607 19906 a
 0.10134073 -0.2720949 0.1686066 20101 g
 6.8869214 2.504335 5.6407394 20105 a
 -0.08641212 -0.1282842 0.08791281 20300 g
 7.342418 3.5835214 6.090849 20304 a
 0.23183563 0.04934864 0.03198643 20500 g
 6.9407907 2.4462755 6.2644286 20504 a
 -0.22196701 0.29382682 -0.234596 20701 g
 6.891111 3.229778 6.253655 20705 a
 0.11385759 -0.09073363 0.111082315 20900 g
 7.2227077 3.3812113 5.985504 20904 a
 -0.018501513 -0.05611254 -0.04417998 21099 g
 6.447585 3.4207156 6.6492968 21103 a
 0.03156698 0.09701603 2.9561088E-5 21302 g
 6.427833 2.9825768 6.3865333 21306 a
 1.4168017E-4 0.0147243515 0.03438434 21499 g
 6.6720414 3.3081882 6.184223 21503 a
 -0.0094457 -0.062241003 -0.026069418 21699 g
 6.8366427 3.2225955 6.603208 21703 a
 -0.026489664 0.01712013 0.043173302 21901 g
 6.4751186 2.9508536 6.791752 21905 a
 -0.085878156 0.08369916 0.019737486 22098 g
 6.731298 2.777274 6.5271926 22102 a
 -0.046463374 -0.06011154 0.06341333 22299 g
 7.1305313 2.7527335 6.1357403 22303 a
 -0.021429658 -0.20738435 0.09989864 22500 g
 7.1969705 2.3008277 6.093842 22504 a
 -0.13754348 -0.10298844 0.100697584 22698 g
 6.8611836 3.0765493 6.2380924 22702 a
 0.15300739 -0.005783054 -0.019144665 22899 g
 7.5441294 2.1057005 6.8025255 22903 a
 -0.10052501 0.24828038 -0.12327346 23101 g
 6.6852098 2.831742 6.8085113 23105 a
 0.026241457 -0.021231519 -0.017013337 23297 g
 6.2913637 2.6641479 6.67683 23302 a
 -0.0408702 -0.00338834 0.05622359 23497 g
 6.6486983 2.5396495 6.5122285 23501 a
 -0.005982525 -0.028156804 0.057821754 23700 g
 7.03177 2.4133554 6.6870055 23703 a
 0.009996441 0.006996923 0.038646996 23898 g
 7.469909 2.295441 6.235698 23902 a
 0.042487007 -0.2531939 0.2354546 24097 g
 7.2580223 1.6531962 5.746084 24101 a
 0.10906603 -0.106187426 0.17313662 24298 g
 7.313089 2.28347 6.2003837 24307 a
 0.20653772 -0.009780992 -0.14511111 24496 g
 6.975507 2.4355016 5.7843914 24500 a
 -0.2352807 0.30367306 -0.28119865 24692 g
 6.3601966 3.0352492 6.39192 24694 a
 0.055536497 0.107664414 -0.085988946 24893 g
 7.2221093 3.103484 6.1542954 24895 a
 0.058465973 0.041351702 -0.08545631 25096 g
 6.7839704 2.8514943 6.56131 25100 a
 0.011328022 0.119116 -0.09797317 25295 g
 6.1926026 3.4500446 6.600814 25299 a
 0.023845145 -0.033217873 -0.05296548 25498 g
 6.399701 3.448249 6.196194 25502 a
 0.01186092 -0.18288752 0.0740673 25695 g
 7.1466923 2.6617537 6.126762 25699 a
 -0.3026584 -0.11391165 -0.01328438 25895 g
 6.785766 3.1669302 6.4565635 25900 a
 0.0544707 0.032831717 -0.11714873 26098 g
 6.8462195 3.4572272 6.18123 26102 a
 0.056334913 0.102606535 -0.07933184 26294 g
 6.4044895 3.3321302 6.4062853 26299 a
 -0.010244115 0.08502968 0.048233576 26494 g
 6.4846954 2.8018146 6.703765 26498 a
 -0.07895234 0.060524598 0.12573317 26697 g
 6.6642604 2.5683799 6.7205243 26701 a
 -0.08241445 -0.039876577 0.08791627 26894 g
 6.554127 2.541445 6.5726824 26899 a
 0.006002499 -0.061980814 0.09031312 27094 g
 6.703765 2.4265234 6.461352 27099 a
 0.016388826 -0.050262906 0.06208361 27294 g
 7.5124063 3.2477345 6.192004 27300 a
 0.07311416 -0.14294091 0.0125488145 27493 g
 7.784148 2.0278888 5.7023897 27497 a
 0.0952184 -0.30992112 0.28818598 27693 g
 7.9008656 1.9488802 5.427655 27697 a
 0.38843295 -0.038547125 0.34331423 27895 g
 7.204153 2.984971 5.5790887 27900 a
 0.23450226 0.12417202 -0.07986207 28093 g
 7.6668324 2.2002714 6.0405707 28097 a
 -0.4062543 0.20220263 -0.3344603 28292 g
 6.9665284 2.653374 6.1866174 28296 a
 0.012127236 0.033893786 -0.025002023 28495 g
 6.743269 3.0029275 6.452972 28499 a
 -0.028086497 0.08422753 -0.109424226 28692 g
 7.1287355 2.5659857 6.084265 28697 a
 -0.014504374 0.07197699 -0.075602084 28892 g
 6.6480994 3.0202854 6.157887 28897 a
 1.4407701E-4 0.025901372 -0.09131367 29094 g
 6.655881 3.3572693 6.132149 29098 a
 -0.04033597 -0.1256325 -0.035387285 29292 g
 6.669647 2.5007436 6.137536 29296 a
 -0.48934492 -0.13175777 -0.17919798 29492 g
 7.0928226 2.520496 6.0920463 29495 a
 -0.41983643 -0.15865569 -0.3680161 29692 g
 6.6947865 3.1016884 6.619968 29695 a
 0.0014756576 0.081028804 -0.049768355 29891 g
 6.5744777 2.3181858 6.615778 29895 a
 0.20440853 0.118046746 0.19497615 30091 g
 6.995259 2.6611552 5.5946507 30095 a
 0.35274634 -0.30938953 0.27833256 30293 g
 8.141483 2.3780408 4.718373 30301 a
 -0.16683638 -0.32483587 -0.1309953 30490 g
 8.078635 3.4278982 5.981314 30494 a
 0.015057513 0.107395165 0.050099652 30690 g
 8.236053 1.1671734 6.079477 30694 a
 -0.16017848 0.14814153 0.62347823 30890 g
 6.9647326 -0.32561144 6.432023 30894 a
 -0.1852122 0.55320835 0.79179 31090 g
 5.3444567 -0.55126494 7.642292 31094 a
 0.17245033 0.46319348 0.53399605 31290 g
 5.6987987 0.0023942017 7.483676 31294 a
 0.18230402 -0.16691042 0.31827998 31490 g
 6.488885 0.18076223 6.5367694 31494 a
 0.16765665 -0.4558634 0.22719987 31690 g
 7.880515 -0.7182605 5.7802014 31694 a
 -0.12662266 -0.36691383 -0.06761207 31889 g
 8.411429 -0.2657564 5.433042 31893 a
 -0.31757078 -0.23216 -0.32007894 32093 g
 8.365341 -0.3429694 5.4504004 32097 a
 -0.11783369 -0.20526208 0.010685667 32289 g
 8.421604 -0.5141548 4.9763484 32293 a
 0.054206513 -0.18608731 0.06634574 32489 g
 8.24563 0.20590134 4.6686935 32493 a
 0.14954768 -0.091278784 -0.09557446 32689 g
 8.178593 -0.5243302 4.9338512 32693 a
 -0.027552532 0.07756563 -0.04630598 32889 g
 8.16722 0.02932897 5.263054 32893 a
 -0.023291474 0.11405094 -0.1046292 33088 g
 8.173804 0.19871874 5.465364 33092 a
 -0.013171462 0.1579931 -0.07293759 33288 g
 7.904457 0.12928689 5.6922145 33292 a
 0.046749663 0.07090773 0.05276361 33488 g
 7.9487495 0.10235212 5.680842 33492 a
 0.03716228 -0.0044597294 0.06394889 33688 g
 8.194754 0.22266077 5.851429 33692 a
 0.050744403 -0.024433438 0.10442894 33888 g
 8.289325 -0.1592144 5.1960163 33892 a
 -0.16443901 -0.12696514 -0.14644083 34088 g
 9.299079 0.6512229 5.565322 34091 a
 -0.19799484 -0.015911322 -0.49371704 34288 g
 7.4363904 0.9115923 5.53719 34291 a
 0.019585686 0.022703448 -0.23192777 34490 g
 8.139688 1.9207484 5.345654 34494 a
 0.36979136 0.0059255334 -0.080660224 34687 g
 8.159439 2.3888147 5.6539073 34691 a
 0.023047796 0.28209534 -0.24364568 34887 g
 7.4268136 2.3654714 6.047155 34891 a
 -0.027552 0.075699285 -0.07533363 35090 g
 7.8649526 2.2331917 5.9052987 35093 a
 -0.033943586 0.044540305 -0.10489473 35289 g
 7.4268136 2.52289 5.8586116 35302 a
 -0.05551519 -2.0080234E-4 -0.12753159 35486 g
 7.4830775 2.5091233 6.0303955 35490 a
 -0.018763302 0.06904032 -0.14697213 35689 g
 7.632715 3.1082723 6.257845 35693 a
 0.016923057 0.08821508 -0.16801111 35886 g
 6.8707604 4.11264 6.4858923 35890 a
 0.047016777 0.14627199 -0.18558797 36085 g
 5.90889 1.6400281 6.7306995 36089 a
 -0.25977963 0.17210571 -0.37440664 36288 g
 6.649895 3.8414967 6.82946 36292 a
 -0.009442504 -0.14214729 -0.028462002 36484 g
 6.8306575 2.854487 6.4302273 36488 a
 -0.021693045 -0.10832514 0.17074245 36685 g
 6.6265516 2.7473464 6.371569 36689 a
 0.04168992 -0.075833514 0.2272012 36887 g
 7.460931 2.44029 5.66528 36891 a
 0.16099954 -0.3599928 0.2623549 37084 g
 8.254609 2.7150247 5.0092683 37088 a
 0.029972013 -0.23748739 0.032790437 37284 g
 7.9307933 2.6222494 5.7885814 37290 a
 -0.017964354 0.17902887 -0.008754076 37487 g
 7.345411 2.5617957 6.072294 37491 a
 0.09069262 0.059186623 0.08871762 37684 g
 7.8475947 3.3081882 5.808932 37688 a
 -0.08401075 0.013380254 -0.025798308 37884 g
 6.791153 0.9983821 6.269816 37888 a
 -0.3761587 0.24773629 0.5017747 38087 g
 7.4166384 0.26156655 5.943606 38091 a
 -0.013968812 -0.06225565 0.37367666 38283 g
 7.6255326 1.3491327 5.380968 38288 a
 0.42864856 -0.37331286 -0.21355036 38485 g
 7.193379 3.4931402 6.083068 38489 a
 0.16712613 -0.011122959 -0.57520765 38683 g
 7.8475947 2.1051018 5.307347 38688 a
 -0.19293323 0.23228997 -0.18132612 38879 g
 6.739079 2.6641479 6.3703723 38881 a
 -0.075221516 0.13801406 -0.04071121 39082 g
 7.3926964 2.510919 5.9424086 39087 a
 0.026510436 -0.03748612 0.05782495 39285 g
 7.505822 2.4875755 6.0238113 39292 a
 -0.021959094 0.01018446 -0.025265675 39482 g
 6.8486137 2.8951883 6.2781954 39486 a
 -0.033410687 0.12949407 -0.18026166 39681 g
 6.612785 3.144784 6.447585 39685 a
 0.006005162 0.09859821 -0.18452165 39885 g
 6.729502 3.6218286 6.169858 39889 a
 0.085899994 -0.028168255 -0.055890962 40081 g
 5.841852 3.7140055 6.5206084 40085 a
 -0.01237065 0.02429602 -0.034319356 40280 g
 6.4368114 3.9624038 6.2129536 40284 a
 0.0046738475 -0.047610395 0.056761283 40483 g
 6.479907 3.1016884 6.2979474 40488 a
 0.010799118 -0.019114573 0.1395856 40681 g
 6.994062 2.8987796 6.357204 40685 a
 -0.011305119 -0.07211148 0.1347919 40880 g
 7.383718 2.1230583 5.679645 40885 a
 -0.039534625 -0.30354017 0.3632911 41080 g
 8.255806 1.9183542 5.5683146 41085 a
 -0.11490209 -0.07690517 0.090317115 41280 g
 7.7069354 3.163339 6.317101 41284 a
 0.13650031 0.17529619 -0.27267173 41481 g
 7.053917 2.7844565 5.765238 41485 a
 0.100015014 -0.0020703415 0.06315287 41681 g
 7.268198 2.9029696 6.1806316 41685 a
 -0.097591534 0.107385576 -0.16721056 41880 g
 7.025785 3.2124202 5.985504 41884 a
 -0.036338832 0.104456104 -0.23245801 42080 g
 6.6588736 3.1142578 6.271013 42084 a
 0.014260962 0.1446709 -0.1919785 42282 g
 6.4044895 3.8456864 6.173449 42286 a
 0.06299681 0.013377058 -0.1424437 42479 g
 6.0381765 3.6050692 6.482301 42483 a
 -0.05604649 0.10365822 -0.032455146 42678 g
 6.651691 3.3249476 6.5128274 42683 a
 -0.0986568 -0.09954204 0.11588346 42881 g
 6.658275 3.1866825 6.2434793 42885 a
 -0.06616624 -0.13629366 0.19710988 43075 g
 7.3124905 2.7880478 6.3943143 43077 a
 0.01825597 -0.120048374 0.2373236 43276 g
 7.161656 2.7922378 6.271611 43277 a
 -0.040066727 0.012042282 0.037321005 43481 g
 7.0581064 2.8221653 6.6247563 43485 a
 -0.062437277 0.1065845 -0.07160228 43677 g
 6.649895 2.5761611 6.2746043 43682 a
 0.04861654 -0.052406218 -2.2956448E-4 43879 g
 6.9988503 4.174889 6.682217 43883 a
 0.11546215 0.018699385 0.030663371 44080 g
 7.978079 2.2948422 5.868787 44084 a
 0.006272543 -0.08915864 0.1337277 44278 g
 7.1586633 2.6952724 6.089652 44282 a
 -0.06004017 -0.03909121 0.07380658 44477 g
 7.498041 1.8447324 6.0345855 44481 a
 -0.230748 -0.015657524 -0.10915179 44679 g
 7.317279 2.3918076 5.504868 44683 a
 0.3178632 -0.09901446 0.19897595 44877 g
 7.5321584 2.753332 6.3009405 44881 a
 0.3626043 0.05811204 0.22108018 45076 g
 7.264008 2.9041667 5.753267 45080 a
 0.14582326 0.021891983 0.12174454 45279 g
 7.937976 2.0081367 5.374983 45283 a
 -0.07868123 -0.0129954275 0.049306564 45477 g
 7.367557 2.2517467 5.905897 45484 a
 -0.045924347 0.018429874 0.03732234 45676 g
 8.121731 2.03148 5.4408236 45683 a
 0.1064082 -0.16346297 0.14411484 45879 g
 7.8493905 1.7932571 5.3582234 45883 a
 -0.039000396 0.066634156 -0.059350673 46075 g
 7.645883 2.2948422 5.9543796 46079 a
 -0.11782996 0.120163694 -0.15442553 46275 g
 7.6081743 2.415151 6.4565635 46280 a
 -0.29120147 0.103917345 -0.31128544 46478 g
 7.2843585 2.5222914 5.8801594 46482 a
 -0.25578144 -0.20234618 -0.28438753 46675 g
 7.5351515 2.1021092 5.5862713 46679 a
 -0.13700445 -0.100080796 0.051170778 46875 g
 7.0622964 2.2816741 5.813122 46879 a
 0.009469136 0.06343836 -0.07746017 47078 g
 7.5285673 2.2930467 5.815516 47082 a
 -0.112769954 0.057845723 -0.22286877 47274 g
 7.3992805 2.4091654 6.077681 47278 a
 -0.028347751 -0.10007973 0.09431372 47474 g
 7.5614877 1.8680758 5.513248 47479 a
 0.0036115127 -0.09981874 0.1590304 47677 g
 7.270592 2.5121162 5.5748987 47681 a
 0.2877708 0.098853074 0.03306288 47874 g
 7.8691425 2.4708161 5.737106 47878 a
 -0.011834822 0.23787008 -0.09237201 48073 g
 6.52001 2.284667 6.413468 48078 a
 0.06752631 0.26716912 0.023474166 48277 g
 6.090849 2.9191303 6.603807 48286 a
 0.29282975 0.18061638 0.22294493 48473 g
 7.053917 3.241749 6.303933 48478 a
 0.24063179 -0.022582807 0.10576584 48673 g
 7.2484455 3.1681273 6.0106435 48678 a
 0.038232874 -0.23670521 0.046112366 48876 g
 7.4148426 2.1649568 5.6161985 48880 a
 0.0121338945 -0.19782306 0.2351968 49073 g
 6.8288617 2.9083564 6.0022635 49077 a
 0.41986385 -0.039098665 0.30071056 49271 g
 8.965687 3.6421793 5.1385555 49275 a
 -0.20198426 -0.083839774 -0.20875214 49473 g
 7.5566993 2.9215245 5.605425 49477 a
 -0.13433996 0.017626664 -0.050294064 49672 g
 7.639898 2.598906 5.5778913 49676 a
 0.013465475 0.047187753 0.056498695 49871 g
 6.915053 2.717419 6.1626754 49875 a
 -0.017693244 0.1531805 -0.001823999 50075 g
 7.8829093 3.2148144 6.0184245 50079 a
 -0.08800069 -0.06892714 -0.16693999 50271 g
 6.925827 2.8149827 6.2542534 50275 a
 -0.299722 -0.06573134 -0.15282524 50471 g
 7.6171527 3.6649241 6.211756 50475 a
 -0.029677201 0.094323575 -0.36108416 50673 g
 6.5882444 3.1561563 6.3979053 50677 a
 0.0014817828 0.13506994 -0.034580614 50871 g
 7.073669 3.0142999 5.9507885 50875 a
 -0.034737207 -0.072124 0.028536303 51071 g
 6.4266357 3.039439 6.303933 51074 a
 0.023852335 0.07461618 0.050107908 51271 g
 6.1884127 2.9352913 6.501455 51275 a
 0.051282894 -0.035905004 0.07860373 51470 g
 7.1885905 2.3265655 6.1279593 51474 a
 -0.10477834 0.041326668 0.03705842 51670 g
 7.2394676 2.6916811 6.208165 51674 a
 0.028646559 -0.081713505 0.1374604 51873 g
 7.152079 1.7675194 5.5790887 51877 a
 -0.054710384 -0.2188663 0.24398683 52070 g
 7.6650367 1.4921862 5.7017913 52074 a
 -0.014496651 -0.07212613 0.15237409 52269 g
 7.78355 2.1972785 5.253477 52273 a
 0.28191316 -0.0915672 0.033597108 52470 g
 7.2245035 2.516306 6.081871 52474 a
 0.18257727 0.15690573 -0.06920091 52669 g
 7.615956 2.132635 5.7544637 52673 a
 -0.23101164 0.10390882 -0.1930379 52869 g
 6.9090676 2.4756045 6.117784 52873 a
 0.007607852 -0.018597653 -0.013007677 53072 g
 7.3831196 1.977012 5.762245 53076 a
 0.021189973 -0.052686114 0.019749204 53268 g
 7.1604586 2.4690206 5.8346696 53269 a
 0.07205635 -0.044962946 0.049043976 53465 g
 6.675633 2.9813797 5.923255 53466 a
 -0.14658917 0.12814252 -0.061210893 53669 g
 7.3968863 2.8514943 6.157887 53674 a
 -0.29785672 0.10097828 -0.2284574 53869 g
 6.7025676 2.7156234 6.582259 53873 a
 0.10215007 0.11908778 0.035461854 54069 g
 6.8246717 2.574964 6.425439 54072 a
 0.0779161 0.0013741911 -0.06946589 54271 g
 6.3458314 3.4374752 6.7103486 54275 a
 -0.02035454 0.15716912 -0.2151408 54468 g
 6.1608796 3.6499605 6.6187706 54472 a
 -0.034469295 -0.031649005 -0.16347548 54667 g
 6.8958993 3.0250738 6.2967505 54671 a
 0.035305794 -0.13071966 0.104172476 54870 g
 6.727108 2.9670146 6.2650275 54874 a
 -0.0070384685 -0.002887932 0.08153561 55067 g
 6.8486137 2.9592333 6.3218894 55071 a
 -0.019555325 -0.015404789 0.08047034 55267 g
 6.944382 2.6683378 6.179435 55271 a
 -0.033136647 -0.08092175 0.1068367 55470 g
 7.191583 2.280477 6.1022215 55473 a
 -0.0389956 -0.09929756 0.11429355 55666 g
 7.165846 2.7168205 5.868787 55677 a
 0.114668794 -0.08411754 0.045583997 55866 g
 7.474099 2.618658 5.8921304 55870 a
 -0.01955426 0.062355254 0.0599656 56069 g
 7.195773 2.1757307 6.0998273 56073 a
 -0.061099574 0.07247526 0.041856103 56266 g
 7.0952168 2.697667 6.0423665 56270 a
 0.09070061 -0.058285944 0.03466557 56466 g
 7.5207863 2.3391352 5.8238955 56470 a
 0.09150036 -0.043640688 0.06609167 56669 g
 7.2227077 2.3702598 5.825691 56673 a
 0.16953097 -0.05988597 0.18140654 56865 g
 8.498219 1.6400281 5.145738 56870 a
 0.09576141 -0.09157759 0.08659801 57065 g
 7.9451585 2.6737247 4.3957543 57069 a
 0.29230216 -0.45110327 0.20377657 57268 g
 8.628104 1.4323312 4.8267107 57272 a
 0.117865115 -0.08411967 0.23706608 57466 g
 8.064868 2.5731683 4.079121 57470 a
 0.045693453 -0.092641786 -0.20315444 57665 g
 8.224083 2.7353754 4.5962687 57669 a
 -0.03926032 0.13452266 -0.047890827 57868 g
 8.27496 2.6246436 5.1942205 57872 a
 -0.049380332 0.06927521 0.026411368 58064 g
 7.8206596 2.4378958 4.883573 58069 a
 -0.01955293 -0.07986181 -0.21007733 58264 g
 8.127716 2.6527755 4.732738 58268 a
 -0.02061846 0.041313086 0.02055188 58467 g
 7.769783 2.730587 4.7614684 58471 a
 -0.08693117 0.10735948 0.04718349 58664 g
 7.760206 2.3289597 5.2367177 58668 a
 -0.0642943 0.13532268 0.032003473 58863 g
 8.423999 2.542642 4.929063 58867 a
 0.049422942 -0.017810157 0.10177883 59067 g
 8.037335 1.3389573 5.4623713 59071 a
 -0.1116983 0.07966154 0.14145993 59263 g
 7.768586 1.8800468 5.1660886 59267 a
 0.043031357 -0.020473316 0.013095562 59463 g
 7.760206 2.4277205 5.66528 59467 a
 -0.026477147 0.11428263 -0.3453659 59663 g
 8.6813755 2.707842 5.9011087 59668 a
 -0.14072676 0.14091425 -0.23191525 59862 g
 7.669825 2.920926 5.9944825 59867 a
 0.06540191 0.020006731 -0.028449751 60196 g
