 -0.048365936 -0.027756797 0.0018453043 2 g
 6.521207 3.1106665 6.8468184 4 a
 0.018213091 -0.021098893 -0.03756948 129 g
 6.2967505 3.0735564 6.8641763 134 a
 0.017946776 -0.13481587 0.055374842 332 g
 6.9479733 2.356493 5.741296 336 a
 -0.013213274 -0.1926022 0.07987459 533 g
 6.996456 3.1262288 5.6604915 537 a
 0.40916407 -0.07435785 0.19545579 728 g
 6.6804214 3.681085 6.39192 729 a
 0.14551112 0.077442326 0.040726125 931 g
 7.268198 3.3967736 6.306926 934 a
 -0.26301858 0.18050879 -0.16593598 1133 g
 6.867768 3.0974984 6.5643024 1137 a
 -9.6353167E-4 -0.020826185 0.025278991 1331 g
 6.96593 2.9538465 6.591836 1335 a
 -0.009485647 -0.015233547 -0.0066789417 1530 g
 6.59004 2.9167361 6.4709287 1535 a
 -0.036116194 0.07903916 -0.029581062 1733 g
 6.535572 2.2888567 6.894104 1736 a
 -0.28032807 0.11179604 -0.231715 1930 g
 5.932832 3.4973302 7.008427 1933 a
 -0.1817911 -0.08447893 -0.38138464 2130 g
 5.891532 3.1992521 6.964134 2133 a
 -0.26434803 0.061191984 -0.3526209 2332 g
 5.8885393 3.2465374 6.8893156 2336 a
 -0.039044604 -0.005387042 -0.12199115 2529 g
 5.3660045 3.7780502 7.1341224 2533 a
 0.16495353 0.0079287635 0.026613235 2729 g
 5.878962 3.4751837 6.6510925 2732 a
 0.13193114 -0.018704979 0.09532359 2931 g
 6.0884547 3.4410665 6.96174 2935 a
 -0.050229084 0.08302777 0.0031782165 3129 g
 5.651513 3.5697548 7.001843 3132 a
 0.018480474 0.029764554 7.8137143E-4 3329 g
 5.8388596 3.3883939 7.0952168 3333 a
 -0.026792198 0.00872132 0.05537777 3531 g
 6.010045 3.2357635 7.020398 3535 a
 -0.015606923 -0.028562935 0.07881359 3728 g
 6.1357403 3.1316159 6.9371996 3732 a
 -0.0025574337 -0.029894516 0.07375358 3928 g
 6.0998273 3.056797 6.8958993 3932 a
 0.0017046893 -0.03549035 0.074819915 4130 g
 6.1542954 2.9442697 7.0706763 4134 a
 -0.03051956 -0.009125055 0.04339461 4328 g
 6.0363812 2.806603 6.7085533 4331 a
 -4.2583945E-4 -0.020576648 0.033540916 4527 g
 6.5738792 2.8461072 6.408081 4531 a
 0.25390685 -0.08556097 0.30172256 4730 g
 6.646304 2.9113493 6.1004257 4733 a
 0.3090343 -0.12444313 0.34087104 4926 g
 6.908469 2.6001031 6.5547256 4930 a
 0.02620657 0.02709074 0.026884345 5123 g
 7.15986 2.938284 5.740697 5125 a
 0.02700605 -0.081035465 -0.03197098 5329 g
 7.073669 2.837129 6.541558 5333 a
 -0.0025550367 -0.15640292 0.12542184 5526 g
 7.501034 1.7357962 6.019023 5530 a
 -0.28032273 -0.057865962 0.2404704 5726 g
 7.3669586 2.208651 5.816713 5731 a
 -0.0994941 -0.030169088 0.048456483 5927 g
 7.4286094 1.3557167 5.74369 5931 a
 0.022478677 0.018833077 0.31104416 6125 g
 7.28795 0.32441434 6.1088057 6129 a
 0.115423 0.0936679 0.50465596 6325 g
 4.9039235 -0.4285621 6.3470287 6330 a
 0.018218152 -0.012859606 0.7262315 6528 g
 7.4190326 -0.7428011 5.8903346 6532 a
 -0.03158296 -0.05999756 -0.078309454 6725 g
 7.378331 0.3333926 6.0130377 6730 a
 0.20836785 0.039072037 -0.050612576 6925 g
 7.306505 0.8062474 6.3362546 6929 a
 0.27574715 0.095259406 0.07775365 7128 g
 7.8571715 0.34237084 5.976526 7131 a
 0.0017078852 -0.09116187 -0.06818758 7325 g
 8.059482 0.7015011 6.081272 7329 a
 -0.10668277 -0.044290233 -0.09588445 7524 g
 7.4842744 -0.090381116 6.0902505 7528 a
 -0.116537 0.009774067 0.08787286 7727 g
 7.7626004 0.31124622 6.033987 7731 a
 -0.06593694 -0.029907033 -0.020517793 7924 g
 7.678205 0.17836803 5.9980736 7928 a
 0.007299991 -0.011531221 -0.022914637 8124 g
 7.7189064 0.17896658 6.030994 8128 a
 0.011295531 0.0065750782 -0.0034722295 8326 g
 7.827244 0.22445641 6.017826 8330 a
 -0.00841186 -0.009403888 -0.0093311835 8523 g
 7.551911 0.30226797 6.0770826 8528 a
 -0.0022865902 -0.001680721 0.0013214605 8722 g
 7.430405 0.3477578 6.097433 8726 a
 0.0033055155 4.5193842E-4 -0.0042719766 8926 g
 7.752425 0.038307227 5.959168 8930 a
 -0.008412393 -0.009135442 -0.0016088156 9123 g
 7.711125 0.06703765 6.0645127 9127 a
 0.021947643 0.0057782605 7.8802934E-4 9322 g
 7.7290816 0.22804771 6.0285997 9326 a
 0.0027728833 0.0020498352 -0.008266718 9523 g
 7.8326306 -0.11911154 5.8107276 9527 a
 -0.012673451 -0.018989136 0.015169099 9722 g
 7.3346367 0.2753332 5.957971 9726 a
 0.040589772 -0.020054402 -0.0143919885 9922 g
 7.8188643 0.4369418 5.8203044 9926 a
 -0.14210334 -0.050147057 -0.13609898 10124 g
 7.949348 0.007182605 5.510854 10132 a
 -0.209215 -0.11353029 -0.2109338 10322 g
 7.6225395 0.20649989 5.4737434 10326 a
 -0.051822186 -0.0376302 -0.12411476 10522 g
 7.7799582 0.5722142 5.6096144 10526 a
 -0.083514065 -0.0075354143 -0.24102779 10724 g
 7.915829 1.1168951 5.581483 10728 a
 -0.0046845004 -0.015791213 -0.3155963 10921 g
 7.8410106 2.0392613 5.9801173 10926 a
 6.418218E-4 0.063837305 -0.26180044 11121 g
 7.7488337 2.131438 5.9531827 11125 a
 -0.14050545 0.06277097 -0.17844324 11324 g
 7.7506294 1.8177977 5.715558 11328 a
 -0.27233192 -0.013129118 -0.35421187 11521 g
 6.831256 2.3852234 5.9807158 11525 a
 -0.052354816 0.21457115 -0.3001497 11721 g
 6.699575 2.4361002 7.01142 11725 a
 0.0033047167 0.36823767 -0.04235651 11923 g
 6.2021794 2.2882583 6.885724 11927 a
 -0.03797428 0.11470474 -0.009333314 12121 g
 6.3661823 2.1589713 7.068282 12125 a
 -0.028653216 0.07369206 0.008243549 12320 g
 6.117185 2.4349031 7.0832458 12324 a
 0.020082898 0.036406744 0.0018524949 12522 g
 6.3751607 2.5390508 7.064092 12526 a
 0.014223943 -0.036297552 -0.06366127 12720 g
 6.2362967 2.765303 7.1945763 12724 a
 0.0072997245 0.005514075 -0.088961296 12919 g
 6.5146227 3.0430303 7.0461354 12923 a
 0.03765976 -0.014459633 -0.13556662 13120 g
 5.6377463 3.1854854 7.4363904 13124 a
 -0.030517163 0.1796848 -0.21812461 13319 g
 5.0427876 3.4674027 7.4645224 13323 a
 -0.12426043 0.22735539 -0.27831206 13519 g
 4.629189 2.1799207 7.8039002 13523 a
 -0.19350289 0.073159434 -0.30228102 13722 g
 5.723339 3.2746694 7.433398 13726 a
 0.13060382 -0.31193367 0.08893733 13919 g
 6.072294 3.4410665 7.1185603 13923 a
 0.09385219 -0.21472828 0.12116158 14118 g
 6.1758432 3.064578 7.057508 14123 a
 -0.029984796 -0.046416502 0.20079009 14318 g
 6.256049 2.6629508 7.2101383 14323 a
 0.026474217 -0.02937227 0.23860697 14518 g
 6.8408327 2.8880057 6.6085954 14522 a
 0.083998494 -0.15906821 0.10651419 14719 g
 6.287772 2.7401638 7.1089835 14723 a
 -0.049691923 0.11070894 0.008510398 14920 g
 5.9741316 2.5181017 7.252037 14924 a
 -0.10268883 0.16929848 -0.09535288 15117 g
 5.81791 2.558803 7.3226657 15127 a
 -0.026256105 0.105648935 -0.11639186 15316 g
 5.7520695 2.9203274 7.474099 15321 a
 0.00809814 -0.026708044 -0.13450216 15520 g
 5.509058 3.108871 7.216124 15524 a
 0.076275066 -0.09674918 -0.08683157 15718 g
 5.893926 3.2603042 7.2382703 15722 a
 0.020348681 0.07688892 -0.07591261 15917 g
 5.807136 3.1663318 7.241862 15921 a
 -0.008412659 0.017497234 -0.009865148 16119 g
 5.915474 3.0532057 7.2544312 16123 a
 -0.02199478 -0.009134376 0.049523346 16316 g
 5.922058 2.9801826 7.2268977 16321 a
 -1.5686019E-4 -0.006204899 0.028750688 16516 g
 5.9124813 3.0017304 7.2388687 16520 a
 0.0065007764 0.0071119717 -0.007468569 16719 g
 5.8987145 3.0065188 7.2005615 16723 a
 -6.8975874E-4 0.0025845978 -0.010930678 16915 g
 5.9825115 2.9466639 7.189788 16919 a
 -0.004418184 -0.06319548 0.0119725065 17115 g
 5.9783216 2.9694088 7.065888 17119 a
 0.009430253 -0.0751797 -0.010930678 17315 g
 6.0441623 3.068768 7.0156097 17320 a
 0.018751318 -6.1119546E-4 -0.015990684 17515 g
 5.8867435 3.0400376 7.107786 17519 a
 0.021414477 0.069962576 0.014103035 17715 g
 6.0878563 2.9951463 7.2610154 17720 a
 -0.030783478 0.02628673 0.014103035 17915 g
 5.989694 2.971803 7.1646485 17919 a
 0.0067670923 -0.0051385695 0.010907242 18114 g
 5.907094 2.9783869 7.1826053 18119 a
 -0.003885552 0.0025845978 0.013037771 18314 g
 5.8622026 2.9855695 7.2089415 18319 a
 0.0046368297 0.0068445904 0.0010538128 18517 g
 5.8801594 2.9939492 7.143699 18521 a
 0.008365255 0.004447745 -0.004006193 18713 g
 5.895722 2.966416 7.1832037 18719 a
 0.002772617 0.0052466937 -0.012528309 18913 g
 5.786187 2.9933507 7.2472486 18917 a
 -0.0014884407 0.0055130096 -0.0042725094 19114 g
 5.8723783 2.9933507 7.144298 19119 a
 -0.004151602 -6.122607E-4 -0.005870406 19312 g
 5.892729 2.967613 7.1963716 19316 a
 -0.010543188 0.006045642 7.8749674E-4 19513 g
 5.866991 2.9753942 7.16405 19516 a
 9.0840424E-4 -0.0078027956 -0.0029409288 19712 g
 5.8891377 2.9777884 7.1502833 19718 a
 0.004903146 -0.0056722667 -0.0064030383 19912 g
 5.849035 2.9628246 7.16405 19916 a
 0.0070336745 -0.0099333245 0.006646451 20112 g
 6.0609217 2.943671 7.132327 20116 a
 0.005435778 -0.016857544 0.028750688 20312 g
 5.9890957 2.9101522 7.077859 20316 a
 0.00596841 -0.018189123 0.031147532 20512 g
 6.1501055 2.883816 7.0754647 20516 a
 0.005169462 -0.021651233 0.043930706 20711 g
 6.1866174 2.9658175 7.203554 20717 a
 -0.0020208065 -0.04828391 0.027153324 20915 g
 6.2913637 2.6192567 6.8049197 20919 a
 -0.037174534 -0.11539557 0.026887007 21111 g
 6.2219315 2.7431567 6.8210807 21115 a
 -0.0038850193 -0.019788086 0.014370151 21312 g
 6.51163 2.6473885 6.8198833 21316 a
 -0.0012210594 -0.031774443 0.020762537 21514 g
 7.089231 2.735974 6.691794 21518 a
 0.2973193 -0.07039028 0.22582594 21711 g
 6.777985 2.7964275 6.157887 21716 a
 0.42222154 -0.16147038 0.3310208 21910 g
 6.9958572 2.367267 6.551733 21914 a
 -0.13943966 0.16237107 -0.12251606 22109 g
 6.681618 2.873042 6.597821 22111 a
 -0.03823953 0.078215174 -0.03915912 22310 g
 6.1662664 3.0184898 6.939594 22314 a
 -0.036641635 0.06410042 -0.046349656 22510 g
 6.567894 2.8149827 6.657078 22514 a
 -0.022259766 -0.033639718 -0.00986355 22712 g
 6.673837 3.0125043 6.655881 22718 a
 -0.014802914 0.017492974 -0.018119348 22910 g
 6.369175 2.9011738 6.9946604 22913 a
 0.04085715 0.03160773 0.05644916 23109 g
 6.63134 2.9059622 6.8162923 23113 a
 -0.023590812 -0.0019502329 -0.01811855 23311 g
 6.479907 2.5971103 6.7504516 23315 a
 -0.021460285 0.021219268 -0.030635407 23509 g
 6.4362125 2.7102363 6.7803793 23513 a
 -0.13624252 0.020154005 -0.14328712 23709 g
 6.505046 2.8269536 6.8043213 23713 a
 -0.077919036 -0.02538685 -0.0988118 23911 g
 6.0046577 2.96881 6.9557543 23915 a
 0.044586375 -0.015000521 -0.002405367 24109 g
 6.4631476 2.8119898 6.7546415 24113 a
 -0.075788505 1.7949706E-4 -0.050608583 24308 g
 6.30932 2.9376855 6.8091097 24312 a
 0.07414746 -0.026984746 0.04100416 24509 g
 6.4206505 2.8628666 6.8384385 24513 a
 -0.047026366 0.010832141 -0.025841184 24707 g
 6.2075663 2.9053638 6.9461775 24711 a
 -1.5472966E-4 0.011897406 -0.0032043154 24908 g
 6.359598 2.9119477 6.8462195 24911 a
 -0.0022855247 0.005240302 -8.0800307E-4 25110 g
 6.303933 2.866458 6.9168487 25114 a
 -0.0025518409 0.008968728 0.0015888419 25307 g
 6.3368535 2.8449101 6.870162 25317 a
 -0.0068128984 0.005240302 -0.003471164 25506 g
 6.227917 2.831742 6.925827 25510 a
 0.0019752665 0.007371896 0.0013222594 25710 g
 6.4487824 2.8736405 6.8001313 25713 a
 -0.008144746 -0.015797606 -0.007199856 25907 g
 6.157887 2.8407204 7.006033 25911 a
 -0.010008958 0.015627695 -0.0066672238 26106 g
 6.3422403 2.9071593 6.9767036 26111 a
 0.002242648 -0.025655296 -0.007198258 26305 g
 6.5361705 2.8700492 6.9090676 26306 a
 -0.051553205 -0.11087645 -0.006931942 26506 g
 6.7001734 2.4594438 6.6121864 26510 a
 -0.099223785 -0.09037011 -0.016785638 26705 g
 6.5385647 2.8233624 6.649895 26710 a
 0.14179228 -0.010475278 0.04686391 26906 g
 6.2865753 2.914342 6.5577183 26910 a
 0.09678487 -0.0067468523 0.031683892 27106 g
 6.671443 3.0591912 6.6947865 27111 a
 3.784352E-4 0.06409323 -0.0026708841 27305 g
 6.321291 3.0454245 7.1245456 27312 a
 0.013428457 0.069951124 -2.7377295E-4 27508 g
 6.419453 2.920926 6.566098 27512 a
 -0.021458954 -0.0038184403 -0.019981164 27705 g
 6.3985043 2.918532 6.719327 27710 a
 -0.0387695 0.016954215 -0.024242222 27904 g
 6.5068417 2.9538465 6.7743936 27909 a
 -0.025452362 -0.00701956 -0.010658237 28108 g
 6.187216 2.8263552 6.973711 28112 a
 -0.026517628 0.023340477 -0.0050655985 28304 g
 6.332065 2.7814639 6.899491 28308 a
 -0.012136558 0.022008896 -0.001070857 28504 g
 6.3177 2.837129 6.8881183 28508 a
 -0.017995512 0.02387311 0.0010596717 28705 g
 6.311714 2.6868927 6.9731126 28709 a
 -0.024653414 0.011089935 -0.003201386 28903 g
 6.3392477 2.822764 6.871359 28908 a
 0.004108725 -0.004090083 -0.005331915 29103 g
 6.347627 2.7832594 6.8282633 29107 a
 -6.8523135E-4 0.0017699369 0.0074509922 29306 g
 6.3177 2.758719 6.953959 29310 a
 0.003043194 0.011091 0.014108894 29503 g
 6.2261214 2.7419596 6.9826894 29507 a
 0.003043194 0.017748903 0.023163643 29704 g
 6.2620344 2.6611552 7.038953 29709 a
 -0.032642633 0.038253114 -0.002401905 29901 g
 6.151303 2.6809072 7.113772 29902 a
 -0.037170004 0.059558403 -0.036490366 30103 g
 6.1183825 2.6629508 7.143699 30107 a
 -0.015332084 0.031328894 -0.029566148 30302 g
 6.0327897 2.7084408 7.1939774 30305 a
 -0.0022820628 0.02440361 -0.045544848 30505 g
 5.7245364 2.9269116 7.33344 30509 a
 0.012099007 0.016414126 -0.0596596 30702 g
 6.090849 3.0214825 7.067683 30706 a
 0.019289542 -0.038180675 -0.0042658513 30902 g
 6.0411696 2.8550856 7.176021 30907 a
 0.012632704 -0.018477278 0.018905248 31105 g
 6.081871 2.8401217 7.0742674 31109 a
 0.045655902 -0.031526767 0.043672647 31302 g
 6.0106435 2.7503393 6.974908 31306 a
 -0.0052104746 0.02280172 0.011448396 31501 g
 6.1955953 2.7563248 6.9820905 31505 a
 0.023818247 -0.037653103 0.050597396 31700 g
 6.2249246 2.7730842 6.909666 31702 a
 0.0065077003 -0.021141505 0.027427895 31901 g
 6.233304 2.7742813 7.0467343 31905 a
 -0.0062754727 0.012680641 -0.0023995081 32098 g
 6.129156 2.8449101 7.073669 32099 a
 -0.01905838 0.02333222 -0.029563485 32303 g
 6.147113 2.846706 7.067683 32308 a
 -0.007873103 0.008418518 -0.004796087 32500 g
 6.0806737 2.7263973 7.1065893 32504 a
 -0.007873103 0.012679576 -2.6871296E-4 32700 g
 6.1357403 2.8299465 7.0251865 32704 a
 -0.010003099 0.0062869242 -0.020508204 32899 g
 6.057929 2.7455509 7.185598 32901 a
 -0.0049430933 0.012944827 -0.008790296 33100 g
 6.091448 2.765303 7.1514807 33104 a
 0.0035790221 -0.004099404 -0.013583986 33300 g
 6.059126 2.7856536 7.1448965 33303 a
 0.013433517 0.0041531995 -0.008522915 33502 g
 6.042965 2.8646624 7.15567 33506 a
 0.017960891 -0.0022383868 -0.0119850235 33700 g
 6.0208187 2.6569653 7.0874357 33704 a
 0.013433517 -0.012891031 -0.020773456 33900 g
 5.990891 3.122039 6.9437833 33903 a
 0.045391716 -0.023811057 -0.034088995 34101 g
 6.1243677 3.0388405 7.1065893 34105 a
 0.007574829 0.02705532 -0.02077319 34298 g
 5.9639564 3.0005333 7.1784153 34302 a
 0.0014495585 0.011608985 -0.033822678 34498 g
 6.1010246 2.926313 7.0646906 34502 a
 0.0038466698 0.020396352 0.005592638 34701 g
 5.9561753 3.1747115 6.9886746 34704 a
 0.011303521 -0.009431052 0.006924219 34898 g
 5.969942 2.9963434 7.1664443 34902 a
 -0.00574071 -3.7630467E-4 0.029827405 35098 g
 6.171055 2.9831753 7.071873 35102 a
 -4.1385522E-4 -0.009432117 0.01624555 35300 g
 5.961562 2.956839 7.0904284 35304 a
 -0.0028107 -3.7736993E-4 -0.0021302626 35494 g
 6.105813 2.949058 7.0850415 35495 a
 -0.007338074 -0.0046384274 0.008788697 35697 g
 6.136339 3.0903158 7.144298 35702 a
 0.0030477215 -0.017154219 0.0015978967 35900 g
 6.1782374 2.835932 7.0994067 35904 a
 -0.0073386068 -0.004371046 0.0053263223 36097 g
 6.1129956 3.015497 6.971317 36101 a
 0.0065098307 -0.01582264 0.0098536955 36297 g
 6.241085 2.9508536 7.0006456 36301 a
 0.009706157 -0.010497382 0.04074663 36499 g
 6.147113 2.9287071 6.9892735 36503 a
 0.0038472025 -0.010231066 0.024767665 36697 g
 6.1566896 2.8963854 6.974908 36701 a
 0.007575628 -0.008633169 0.015979232 36896 g
 6.217742 2.8491 6.9796963 36900 a
 0.0022495722 -0.0014436996 2.6711504E-4 37098 g
 6.211756 2.8562827 6.963536 37102 a
 0.0025158883 0.0012194614 -0.011983426 37295 g
 6.2195373 2.9053638 6.9557543 37300 a
 0.0057116817 -0.00277528 -0.0010644655 37495 g
 6.2434793 2.825158 6.9330096 37499 a
 -1.4700649E-4 -0.004906874 0.010387394 37698 g
 6.2650275 2.9700072 6.8719573 37702 a
 0.033408824 -0.019287944 0.014115819 37895 g
 6.193201 2.8311436 6.921637 37899 a
 -0.0076038577 0.008142615 0.025301095 38095 g
 6.2404866 2.7377696 6.9288197 38099 a
 -0.007070959 -0.0062392536 0.0021321268 38297 g
 6.215946 2.8293478 6.9461775 38301 a
 0.020625915 -0.022484535 0.013850035 38494 g
 6.3769565 2.896984 6.8767457 38498 a
 0.0203596 -0.021685587 0.04207954 38695 g
 6.3584013 2.783858 6.855198 38699 a
 0.012902216 -0.0011773835 0.045274537 38897 g
 6.345233 2.755726 6.8982935 38901 a
 -0.012131497 0.004947887 0.007191334 39094 g
 6.4026937 2.753332 6.7959414 39099 a
 0.035539087 -0.009166867 0.03408926 39294 g
 6.477513 2.7617116 6.8408327 39298 a
 0.020359067 0.004947887 0.0149145005 39494 g
 6.3177 2.7694929 6.811504 39498 a
 -0.033703104 0.020660536 -0.046338204 39693 g
 6.577471 2.7862523 6.8683662 39698 a
 0.032076977 -0.056304816 0.0037292244 39893 g
 6.575675 2.8604724 6.6959834 39897 a
 0.12715289 -0.04805301 0.13822046 40096 g
 6.4601545 2.6880898 6.595427 40100 a
 0.11596762 -6.4874603E-4 0.17230892 40292 g
 6.740875 2.8179753 6.4541693 40296 a
 -0.0347673 -0.015828764 -0.018906048 40492 g
 6.6726403 2.6150668 6.6600704 40496 a
 -0.051545218 -0.005975068 -0.033287115 40692 g
 6.558317 2.7503393 6.59004 40696 a
 -0.043289416 -0.01955719 -0.038080808 40892 g
 6.5631056 2.6408045 6.591237 40896 a
 -0.027044134 0.02758076 -0.03914607 41092 g
 6.588843 2.742558 6.7306995 41096 a
 -0.011598066 0.019592343 -0.02636343 41294 g
 6.491279 2.7724855 6.693589 41298 a
 0.023289343 -0.024349814 -0.0018623485 41491 g
 6.582259 2.653374 6.630143 41495 a
 0.02834935 -0.04245931 0.0037302896 41692 g
 6.579865 2.707842 6.693589 41696 a
 0.023023294 -0.014230868 -0.006655506 41894 g
 6.892308 2.7395654 6.678027 41899 a
 0.009441173 0.010003898 0.045542452 42092 g
 6.551733 2.6791117 6.6307416 42096 a
 -0.01639149 0.0086723175 -0.0047912933 42291 g
 6.754043 2.7850552 6.533178 42295 a
 -0.004940164 0.028114459 -0.0146455215 42492 g
 6.6079965 2.6084828 6.6247563 42496 a
 0.011837751 -0.007838216 -0.0010634002 42690 g
 6.741473 2.8449101 6.503849 42694 a
 0.03660515 -0.036067724 0.015714515 42891 g
 6.654085 2.8083985 6.571485 42894 a
 0.0051809135 0.0137301935 0.0095905755 43093 g
 6.95755 2.722806 6.6612678 43096 a
 0.024089357 0.0014796522 0.0095905755 43291 g
 6.7923503 2.7461493 6.3601966 43294 a
 0.08054837 -0.06856149 -0.022899989 43490 g
 6.9120603 3.0579941 6.347627 43496 a
 0.025153823 -0.032340363 0.016780311 43693 g
 6.867768 3.1262288 5.973533 43697 a
 0.11942972 -0.0461888 0.022106634 43890 g
 6.8132997 3.1783028 6.108207 43894 a
 0.0512528 0.038233407 0.071907744 44090 g
 7.355586 2.8173769 5.7987566 44094 a
 0.35485315 -0.20464689 0.2796343 44290 g
 7.2819643 3.6715083 5.0014873 44294 a
 0.38814268 -0.35964286 0.11638254 44492 g
 7.844003 3.757101 4.59567 44496 a
 0.07069388 -0.13593733 0.067913 44688 g
 8.071452 2.8269536 4.0623617 44692 a
 -0.13144004 0.19509359 0.071907744 44889 g
 6.751649 2.9843724 5.3941364 44893 a
 -0.20281276 0.105611384 -0.36298645 45089 g
 6.994062 5.6299653 5.0463786 45093 a
 0.0019843213 0.041695517 -0.57737094 45289 g
 6.469133 -0.89782566 6.6205664 45293 a
 -0.043554936 0.33064637 -0.56938064 45490 g
 5.9244523 4.785411 5.840655 45494 a
 -0.03290229 0.015594406 0.024237962 45688 g
 5.9250507 4.909311 6.003461 45692 a
 -0.019320168 -0.0014498249 -0.0015947009 45888 g
 6.2063694 4.793192 5.969942 45899 a
 -0.011862785 -0.02781725 -0.010116017 46085 g
 5.6856303 4.908712 6.2327056 46088 a
 -0.061663896 0.07258392 -0.03941079 46288 g
 6.211756 4.687248 5.580884 46292 a
 6.540724E-4 6.7857344E-4 0.0045313686 46486 g
 5.9621606 4.9135003 6.1141925 46490 a
 -0.0142593635 -0.016100407 -0.040209472 46690 g
 5.6509147 4.8662148 6.308123 46695 a
 -0.024645692 0.026776487 -0.043138947 46886 g
 5.943007 4.8895583 6.047155 46891 a
 -0.036896233 -0.002518285 -0.060982127 47085 g
 5.607819 4.9996915 6.3099184 47090 a
 -0.054473095 0.031570178 -0.09240743 47286 g
 5.5563436 5.105635 6.2165446 47290 a
 -0.017721472 0.019852268 -0.06231371 47485 g
 5.6215854 4.969166 6.296152 47490 a
 1.21706464E-4 -0.0057140784 0.007993745 47685 g
 5.5461683 4.970961 6.319495 47691 a
 -0.008933308 -0.0011856393 -0.012779178 47889 g
 5.5802855 5.0236335 6.250662 47892 a
 0.0043824976 -0.0011856393 8.029431E-4 48085 g
 5.5509567 5.0302176 6.293758 48089 a
 -0.011862785 0.006803844 -0.016241288 48285 g
 5.2863975 4.997896 6.5325794 48289 a
 -0.03929228 0.02544171 -0.059383165 48488 g
 5.0224366 5.393538 6.1955953 48492 a
 0.012639362 -0.11304267 -0.021033647 48684 g
 6.4924765 4.779425 5.732916 48690 a
 -0.1356987 -0.267506 -0.07749266 48884 g
 5.4486046 5.4617724 6.3578024 48888 a
 0.22942121 0.12371129 0.09454808 49087 g
 5.3049526 5.637148 6.6804214 49091 a
 -0.026774889 0.14847869 -0.10758585 49284 g
 5.205593 5.1918263 5.9807158 49288 a
 -0.044618066 4.06931E-4 -0.20931861 49484 g
 5.1379566 5.2127757 6.1022215 49488 a
 0.08640892 0.04621437 0.06258961 49686 g
 5.1906295 5.5539494 6.083068 49692 a
 0.018498316 0.034496456 0.051670652 49883 g
 5.1355624 5.179257 6.132149 49887 a
 0.021161478 0.047013316 0.09135175 50083 g
 5.315128 5.283405 6.3350577 50087 a
 -0.06565704 -0.03448048 0.007995342 50285 g
 5.587468 5.837662 7.1670427 50288 a
 -0.1791077 0.03050065 -0.056985788 50483 g
 5.2959743 5.4312468 5.9280434 50486 a
 0.113840014 -0.08987423 0.09694492 50682 g
 5.354632 5.043386 6.43741 50686 a
 -0.037427 0.021177724 -0.0058522965 50884 g
 5.4204726 5.0781016 6.327875 50888 a
 -0.0456828 -0.01903601 -0.046332344 51083 g
 5.2397103 5.1241903 6.465542 51087 a
 -0.043285955 -0.0014591459 -0.048196558 51282 g
 5.48751 5.1780596 6.282984 51286 a
 -0.019850403 -0.024361532 -0.038343392 51484 g
 5.279215 5.1140146 6.3524156 51488 a
 0.03953809 0.0046669235 0.011191402 51682 g
 5.4192758 5.1786585 6.3177 51685 a
 -0.017187243 -0.018768894 -0.018902319 51882 g
 5.33907 5.1666875 6.3123126 51886 a
 0.0059827915 1.3768543E-4 0.0016048208 52080 g
 5.3079453 5.2121773 6.3302693 52082 a
 0.0035859463 0.0070619043 -0.0029225529 52281 g
 5.365406 5.1648917 6.3350577 52285 a
 -0.013191968 1.3768543E-4 -0.014640462 52481 g
 5.4025164 5.21098 6.3512187 52485 a
 -0.005468535 -0.012912869 -0.0125094 52683 g
 5.358822 5.205593 6.35062 52687 a
 3.9041942E-4 -0.004923386 -0.0018567559 52880 g
 5.3606176 5.1876364 6.3260794 52884 a
 1.241033E-4 -0.0027928571 -0.0026557043 53080 g
 5.325303 5.1786585 6.319495 53084 a
 -0.009729327 -0.0035928707 -0.014639663 53282 g
 5.313332 5.177461 6.469133 53286 a
 -0.029969351 -0.009185509 -0.026890203 53479 g
 5.231331 5.1301756 6.3805475 53483 a
 -0.071248345 0.0017334515 -0.060179718 53680 g
 5.2002063 5.101445 6.491279 53684 a
 -0.051273573 0.011583951 -0.048726793 53882 g
 5.3061495 5.1397524 6.4368114 53886 a
 0.018767562 -0.035554 -0.0034530547 54079 g
 5.1355624 5.121197 6.39192 54083 a
 0.032882318 -0.032890838 -0.014904647 54279 g
 5.333084 5.643732 5.9861026 54283 a
 0.102923185 -0.0017307884 0.039423306 54482 g
 5.229535 5.149928 6.293758 54485 a
 0.07096525 0.062451392 0.08629494 54679 g
 5.834071 5.1355624 6.215348 54683 a
 -0.06938334 -0.029161347 -0.068434715 54879 g
 5.0038815 5.0320134 6.283582 54883 a
 0.01796888 0.055525046 -0.046862315 55082 g
 4.923077 5.2917843 6.3739634 55085 a
 0.004120443 0.07736296 -0.007713846 55278 g
 5.0362034 5.0182467 6.5858502 55282 a
 -0.061659634 0.024632376 0.014656707 55478 g
 5.0661306 4.9841294 6.4499793 55482 a
 -0.08110098 -0.04567401 -0.0039856867 55681 g
 4.943428 5.1966147 6.628946 55685 a
 -0.012657738 0.033688188 0.014390125 55878 g
 5.149329 5.149928 6.579865 55882 a
 -0.034229342 -0.0065255435 -0.019964654 56078 g
 5.0122614 5.149329 6.6085954 56082 a
 -0.0049340385 0.0075870794 -0.005849367 56278 g
 5.007473 5.1247888 6.679823 56282 a
 -0.015054051 -0.0022666163 -0.011442006 56478 g
 5.0427876 5.0781016 6.741473 56482 a
 -0.010526677 0.009717609 0.013059077 56677 g
 5.145738 5.0882773 6.6708446 56681 a
 0.01690415 -0.0150508545 -2.561961E-4 56879 g
 4.824915 5.153519 6.4224463 56883 a
 0.01743678 -0.0121213775 -0.013572002 57077 g
 4.622605 5.209184 6.2967505 57081 a
 0.010778878 -0.009458217 -0.01437095 57276 g
 4.8506527 5.4486046 6.5631056 57280 a
 0.008648349 -9.3610113E-4 -2.561961E-4 57477 g
 4.8482585 5.257068 6.6588736 57481 a
 -0.01052641 0.006787066 0.008265919 57676 g
 5.2756233 5.0637364 6.615179 57680 a
 0.0019904466 -9.3610113E-4 0.004537494 57875 g
 5.059547 5.324106 6.704962 57879 a
 0.0059854547 0.0017259946 -0.0018538265 58078 g
 5.1223946 5.005079 6.679823 58082 a
 -0.031831432 0.01850391 0.010663031 58275 g
 5.3396683 4.96737 6.889914 58279 a
 -0.016917732 0.040874463 0.037028324 58475 g
 5.073912 5.00448 6.7624226 58479 a
 0.031552333 -0.04488039 0.06632363 58678 g
 5.2852 5.118803 6.3284736 58682 a
 0.052324988 -0.15779842 0.06818784 58875 g
 5.7544637 4.8225207 6.2315083 58879 a
 -0.05633198 -0.13196576 -0.005315403 59074 g
 5.795165 5.116409 6.2021794 59078 a
 0.17429909 -0.01745489 0.12198556 59277 g
 5.5862713 4.8344917 5.9729347 59281 a
 0.35406247 0.13088319 0.28150892 59474 g
 6.1040173 4.6232033 6.4230447 59478 a
 -0.15220445 0.11277369 -0.2079801 59674 g
 5.5521536 5.065532 6.2404866 59679 a
 -0.07017989 0.029153625 -0.09719366 59877 g
 5.1355624 5.3324857 6.311714 59881 a
 0.011845474 0.025158882 0.007468569 60192 g
