 -0.04987648 -0.12295415 -0.258239 4 g
 6.9348054 1.8764555 7.1526775 7 a
 0.3519945 -0.72509485 0.59983146 137 g
 6.634333 2.4546554 6.9784994 142 a
 0.033480197 -0.048384577 0.036306344 340 g
 4.469376 2.1003134 7.921815 343 a
 -0.26106542 0.24030209 -0.33493832 537 g
 6.131551 2.4911668 7.4687123 541 a
 0.06357392 -0.025481392 -0.044121124 737 g
 5.2983685 2.0398598 7.4950485 741 a
 0.08487973 0.07438502 0.16893256 940 g
 5.899313 2.1763294 7.630321 943 a
 -0.008064585 -0.005243498 0.005414473 1136 g
 5.573103 2.4181437 7.6452847 1140 a
 0.0063164853 -0.018292988 -0.02574451 1337 g
 5.5802855 2.332551 7.781754 1341 a
 -3.406183E-4 0.010465956 -0.0065681543 1539 g
 5.554548 2.4007857 7.6464815 1543 a
 9.909623E-4 -0.007909855 -0.006035522 1736 g
 5.57849 2.3678656 7.6243353 1739 a
 7.2464615E-4 -0.0020509004 -4.428837E-4 1936 g
 5.6179943 2.337938 7.6584525 1939 a
 9.922938E-4 -0.0025888588 -0.0023044334 2138 g
 5.557541 2.3397336 7.66384 2142 a
 0.0028565065 0.0011395667 -0.006565491 2335 g
 5.5964465 2.3385365 7.626131 2339 a
 -0.0027361317 -0.0017899106 -0.001771801 2535 g
 5.6000376 2.3229742 7.6764092 2539 a
 7.2704296E-4 -0.0031260184 -0.0044328314 2738 g
 5.5976434 2.3145945 7.657854 2742 a
 0.0044554686 -0.002060754 -7.044061E-4 2935 g
 5.553351 2.368464 7.60578 2938 a
 0.003123888 -7.291735E-4 -0.003101251 3135 g
 5.631761 2.3678656 7.6883802 3139 a
 4.6205844E-4 -4.6818372E-4 0.0019611518 3337 g
 5.5120506 2.4480712 7.685986 3341 a
 0.0055220644 3.307646E-4 -0.004696751 3534 g
 5.593454 2.3942018 7.693767 3538 a
 -0.0016684704 -0.001267132 -9.6832536E-4 3734 g
 5.5964465 2.3888147 7.6841903 3737 a
 9.952233E-4 0.0011275824 -0.0025651567 3936 g
 5.5725045 2.4313118 7.681796 3940 a
 0.0012615394 -7.3663035E-4 -0.003097789 4134 g
 5.602432 2.3720553 7.6811976 4137 a
 -7.004113E-5 5.9495016E-4 -0.0017662084 4334 g
 5.5629277 2.3588872 7.6524673 4337 a
 4.6392265E-4 0.0032517198 -0.0020293288 4536 g
 5.555745 2.4091654 7.667431 4540 a
 1.9760655E-4 0.0029854036 -0.0046924897 4733 g
 5.587468 2.3971944 7.641693 4737 a
 -6.013418E-4 -4.7670584E-4 -0.0012303804 4932 g
 5.6006365 2.3385365 7.702147 4936 a
 0.0015297197 0.0024503744 9.009474E-4 5135 g
 5.5539494 2.3648727 7.6590514 5139 a
 0.0039265645 -0.0034085799 -0.002827478 5333 g
 5.583877 2.3529017 7.657854 5337 a
 0.0015297197 -0.001544367 -6.9694925E-4 5534 g
 5.5922565 2.4103625 7.6452847 5537 a
 0.0023299996 -0.0039465385 -0.0022921828 5736 g
 5.6179943 2.3463178 7.654263 5740 a
 0.0049931607 -0.00927286 0.0011699266 5934 g
 5.699397 2.3517046 7.5028296 5937 a
 0.027363714 -0.038567632 0.023274163 6132 g
 5.6461263 2.3750482 7.574057 6136 a
 0.0073908046 -2.2130868E-4 0.00489995 6335 g
 5.7179523 2.3092074 7.5746555 6340 a
 -0.004060788 -2.2130868E-4 -9.590043E-4 6532 g
 5.651513 2.3690627 7.5495167 6536 a
 -5.986786E-4 0.0056376457 -0.0044211135 6732 g
 5.60722 2.3953989 7.5800424 6735 a
 -8.649947E-4 0.001376588 -0.006817959 6932 g
 5.697003 2.3624785 7.577648 6936 a
 -0.0021965753 0.0011102719 -0.002556901 7132 g
 5.689222 2.343325 7.6045833 7135 a
 -0.0019302592 0.0056376457 -0.0044211135 7331 g
 5.6245785 2.349909 7.6081743 7335 a
 -0.0013976269 0.004039749 -0.00468743 7532 g
 5.631162 2.3600843 7.656657 7536 a
 -0.0045934203 0.008833439 -0.006817959 7731 g
 5.6586957 2.3421278 7.667431 7735 a
 -0.003794472 0.006436594 -0.007616907 7931 g
 5.673061 2.3169887 7.5968018 7934 a
 -0.0021965753 0.004306065 -0.005486378 8131 g
 5.6102133 2.3391352 7.669825 8135 a
 0.0012655341 5.776396E-4 -0.0020242687 8330 g
 5.6826377 2.3493104 7.581838 8334 a
 0.0017981663 -0.0020855214 -6.926882E-4 8530 g
 5.6551046 2.35769 7.597999 8534 a
 0.0015318502 -0.0018192054 -4.2637208E-4 8730 g
 5.6269727 2.348712 7.6171527 8734 a
 0.0023307987 -0.0015528892 -0.0020242687 8930 g
 5.5946507 2.3995886 7.6171527 8934 a
 0.002863431 -0.0015528892 -0.002823217 9130 g
 5.631761 2.3415294 7.6225395 9133 a
 4.6685213E-4 -0.0018202706 -0.00175742 9331 g
 5.619191 2.3678656 7.593809 9335 a
 0.0020647487 -7.5500616E-4 -0.0022900521 9530 g
 5.5910597 2.4019828 7.6243353 9533 a
 0.002597381 -4.8869004E-4 -0.0028226844 9729 g
 5.66109 2.393603 7.5447283 9733 a
 7.329019E-4 -4.8762478E-4 -0.0030895332 9932 g
 5.6431336 2.380435 7.5830355 9935 a
 0.0025971148 5.776396E-4 -6.926882E-4 10128 g
 5.6084175 2.3732524 7.6309195 10133 a
 0.0020644825 -0.0012865731 -9.590043E-4 10328 g
 5.626374 2.3948002 7.593809 10333 a
 -0.0013976269 3.1132353E-4 -0.0020242687 10528 g
 5.620987 2.3870192 7.5602903 10532 a
 -6.604639E-5 0.0045723813 -0.0057526943 10728 g
 5.6018333 2.3762453 7.668628 10732 a
 4.6658583E-4 0.0011102719 -0.005220062 10928 g
 5.6000376 2.3780408 7.590218 10932 a
 4.6685213E-4 -0.0018202706 -4.2583945E-4 11130 g
 5.662287 2.332551 7.651869 11134 a
 0.0015321166 -4.8869004E-4 -6.9215556E-4 11328 g
 5.6658783 2.3145945 7.629722 11332 a
 0.002863697 -0.0018202706 3.7310887E-4 11527 g
 5.6066217 2.3421278 7.5734587 11531 a
 0.0015318502 -0.0012865731 -0.0012253204 11730 g
 5.663484 2.3481133 7.6105685 11733 a
 0.0015318502 -0.0012865731 -0.0014916365 11927 g
 5.632958 2.3517046 7.6201453 11931 a
 0.0023307987 -0.001020257 -9.590043E-4 12126 g
 5.6215854 2.3469162 7.5566993 12130 a
 7.334346E-4 -7.560714E-4 -0.0022895196 12329 g
 5.643732 2.4019828 7.6321163 12333 a
 0.0015323829 -0.0015550198 -0.0022895196 12526 g
 5.653309 2.3523033 7.5884223 12530 a
 0.001798699 4.2876894E-5 -0.0017568873 12726 g
 5.6108117 2.3301568 7.6135616 12730 a
 -3.3156355E-4 0.0027049726 -0.002555303 12928 g
 5.689222 2.3403323 7.6440873 12932 a
 -8.6419575E-4 0.0027049726 -0.0060174125 13125 g
 5.6658783 2.321777 7.557896 13130 a
 -3.3156355E-4 0.0032376049 -0.004952148 13325 g
 5.6018333 2.3624785 7.650073 13329 a
 -0.0019294602 0.0045691854 -0.0065500448 13526 g
 5.5880666 2.337938 7.5926123 13531 a
 -4.181163E-5 -0.0013566143 0.0011318434 13724 g
 5.6042275 2.344522 7.6333137 13728 a
 0.0020887172 -0.0042860913 0.004860269 13925 g
 5.601235 2.35769 7.6345105 13928 a
 4.9082056E-4 -0.0034871432 0.0035286883 14124 g
 5.571307 2.4378958 7.6135616 14130 a
 0.006349775 -0.0040197754 -0.0041944785 14324 g
 5.7598505 2.248754 7.5962033 14329 a
 -0.0045691854 -0.0034871432 0.010719223 14524 g
 5.5886655 2.3343468 7.615956 14528 a
 0.0052845106 7.739146E-4 -0.0055260593 14724 g
 5.6539073 2.397793 7.6111674 14728 a
 -5.7444384E-4 -0.0053513558 0.0019307918 14923 g
 5.6616883 2.3080103 7.630321 14927 a
 -4.181163E-5 0.0050349724 0.0016644757 15123 g
 5.6497173 2.4408886 7.620744 15127 a
 -4.181163E-5 -0.003220827 -0.0017976337 15324 g
 5.7478795 2.235586 7.6841903 15327 a
 -0.005900766 0.00929603 0.0013981595 15524 g
 5.5102553 2.32058 7.663241 15527 a
 0.0023550333 0.0026381274 -0.007390272 15723 g
 5.518635 2.460641 7.627927 15727 a
 -3.0812772E-4 -0.002954511 -0.0017976337 15924 g
 5.671864 2.356493 7.632715 15928 a
 -3.0812772E-4 -0.0024218787 0.008588694 16123 g
 5.5844755 2.3265655 7.65127 16126 a
 0.004219246 -0.0045524077 0.0035286883 16324 g
 5.61141 2.4253263 7.6231384 16328 a
 0.004485562 -0.0074818847 0.0013981595 16524 g
 5.673061 2.3175871 7.6129627 16528 a
 -5.7444384E-4 -0.0010902982 0.0037950044 16723 g
 5.637148 2.3157916 7.6135616 16727 a
 0.0018224011 -0.003220827 0.0013981595 16922 g
 5.6551046 2.3558946 7.6452847 16925 a
 2.2450447E-4 0.0013065469 3.3289514E-4 17123 g
 5.637148 2.345719 7.675811 17126 a
 -0.0024386565 0.0058339206 -0.0033955304 17322 g
 5.614403 2.309806 7.595605 17325 a
 -8.4075995E-4 0.004236024 -0.0039281626 17522 g
 5.6102133 2.3122003 7.667431 17525 a
 -0.0029712887 0.0023718113 -0.002596582 17722 g
 5.6221843 2.309806 7.6309195 17726 a
 0.001556085 -0.0034871432 0.0013981595 17921 g
 5.6778493 2.3343468 7.5944076 17925 a
 0.0031539816 -0.0053513558 0.0067244815 18121 g
 5.6389437 2.3600843 7.638102 18125 a
 0.0036866139 -0.005883988 0.004593953 18321 g
 5.662287 2.3157916 7.57286 18325 a
 0.0036866139 -0.0053513558 0.002996056 18521 g
 5.668871 2.3397336 7.6069775 18524 a
 0.0018224011 -0.0045524077 0.004061321 18720 g
 5.6856303 2.360683 7.6291237 18724 a
 0.001289769 -0.002954511 0.00272974 18921 g
 5.6161985 2.3241713 7.6027875 18924 a
 0.001556085 -0.0010902982 8.6552737E-4 19120 g
 5.707777 2.3265655 7.653664 19124 a
 -0.0016397083 0.003969708 5.9921126E-4 19319 g
 5.6215854 2.343325 7.6464815 19323 a
 -0.0021723404 0.006632869 -0.005792375 19520 g
 5.620987 2.3786395 7.6710224 19524 a
 -0.0024386565 0.0023718113 -0.0020639498 19720 g
 5.6539073 2.3169887 7.621941 19723 a
 2.2450447E-4 -2.5033714E-5 -7.323693E-4 19920 g
 5.6401405 2.2960393 7.591415 19924 a
 0.0028128307 -0.0075734975 0.0068824072 20119 g
 5.6323595 2.308609 7.560889 20123 a
 0.0022801985 -0.0049103363 0.001556085 20319 g
 5.6509147 2.3511062 7.5908165 20323 a
 0.0057423078 -0.010236658 0.005817143 20519 g
 5.6999955 2.308609 7.5267715 20523 a
 0.014797055 -0.022753516 0.018866632 20720 g
 5.6886234 2.4091654 7.5531077 20724 a
 0.0052096755 -0.0046440205 0.005018194 20918 g
 5.727529 2.3331497 7.5213847 20923 a
 -0.0022471752 0.0030791468 7.571367E-4 21117 g
 5.6964045 2.3768437 7.6015906 21121 a
 -0.0011819109 6.823019E-4 -5.7444384E-4 21324 g
 5.762245 2.3355439 7.503428 21328 a
 -3.8296255E-4 -0.001980859 0.001556085 21518 g
 5.723339 2.369661 7.4842744 21522 a
 -1.1664646E-4 0.0020138824 -8.4075995E-4 21717 g
 5.7538652 2.3505075 7.5387425 21721 a
 -0.003845072 0.0014812502 -4.181163E-5 21917 g
 5.6856303 2.3475149 7.5746555 21922 a
 -0.004111388 0.007872837 -0.003503921 22117 g
 5.680842 2.3020248 7.5806413 22121 a
 -0.0049103363 0.0038780952 -0.0024386565 22317 g
 5.6563015 2.3529017 7.5561004 22321 a
 -0.0017145431 0.0044107274 -0.004036553 22517 g
 5.6856303 2.343325 7.5890207 22522 a
 0.0044107274 -0.01289982 0.004485562 22716 g
 5.717354 2.3654714 7.599795 22721 a
 0.008671785 -0.013965084 0.005018194 22916 g
 5.7125654 2.4319103 7.4932528 22921 a
 9.48618E-4 4.1598576E-4 -0.0027049726 23117 g
 5.775413 2.3211784 7.474099 23121 a
 -0.0070408653 0.006008624 0.0052845106 23315 g
 5.6706667 2.2176294 7.5962033 23319 a
 -0.004111388 0.004144411 -5.7444384E-4 23515 g
 5.73112 2.2942438 7.5572977 23519 a
 4.1598576E-4 4.1598576E-4 -0.003503921 23716 g
 5.671265 2.4181437 7.5267715 23721 a
 0.00627494 -0.0105029745 0.001556085 23915 g
 5.707777 2.484583 7.475296 23920 a
 0.0017475663 -0.006241917 0.0026213494 24115 g
 5.7987566 2.5067291 7.5926123 24118 a
 -0.0025134913 0.005475992 -0.0021723404 24315 g
 5.6335564 2.581548 7.539341 24319 a
 -0.0035787558 0.0014812502 -0.0021723404 24514 g
 5.777807 2.2331917 7.6189485 24518 a
 -0.014764032 0.019590745 0.005018194 24714 g
 5.6898203 2.3361423 7.619547 24718 a
 0.0014812502 0.009470734 -0.012026036 24915 g
 5.6670756 2.2918496 7.578247 24918 a
 -0.004111388 9.48618E-4 0.0026213494 25114 g
 5.719149 2.2756886 7.5333557 25118 a
 6.823019E-4 -0.0051766527 -0.0029712887 25314 g
 5.692813 2.2936451 7.599196 25318 a
 -1.1664646E-4 -3.8296255E-4 -8.4075995E-4 25514 g
 5.6407394 2.3540988 7.6345105 25518 a
 4.1598576E-4 -0.001448227 -0.0019060244 25711 g
 5.6910176 2.3181858 7.53994 25712 a
 -6.492787E-4 -0.0011819109 -4.181163E-5 25914 g
 5.7161565 2.3493104 7.5291657 25917 a
 -0.0011819109 -6.492787E-4 0.0010234528 26113 g
 5.6664767 2.3876176 7.603985 26117 a
 0.0020138824 -1.1664646E-4 -8.4075995E-4 26313 g
 5.6658783 2.3546975 7.586028 26318 a
 1.4966965E-4 -3.8296255E-4 7.571367E-4 26513 g
 5.7125654 2.333748 7.589619 26517 a
 -0.0035771579 -0.002519883 -3.0519825E-4 26712 g
 5.6886234 2.356493 7.5644803 26714 a
 -3.8136466E-4 -0.0038514636 -0.0011041466 26912 g
 5.6778493 2.360683 7.608773 26916 a
 0.0014828481 0.0020074907 -3.888215E-5 27113 g
 5.693412 2.3415294 7.567473 27117 a
 -3.8136466E-4 4.0959418E-4 -3.0519825E-4 27310 g
 5.6784477 2.372654 7.567473 27311 a
 -6.476808E-4 0.0014748586 2.2743395E-4 27512 g
 5.6964045 2.345719 7.5950065 27516 a
 -1.15048555E-4 0.0022738068 -3.0519825E-4 27712 g
 5.691616 2.3493104 7.5614877 27716 a
 -0.003576359 0.0038685077 -0.0027007116 27914 g
 5.673061 2.3349452 7.563283 27918 a
 -0.0022447784 0.0030695593 -0.0029670277 28112 g
 5.626374 2.3786395 7.554305 28116 a
 0.0012173309 6.727145E-4 -5.701828E-4 28311 g
 5.66947 2.3469162 7.5830355 28315 a
 -6.468818E-4 -0.0025230788 0.0026256104 28512 g
 5.683835 2.3373394 7.5866265 28516 a
 9.510148E-4 -9.2518213E-4 0.0010277139 28712 g
 5.677251 2.3145945 7.542334 28716 a
 1.520665E-4 -0.0014578144 -3.755057E-5 28911 g
 5.691616 2.3481133 7.6045833 28915 a
 -9.1293163E-4 -9.2624745E-4 0.0012945626 29113 g
 5.6982 2.332551 7.5806413 29117 a
 4.186489E-4 -0.0011925636 7.6193037E-4 29309 g
 5.693412 2.2888567 7.551312 29313 a
 -1.139833E-4 -3.936152E-4 0.0012945626 29509 g
 5.7029886 2.3373394 7.6387005 29513 a
 9.512811E-4 -3.936152E-4 -3.701794E-5 29710 g
 5.6766524 2.332551 7.550115 29714 a
 -9.1293163E-4 1.3901701E-4 4.9561425E-4 29910 g
 5.6467247 2.3648727 7.5447283 29914 a
 0.0012175973 -0.002524144 -8.3596626E-4 30110 g
 5.704784 2.3229742 7.6081743 30114 a
 0.0012175973 -0.0011925636 -0.003232811 30309 g
 5.663484 2.3570917 7.583634 30313 a
 -0.00171188 -0.0014588797 7.6193037E-4 30506 g
 5.6682725 2.319383 7.5525093 30507 a
 4.186489E-4 6.7164924E-4 0.0036914076 30708 g
 5.755661 2.3259668 7.5722613 30712 a
 6.8576395E-4 -0.0022607574 0.0020948425 30911 g
 5.6910176 2.3403323 7.5788455 30915 a
 0.0022836607 -0.0014618092 -3.5686357E-5 31108 g
 5.677251 2.3349452 7.474099 31112 a
 0.008408931 -0.01717446 0.005823268 31307 g
 5.7269306 2.355296 7.3819222 31312 a
 0.004947088 -0.0065228804 0.0063561667 31511 g
 5.5940523 2.4259248 7.554305 31515 a
 -0.0011781824 0.0012002867 7.635283E-4 31707 g
 5.677251 2.5013423 7.526173 31711 a
 -0.0019771308 -0.0017291905 0.0018287927 31907 g
 5.85502 2.3139958 7.450157 31911 a
 -0.0022429142 0.0035960665 0.0015630092 32110 g
 5.9621606 2.2661119 7.519589 32114 a
 6.865629E-4 9.329053E-4 0.001030377 32307 g
 5.741296 2.3666685 7.5920134 32311 a
 -0.0025092303 0.0011992215 0.0015630092 32507 g
 5.79337 2.3493104 7.5704656 32511 a
 -0.0041068606 0.0038613172 -5.66987E-4 32710 g
 5.727529 2.3654714 7.5525093 32714 a
 0.002551042 3.9920784E-4 -5.66987E-4 32907 g
 5.7245364 2.336741 7.524976 32911 a
 -0.0022554311 0.002446646 -1.1664646E-4 33107 g
 5.7323174 2.3517046 7.5333557 33111 a
 9.4036217E-4 0.002446646 -0.0027798074 33307 g
 5.6748567 2.3900118 7.5411367 33311 a
 1.4141385E-4 5.824333E-4 -0.0011819109 33506 g
 5.7544637 2.3187842 7.5483193 33510 a
 -0.001989115 3.1611722E-4 6.823019E-4 33706 g
 5.73531 2.3588872 7.5483193 33710 a
 1.4141385E-4 8.487494E-4 -9.1559475E-4 33906 g
 5.7185507 2.3630772 7.560889 33910 a
 9.4036217E-4 0.0011150655 -0.001980859 34105 g
 5.7484784 2.3409307 7.4848733 34109 a
 -0.0011901667 4.980111E-5 1.4966965E-4 34305 g
 5.7119665 2.3475149 7.562086 34309 a
 1.4141385E-4 0.0011150655 -9.1559475E-4 34505 g
 5.7239375 2.3756466 7.5411367 34508 a
 0.0038698392 -4.828311E-4 6.823019E-4 34704 g
 5.7855883 2.343325 7.518392 34708 a
 1.4141385E-4 -0.0015480955 4.1598576E-4 34905 g
 5.719149 2.3235726 7.53156 34909 a
 -3.9121837E-4 0.0035119106 -0.0022471752 35105 g
 5.7107697 2.379238 7.504027 35109 a
 -9.238506E-4 -7.491472E-4 -0.0022471752 35304 g
 5.683236 2.3385365 7.5531077 35308 a
 -0.0017227989 0.004310859 -0.003845072 35504 g
 5.711368 2.348712 7.5333557 35508 a
 -0.0011901667 -7.491472E-4 4.1598576E-4 35704 g
 5.6784477 2.337938 7.5614877 35708 a
 1.4141385E-4 0.0013813816 0.001214934 35904 g
 5.759252 2.336741 7.5507135 35908 a
 6.7404605E-4 -2.1651499E-4 -6.492787E-4 36104 g
 5.729325 2.3469162 7.563283 36108 a
 9.4036217E-4 4.980111E-5 -1.1664646E-4 36303 g
 5.74369 2.327164 7.521983 36307 a
 4.0772997E-4 3.1611722E-4 4.1598576E-4 36503 g
 5.740697 2.360683 7.5351515 36507 a
 4.0772997E-4 8.487494E-4 -3.8296255E-4 36704 g
 5.737106 2.3241713 7.511808 36707 a
 -1.2490226E-4 0.0011150655 -0.0011819109 36903 g
 5.7424927 2.3403323 7.551911 36907 a
 -9.238506E-4 0.0011150655 1.4966965E-4 37103 g
 5.7239375 2.373851 7.5710645 37106 a
 -0.0014564828 0.0029792783 -0.0030461235 37302 g
 5.707178 2.3403323 7.569867 37306 a
 -0.0030543795 0.0059087556 -0.0035787558 37503 g
 5.7598505 2.3110032 7.5148005 37506 a
 -0.001989115 0.0016476978 -0.004111388 37702 g
 5.695806 2.3481133 7.5908165 37706 a
 1.4141385E-4 0.0019140139 1.4966965E-4 37902 g
 5.710171 2.3253684 7.574057 37906 a
 9.4036217E-4 -4.828311E-4 9.48618E-4 38102 g
 5.758055 2.3636756 7.5207863 38106 a
 4.0772997E-4 -2.1651499E-4 4.1598576E-4 38301 g
 5.7377043 2.3127987 7.5800424 38305 a
 0.0017393104 -0.0010154633 6.823019E-4 38501 g
 5.710171 2.3397336 7.543531 38505 a
 4.0772997E-4 -0.0010154633 -6.492787E-4 38702 g
 5.722142 2.331354 7.5950065 38705 a
 1.4141385E-4 -0.0010154633 -3.8296255E-4 38901 g
 5.707777 2.369661 7.574057 38904 a
 0.0014729943 -0.0010154633 -6.492787E-4 39100 g
 5.777209 2.333748 7.543531 39104 a
 -3.9121837E-4 -0.0010154633 0.001214934 39301 g
 5.7466826 2.3349452 7.5363483 39305 a
 0.0010484866 3.4940674E-4 0.0014146712 39500 g
 5.7245364 2.3511062 7.529764 39504 a
 7.821704E-4 -7.158577E-4 6.1572285E-4 39700 g
 5.7903767 2.304419 7.555502 39704 a
 0.0010484866 -1.8322548E-4 0.0027462516 39900 g
 5.713164 2.3558946 7.5088153 39904 a
 0.0015811187 -9.821738E-4 6.1572285E-4 40100 g
 5.7628436 2.3253684 7.542334 40104 a
 -2.8309404E-4 -7.158577E-4 0.0016809873 40299 g
 5.6982 2.3678656 7.5614877 40303 a
 0.002113751 8.309063E-5 8.309063E-5 40501 g
 5.7604494 2.3481133 7.5465236 40505 a
 -5.494101E-4 -9.821738E-4 8.8203896E-4 40699 g
 5.732916 2.3469162 7.5626845 40703 a
 5.158543E-4 0.0014146712 6.1572285E-4 40899 g
 5.705383 2.3636756 7.5375457 40903 a
 5.158543E-4 0.0011483551 8.309063E-5 41098 g
 5.723339 2.3451207 7.5106106 41103 a
 -2.8309404E-4 -4.4954158E-4 3.4940674E-4 41298 g
 5.689222 2.3588872 7.515998 41302 a
 -0.0018809907 0.003811516 8.309063E-5 41498 g
 5.7119665 2.3636756 7.547721 41503 a
 -0.0018809907 0.0022136194 3.4940674E-4 41699 g
 5.715558 2.3122003 7.590218 41703 a
 -0.0021473067 0.0054094126 6.1572285E-4 41898 g
 5.6700683 2.3540988 7.562086 41902 a
 -0.0013483585 0.006474677 -0.0028463865 42097 g
 5.699397 2.3666685 7.5626845 42101 a
 -0.0013483585 0.0014146712 -0.0033790187 42298 g
 5.695806 2.348712 7.5584946 42302 a
 5.158543E-4 8.309063E-5 -7.158577E-4 42497 g
 5.6999955 2.368464 7.583634 42501 a
 -0.0013483585 -0.0033790187 8.309063E-5 42697 g
 5.6790466 2.3511062 7.575853 42701 a
 0.0029126992 -0.0023137543 0.0014146712 42897 g
 5.683236 2.3451207 7.551911 42901 a
 5.158543E-4 -0.0028463865 0.0030125678 43096 g
 5.715558 2.333748 7.5531077 43101 a
 0.0018474348 -0.0020474382 0.0014146712 43296 g
 5.7083755 2.3505075 7.5507135 43300 a
 -2.8309404E-4 -9.821738E-4 0.0014146712 43496 g
 5.756858 2.3409307 7.5584946 43501 a
 7.821704E-4 -0.0017811222 3.4940674E-4 43696 g
 5.6987987 2.3594859 7.563882 43700 a
 0.0013148027 -0.0015148061 8.8203896E-4 43896 g
 5.7143607 2.3558946 7.5668745 43900 a
 -2.8309404E-4 -0.0015148061 3.4940674E-4 44096 g
 5.7029886 2.3511062 7.5387425 44101 a
 -0.0010820423 0.0019473034 0.0014146712 44295 g
 5.7347116 2.3373394 7.583634 44299 a
 -0.0013483585 0.0051430967 -9.821738E-4 44495 g
 5.7323174 2.3319526 7.566276 44500 a
 -0.0034788873 0.007806258 -0.003911651 44695 g
 5.755062 2.3475149 7.551911 44700 a
 -0.0021473067 0.0035452 -0.0028463865 44894 g
 5.683835 2.3630772 7.574057 44898 a
 -8.1572623E-4 0.0048767803 -0.003911651 45095 g
 5.7107697 2.3415294 7.5561004 45099 a
 7.821704E-4 -0.00124849 0.0030125678 45294 g
 5.668871 2.3068132 7.571663 45299 a
 0.0015811187 -0.0031127026 0.0030125678 45494 g
 5.6802435 2.333748 7.551312 45497 a
 2.495382E-4 -0.006841128 0.003811516 45693 g
 5.707178 2.348712 7.574057 45698 a
 0.0011233214 -0.0016895094 -1.6777914E-5 45895 g
 5.6999955 2.349909 7.5549035 45899 a
 0.0016559536 -0.0040863543 2.495382E-4 46094 g
 5.7149596 2.3391352 7.554305 46098 a
 3.2437302E-4 -0.0016895094 5.158543E-4 46294 g
 5.7424927 2.3439236 7.579444 46298 a
 8.5700525E-4 -8.905611E-4 5.158543E-4 46494 g
 5.699397 2.3582888 7.5561004 46498 a
 5.9068913E-4 -0.003287406 0.0010484866 46693 g
 5.7227407 2.3642743 7.505822 46697 a
 0.0024549018 -0.0024884576 7.821704E-4 46894 g
 5.7149596 2.315193 7.562086 46898 a
 3.2437302E-4 0.0012399678 -0.0010820423 47094 g
 5.7389016 2.3277626 7.577648 47098 a
 -0.0026051041 0.0036368128 5.158543E-4 47293 g
 5.692813 2.3223755 7.6045833 47296 a
 -0.0015398398 0.004435761 -0.0040115197 47492 g
 5.7335143 2.3762453 7.5207863 47496 a
 -0.002072472 0.0015062839 -0.0042778356 47693 g
 5.6724625 2.3774424 7.586028 47697 a
 -2.082592E-4 0.002038916 -0.0042778356 47892 g
 5.7095723 2.3523033 7.5525093 47896 a
 -7.408914E-4 -0.0027547737 0.0015811187 48092 g
 5.7179523 2.3349452 7.6027875 48096 a
 -2.082592E-4 4.4101948E-4 5.158543E-4 48292 g
 5.653309 2.3774424 7.5926123 48296 a
 0.0019222697 -0.0014231933 -0.002946255 48492 g
 5.7095723 2.3391352 7.542334 48496 a
 -0.0010072076 -0.0019558256 0.0013148027 48691 g
 5.705383 2.3582888 7.555502 48695 a
 5.805691E-5 4.4101948E-4 -0.0010820423 48892 g
 5.7257333 2.3648727 7.5572977 48896 a
 5.9068913E-4 -0.0027547737 -5.494101E-4 49091 g
 5.7299232 2.348712 7.626131 49095 a
 -2.082592E-4 -0.0019558256 0.0018474348 49291 g
 5.701193 2.35769 7.5926123 49295 a
 0.0016559536 -0.0019558256 0.0013148027 49491 g
 5.717354 2.3630772 7.560889 49495 a
 0.0024549018 -0.003553722 5.158543E-4 49690 g
 5.747281 2.3600843 7.511808 49694 a
 5.9068913E-4 -0.0030210898 0.002380067 49890 g
 5.710171 2.3648727 7.53156 49894 a
 3.2437302E-4 -6.24245E-4 -2.8309404E-4 50091 g
 5.692813 2.3834279 7.581838 50094 a
 5.805691E-5 -9.161274E-5 -8.1572623E-4 50290 g
 5.6999955 2.3439236 7.536947 50294 a
 -0.002072472 0.0015062839 0.0013148027 50490 g
 5.7137623 2.3253684 7.5650787 50493 a
 -0.0018061559 0.0052347095 -0.0018809907 50691 g
 5.719149 2.3469162 7.5201874 50694 a
 -0.002338788 0.0036368128 -0.004810468 50889 g
 5.7616463 2.3289597 7.5692687 50893 a
 -0.002338788 0.004169445 -0.0032125711 51090 g
 5.659294 2.3421278 7.5345526 51093 a
 0.0011233214 -3.5792886E-4 -0.0010820423 51290 g
 5.7442884 2.3421278 7.562086 51294 a
 5.9068913E-4 -0.0027547737 0.002113751 51485 g
 5.711368 2.3181858 7.5722613 51487 a
 0.0019222697 -0.0027547737 0.0010484866 51688 g
 5.717354 2.3570917 7.5812397 51693 a
 5.9068913E-4 -0.0038200382 5.158543E-4 51889 g
 5.7023897 2.3439236 7.623737 51893 a
 3.2437302E-4 -0.0016895094 0.0013148027 52089 g
 5.6790466 2.3529017 7.5614877 52093 a
 7.821704E-4 -0.0022138858 3.2437302E-4 52288 g
 5.729325 2.3355439 7.562086 52292 a
 -2.8309404E-4 -0.0011486213 8.5700525E-4 52489 g
 5.734113 2.3295584 7.5650787 52493 a
 7.821704E-4 -3.4967304E-4 3.2437302E-4 52688 g
 5.7161565 2.3588872 7.583634 52692 a
 -1.6777914E-5 -6.1598915E-4 -7.408914E-4 52887 g
 5.746084 2.3008277 7.5351515 52891 a
 5.158543E-4 9.819075E-4 3.2437302E-4 53088 g
 5.7227407 2.327164 7.577648 53092 a
 2.495382E-4 4.4927528E-4 5.805691E-5 53287 g
 5.725135 2.3427265 7.547721 53291 a
 -2.8309404E-4 0.0017808558 -7.408914E-4 53487 g
 5.7299232 2.2882583 7.533954 53491 a
 -0.0021473067 0.0012482236 -0.0034040525 53687 g
 5.7347116 2.327164 7.563882 53691 a
 5.158543E-4 -6.1598915E-4 5.805691E-5 53887 g
 5.7107697 2.3415294 7.5429325 53891 a
 7.821704E-4 -8.8230526E-4 0.0013896375 54086 g
 5.7239375 2.3265655 7.538144 54090 a
 7.821704E-4 -0.0019475697 0.0011233214 54287 g
 5.751471 2.3319526 7.545925 54291 a
 2.495382E-4 -8.8230526E-4 5.9068913E-4 54486 g
 5.707777 2.3690627 7.5507135 54490 a
 -5.494101E-4 -3.4967304E-4 0.0011233214 54685 g
 5.703587 2.3511062 7.5710645 54689 a
 0.0010484866 -8.335694E-5 -7.408914E-4 54886 g
 5.6964045 2.355296 7.553706 54890 a
 -0.0013483585 7.1559136E-4 -2.082592E-4 55085 g
 5.6820393 2.3253684 7.581838 55089 a
 5.158543E-4 0.0012482236 5.805691E-5 55285 g
 5.7323174 2.3235726 7.5566993 55288 a
 -0.002679939 0.0028461202 -0.0012735237 55485 g
 5.7041855 2.3427265 7.5950065 55489 a
 -0.0018809907 0.0055092815 -0.0031377363 55684 g
 5.697003 2.3529017 7.554305 55688 a
 -0.0021473067 0.0033787524 -0.0036703686 55885 g
 5.74369 2.349909 7.597999 55888 a
 -1.6777914E-5 0.0020471718 -0.0012735237 56085 g
 5.6844335 2.328361 7.57286 56089 a
 0.0010484866 -0.0016812535 0.0032538502 56283 g
 5.681441 2.3540988 7.5824366 56287 a
 0.002113751 -0.0038117825 0.002987534 56484 g
 5.7161565 2.3451207 7.5668745 56488 a
 0.0018474348 -0.002746518 0.0019222697 56684 g
 5.7095723 2.3175871 7.5549035 56688 a
 -2.8309404E-4 -0.0019475697 0.0011233214 56884 g
 5.7604494 2.309806 7.567473 56887 a
 2.495382E-4 -8.8230526E-4 3.2437302E-4 57083 g
 5.6982 2.3391352 7.577648 57087 a
 0.0013148027 -6.1598915E-4 5.805691E-5 57284 g
 5.720945 2.3409307 7.533954 57288 a
 -2.8309404E-4 -0.0014149374 -4.745753E-4 57483 g
 5.7161565 2.304419 7.5525093 57487 a
 -5.494101E-4 0.0012482236 5.805691E-5 57682 g
 5.674258 2.369661 7.574057 57686 a
 7.821704E-4 4.4927528E-4 -0.0012735237 57882 g
 5.732916 2.3241713 7.5441294 57886 a
 -0.002679939 0.002579804 5.9068913E-4 58082 g
 5.6987987 2.3558946 7.5722613 58086 a
 -2.8309404E-4 0.0033787524 -0.002338788 58282 g
 5.680842 2.3624785 7.6255326 58286 a
 -0.002679939 0.004444017 -0.0042030006 58483 g
 5.687426 2.3481133 7.590218 58487 a
 -1.4168017E-4 0.0022636869 -0.0037201697 58682 g
 5.705383 2.3558946 7.61835 58685 a
 3.9095205E-4 -0.0019973707 0.0037366813 58881 g
 5.689222 2.3582888 7.5926123 58885 a
 0.002521481 -0.0041278997 0.004002997 59084 g
 5.6886234 2.3876176 7.577648 59091 a
 0.0014562164 -0.0038615835 0.0024051007 59277 g
 5.707178 2.36188 7.541735 59279 a
 9.235843E-4 -0.0035952674 0.0016061524 59482 g
 5.7107697 2.3624785 7.560889 59486 a
 9.235843E-4 -3.9947417E-4 5.40888E-4 59681 g
 5.719149 2.348712 7.545925 59685 a
 3.9095205E-4 -0.0014647386 0.0010735203 59880 g
 5.681441 2.36188 7.5321584 59884 a
 0.0011899003 -3.9947417E-4 8.255799E-6 60201 g
