 0.21062276 0.9217949 0.18130295 2 g
 3.7565024 12.876017 -2.393603 4 a
 0.81197685 0.06768328 0.10145504 5 r
 -3.083175 0.39182582 -0.293805 91 g
 1.809418 5.953781 -0.8194155 93 a
 0.71020806 0.03213439 0.08897982 97 r
 -1.7736986 -2.0305855 -0.28048918 295 g
 0.6679823 19.612701 4.6591167 299 a
 0.53153145 0.004678401 0.03382637 303 r
 0.19730695 0.6149987 -0.2807555 494 g
 -0.21188685 6.0046577 -2.5384524 498 a
 0.60483503 0.016030435 -0.009398292 502 r
 1.4202305 1.4733355 -0.32096922 695 g
 -0.1400608 9.150639 -0.50278234 698 a
 0.6083028 0.042491898 0.022744065 702 r
 1.5928034 0.9737265 0.35653895 896 g
 -0.97503865 9.120711 -3.0268695 900 a
 0.735898 0.1211797 0.102780916 904 r
 0.44045356 0.5931608 0.50913805 1095 g
 0.60932434 10.585963 -2.2014685 1099 a
 0.80172974 0.14694968 0.15139256 1102 r
 -2.9119337 -1.3147278 0.10060917 1296 g
 -1.2611457 8.862736 -0.46327803 1300 a
 0.7546725 0.15307254 0.20498855 1303 r
 -2.0501347 -1.9264559 -1.5130001 1496 g
 2.4546554 5.5138464 3.4991257 1500 a
 0.5830124 0.10648991 0.15487824 1504 r
 1.737413 1.4605523 -0.5260326 1696 g
 3.7618895 18.090588 -2.2397757 1699 a
 0.5799609 0.028912645 0.0143331615 1703 r
 0.1685448 1.7324611 0.309401 1896 g
 -1.0253168 7.2328835 -2.6222494 1900 a
 0.5943268 -0.019832328 -0.040115353 1903 r
 1.8375479 -0.18927592 -0.25172704 2097 g
 -1.6867151 9.40203 -0.93373865 2100 a
 0.72060853 0.055520117 0.041823227 2105 r
 1.5139738 0.12577604 0.695293 2297 g
 -1.8357542 12.08593 -2.7281928 2300 a
 0.8129939 0.072891 0.07677514 2305 r
 -2.1271 -0.14906219 -0.36224824 2497 g
 0.15682021 10.765528 0.16879122 2501 a
 0.8088063 0.06364541 0.112419315 2505 r
 -2.6099312 -0.5554606 -0.50632524 2697 g
 1.0582372 4.255095 2.4079683 2701 a
 0.6165586 0.07384029 0.08172204 2705 r
 2.418916 0.74762416 -0.42802832 2897 g
 -0.39863458 13.912107 2.545635 2901 a
 0.5600578 0.021623105 0.029526109 2907 r
 0.75444025 0.0243096 0.8018195 3097 g
 -2.2337902 9.155427 -1.2384008 3101 a
 0.5998374 0.05751189 0.031479817 3105 r
 1.9669775 1.0951667 0.5176602 3298 g
 -2.0350714 8.892065 -1.3676877 3302 a
 0.68337065 0.19863766 0.12708898 3306 r
 1.217564 0.55747443 0.31685784 3498 g
 0.12868834 13.295601 -1.0295067 3502 a
 0.7526777 0.27556723 0.18548839 3506 r
 -0.04237755 1.3308564 -0.05145733 3698 g
 -0.19632454 11.102511 -1.6938977 3702 a
 0.77017224 0.32352394 0.25699547 3706 r
 -2.485029 0.7644021 -1.1316354 3898 g
 1.2677298 5.0942626 1.417966 3914 a
 0.62523204 0.30021715 0.31444553 3926 r
 -0.58805925 -0.8425493 -0.06184366 4096 g
 -6.3829417 19.07281 12.056003 4098 a
 0.50799435 0.17663226 0.25206986 4100 r
 -2.1856897 0.0109937955 -0.5172442 4320 g
 -0.6757634 7.2262993 -2.0739772 4323 a
 0.55654913 0.2324321 0.21466793 4327 r
 2.1778998 1.2261941 0.25587144 4499 g
 0.33159694 9.297284 -1.3652935 4503 a
 0.5754147 0.24031374 0.21085082 4507 r
 1.4769559 1.460286 0.4236506 4699 g
 -0.908001 9.730036 -3.1854854 4703 a
 0.6787632 0.33102804 0.25074247 4706 r
 0.3586945 0.43470272 0.62445295 4899 g
 -4.4556093 11.052234 -2.7910407 4903 a
 0.73819655 0.34954494 0.2602255 4911 r
 -2.6498785 -0.85000616 0.016985908 5099 g
 -1.5640123 8.588001 -0.017956512 5103 a
 0.698659 0.36998415 0.32139382 5107 r
 -1.8682408 -1.7157998 -0.9449479 5300 g
 2.8413188 6.411672 1.5735891 5304 a
 0.5190572 0.3291499 0.3677458 5307 r
 1.571498 0.89143485 -0.44959992 5499 g
 2.1853075 5.559935 2.5893292 5503 a
 0.5116873 0.23306853 0.2698196 5507 r
 0.22154172 -1.7624052 0.5176602 5700 g
 -0.3645172 12.122441 0.6817489 5704 a
 0.50128853 0.22774443 0.24313687 5708 r
 1.8151773 3.114908 1.3216685 5908 g
 -3.2848446 7.872135 -2.5941176 5921 a
 0.50128853 0.22774443 0.24313687 5925 r
 0.97521627 1.1723983 0.2417567 6113 g
 -0.25378537 10.588357 -3.1106665 6117 a
 0.5902869 0.5140556 0.34392944 6121 r
 0.044175185 1.1292552 -0.21098068 6316 g
 4.771644 16.187796 -2.0494366 6320 a
 0.49124783 0.53105867 0.502397 6324 r
 -3.202218 -0.04945996 -0.3254966 6512 g
 -0.22266077 5.579687 0.36631286 6516 a
 0.49124783 0.53105867 0.502397 6520 r
 -1.4975288 -2.0843813 -0.67303914 6714 g
 -0.8631097 11.33894 6.217143 6718 a
 0.3967727 0.3892181 0.5508949 6722 r
 2.0282302 1.5396483 -0.788354 6920 g
 -0.088585466 12.520478 0.019153614 6923 a
 0.45483717 0.4176317 0.47056517 6927 r
 1.830091 1.6581589 -0.6671802 7114 g
 -3.3967736 9.096769 0.09935937 7118 a
 0.4953571 0.3513059 0.38808224 7122 r
 1.4769559 -0.20978226 -0.4727694 7316 g
 -3.0735564 8.48146 -2.179322 7320 a
 0.53754956 0.49264008 0.39106712 7323 r
 1.1057112 0.87305903 0.21299456 7515 g
 -0.1436521 12.058397 -1.436521 7519 a
 0.54304475 0.5879353 0.3979036 7522 r
 0.047370978 0.98118335 -0.0112435995 7715 g
 1.632247 13.09329 -1.22224 7719 a
 0.53872705 0.6413622 0.42520943 7722 r
 -3.0898328 0.56413233 -1.0346963 7918 g
 1.3174095 4.869208 -0.5554548 7921 a
 0.4091411 0.5678464 0.57872874 7925 r
 -1.1981895 -1.5940933 -0.12789005 8116 g
 -4.522647 19.612701 13.445238 8120 a
 0.32085204 0.40530002 0.63420385 8124 r
 -1.1995211 1.1998289 0.11126181 8317 g
 -0.56982 4.1413703 -1.881244 8320 a
 0.23750792 0.55033207 0.67783386 8324 r
 2.055128 0.7598747 0.2055377 8516 g
 -0.24061728 10.116699 -1.1558008 8519 a
 0.23750792 0.55033207 0.67783386 8523 r
 1.3675 1.812356 0.14987764 8716 g
 -2.100912 11.26412 -3.7972038 8720 a
 0.20232767 0.72705793 0.61101407 8724 r
 0.3834619 0.9937002 0.9032859 8916 g
 2.6539726 13.39077 -4.011485 8920 a
 0.18887782 0.8017813 0.5553209 8924 r
 -3.667206 -1.7240556 -0.21231227 9113 g
 -0.36631286 5.415086 -1.2725182 9121 a
 0.18247384 0.7230109 0.65273947 9124 r
 -2.0512 -3.3634975 -0.9241752 9334 g
 -4.0940847 19.612701 14.696209 9338 a
 0.15946808 0.5206593 0.7820434 9342 r
 1.4471284 -0.12642531 -0.6136506 9517 g
 1.0582372 3.0262709 -1.7824832 9521 a
 0.16571918 0.55880094 0.74051625 9524 r
 1.295062 0.2477488 -0.1566522 9714 g
 0.25258827 11.040262 0.5835867 9717 a
 0.16571918 0.55880094 0.74051625 9721 r
 1.619435 1.9710803 -0.027222566 9916 g
 -2.2062569 11.496957 -2.9741971 9920 a
 -0.075774275 -0.8157536 -0.5728149 9924 r
 0.3238071 0.95242125 0.8060805 10116 g
 2.9771898 15.303139 -3.1507695 10120 a
 -0.075774275 -0.8157536 -0.5728149 10124 r
 -3.6016924 -0.33841294 -0.9766395 10317 g
 0.7918822 4.501099 -0.6392518 10321 a
 -0.025973493 -0.7249174 -0.6879452 10325 r
 -1.4434665 -2.8058317 -0.6879528 10519 g
 -7.8613615 19.612701 14.130578 10523 a
 0.033105224 0.6477307 0.7520798 10526 r
 -1.0759504 1.976673 -0.73588973 10717 g
 -1.5711949 5.057751 -2.4259248 10721 a
 0.027058091 0.64801145 0.7531404 10724 r
 2.0697756 1.4269966 0.1938198 10917 g
 -0.4890157 9.091382 -1.2773066 10921 a
 -0.049776305 0.67995787 0.7308355 10924 r
 1.7392772 2.2568376 0.10273969 11116 g
 -1.4119805 11.989564 -2.8449101 11121 a
 -0.049776305 0.67995787 0.7308355 11126 r
 0.29983863 0.72658515 0.61326766 11317 g
 2.4408886 12.6060705 -4.3035774 11321 a
 0.27171203 -0.70603764 -0.5955375 11325 r
 -3.5361786 -1.4894311 -0.016303606 11517 g
 -0.62967503 4.8973393 -1.435324 11521 a
 0.27292395 -0.72585917 -0.56557125 11525 r
 -2.4011393 -2.9613602 -0.5886169 11717 g
 -5.389348 19.612701 14.186842 11721 a
 0.21207237 -0.6306684 -0.72236234 11725 r
 0.9789447 0.29328886 -0.29327235 11917 g
 0.19871874 3.964798 -3.177704 11921 a
 0.21446437 -0.6298591 -0.7216423 11925 r
 2.3707128 1.3873154 -0.33907872 12117 g
 0.29328972 10.607511 0.87328506 12121 a
 0.22003128 -0.651955 -0.70167893 12125 r
 1.8516626 2.0531056 0.25746936 12318 g
 -1.1653777 13.523049 -3.9875429 12322 a
 0.2943845 -0.7976383 -0.44294283 12326 r
 0.5997106 0.7146009 0.81646687 12526 g
 1.9620483 16.571466 -4.4364557 12530 a
 0.2943845 -0.7976383 -0.44294283 12541 r
 -3.4703984 -0.37995824 -0.7683803 12717 g
 0.55246204 4.396353 -0.14604631 12722 a
 0.3931779 -0.6491965 -0.5245649 12725 r
 -1.8546586 -2.3230007 -0.54094636 12917 g
 -6.4086795 19.612701 14.411299 12921 a
 0.3049086 -0.5089458 -0.71239966 12924 r
 0.6199506 1.353227 -0.36304718 13119 g
 -1.0097545 5.0320134 -1.6053122 13123 a
 0.3568764 -0.5422685 -0.6692366 13127 r
 1.0950586 0.2557383 0.31392837 13319 g
 0.034715924 9.783307 -0.25977087 13322 a
 0.41964826 -0.6873764 -0.5049035 13326 r
 1.7302225 1.3148775 0.2185872 13520 g
 -1.6280571 10.957064 -3.5063083 13524 a
 0.38639912 -0.76164234 -0.4103476 13527 r
 0.38319558 0.5497513 0.8897038 13707 g
 3.8307228 13.497313 -3.4231098 13709 a
 0.2825708 -0.7091571 -0.5816818 13710 r
 -3.4680016 -1.6175292 -0.15958168 13921 g
 -0.54527944 6.5164185 -0.664391 13925 a
 0.14616711 -0.579486 -0.78287417 13929 r
 -1.8173743 -3.0745447 -1.0645238 14121 g
 -0.50996494 16.206352 9.829395 14133 a
 0.13577126 -0.6692126 -0.7277158 14138 r
 1.8489995 0.21472561 -0.45679045 14317 g
 1.6406267 8.26658 -0.83378077 14322 a
 0.1106875 -0.5713606 -0.8095512 14328 r
 0.8990499 0.910077 -0.42563146 14520 g
 -0.38845924 9.146449 0.57879823 14523 a
 0.18359622 -0.7229903 -0.64004403 14527 r
 1.4788201 0.9156696 0.18077031 14720 g
 -0.8451532 10.402207 -0.91099375 14724 a
 0.22981161 -0.77603567 -0.53611845 14727 r
 1.1254185 0.183034 0.80395 14920 g
 -0.10534488 11.906365 -2.178125 14923 a
 0.18685907 -0.70730007 -0.6334428 14927 r
 -3.5915723 -2.1546888 -0.027222566 15120 g
 -2.1499932 7.1101804 -1.513734 15123 a
 0.12271069 -0.5219947 -0.8342648 15127 r
 -1.886084 -2.2188709 -1.1460165 15320 g
 -0.32022446 11.692682 6.9066734 15324 a
 0.1035385 -0.61255956 -0.7835502 15328 r
 2.541954 0.91460437 -0.24693336 15517 g
 -1.9680338 10.147824 -1.5107412 15522 a
 0.07768248 -0.56311 -0.82250863 15525 r
 0.6905244 1.600102 -0.5342884 15720 g
 0.014963761 9.376292 -0.5363012 15723 a
 0.15382475 -0.7446959 -0.6437126 15727 r
 1.3283515 1.1143414 -0.008314122 15920 g
 -0.7835025 10.939706 -1.7729063 15924 a
 0.16720007 -0.8202945 -0.5264402 15928 r
 0.99119526 0.12977079 0.8899701 16110 g
 0.5650316 11.200075 -1.5945383 16114 a
 0.16720007 -0.8202945 -0.5264402 16118 r
 -3.045358 -1.6843746 -0.4775631 16312 g
 -1.0851719 8.579621 -1.1013328 16317 a
 0.15612356 -0.749846 -0.619672 16321 r
 -1.7630459 -1.8638716 -1.0914217 16516 g
 0.6835446 11.126453 2.870648 16520 a
 0.119041376 -0.5966121 -0.7904746 16524 r
 3.0021482 0.6621367 -0.12549321 16712 g
 -0.7086837 10.251373 -2.5582044 16717 a
 -0.021494344 0.6280168 0.77545446 16721 r
 0.8383298 -0.4241667 0.06598807 16912 g
 -1.6992847 8.141483 -1.9357121 16917 a
 0.03938664 0.66257775 0.73890406 16921 r
 0.3682819 -0.8864915 0.3719853 17117 g
 -1.6334441 9.32781 -1.7723078 17122 a
 0.046196084 0.767848 0.6298223 17126 r
 0.24843964 -0.96239156 -0.009379387 17315 g
 -1.9740193 10.566211 -2.2266076 17320 a
 0.09651861 0.7779527 0.6019277 17323 r
 0.1634848 -1.3778447 0.13203447 17517 g
 -1.4586674 7.955932 -1.7238252 17522 a
 0.1501225 0.76813805 0.5809763 17525 r
 -0.70976573 -1.8135378 0.49395806 17717 g
 1.1121067 11.153987 -0.16340427 17722 a
 0.26399305 0.71733785 0.54516655 17726 r
 -0.73506576 -2.2497637 0.48570225 17914 g
 -1.2276269 9.088988 1.590947 17918 a
 0.3944873 0.60324776 0.5379099 17922 r
 -0.21601565 -2.8351264 0.22151668 18115 g
 -1.6496049 7.731476 -0.84335756 18120 a
 0.45910722 0.48307127 0.5296158 18123 r
 -1.2056463 -3.9328814 -1.3308399 18317 g
 0.8050503 6.4661403 1.2455834 18322 a
 0.54826725 0.3290518 0.34201923 18326 r
 0.42740408 -2.1757278 -1.4560084 18518 g
 1.5239093 15.494675 0.8810662 18522 a
 0.5599931 0.14000437 0.009299592 18526 r
 0.9848037 0.8395032 -0.5039284 18713 g
 -8.261193 8.158841 -1.0462662 18718 a
 0.5892152 -0.02990096 -0.10748122 18722 r
 1.7675067 -0.34001082 0.025241707 18919 g
 -1.9536686 9.610326 -1.1121067 18923 a
 0.71461785 0.17175144 -0.010112631 18927 r
 1.6133097 0.58889973 0.53177494 19117 g
 -2.0021513 9.694721 -2.3038206 19128 a
 0.7886773 0.20256373 0.039101247 19132 r
 -3.7612157 -1.5323081 0.050541736 19319 g
 -0.06404489 7.0730705 -2.0614076 19323 a
 0.7541673 0.20412728 0.097444095 19327 r
 -2.0986042 0.35693842 -0.43149042 19520 g
 -3.064578 12.615647 11.401189 19524 a
 0.54097 0.18121919 0.05704919 19527 r
 1.885751 1.2743974 -0.95107317 19719 g
 -1.3814543 6.5655 -1.9608512 19723 a
 0.5324588 0.12993559 0.01187857 19727 r
 1.0774816 2.0752099 0.13150184 19919 g
 -1.6998832 8.514978 -0.7966706 19923 a
 0.51969546 0.17001033 0.06520332 19927 r
 1.7874805 2.1298048 0.31046626 20119 g
 -0.46387658 14.1587105 -2.3636756 20123 a
 0.6870773 0.29914904 0.12740026 20127 r
 0.41275668 1.0062171 0.4106011 20319 g
 2.392406 15.140333 -3.0400376 20323 a
 0.7554198 0.33952516 0.18990807 20327 r
 -3.3841121 -1.2052718 -0.54707164 20522 g
 0.3764882 3.6984432 -1.323395 20526 a
 0.67478997 0.26073998 0.21405344 20529 r
 -1.8482671 -3.7342095 -0.7619887 20722 g
 -3.714604 16.389507 11.851897 20726 a
 0.5000734 0.15737966 0.1017705 20730 r
 -0.38778955 0.6946272 -0.3254966 20919 g
 -1.9387048 4.7375264 -4.3089647 20923 a
 0.5321502 0.15320504 0.049876552 20927 r
 2.6849656 3.1897428 0.5213886 21119 g
 -0.16639702 9.487024 0.035913024 21123 a
 0.57233423 0.19956604 0.08502703 21126 r
 1.287605 1.918616 0.48650122 21322 g
 -2.3612814 12.666524 -2.0811598 21327 a
 0.6997528 0.31524664 0.16982956 21330 r
 -0.06448179 0.38570055 0.015121695 21522 g
 1.0845734 12.060192 0.81043726 21527 a
 0.76073474 0.32190996 0.21503855 21530 r
 -3.1401665 -0.4284278 -1.1494787 21720 g
 2.046444 2.546832 -1.3545196 21724 a
 0.6291165 0.23335928 0.2119432 21728 r
 -0.3028347 -2.132851 -0.7252371 21923 g
 -0.51595044 5.631761 6.1507044 21927 a
 0.4920468 0.103738055 0.07083068 21931 r
 -1.2631706 -2.166673 -0.22030175 22120 g
 -4.027047 10.51713 -3.537433 22123 a
 0.52990043 0.11654025 0.009969245 22127 r
 2.3206453 4.284302 1.0239271 22321 g
 -1.3617022 7.908048 -1.9614497 22325 a
 0.61386794 0.19356185 0.07619538 22328 r
 1.0007826 0.59369344 0.68783617 22522 g
 -2.7742813 15.332468 1.1971009 22526 a
 0.73797166 0.24620724 0.12839688 22530 r
 -0.48259807 -0.14187165 0.043617517 22724 g
 -0.4818331 11.023503 -1.0965444 22728 a
 0.78172684 0.22838485 0.15843509 22731 r
 -2.4528046 -1.9893064 -1.0083311 22921 g
 1.7675194 3.4111388 -0.6691794 22926 a
 0.61111426 0.15240493 0.092221 22929 r
 1.0050437 -0.774905 -0.3483998 23125 g
 4.1293993 6.3206925 2.7036524 23129 a
 0.49463347 0.021243732 -0.045042116 23132 r
 0.47054726 -1.3682573 0.6436277 23322 g
 -1.3754689 14.10125 3.526659 23326 a
 0.5250673 0.02172827 -0.07747338 23330 r
 1.7001288 0.1564024 1.2047558 23522 g
 -0.85413146 8.783728 -1.4269443 23526 a
 0.6288316 0.10715182 0.0509249 23530 r
 1.7864151 -0.35039717 0.7805142 23726 g
 -3.2716765 13.867216 -0.5650316 23729 a
 0.76076597 0.13274738 0.07516203 23733 r
 -1.5302856 0.057599112 0.23003879 23922 g
 -0.9379285 11.47062 0.10295067 23927 a
 0.78657484 0.13435966 0.12977748 23930 r
 -2.2032664 -2.171733 -1.2690545 24122 g
 1.5316905 4.0001125 0.3417723 24144 a
 0.60608536 0.07559274 0.03680401 24147 r
 1.1669639 -0.5152468 -0.64587486 24326 g
 2.2080526 6.381745 2.7449522 24329 a
 0.50247514 -0.051639766 -0.16075097 24333 r
 0.30223548 -1.3109994 0.45800537 24523 g
 -3.1854854 16.664242 4.1683054 24527 a
 0.52894944 -0.070148245 -0.20817749 24531 r
 1.3837452 1.9031698 1.4859855 24726 g
 -1.9865888 8.5060005 -2.0739772 24730 a
 0.64432585 0.016364507 -0.0631348 24743 r
 1.5659055 0.12790656 0.5019475 24924 g
 -1.5747862 14.496891 0.4261679 24928 a
 0.76046634 0.021687489 -0.018903365 24932 r
 -0.62214774 0.11885182 0.3474842 25122 g
 -0.89184016 9.7563715 -1.0444705 25126 a
 0.7925478 0.01324947 0.033618014 25130 r
 -2.0972726 -1.5541459 -1.4863685 25325 g
 2.0530279 4.035427 -0.55246204 25328 a
 0.6116888 -0.018830318 -0.066619344 25332 r
 0.8761467 -1.8292505 -0.94974154 25525 g
 1.4119805 5.2660465 3.8947675 25529 a
 0.46178955 -0.13769653 -0.30390415 25532 r
 -0.73666364 -1.4899638 -0.14626586 25723 g
 -3.9755719 12.178107 -1.5478514 25727 a
 0.5107771 -0.15897125 -0.33898976 25731 r
 1.7746973 3.1652417 1.2375126 25927 g
 -1.447295 8.622718 -1.5532384 25931 a
 0.6218008 -0.13420445 -0.23344983 25944 r
 1.0196911 0.31246364 0.50940436 26125 g
 -4.292804 13.421296 0.16819267 26129 a
 0.7420229 -0.15579057 -0.14716636 26133 r
 -0.4676844 -0.25931704 0.34322312 26326 g
 -0.7086837 10.630256 -2.0470424 26329 a
 0.7734921 -0.17908785 -0.09711247 26333 r
 -2.541488 -1.4747838 -1.0267069 26526 g
 2.754529 3.892972 -1.7399861 26529 a
 0.5943554 -0.20826057 -0.24873273 26533 r
 0.39411455 -2.6212747 -1.0317669 26726 g
 -1.5813702 6.5337763 4.5992613 26730 a
 0.41409427 -0.2947718 -0.525443 26734 r
 -0.79605216 -1.40421 -0.32949135 26929 g
 -4.507085 14.358626 1.5059528 26932 a
 0.4442933 -0.33491856 -0.5676643 26937 r
 2.0378175 1.4051586 1.7741395 27123 g
 -2.9125464 8.252214 -3.4638114 27127 a
 0.5665567 -0.3223076 -0.43105283 27130 r
 1.4894727 -0.13574637 0.56506443 27328 g
 -3.4165258 14.158112 -0.8026561 27332 a
 0.6414128 -0.42137325 -0.35995194 27337 r
 -0.6008424 -0.28728023 0.45933697 27528 g
 -1.809418 11.412561 -1.3084313 27531 a
 0.64197296 -0.47043246 -0.3236179 27535 r
 -2.43869 -2.0380423 -1.3161925 27727 g
 3.2680852 3.887585 -1.4131776 27731 a
 0.4642762 -0.4142924 -0.545206 27734 r
 0.87641305 -1.1192517 -0.90979415 27929 g
 2.1481974 3.3620577 2.6090813 27933 a
 0.29632986 -0.41131496 -0.75043505 27938 r
 -0.115880795 -1.9853117 -0.13614586 28126 g
 -5.6521115 16.672623 2.4037786 28129 a
 0.299877 -0.43667114 -0.76468354 28133 r
 1.793872 2.0421867 1.650569 28328 g
 -2.3259668 7.270592 -2.1972785 28331 a
 0.4401854 -0.47217214 -0.6315841 28335 r
 1.8468689 0.3319047 0.7794489 28530 g
 -1.4634558 10.492589 -2.6779146 28534 a
 0.5199503 -0.5834383 -0.48683736 28538 r
 -2.870921 -0.6028648 -0.13428164 28728 g
 -1.8148049 9.201516 -0.9588778 28732 a
 0.51783746 -0.58864164 -0.45197895 28736 r
 -1.9587883 -0.6465407 -1.83977 28923 g
 1.0450691 4.872799 4.549582 28927 a
 0.40463573 -0.40517884 -0.68955046 28930 r
 2.8159933 1.182252 -0.39926615 29129 g
 -5.2265425 14.220361 -1.2952632 29147 a
 0.2928278 -0.42673212 -0.78620964 29151 r
 -0.7244131 2.3854682 -0.010178335 29328 g
 -2.0284874 6.508039 -2.6360161 29332 a
 0.33464947 -0.4468217 -0.76024586 29337 r
 1.9949406 0.9268549 -0.04133732 29529 g
 -3.738546 11.653777 -1.9201498 29532 a
 0.51264644 -0.5177095 -0.5712281 29537 r
 0.9448563 0.12950446 0.9770555 29731 g
 3.0998926 15.796344 -4.085107 29736 a
 0.60411334 -0.57234275 -0.40344104 29740 r
 -3.544168 -1.6537482 -0.5880843 29928 g
 -2.0290859 4.9542017 -2.6258407 29932 a
 0.53852534 -0.53292954 -0.4685525 29937 r
 -1.9310914 -3.3445892 -1.1050038 30128 g
 -9.554661 19.612701 17.120338 30132 a
 0.41920355 -0.3733493 -0.6827608 30138 r
 0.3752061 -0.72590286 -0.20778489 30331 g
 -0.34356794 4.830302 -3.2890346 30337 a
 0.41491288 -0.44237828 -0.6944578 30340 r
 2.061786 1.7212758 -0.026689934 30529 g
 -0.6937199 9.679159 0.5093664 30533 a
 0.4396424 -0.4550104 -0.66026944 30538 r
 2.2434137 1.5822588 -0.020298347 30729 g
 -1.9476831 12.897565 -2.2732944 30733 a
 0.57003385 -0.5223181 -0.47108468 30738 r
 0.32141024 0.50421125 0.71420145 30932 g
 0.80086046 14.165295 -2.630629 30937 a
 0.609022 -0.556574 -0.37791392 30941 r
 -3.5577502 -0.15998115 -0.7625213 31130 g
 0.2220622 2.7575219 -1.1965023 31134 a
 0.51381207 -0.5103054 -0.4832808 31138 r
 -1.456516 -3.6860063 -0.81418663 31329 g
 -9.466075 17.029957 11.655573 31333 a
 0.36276782 -0.41666937 -0.7101281 31338 r
 -1.9377493 -0.26464337 -0.69327915 31532 g
 -1.5688007 4.1198225 -5.370793 31537 a
 0.3938189 -0.38100022 -0.7594417 31541 r
 2.5608623 2.8467276 0.8652027 31729 g
 -0.1364695 9.172785 0.40880993 31733 a
 0.47149062 -0.44351494 -0.6769286 31738 r
 1.4226273 1.6959758 0.5717223 31929 g
 -1.4425066 13.603255 -1.1605892 31933 a
 0.5610297 -0.54190314 -0.50683254 31938 r
 -0.069275476 -0.1029895 0.2004777 32130 g
 0.27353755 10.708067 0.22625206 32134 a
 0.5532429 -0.58873975 -0.44650647 32139 r
 -2.9960895 -0.55839 -1.106868 32329 g
 2.2571337 2.7647045 -1.5460558 32334 a
 0.42033118 -0.49572736 -0.6154153 32338 r
 0.16561534 -2.4580228 -1.1361629 32529 g
 0.1400608 3.1711202 3.0609868 32533 a
 0.21869257 -0.45379186 -0.8134605 32538 r
 -1.0961903 -1.3978184 -0.6309612 32732 g
 -5.103241 16.117765 0.11731588 32737 a
 0.2226037 -0.49888146 -0.81245226 32741 r
 1.5331485 3.0150394 1.6526995 32929 g
 -1.7465701 7.8847046 -2.5731683 32933 a
 0.34629056 -0.56844795 -0.7044999 32938 r
 1.2939967 0.023510652 0.5647981 33130 g
 -1.021127 13.472772 -0.18854338 33133 a
 0.3945159 -0.6756811 -0.57593066 33138 r
 -0.07193864 0.33323628 -0.07302894 33332 g
 -0.6805518 11.867459 -1.009156 33337 a
 0.38087702 -0.6979706 -0.5434739 33341 r
 -2.5846312 -1.0984792 -1.0711817 33529 g
 1.6795325 4.914099 -0.5722142 33533 a
 0.27334785 -0.6007049 -0.69932705 33538 r
 -0.14943662 -2.2825205 -1.1963502 33729 g
 -4.7387238 12.600085 8.581417 33733 a
 0.117322095 -0.52387893 -0.83871645 33738 r
 -1.735349 -0.26597497 -1.0831659 33929 g
 -6.3021374 8.74542 -5.627571 33932 a
 -0.12620123 0.54165494 0.8308651 33946 r
 2.717989 3.4336884 1.0361776 34130 g
 -1.1168951 8.617929 -0.49081135 34141 a
 -0.21014431 0.64508986 0.7343127 34145 r
 0.7571034 1.1233962 0.48330542 34334 g
 -3.0119057 11.551425 -2.3145945 34339 a
 0.20712985 -0.7588345 -0.61707324 34342 r
 -0.36355478 0.3566721 0.22045141 34534 g
 0.52492875 13.776237 -0.89902276 34539 a
 0.19023651 -0.80465984 -0.56056315 34542 r
 -3.2432308 0.38916266 -0.96092683 34731 g
 0.97264445 4.0773253 -1.0354922 34737 a
 0.14421049 -0.6837598 -0.71355027 34740 r
 -0.79099214 -1.8753232 -0.38728195 34931 g
 -1.0480618 8.606557 8.875904 34937 a
 -0.06558119 0.5365728 0.83940226 34940 r
 -1.4144381 -0.23135386 -0.50472736 35134 g
 -3.7954082 8.557475 -2.6354175 35139 a
 -0.06686915 0.54450786 0.83197623 35143 r
 2.1912158 2.4110346 0.6835751 35334 g
 -2.1655555 9.2308445 -1.158195 35339 a
 -0.1402828 0.6469339 0.74889654 35342 r
 1.1336744 0.87332535 0.38530108 35531 g
 -0.17477672 11.581951 -2.966416 35537 a
 0.16806377 -0.74930847 -0.64017147 35541 r
 0.044707816 0.70181775 -0.03654363 35735 g
 1.38325 12.749125 -2.854487 35739 a
 0.15013124 -0.8022506 -0.5727295 35743 r
 -3.0695927 -1.2271098 -0.38248825 35931 g
 -0.5781997 6.906075 -1.472434 35937 a
 0.07721872 -0.7319474 -0.6728216 35940 r
 -1.2051136 -3.021814 -1.3084694 36132 g
 -3.7948096 16.573862 10.295666 36136 a
 -0.012464893 0.61175287 0.7841595 36140 r
 0.6596317 -1.1959507 -0.42829463 36339 g
 0.57041854 5.41748 -1.8411411 36342 a
 0.04777985 0.57429683 0.77773494 36347 r
 0.9563078 0.5926282 0.33230418 36534 g
 -0.50278234 9.414001 -0.7200562 36539 a
 0.06686722 0.5534557 0.7875101 36542 r
 1.8386132 0.46186697 0.263062 36737 g
 -0.10414778 11.897985 -3.5996823 36740 a
 0.08195773 0.7216008 0.6687346 36744 r
 0.6596317 1.0371097 0.6862383 36939 g
 1.3461399 12.030864 -3.3728316 36942 a
 0.11895833 0.7955235 0.5836782 36947 r
 -3.301554 -2.1621456 -0.30312607 37136 g
 0.85891986 6.4469867 -2.0991163 37140 a
 0.14782627 0.7150116 0.6689165 37144 r
 -1.1523831 -2.2191372 -1.5628012 37339 g
 -1.6400281 12.84549 10.821792 37343 a
 0.14978921 0.5346501 0.75903493 37347 r
 0.9581721 -0.013773602 -0.6655823 37539 g
 2.5396495 6.8827314 -0.54647654 37542 a
 0.20560417 0.5093893 0.7130764 37547 r
 -0.041578602 1.6134179 0.06785228 37745 g
 -2.2110453 8.1756 -1.6041151 37749 a
 0.18513422 0.50828946 0.7261645 37755 r
 1.7256951 1.012076 0.3525442 37937 g
 -1.8375498 11.349114 0.3465607 37941 a
 0.1287723 0.6976911 0.6575698 37945 r
 1.0817428 0.26665726 0.6950267 38139 g
 0.0011971008 11.074979 -2.267309 38143 a
 0.12656912 0.7972164 0.5741438 38147 r
 -3.464007 -0.6041964 -0.36917245 38339 g
 -0.57281274 8.290522 -0.801459 38343 a
 0.09182115 0.750687 0.6474034 38347 r
 -2.1444106 -1.930717 -0.6115201 38538 g
 -0.25977087 4.9278655 5.333683 38542 a
 0.018234085 0.5577625 0.8029056 38546 r
 2.9241176 1.033115 -0.69780654 38740 g
 -1.3874398 9.792285 -4.1491513 38744 a
 0.077846676 0.54459333 0.79377323 38748 r
 0.28279442 3.0667048 0.08276599 38938 g
 -0.95588505 7.945757 -1.4562732 38942 a
 0.031754963 0.5851691 0.7775735 38946 r
 1.8015952 1.6323262 0.16106293 39138 g
 -0.5662287 9.133281 -1.1773487 39150 a
 -0.033490345 0.7452698 0.65872484 39154 r
 0.71129704 0.2738478 0.56186867 39340 g
 -0.6584055 10.9187565 -0.84335756 39350 a
 0.06526173 -0.82303584 -0.5642181 39356 r
 -3.7140777 -0.65453017 -0.216307 39539 g
 -0.16220717 7.9810715 -0.6099229 39542 a
 0.08445556 -0.76805615 -0.6327823 39549 r
 -2.0288293 -1.6132681 -0.7641192 39739 g
 0.6344634 5.8604074 5.410896 39743 a
 -0.077174 0.56481075 0.8213791 39746 r
 3.1701937 1.9396551 -0.3417419 39941 g
 -4.758476 9.798869 -3.345897 39946 a
 -0.03580641 0.57354534 0.81471235 39949 r
 0.5634916 2.9553847 0.273182 40139 g
 -0.65182143 8.194754 -1.2779051 40142 a
 -0.090882026 0.5929018 0.79967064 40146 r
 1.7451361 1.4019629 0.12803972 40341 g
 -1.5897499 11.405378 -1.3946224 40346 a
 0.1764576 -0.73532975 -0.6514067 40349 r
 0.33419344 0.4970207 0.9094112 40542 g
 1.1414356 14.481928 -4.4819455 40546 a
 0.2139078 -0.8060081 -0.5319887 40550 r
 -3.5707996 -0.66491646 -0.35612297 40739 g
 0.6697779 4.799776 -0.05327099 40743 a
 0.17279568 -0.71535206 -0.656081 40747 r
 -1.7643775 -3.2836027 -1.0085974 40939 g
 -8.718486 19.612701 15.9495735 40944 a
 0.10100153 -0.5352862 -0.8380361 40947 r
 0.08039417 0.9438991 0.21379352 41142 g
 -1.0528502 4.7500963 -3.8355112 41146 a
 -0.09043672 0.63301575 0.7685372 41150 r
 2.482299 0.033630665 0.4566738 41333 g
 -1.1976994 10.268731 -0.14604631 41339 a
 -0.11191516 0.6681812 0.73541886 41342 r
 1.3653694 1.2166069 0.5898318 41542 g
 -0.9139865 11.36348 -2.7994204 41547 a
 0.13549824 -0.77133703 -0.61879355 41550 r
 0.38692403 0.66799563 0.46839172 41741 g
 1.988983 12.192472 -2.7246015 41746 a
 0.116779625 -0.81902087 -0.5555703 41749 r
 -3.3886395 -0.41990566 0.067319654 41940 g
 -0.587178 7.5447283 -0.32680854 41945 a
 0.05396649 -0.74218035 -0.66397387 41948 r
 -1.1561115 -3.0505762 -1.288762 42141 g
 -2.4426842 16.269798 12.479177 42144 a
 -0.014441007 0.6120889 0.7868162 42148 r
 0.9475194 -0.5251005 -0.19659962 42340 g
 0.24361002 4.782418 -3.3877954 42344 a
 0.028939933 0.5688435 0.7997702 42347 r
 1.4971958 1.6509684 -0.1915396 42540 g
 -0.02873042 16.690578 4.699219 42544 a
 0.049288787 0.6026101 0.7799074 42547 r
 1.139267 0.018450646 0.1309692 42741 g
 0.22266077 8.500613 -1.6059108 42746 a
 0.007877669 0.7028104 0.7099331 42752 r
 1.0207564 0.81899685 0.46759275 42942 g
 -2.4911668 12.577939 -0.41060558 42946 a
 0.0074248463 -0.7477585 -0.66390604 42950 r
 -1.5119098 -0.1045874 0.180504 43142 g
 -1.6771383 7.6243353 -0.7565677 43145 a
 0.037065648 -0.73779285 -0.6734182 43149 r
 -1.6261594 -0.9317652 -1.2658588 43342 g
 -0.18974048 6.197391 1.4862007 43346 a
 -0.0185634 0.57601786 0.8149343 43350 r
 1.4250242 -0.6566607 -0.67543596 43548 g
 -2.333748 8.582016 4.630985 43551 a
 0.07952031 0.53269553 0.8102785 43556 r
 -0.86582696 -1.4071394 -0.6852897 43739 g
 0.7404069 5.3354783 -3.7672763 43743 a
 0.12507817 0.5617688 0.76373607 43747 r
 1.3240904 -0.3213687 0.52511704 43939 g
 3.0819361 9.372103 0.09876082 43942 a
 0.2246221 0.61431754 0.68894583 43947 r
 0.4116914 -1.4987522 0.324581 44145 g
 1.3718776 10.547656 -2.7024553 44157 a
 0.33565608 0.6467948 0.6095837 44160 r
 0.48839045 -1.40927 -0.09912792 44343 g
 -1.5113398 9.968259 -1.4760253 44351 a
 0.4453594 0.6222421 0.5458471 44355 r
 -0.013082779 -1.0055348 0.14295343 44545 g
 -1.91596 9.41879 -2.5647886 44550 a
 0.4933745 0.59165955 0.49039194 44555 r
 -0.25223464 -1.3038088 0.48383805 44747 g
 -0.3752911 11.071387 0.86131406 44750 a
 0.53796303 0.54945886 0.44706723 44755 r
 -0.5084307 -1.6920977 0.7671984 44944 g
 -0.6183026 8.581417 0.62249243 44947 a
 0.5888386 0.43572128 0.42347702 44951 r
 -0.36648425 -2.7626884 -0.6578591 45144 g
 -0.0700304 6.2584434 0.107140526 45147 a
 0.6041969 0.2846536 0.35506198 45151 r
 0.036718335 -2.443908 -1.530577 45347 g
 -2.2852654 10.466851 6.401497 45351 a
 0.63389015 0.15296519 0.06379446 45356 r
 -0.2650178 -2.2883794 -0.18727855 45545 g
 -3.8762126 11.782465 -4.9583917 45549 a
 0.5815282 0.028524585 -0.1518919 45553 r
 2.3299663 4.2408924 1.4513645 45745 g
 -3.317765 8.704121 -1.5987282 45749 a
 0.7113424 0.035553403 -0.109582536 45753 r
 0.87188566 0.52631545 0.38450214 45946 g
 -2.4971523 12.142194 -1.2635399 45950 a
 0.78888756 0.109250024 -0.044191416 45954 r
 -0.36994636 0.4328385 -0.128689 46145 g
 0.19512744 11.36348 -0.83378077 46148 a
 0.80545056 0.117361665 0.0075180535 46153 r
 -2.2418823 0.734841 -1.4237843 46346 g
 2.2200236 4.4699745 -0.7332243 46349 a
 0.6652398 0.104206815 0.017965691 46354 r
 -0.05063335 -1.3874321 -0.47356835 46548 g
 -1.0809821 7.7183075 6.441001 46552 a
 0.5323686 -0.02743892 -0.116713546 46556 r
 -1.7675732 -1.6436281 -0.7803645 46746 g
 -4.3077674 10.402207 -3.2513258 46750 a
 0.576495 0.027895667 -0.123302944 46754 r
 1.8681742 3.5279644 0.82046163 46946 g
 -3.0538042 9.48044 -1.3718776 46950 a
 0.68534356 0.09505312 -0.078173794 46954 r
 1.0234195 1.2482984 0.43909693 47148 g
 -0.7811083 12.74254 -3.5122938 47152 a
 0.7730955 0.18055603 0.030088218 47156 r
 -0.32547158 0.7918326 0.027904868 47347 g
 -0.5422867 12.238561 -1.3946224 47350 a
 0.8150418 0.18132868 0.08567222 47355 r
 -2.886101 -0.16876958 -0.54094636 47547 g
 1.287482 5.349245 0.17896658 47551 a
 0.6843834 0.12962678 0.04788551 47555 r
 -0.8216185 -1.3927584 -0.63016224 47749 g
 -5.543774 11.750742 11.39221 47753 a
 0.51723486 0.03737492 -0.056569707 47758 r
 -2.5825007 -0.22735912 -0.8653194 47947 g
 -4.1784806 10.456078 -3.6092591 47951 a
 0.589226 0.085007995 -0.07016637 47955 r
 2.4815001 2.1564364 0.77039415 48146 g
 -2.5767596 8.564658 -0.6799533 48150 a
 0.65613806 0.115235955 -0.04313944 48155 r
 1.2298145 -0.26783916 0.31179783 48349 g
 -3.2543187 13.021464 -1.4197617 48353 a
 0.76493585 0.13999441 0.0067434846 48358 r
 -0.13825135 0.0109937955 -0.013640445 48547 g
 -0.40940848 12.594099 -0.8834604 48551 a
 0.80962497 0.11230378 0.025856284 48555 r
 -2.779308 -0.04945996 -1.010728 48747 g
 0.5662287 4.0934863 -1.0247183 48751 a
 0.66424614 0.06916165 -0.007177439 48755 r
 -0.59018975 -1.7557472 -0.61418325 48945 g
 -3.032855 8.607155 7.599795 48947 a
 0.5061082 -0.007413232 -0.15941827 48948 r
 -1.977963 -0.34347296 -1.124445 49146 g
 -5.976526 10.559627 -3.4452562 49158 a
 0.575522 0.014310913 -0.18447526 49162 r
 2.174704 1.5670788 0.21698931 49347 g
 -2.19668 9.97185 0.11791443 49351 a
 0.6386689 0.025161453 -0.16773592 49362 r
 1.5435349 0.10846549 0.36692527 49549 g
 -1.2593501 13.035232 2.4426842 49553 a
 0.77139467 0.006352842 -0.114700325 49560 r
 -0.272741 -0.37809405 -0.26717338 49747 g
 0.8379706 9.755175 0.75716627 49751 a
 0.7869374 -0.044758007 -0.11773505 49756 r
 -2.1156485 -0.31364554 -0.6496033 49946 g
 1.2551602 4.086902 -0.7799112 49950 a
 0.59464973 -0.056649424 -0.19068171 49955 r
 0.8247477 -0.48888153 -0.51511365 50149 g
 5.3049526 11.240178 -0.4890157 50153 a
 0.4725456 -0.12199393 -0.31586125 50157 r
 -0.5260076 -0.8438809 0.5674613 50347 g
 -1.881244 8.787319 0.997185 50351 a
 0.54854643 -0.12625107 -0.30778793 50355 r
 1.4945327 0.10393812 0.28197044 50548 g
 -1.4251486 8.805874 -1.1204864 50551 a
 0.65784764 -0.084726065 -0.22049783 50556 r
 1.253783 0.18170242 0.28223675 50749 g
 -0.5105635 12.077551 -0.5542577 50755 a
 0.7646162 -0.08128902 -0.16541912 50758 r
 -0.10229868 0.70634514 -0.22988912 50947 g
 0.5662287 12.047025 -0.8738836 50951 a
 0.80661213 -0.06965852 -0.09465244 50956 r
 -3.288771 0.2852994 -0.5859538 51147 g
 1.292869 2.1577742 0.046088383 51150 a
 0.65225357 -0.06391017 -0.13308819 51155 r
 -0.031192275 -0.9706474 -0.27622813 51349 g
 0.96426475 1.5304934 2.4378958 51354 a
 0.4895446 -0.08235632 -0.25211927 51358 r
 -2.1257684 -2.7954454 -0.62723273 51548 g
 -3.651756 10.997766 0.20829555 51552 a
 0.56279314 -0.034570508 -0.2463455 51556 r
 1.2236892 2.310367 1.1139419 51751 g
 -3.8379054 7.7853456 -0.18614918 51756 a
 0.65773857 0.02040926 -0.13189255 51760 r
 1.2335429 0.11618866 0.9187322 51951 g
 -1.9656396 16.302717 -1.9440918 51956 a
 0.78622717 0.045525044 -0.03661229 51960 r
 -0.98194075 0.03549488 -0.1268248 52149 g
 -0.9091981 10.201694 -0.1400608 52153 a
 0.81062454 0.020794373 0.0055464576 52157 r
 -2.412591 -1.460669 -1.0474796 52348 g
 3.0621839 2.3127987 -0.2741361 52353 a
 0.5997569 0.008849718 -0.089968644 52357 r
 1.6431371 0.30926785 -0.6717076 52552 g
 1.276708 17.169418 0.44711718 52557 a
 0.46056244 -0.11708374 -0.28759828 52561 r
 0.6005095 0.1382929 1.4473697 52751 g
 -0.7589619 5.6299653 -2.7485435 52756 a
 0.5522939 -0.10707025 -0.278864 52760 r
 2.19814 -0.18980855 -0.036809947 52949 g
 -1.4808137 9.7084875 0.22146365 52953 a
 0.68870384 -0.055467583 -0.15813951 52958 r
 1.536078 0.12284656 0.6367035 53151 g
 -0.011971008 10.616488 -1.5729905 53156 a
 0.7937421 -0.045336828 -0.06987216 53159 r
 -2.9731863 -0.6531986 -0.5353537 53349 g
 -0.94930094 8.651448 -1.3257892 53353 a
 0.77548456 -0.058105543 -0.061886486 53357 r
 -2.3462782 -0.9389558 -0.7433466 53549 g
 1.4197617 5.337274 4.7518916 53553 a
 0.567423 -0.010593647 -0.14481549 53557 r
 3.5132089 1.9660203 -0.6048622 53757 g
 -1.4909891 10.609905 -3.1040826 53760 a
 0.55076987 -0.076538295 -0.21026747 53764 r
 0.30862707 2.6398 0.13709447 53954 g
 -0.98102415 7.9355817 -2.2242134 53958 a
 0.56942755 -0.05603929 -0.17415075 53961 r
 1.7462014 1.3194048 -0.018434135 54153 g
 -0.5542577 9.2308445 0.02633622 54166 a
 0.73258245 0.07511602 -0.051284764 54170 r
 0.93180674 0.51726073 0.3639958 54360 g
 -3.5128925 15.519814 -1.1976994 54364 a
 0.80528414 0.14636824 0.06349445 54367 r
 -0.6865962 0.57371974 0.3192547 54551 g
 0.4405331 8.799889 -0.8002619 54559 a
 0.7959929 0.18245703 0.13964911 54563 r
 -2.578772 0.080768615 -0.8730425 54756 g
 2.8215668 3.3985693 0.12808979 54760 a
 0.6081251 0.1224132 0.10727926 54764 r
 1.3842778 0.1862298 -0.53135896 54954 g
 4.1701007 7.7590094 2.367267 54958 a
 0.50851434 0.004451437 -0.039802108 54962 r
 0.12779844 -2.0079486 0.8577459 55152 g
 -3.044826 11.941081 0.88166475 55157 a
 0.56514955 0.04837232 -0.038792085 55160 r
 1.4196979 1.3646786 0.29022622 55353 g
 -3.4674027 9.827001 -0.24480712 55357 a
 0.65143615 0.1525006 0.06858606 55360 r
 1.2441956 0.5902313 0.50248015 55551 g
 -0.12808979 11.042058 -1.9967642 55555 a
 0.7372106 0.24188924 0.14314555 55559 r
 0.0841226 1.7252706 -0.30099553 55757 g
 5.437232 10.232818 -1.7992426 55761 a
 0.7377138 0.29811108 0.21677177 55764 r
 -2.886101 3.0664384 -0.21417648 55955 g
 3.4662056 7.247847 1.6436194 55959 a
 0.58911705 0.34031463 0.38403895 55962 r
 -0.43040013 1.4997008 0.5014149 56157 g
 -5.3318872 11.848905 5.282806 56161 a
 0.44324717 0.30762303 0.4965178 56165 r
 0.6971823 2.2957196 -0.2642439 56356 g
 1.448492 8.283937 0.4189853 56359 a
 0.33987427 0.5024862 0.5999467 56363 r
 1.3342104 1.277327 0.49395806 56553 g
 -2.3319526 11.382633 -0.5105635 56558 a
 0.31201798 0.5023539 0.6531243 56561 r
 1.1083744 3.4014642 -0.13880901 56759 g
 -2.7503393 9.282919 -3.1663318 56762 a
 0.17519632 0.6808697 0.6359845 56766 r
 0.54777896 1.7122211 -0.27649444 56956 g
 -0.7116765 10.997766 -3.1064768 56960 a
 -0.012684883 0.79046667 0.59863704 56964 r
 0.46335673 1.9276708 0.13549657 57156 g
 -1.5131354 12.401965 -2.846706 57160 a
 0.10927877 -0.82606316 -0.5528806 57163 r
 -2.9862359 -0.8073956 -0.5478706 57358 g
 -4.39336 8.42759 -0.7835025 57362 a
 0.18663263 -0.7701007 -0.59891576 57367 r
 -2.2725086 -3.0969152 -1.4778464 57556 g
 0.9139865 4.4759603 2.3277626 57560 a
 0.20299259 -0.56612206 -0.79306024 57564 r
 1.9821575 0.656544 -0.1318848 57759 g
 0.54408234 11.080365 -2.4372973 57762 a
 -0.1057935 0.554283 0.8253899 57767 r
 0.012483568 2.0560353 -0.07808894 57959 g
 -0.66498953 7.6249337 -1.9111716 57963 a
 -0.10289033 0.57192826 0.8137056 57967 r
 1.5893413 0.4078048 0.09661442 58157 g
 -1.8417397 9.694721 -0.90021986 58160 a
 0.1433416 -0.7081883 -0.6896629 58165 r
 1.3722936 -0.4036604 0.65774244 58356 g
 -2.6844985 11.038467 -1.2060791 58360 a
 0.1310929 -0.7968581 -0.5860165 58363 r
 -2.727909 -1.0066 -0.07356157 58559 g
 -0.89423436 10.084976 -0.34955344 58563 a
 0.101790875 -0.78304195 -0.60871357 58566 r
 -1.9955399 -1.8699969 -1.227243 58760 g
 1.8387469 5.348048 2.1655555 58764 a
 -0.052038126 0.58761215 0.80685586 58767 r
 2.2535336 0.64988613 -0.5193747 58953 g
 -0.6422446 13.732542 2.5372553 58964 a
 0.04097268 0.54019725 0.8210402 58965 r
 0.4612262 0.6325756 0.7512194 59156 g
 -3.9743748 7.2849574 -1.9482816 59162 a
 0.06421932 0.5679287 0.7914638 59163 r
 2.346478 -0.36637613 0.139225 59358 g
 -1.0588357 10.083779 -1.6885108 59362 a
 -0.019868664 0.70008886 0.7085665 59374 r
 1.2668325 -0.050525226 0.60847396 59560 g
 -2.0290859 11.419744 -0.33997664 59566 a
 -0.007975329 0.8151276 0.57836324 59571 r
 -2.097539 -0.28967708 -0.034679417 59760 g
 -1.751957 10.812215 0.362123 59763 a
 0.006531463 0.81266034 0.5826978 59767 r
 -2.4038024 -0.45585835 -1.4677263 59958 g
 2.1841104 3.1399956 2.6922798 59962 a
 0.017327867 0.59836817 0.78793734 59966 r
 2.2380872 1.2102152 -0.43388727 60291 g
