 0.6031727 1.3313891 -0.082616314 2 g
 -1.283292 11.04565 -2.2906525 3 a
 0.761902 0.21267724 0.10489554 5 r
 0.06521416 0.79236525 -0.0029878004 110 g
 3.544017 11.962628 -2.854487 114 a
 0.779992 0.2631668 0.17105259 116 r
 -2.621649 -1.0617275 -0.09406791 312 g
 -0.52073884 8.404845 -0.748188 316 a
 0.71188223 0.23550752 0.21108143 320 r
 -1.9894146 -1.2111309 -0.82670355 515 g
 -0.89423436 8.500014 4.43885 519 a
 0.54805875 0.18677309 0.2146746 523 r
 1.2127702 0.88957065 0.01885012 714 g
 1.1025299 11.710639 4.9703627 717 a
 0.56125784 0.14868677 0.15296526 721 r
 0.098769985 -0.058781024 0.273182 913 g
 -1.7962499 7.9032598 0.0676362 916 a
 0.5542337 0.12241465 0.15919413 920 r
 1.6737634 0.2823699 0.37837687 1118 g
 -1.3150153 8.168418 -2.7138276 1121 a
 0.6326051 0.2700485 0.23102309 1125 r
 1.3288841 0.39315742 0.32644522 1318 g
 -3.9163153 11.674128 -1.2174516 1322 a
 0.7067284 0.28318024 0.22585283 1326 r
 -0.065280735 0.44002905 0.36586002 1516 g
 0.88046765 11.578958 -1.0324994 1519 a
 0.75290596 0.30238587 0.24926905 1524 r
 -2.6639934 0.7572115 -0.86478674 1715 g
 1.4838065 5.8143187 -1.0755951 1737 a
 0.65525615 0.22020924 0.24058487 1742 r
 -1.0269482 -1.7946295 -0.3353503 1918 g
 -2.837129 17.472883 8.802881 1922 a
 0.53744775 0.122103065 0.13631545 1926 r
 -0.36142424 -1.9148127E-4 -0.22669333 2115 g
 -1.4059949 4.9661727 -1.946486 2119 a
 0.5773774 0.14158118 0.09647941 2123 r
 1.1698934 1.3990333 -0.31138185 2318 g
 -0.76434886 9.440936 -0.46926352 2321 a
 0.58802456 0.16829291 0.12137162 2325 r
 1.2234229 1.4056913 0.32751048 2518 g
 -1.1162965 11.294048 -1.400608 2522 a
 0.68979084 0.25002712 0.17408593 2526 r
 0.56295896 0.08423072 0.6713246 2715 g
 -0.741604 8.916007 -1.6101006 2719 a
 0.75884676 0.28481728 0.20587502 2722 r
 -2.6067352 -1.6297797 -0.07222999 2915 g
 -1.827973 9.427169 -0.24660277 2919 a
 0.727586 0.25393522 0.24176346 2922 r
 -1.5832826 -1.6111376 -1.2613314 3120 g
 1.5436616 6.4218473 1.8788497 3123 a
 0.58435047 0.15816575 0.14562906 3127 r
 1.5174359 0.6477556 -0.20352383 3319 g
 0.3764882 12.601881 1.09834 3323 a
 0.56779826 0.059575997 -0.0037050883 3327 r
 0.5488442 -0.37037086 0.42764536 3517 g
 -1.2264298 9.609129 2.0967221 3521 a
 0.5953875 0.033025756 -0.037883144 3526 r
 1.4604442 -0.672906 -0.058914185 3721 g
 0.25438392 8.224083 -2.2577322 3725 a
 0.69322956 0.08083363 0.05212144 3729 r
 1.1978565 0.31166467 0.07690703 3918 g
 -2.5516205 11.412561 -2.6036944 3922 a
 0.7658884 0.07240753 0.04934575 3926 r
 -0.13239239 -0.047329433 0.4769138 4117 g
 2.042254 13.1794815 -2.1984756 4120 a
 0.81155294 0.05728683 0.07981674 4124 r
 -2.8805082 -0.40286145 -0.42216936 4324 g
 0.15622166 7.351995 0.21428105 4328 a
 0.7079767 -0.024214376 0.014515542 4332 r
 -0.90737224 -2.5184765 -0.9444152 4520 g
 -2.307412 11.985972 8.12592 4524 a
 0.57681096 -0.06729823 -0.16383018 4527 r
 0.6644254 -0.59354377 -0.12416163 4720 g
 0.3824737 13.810952 0.52253455 4724 a
 0.6057337 -0.09433769 -0.22909792 4727 r
 0.6164885 1.7985075 -0.08021947 4923 g
 -0.55246204 7.967903 -1.5053543 4927 a
 0.5910484 -0.104369864 -0.24161477 4931 r
 1.2857409 -0.4537278 0.046546996 5121 g
 -0.694917 7.8452005 -1.7986441 5125 a
 0.72606176 -0.038391426 -0.12196883 5128 r
 1.3770874 0.83178 0.17784083 5323 g
 -1.6921021 13.357251 -1.7124528 5326 a
 0.7984878 -0.030328326 -0.056762096 5330 r
 -0.4498412 0.79449576 -0.06424051 5524 g
 -1.8166006 9.993398 -0.7074866 5528 a
 0.8239252 -0.011572054 0.0127004245 5532 r
 -2.255198 -0.48621836 -1.4179252 5722 g
 0.91937345 5.53719 1.0606314 5725 a
 0.66566646 0.020472635 -0.035751175 5729 r
 -0.080993384 -0.38794774 0.0071322117 5922 g
 -2.731784 16.81029 9.062652 5926 a
 0.52590835 -0.038626373 -0.16558595 5929 r
 -1.1902 -0.5000668 -0.045332063 6125 g
 -1.2054806 7.0425444 -1.9794062 6129 a
 0.59029984 -0.012735289 -0.15405087 6135 r
 1.8846858 1.2070194 0.2484146 6324 g
 -0.5686229 9.221867 -0.7009025 6327 a
 0.6266696 0.024102867 -0.11890244 6331 r
 1.37762 0.976656 0.19781454 6522 g
 -2.058415 11.102511 -3.8660371 6526 a
 0.7477481 0.048667856 -0.020739766 6530 r
 0.45510092 0.49915123 0.66493297 6724 g
 -0.17417817 9.136273 -0.7020996 6735 a
 0.82012534 0.05643166 0.03792591 6739 r
 -3.162537 -1.86254 -0.042935215 6923 g
 -2.2637177 7.951742 -0.43634325 6926 a
 0.7707141 0.043696664 0.06306968 6933 r
 -1.71431 -1.4260479 -1.0605291 7123 g
 0.7116765 7.2310877 3.3967736 7127 a
 0.5821501 -0.0072804 -0.099696584 7133 r
 2.0793629 1.0600129 -0.18195222 7327 g
 -0.52732295 15.883733 1.3329718 7331 a
 0.56998676 -0.07184076 -0.2135785 7335 r
 1.1427292 2.1244783 0.06998281 7524 g
 -3.3087866 7.7081323 -2.4941597 7527 a
 0.5923744 -0.08673389 -0.2228189 7531 r
 1.7446035 -0.8689146 0.06545544 7724 g
 -1.0851719 8.360553 -0.9648633 7728 a
 0.719607 -0.023572717 -0.10403522 7731 r
 1.4356768 0.03309803 0.6351056 7926 g
 -2.131438 12.812571 -2.5779567 7930 a
 0.8050287 -0.02484838 -0.037272427 7934 r
 -2.148139 -0.7709103 -0.35239452 8124 g
 -1.3640964 10.357317 -0.50637364 8128 a
 0.80558443 -0.031432837 -0.009644254 8132 r
 -2.117779 -0.914721 -1.0821006 8326 g
 -0.17776948 4.985925 1.7004818 8330 a
 0.629355 -0.014766088 -0.122682445 8333 r
 1.5706991 0.5572081 -0.08421421 8525 g
 2.3570917 14.359224 1.1450269 8529 a
 0.5577596 -0.061670214 -0.22309549 8533 r
 0.32939973 -0.78662294 0.9722618 8724 g
 -0.108936176 8.614936 1.555034 8728 a
 0.59452695 -0.07777965 -0.23226605 8732 r
 1.8303573 1.2919743 0.18902612 8924 g
 -3.321955 9.380483 -1.7663223 8928 a
 0.70328885 -0.011987012 -0.0960254 8932 r
 1.0260826 0.54735446 0.084363885 9127 g
 -0.6937199 11.61547 -2.4486697 9132 a
 0.7964272 0.016398698 -0.029263364 9135 r
 0.22154172 0.55401236 0.17198189 9320 g
 2.6719291 12.616844 -3.25372 9324 a
 0.82672787 0.02360291 0.02357681 9328 r
 -3.1233885 -0.51018685 -0.18008801 9528 g
 -0.37828386 6.9330096 0.57760113 9532 a
 0.7366456 0.008979643 0.020197311 9536 r
 -1.4056497 -1.7930315 -0.6903497 9728 g
 -0.89064306 9.655815 6.18542 9732 a
 0.5677996 0.019061852 -0.08571913 9736 r
 1.1709586 1.4885156 -0.38914615 9925 g
 0.33638534 12.239758 1.7866731 9929 a
 0.59278417 0.0021666829 -0.12153038 9933 r
 1.2822788 1.5771989 0.69902146 10125 g
 -0.050278235 9.31943 0.46926352 10130 a
 0.60320437 0.0055731535 -0.102521725 10134 r
 1.6716329 1.590781 0.61992556 10328 g
 -2.3104045 9.056666 -1.0576386 10333 a
 0.7038904 0.114530444 0.026897488 10336 r
 0.7057044 0.40647322 -0.017635187 10528 g
 -1.0229226 11.610682 -3.0113072 10533 a
 0.7752117 0.15869263 0.08087956 10536 r
 0.07107311 1.0184677 -0.066903666 10725 g
 1.8525136 13.251906 -2.9574378 10729 a
 0.80401695 0.18763614 0.13962694 10732 r
 -3.2874393 0.73830307 -0.59234536 10925 g
 0.7541735 6.208165 0.19991584 10930 a
 0.69704807 0.17601699 0.17279886 10933 r
 -1.495132 -1.5016817 -0.018167818 11125 g
 -3.1106665 13.891757 9.583391 11129 a
 0.5188013 0.13594583 0.1389244 11133 r
 1.9528627 1.739918 -0.36544403 11327 g
 -2.7222073 5.5150437 -3.2836475 11331 a
 0.5656114 0.18817198 0.14979585 11334 r
 0.60796636 1.4086207 -0.11084583 11536 g
 -2.3774424 10.09994 -1.3210008 11540 a
 0.55507547 0.27292794 0.20143737 11544 r
 0.8798751 1.5425777 0.20686929 11727 g
 -1.8513165 9.490017 -1.3377602 11735 a
 0.64522266 0.38117564 0.26071694 11739 r
 0.8455204 0.605944 0.4401622 11929 g
 -3.068768 12.409746 -2.5887306 11936 a
 0.6680186 0.4495685 0.29960713 11940 r
 -1.4200307 0.23629722 0.32191786 12131 g
 -1.1647792 9.212888 -0.24361002 12134 a
 0.6334041 0.48836386 0.37406453 12138 r
 -2.1518674 -0.70592916 -0.93189836 12328 g
 -0.25677812 6.767211 2.441487 12333 a
 0.4787536 0.39951158 0.4354801 12336 r
 0.7741476 -0.20285805 -0.24906388 12531 g
 -2.0907366 10.136452 6.2644286 12535 a
 0.4475779 0.2977916 0.3530893 12538 r
 -0.834668 -1.1365623 -0.6775665 12732 g
 0.15801731 2.690484 -7.195773 12735 a
 0.48699996 0.334441 0.31874248 12739 r
 1.4410032 0.2458846 0.40527478 12928 g
 -1.6992847 9.354745 -2.3690627 12933 a
 0.56024563 0.4177758 0.33179244 12936 r
 0.27507126 0.6653325 0.30061257 13127 g
 -1.5520413 9.376891 -1.7399861 13132 a
 0.60973233 0.45847684 0.33788678 13135 r
 0.7456518 0.2722499 0.40607375 13330 g
 -2.622848 11.6747265 -1.5245079 13333 a
 0.6398889 0.48870206 0.33388785 13337 r
 -0.6431867 0.14068975 0.216723 13532 g
 -1.7687165 10.492589 -0.8948329 13535 a
 0.63756615 0.4997937 0.36962613 13539 r
 -2.1747706 -0.68755335 -0.9782374 13730 g
 -0.21787235 6.2339025 2.3678656 13733 a
 0.5259847 0.39730126 0.40703544 13737 r
 0.08944892 -0.7812966 -0.5004663 13932 g
 -3.7720647 13.215993 6.145916 13936 a
 0.46629414 0.30224746 0.3238556 13940 r
 0.7395265 0.31965417 -0.23228596 14130 g
 -1.7549498 9.599552 0.12629414 14134 a
 0.513055 0.3267324 0.27622262 14137 r
 0.9424594 1.589982 -0.03787521 14330 g
 0.6679823 9.911396 -0.5315128 14333 a
 0.5556731 0.3664713 0.2854294 14337 r
 0.41035983 0.7231231 -0.3103166 14535 g
 -1.7046716 9.139266 -1.5245079 14538 a
 0.6192443 0.4275276 0.29926208 14542 r
 0.9019794 0.15187502 0.24734934 14731 g
 -1.8728642 12.474988 -1.5939398 14734 a
 0.6223984 0.48170543 0.32184765 14738 r
 0.13632056 0.7364389 0.24681671 14931 g
 1.0941502 11.054029 -1.590947 14935 a
 0.63466763 0.5041989 0.3473805 14938 r
 -2.8791766 0.29462045 -0.33561662 15134 g
 0.6841431 6.0327897 0.8535329 15138 a
 0.5493067 0.41748744 0.40830716 15141 r
 -0.96702707 -0.605528 -0.24826494 15329 g
 -1.1935096 10.4644575 5.4701524 15333 a
 0.4299476 0.3215502 0.40383968 15336 r
 1.1816113 0.5982208 -0.19233856 15530 g
 -1.733402 11.992557 -0.6147113 15534 a
 0.46595287 0.37183148 0.39708522 15537 r
 1.6814866 1.3327206 0.6172624 15734 g
 0.4357447 11.252748 1.0761937 15738 a
 0.49605367 0.41211742 0.37911573 15742 r
 1.1286144 0.1582666 -0.6757023 15932 g
 -0.84694886 8.676587 -1.5239093 15935 a
 0.565556 0.47546816 0.3774731 15939 r
 0.7357981 0.61712927 0.011925901 16132 g
 -0.7966706 10.120889 -3.425504 16136 a
 0.5511493 0.54007816 0.39787665 16139 r
 0.35256922 0.70687777 0.15600291 16333 g
 1.3371617 9.245809 -2.1865046 16337 a
 0.5810881 0.56786096 0.3956159 16341 r
 -2.951082 -1.4497501 -0.4376157 16531 g
 -1.8680758 9.247604 0.21787235 16535 a
 0.5495793 0.5299909 0.45366338 16538 r
 -1.5422698 -1.7703947 -0.9582637 16734 g
 0.08200141 6.793547 2.9107506 16744 a
 0.42499202 0.40306586 0.48817614 16748 r
 1.102249 0.53936493 -0.17369643 16934 g
 1.353921 11.134833 2.8628666 16938 a
 0.4394818 0.35912395 0.42581275 16946 r
 0.5634916 -0.06756946 0.24761565 17133 g
 -4.4915223 10.703279 -1.2036849 17137 a
 0.46477786 0.4042911 0.4045165 17141 r
 1.5259581 0.7175304 0.41459584 17333 g
 -2.3187842 8.8567505 -1.7549498 17336 a
 0.49599597 0.5159141 0.4439734 17341 r
 0.36481977 1.1686699 -0.022428876 17525 g
 -1.9949685 9.498995 -2.9131448 17526 a
 0.5039133 0.59256864 0.43049815 17528 r
 0.41488722 0.72445464 0.39488846 17734 g
 -2.8640637 11.667543 -2.142212 17735 a
 0.5182897 0.63315475 0.42481026 17736 r
 -1.8522618 -0.44121096 -0.03361415 17934 g
 0.03232172 11.158177 -0.6703765 17938 a
 0.49232554 0.6422547 0.47232863 17941 r
 -2.2131202 -1.4500164 -0.8528025 18135 g
 0.2208651 6.235698 1.9566613 18139 a
 0.3871503 0.48954862 0.5638955 18142 r
 1.1224891 -0.2337507 -0.4871505 18335 g
 -3.063381 6.7749925 4.9224787 18339 a
 0.377232 0.40761536 0.50021666 18344 r
 -0.31535155 -1.4734522 -0.5318916 18534 g
 -0.3824737 9.727043 -0.86729956 18538 a
 0.40089196 0.45002633 0.4484621 18542 r
 0.9536447 2.5902653 1.9267387 18736 g
 -1.4443022 9.089587 -2.7700913 18740 a
 0.4664949 0.53590417 0.45906255 18743 r
 0.5126252 0.6410977 0.049210157 18934 g
 -1.377863 10.190321 -3.2321723 18938 a
 0.50683546 0.5726582 0.43122175 18942 r
 0.8114319 0.41899008 0.50221384 19135 g
 -2.9700072 11.5873375 -1.9722236 19138 a
 0.5400416 0.60982704 0.4139388 19143 r
 -2.2823622 -0.6260343 0.039090145 19337 g
 0.41958386 10.359711 0.61650693 19342 a
 0.5149922 0.60762036 0.45641914 19346 r
 -1.993942 -0.8284346 -0.83575827 19535 g
 0.18016368 6.7043633 1.8686744 19538 a
 0.40105644 0.46558625 0.5331395 19543 r
 0.80424136 -0.18661276 -0.46371466 19734 g
 -1.6346412 9.102157 5.319318 19738 a
 0.38757166 0.3897844 0.4747708 19742 r
 -1.1649 -0.847343 -0.43601778 19941 g
 -1.0684125 8.372523 -0.7290344 19945 a
 0.39833203 0.45004624 0.45505014 19948 r
 1.7563214 1.2645437 1.0428356 20136 g
 -0.055066638 9.670779 -1.6460136 20140 a
 0.41625717 0.5350398 0.4668701 20144 r
 0.9507152 0.7667989 0.3972853 20333 g
 -1.2814964 9.668385 -3.0472202 20337 a
 0.47799206 0.59235907 0.44856307 20341 r
 0.6380601 0.41792482 0.6153982 20538 g
 -0.21906945 10.604518 -2.248754 20543 a
 0.5139422 0.6326957 0.4323887 20547 r
 -2.447212 -0.8830294 -0.40405986 20735 g
 -1.1432313 8.704719 0.19033903 20738 a
 0.48787656 0.6221701 0.47878394 20742 r
 -1.8266954 -0.8902199 -1.0144564 20935 g
 -1.7310078 5.2301335 2.2409728 20939 a
 0.34849322 0.5057684 0.5775543 20943 r
 1.340602 1.0789214 0.18902612 21136 g
 3.9031472 12.574945 2.8814218 21139 a
 0.3277689 0.4656471 0.5696215 21143 r
 0.46016094 0.40167952 0.4646633 21337 g
 -2.0242975 9.498995 -2.7994204 21341 a
 0.3426521 0.5101435 0.565695 21345 r
 1.3067799 0.56945866 -0.22722596 21537 g
 -1.8902222 8.718486 -2.9945478 21541 a
 0.36360618 0.6410533 0.5351773 21545 r
 0.17227323 1.4674766 -0.16970168 21740 g
 -1.8327614 9.7641535 -2.9700072 21750 a
 0.2900299 0.723814 0.53961295 21754 r
 0.25882596 0.97745496 -0.046663642 21940 g
 -0.9415198 9.502586 -1.9494787 21944 a
 0.24558389 0.7760006 0.53176767 21948 r
 0.100900516 1.2464342 0.13576289 22138 g
 2.5139117 8.166622 -1.2497733 22142 a
 0.17596683 0.80136716 0.55555445 22146 r
 -2.314054 0.9750581 0.0018058895 22341 g
 0.4333505 8.46889 0.11492168 22345 a
 0.0973598 0.7658769 0.6323164 22348 r
 -0.9651629 0.5481534 0.023377495 22538 g
 -0.90859956 8.848969 2.8461072 22542 a
 0.0056371056 -0.6459694 -0.76326257 22546 r
 -0.15849137 -0.5088552 -0.47436732 22738 g
 -2.268506 9.3499565 5.415684 22743 a
 -0.037461292 0.6056174 0.7947553 22747 r
 -0.0647481 0.67731667 0.15174186 22940 g
 1.316811 14.238916 0.8379706 22944 a
 -0.062272273 0.5962262 0.80039746 22948 r
 1.1541808 1.7553643 0.09208705 23142 g
 -0.2813187 10.055049 -2.8622682 23146 a
 0.115629844 -0.64783585 -0.75061077 23149 r
 0.9091699 1.9801351 -0.3702377 23338 g
 -2.0087352 9.109339 -2.6797101 23343 a
 0.25384122 -0.702719 -0.64642173 23347 r
 0.08651944 2.0009077 -0.25146073 23542 g
 -2.5959132 9.255983 -2.0500352 23546 a
 0.40374294 -0.6653391 -0.57035226 23550 r
 0.5845306 0.6538809 0.3653274 23740 g
 -2.0147207 12.170326 -1.8237832 23744 a
 0.47878626 -0.6527362 -0.4935272 23748 r
 -0.58326554 0.81154 -0.0013899037 23940 g
 -0.5542577 10.080787 -1.8070238 23944 a
 0.5163299 -0.63125646 -0.4438006 23948 r
 -2.6783743 0.77691895 -0.62723273 24144 g
 -0.38965634 5.9483943 2.542642 24148 a
 0.4339812 -0.492607 -0.5958119 24153 r
 -0.1803293 -0.16504115 -0.18834381 24343 g
 -3.3452983 14.264055 6.9850836 24347 a
 0.35341436 -0.3956797 -0.7042957 24350 r
 0.66176224 0.8208611 -0.0112435995 24541 g
 -1.9369092 6.3368535 -2.5821466 24544 a
 0.4359014 -0.4091081 -0.6493805 24548 r
 0.748315 1.529262 -0.39021143 24743 g
 0.60693014 10.315418 -0.35314476 24747 a
 0.5028345 -0.43696123 -0.58247775 24759 r
 0.49717888 1.0136739 -0.10418792 24936 g
 -1.42455 8.524555 -2.0416555 24937 a
 0.6099061 -0.4465466 -0.46066186 24938 r
 0.6481801 0.73324305 0.23057142 25137 g
 -2.337938 11.833342 -1.0205284 25139 a
 0.6747307 -0.40378302 -0.37192497 25143 r
 0.13099423 0.85761267 0.17251451 25352 g
 1.5747862 10.745177 -1.4676456 25370 a
 0.70781744 -0.39868504 -0.2957314 25374 r
 -3.2717266 0.33776367 -0.34733453 25538 g
 0.9516952 5.783793 0.8265981 25543 a
 0.6027008 -0.33916533 -0.36179182 25547 r
 -0.4450475 -0.76025766 -0.6155149 25741 g
 -1.9249382 10.683527 6.0166287 25744 a
 0.46211565 -0.25878912 -0.48853037 25748 r
 1.2215587 0.86373794 -0.27702707 25944 g
 -0.002992752 14.235325 0.06584055 25949 a
 0.51848644 -0.2758034 -0.4776918 25953 r
 1.6159729 1.3463027 0.6572098 26142 g
 -1.1372458 10.164583 -1.3096284 26146 a
 0.5656215 -0.29496402 -0.43804327 26150 r
 0.84898245 -0.5219047 -0.411783 26344 g
 -0.80445176 8.471883 -1.8722657 26348 a
 0.67125094 -0.31912023 -0.33666584 26354 r
 0.71635705 0.18782769 0.16425872 26544 g
 -0.038905777 12.045827 -3.2477345 26548 a
 0.71054894 -0.30766344 -0.28869018 26552 r
 0.25243437 0.4229848 0.24601775 26741 g
 4.2580876 10.2178545 -2.0290859 26755 a
 0.74039245 -0.3298499 -0.22735287 26758 r
 -3.2344425 -1.0915549 0.02364381 26942 g
 0.635062 6.9826894 0.26635495 26946 a
 0.63275397 -0.34185463 -0.29405275 26953 r
 -1.0708903 -1.420988 -0.80832773 27145 g
 -0.5374983 7.5746555 4.111443 27149 a
 0.48789397 -0.2734114 -0.44844583 27153 r
 1.3627062 0.99716234 0.22497879 27344 g
 1.6639702 14.839861 -1.8734628 27348 a
 0.52531 -0.27041698 -0.45418742 27352 r
 1.3451294 0.62991244 0.9070143 27543 g
 -0.7152678 8.829217 -1.7531542 27547 a
 0.55867285 -0.3202415 -0.43987653 27551 r
 0.8540425 -0.4982026 -0.2527923 27745 g
 -0.36032736 8.892065 -1.1115081 27750 a
 0.6492054 -0.35116005 -0.3341737 27754 r
 0.6119611 0.18516453 0.18103664 27944 g
 -0.58298814 11.529279 -2.717419 27948 a
 0.67638487 -0.37275678 -0.30561414 27952 r
 0.39278296 0.45467642 0.36852318 28144 g
 3.0903158 11.264719 -2.4199393 28148 a
 0.6990471 -0.3985973 -0.25124213 28152 r
 -2.9689252 -1.4116669 -0.18381643 28348 g
 0.29269117 6.8773446 0.045489833 28353 a
 0.5842999 -0.4125734 -0.34822115 28356 r
 -0.60457087 -2.3608174 -1.1100639 28545 g
 0.6596026 7.2604165 3.1944637 28549 a
 0.45846188 -0.37560278 -0.5587377 28552 r
 0.53765893 0.878918 0.16319345 28744 g
 1.5705963 10.792462 3.139397 28748 a
 0.45650494 -0.41239285 -0.6094411 28753 r
 1.1850734 0.10606865 0.27717674 28947 g
 -4.3646297 12.0248785 -3.2519245 28951 a
 0.46624866 -0.4562645 -0.60534984 28955 r
 1.4665695 0.31938785 0.40341058 29145 g
 -1.520318 8.511387 -3.1950622 29149 a
 0.5429318 -0.51869917 -0.46816286 29153 r
 0.5323326 0.27677727 -0.062109977 29344 g
 -0.89782566 10.821193 -1.9788077 29348 a
 0.57712585 -0.53042984 -0.4326655 29351 r
 0.4774715 0.3550742 0.17810716 29539 g
 3.788824 10.21965 -1.7932571 29541 a
 0.59699506 -0.5645479 -0.3652118 29542 r
 -3.0533473 -1.4156616 -0.09326896 29745 g
 -0.6404489 9.062652 0.56563014 29750 a
 0.5274388 -0.54450727 -0.4295343 29753 r
 -0.95530915 -2.1453676 -1.3220515 29941 g
 0.32022446 7.5052238 2.3068132 29942 a
 0.42523277 -0.44170523 -0.6018085 29943 r
 0.6138253 -0.05984629 -0.19873014 30147 g
 -0.079008654 6.694188 2.0470424 30151 a
 0.39393488 -0.47494996 -0.6691734 30155 r
 0.39411455 -0.9328305 0.07424387 30346 g
 -0.6374562 6.2554507 -5.3396683 30349 a
 0.39906412 -0.48303145 -0.67840594 30353 r
 1.4111757 0.5944924 0.96693546 30548 g
 -1.7860745 9.264363 -2.7641058 30553 a
 0.4957455 -0.5352155 -0.55023926 30556 r
 0.27214178 1.1553541 0.056933325 30745 g
 -1.5729905 9.239224 -1.407192 30749 a
 0.5523593 -0.56386447 -0.46592614 30753 r
 0.70676965 0.35400894 0.2649262 30945 g
 -2.9460652 12.063784 -0.90141696 30949 a
 0.5839124 -0.5800257 -0.4101855 30953 r
 -0.49751177 0.31778994 0.28916097 31145 g
 -1.292869 10.2657385 -1.2982559 31149 a
 0.59709287 -0.5777041 -0.35934135 31153 r
 -2.3840952 0.039223302 -0.89647835 31350 g
 0.44113165 6.578069 1.553837 31354 a
 0.47441995 -0.49224812 -0.5374339 31357 r
 -0.116946064 -0.7541324 -0.613118 31550 g
 -4.9703627 12.671911 5.8741736 31554 a
 0.37399197 -0.4358828 -0.6878217 31557 r
 0.7738813 -0.33921188 -0.16277747 31744 g
 -1.6591818 9.354146 -0.6099229 31754 a
 0.4041218 -0.4737923 -0.6784509 31758 r
 0.80184454 1.5273978 0.24362092 31950 g
 0.9540894 9.706693 -1.2210429 31954 a
 0.4345571 -0.5128597 -0.63594335 31958 r
 0.63246745 0.31539312 -0.06317524 32143 g
 -0.9403227 9.201516 -1.9626468 32164 a
 0.49698055 -0.57792854 -0.5283672 32166 r
 1.0109026 0.21978562 0.21885352 32348 g
 -1.9788077 11.587936 -1.3293805 32352 a
 0.52320695 -0.5996659 -0.48089197 32356 r
 0.29424602 0.5635997 0.29182413 32549 g
 2.6701334 10.220248 -2.3702598 32553 a
 0.53636396 -0.62265694 -0.42348155 32557 r
 -2.7438881 -1.1016749 -0.05704997 32751 g
 -0.30406362 7.7799582 -1.0588357 32755 a
 0.4461383 -0.59190893 -0.5221569 32759 r
 -1.0130998 -1.7578778 -1.0472132 32948 g
 -0.21068975 6.83365 2.858677 32953 a
 0.35186437 -0.50093436 -0.69284886 32957 r
 0.58293265 -0.7796987 -0.13934165 33152 g
 1.775899 9.849746 2.4241292 33156 a
 0.30326408 -0.5196309 -0.7423745 33159 r
 1.0607038 0.30314258 0.37811056 33349 g
 -2.7497406 13.250111 -1.0911574 33353 a
 0.27999452 -0.5640094 -0.7417279 33357 r
 1.3179651 1.0538877 0.71659833 33549 g
 -1.7393875 9.128492 -2.0248961 33553 a
 0.349389 -0.6449392 -0.6193388 33557 r
 0.46095988 -0.01190939 -0.050658382 33754 g
 -1.2455834 10.884041 -1.2144588 33758 a
 0.356372 -0.67728484 -0.5904917 33762 r
 0.44711146 0.6602725 0.39195898 33950 g
 -2.4121583 11.03727 -2.0560207 33954 a
 0.37928632 -0.7219932 -0.5136792 33957 r
 -1.8919429 -1.0111275 -0.11643846 34150 g
 -0.6087258 10.979211 0.9032126 34154 a
 0.37667558 -0.7025583 -0.521408 34158 r
 -1.8069881 -1.2313708 -1.072247 34352 g
 0.6853402 6.903082 1.5011644 34356 a
 0.28310287 -0.55460036 -0.72857744 34359 r
 0.96829206 -0.55040056 -0.6607886 34551 g
 -1.5580268 10.28549 6.367379 34554 a
 0.19617477 -0.5279031 -0.8129882 34558 r
 -0.33532527 -1.3980848 -0.6067264 34753 g
 -2.992752 8.400655 -3.7804444 34757 a
 0.18596596 -0.56890345 -0.7948714 34761 r
 1.525159 0.51060283 1.2122126 34954 g
 -1.1013328 9.388862 -1.9416976 34957 a
 0.23115681 -0.6525886 -0.7048648 34961 r
 0.3469766 0.12550972 0.24974619 35151 g
 -0.53330845 10.681731 -2.6599581 35155 a
 0.21827786 -0.72305083 -0.6405429 35158 r
 0.72700965 0.31645837 0.6729225 35351 g
 1.5682021 9.906608 -1.6274586 35354 a
 0.20000163 -0.7793069 -0.5769071 35358 r
 -3.0203242 -2.048695 -0.15212482 35552 g
 -1.5831659 8.476671 -0.03172317 35556 a
 0.1538481 -0.74707353 -0.62921244 35559 r
 -1.3955297 -2.4018302 -1.3044746 35754 g
 -0.12808979 8.066664 2.5767596 35758 a
 0.111120895 -0.583987 -0.8025997 35762 r
 0.7954529 0.20407297 -0.15984799 35952 g
 2.9747956 4.248511 3.6511576 35956 a
 -0.04030842 0.5658846 0.81738025 35959 r
 0.28678915 -1.060396 -0.66664755 36154 g
 -1.6011224 6.6145806 -5.8723783 36158 a
 -0.015865128 0.5820557 0.799447 36162 r
 1.9528627 1.7439127 1.0958325 36348 g
 -1.6980876 9.153033 -2.0937295 36353 a
 -0.04199248 0.7102885 0.7011017 36357 r
 0.6588328 0.48796594 -0.025092037 36553 g
 -0.4866215 10.655395 -2.558803 36556 a
 0.07501469 -0.7613529 -0.6439453 36560 r
 0.48652625 0.65947354 0.61752874 36757 g
 0.39863458 10.626664 -1.5520413 36770 a
 0.077788934 -0.81679404 -0.56952804 36774 r
 -2.898085 -1.501149 -0.3340187 36953 g
 -0.88405895 8.884883 -0.33877954 36956 a
 0.06662463 -0.772367 -0.6276391 36960 r
 -1.4735603 -1.4532121 -1.2671903 37148 g
 0.5979519 6.9808936 3.1004913 37152 a
 -0.053241298 0.5987501 0.7973296 37156 r
 1.7177056 0.6128682 -0.08101842 37355 g
 0.54408234 13.652337 2.5635915 37359 a
 0.02573682 0.5746814 0.7997286 37364 r
 0.09051419 0.46160066 0.93337965 37554 g
 -0.38845924 8.381501 -0.08319851 37557 a
 0.04953343 0.58586454 0.7895302 37561 r
 1.7222329 -0.48462048 0.19461875 37756 g
 -1.9524715 9.114127 -1.5837644 37760 a
 -0.008000041 0.6953207 0.71604306 37764 r
 1.3560483 -0.1807538 0.3906274 37956 g
 -2.392406 13.537415 -0.40402153 37960 a
 0.0016052127 0.7786193 0.6271623 37964 r
 0.19570905 0.25866777 0.18316716 38154 g
 0.1592144 12.952033 -1.4502877 38158 a
 -0.017896783 -0.82585204 -0.5633245 38162 r
 -3.0546792 0.9633402 -1.3771789 38354 g
 1.3365631 6.2327056 -0.65062433 38358 a
 0.026675154 0.68569314 0.725274 38362 r
 -0.77314895 -1.1613297 -0.5273642 38556 g
 -5.6736593 19.612701 11.825561 38560 a
 0.062061995 0.5232303 0.8210493 38564 r
 -1.4381403 0.56892604 -0.8408183 38755 g
 -2.7377696 8.006809 -1.5478514 38759 a
 0.029689051 0.5952641 0.7718324 38763 r
 2.2071946 1.7561632 0.077439666 38954 g
 -0.81283146 9.6923275 0.60812724 38958 a
 0.026978623 0.5980152 0.7787244 38963 r
 1.3632388 0.98757493 0.18636295 39157 g
 -1.3946224 9.419388 -2.0775685 39162 a
 -0.008344541 0.7271389 0.68124324 39166 r
 0.9243499 0.1630603 0.6207245 39355 g
 -3.7313633 12.611458 -1.6723499 39358 a
 -0.022114389 0.8068955 0.59020287 39363 r
 -1.1217567 -0.45053202 -0.117770046 39556 g
 -0.14544775 8.425196 -1.1252748 39560 a
 0.035934195 -0.80904007 -0.58545166 39564 r
 -2.1883528 -1.611404 -1.0565343 39761 g
 1.6765398 4.270657 1.4281414 39765 a
 -0.02362626 0.63748074 0.7678016 39769 r
 0.644718 -0.2582518 -0.41391355 39955 g
 -1.2665327 8.892664 7.1909847 39960 a
 0.032795977 0.5257251 0.8248995 39964 r
 -1.5151056 -1.7645357 -0.20671962 40156 g
 -3.0813377 6.782175 -3.5673606 40160 a
 0.02111909 0.5686115 0.7911342 40164 r
 2.0335565 1.5489693 0.56852657 40358 g
 -1.3874398 9.372103 -0.8158242 40362 a
 0.0030119028 0.636498 0.7520389 40366 r
 1.0532469 1.2163405 0.23057142 40560 g
 -1.6400281 10.667366 -2.8682537 40564 a
 -0.03288198 0.7461227 0.66274685 40567 r
 0.22260697 0.73404205 0.65428036 40759 g
 1.062427 9.405023 -1.666963 40763 a
 0.028312843 -0.81812656 -0.57433623 40767 r
 -2.60567 -1.3128636 -0.31484395 40956 g
 -0.27712885 9.344569 0.2088941 40959 a
 0.028707705 -0.7829615 -0.6209926 40963 r
 -1.7199028 -1.5453576 -1.1609303 41155 g
 0.08439561 5.495291 2.582745 41159 a
 -0.02379099 0.6059327 0.7906186 41163 r
 1.5222296 0.77638626 -0.049326804 41357 g
 2.6910827 14.370597 0.3453636 41361 a
 0.01895696 0.56250703 0.8063838 41365 r
 0.5038368 -0.04147048 1.2233979 41559 g
 1.4191631 8.743026 1.5209166 41563 a
 0.051682625 0.58006585 0.78772575 41567 r
 1.5904065 0.6605388 0.31392837 41760 g
 -2.4079683 8.971672 -0.45549688 41773 a
 -0.029849663 0.6806928 0.7303857 41777 r
 1.3467273 0.27970675 0.40820426 41957 g
 -0.22565351 11.494562 -1.5334862 41962 a
 0.08164035 -0.7771069 -0.62320024 41966 r
 0.32673657 0.707943 -0.022695193 42161 g
 1.3850456 13.88218 -3.1106665 42165 a
 0.08281874 -0.81429255 -0.5692679 42169 r
 -3.4123416 -0.8646536 -0.3569219 42358 g
 0.011971008 6.367379 -0.7044938 42362 a
 0.046733048 -0.72687304 -0.6822364 42366 r
 -1.4535866 -2.0119433 -0.6690444 42558 g
 -4.569334 18.795681 10.23222 42565 a
 -0.023227783 0.55335927 0.83113307 42568 r
 1.582417 0.12923814 -0.4274957 42774 g
 0.7870938 4.537012 -1.2593501 42778 a
 -0.018515015 0.60853326 0.7880214 42782 r
 1.017028 1.4592208 -0.20379014 42958 g
 -1.2779051 9.518747 -1.400608 42963 a
 -0.016134944 0.5718391 0.81472534 42967 r
 1.3219599 0.10127495 0.39808425 43159 g
 -0.83018947 9.706094 -1.2114661 43164 a
 -0.054251164 0.7108283 0.7010283 43167 r
 1.3485914 0.45014906 0.6039466 43362 g
 -2.468422 11.765107 -1.2348095 43366 a
 0.077923596 -0.80000174 -0.59265786 43370 r
 -0.9385313 0.099677056 0.007664844 43562 g
 -1.2186487 8.663419 -0.81881696 43564 a
 0.09883259 -0.7981062 -0.58526736 43566 r
 -2.0408137 -0.7072607 -1.0184511 43755 g
 1.2366052 5.391144 1.5065514 43759 a
 0.09045305 -0.6357305 -0.76514477 43763 r
 0.49238518 -0.21324436 -0.35958508 43957 g
 -2.2517467 11.7148285 7.8086886 43961 a
 -0.009113767 0.5343791 0.8401266 43965 r
 -1.8996661 -1.5589397 -0.7739729 44156 g
 -3.0783448 9.299678 -1.1456255 44160 a
 -0.049142577 0.59359324 0.79805964 44164 r
 2.0266323 1.4174092 0.2830357 44356 g
 -0.8972271 7.6452847 -2.6659436 44360 a
 -0.046633493 0.6137949 0.78462106 44364 r
 1.5347464 1.2240636 0.38157266 44557 g
 -0.6171055 8.711902 -3.1860838 44561 a
 -0.07411637 0.7343675 0.6746598 44565 r
 0.21887855 -0.004718855 0.39169267 44756 g
 -2.6443958 12.843695 -1.7836803 44761 a
 0.069615394 -0.798239 -0.59784967 44765 r
 -0.6027066 0.5207228 0.006333263 44957 g
 -1.2150574 11.122863 -0.3453636 44961 a
 0.07896192 -0.80807877 -0.5808857 44965 r
 -2.1824937 0.8842443 -0.93243104 45157 g
 0.5722142 6.3548098 2.2242134 45162 a
 0.08069735 -0.64936876 -0.7555401 45166 r
 -0.06607968 0.05839806 -0.06823525 45357 g
 -4.4675803 13.357251 5.659294 45361 a
 -0.057957403 0.5475546 0.83329624 45365 r
 0.36242294 1.3130132 -0.25332496 45561 g
 -2.1613655 6.0758853 -3.3464954 45572 a
 -0.12803431 0.6138599 0.77893025 45576 r
 1.0239521 2.3630977 -0.6698433 45764 g
 -1.0133458 9.376292 -1.9560628 45768 a
 0.1551515 -0.65310204 -0.7401101 45772 r
 0.04018044 1.842716 -0.57183903 45958 g
 -0.21188685 9.3738985 -2.267309 45963 a
 0.23990327 -0.72541 -0.63884395 45966 r
 0.59252006 0.7907674 0.012458534 46158 g
 -1.30484 9.221268 -2.0979192 46162 a
 0.3085915 -0.73464775 -0.585385 46166 r
 -0.10043446 1.2240636 -0.16863643 46358 g
 1.0145429 10.981006 -1.6502035 46363 a
 0.37491548 -0.7230902 -0.5365724 46366 r
 -1.7630459 1.2642773 -0.63708645 46558 g
 -0.8882488 10.156203 0.45908818 46563 a
 0.4422327 -0.65436816 -0.522906 46566 r
 -1.3862087 0.058930695 -0.38701564 46758 g
 -0.31483752 8.29531 2.0638018 46770 a
 0.43322572 -0.45246404 -0.5967656 46773 r
 0.27986494 0.4541438 0.5038118 46960 g
 -3.0843303 11.801021 5.427057 46964 a
 0.416825 -0.40963066 -0.59478194 46968 r
 0.1336574 1.2525595 -0.32975766 47159 g
 0.6943185 12.534245 2.896984 47163 a
 0.49571177 -0.36890662 -0.49536768 47167 r
 1.4274211 2.0049026 0.12351235 47359 g
 -1.7190368 9.32781 -4.4220905 47364 a
 0.5269622 -0.36188263 -0.4661323 47367 r
 1.2082429 1.9902551 -0.078621574 47556 g
 -3.019687 9.578004 -2.248754 47557 a
 0.6670937 -0.29193068 -0.34909424 47558 r
 0.32274184 1.8714781 -0.28608182 47760 g
 -2.5617957 9.330204 -1.216853 47764 a
 0.748893 -0.2097888 -0.24797045 47767 r
 0.4662862 0.8339106 0.13869236 47961 g
 -0.878672 11.601105 -2.2481554 47965 a
 0.78487605 -0.18620962 -0.19101556 47968 r
 0.10809105 1.2043563 -0.019499399 48161 g
 3.283049 11.461043 -2.156577 48165 a
 0.7982576 -0.1827128 -0.13264449 48169 r
 -2.7297733 -0.7096576 0.027904868 48360 g
 -0.12808979 7.5770497 0.5506664 48365 a
 0.70182484 -0.19037786 -0.17667155 48368 r
 -1.3300159 -1.4012805 -0.51111895 48559 g
 -1.3880384 7.3112936 5.45459 48571 a
 0.555651 -0.15356755 -0.28631958 48573 r
 0.8638962 1.1580173 -0.28475025 48762 g
 3.6649241 13.58051 -1.6059108 48766 a
 0.53238624 -0.21480262 -0.38924333 48769 r
 1.3757557 1.6898506 0.6391003 48962 g
 -2.1984756 10.410587 -0.23403321 48966 a
 0.5666453 -0.2811039 -0.401207 48969 r
 1.102249 0.4048753 -0.05385418 49161 g
 -1.6915035 8.8645315 -2.144606 49165 a
 0.6787458 -0.26993668 -0.2879208 49169 r
 0.95710677 -0.035345208 0.22258194 49362 g
 0.090979666 10.64043 -2.903568 49366 a
 0.74235356 -0.22971663 -0.20838107 49370 r
 0.11847738 0.919398 -0.022695193 49562 g
 5.085284 12.957419 -2.7281928 49566 a
 0.7966728 -0.18432227 -0.0959473 49569 r
 -3.0602717 -1.4827733 -0.34041032 49762 g
 -0.16639702 7.1981673 -0.06943185 49766 a
 0.7302792 -0.1049169 -0.04368492 49769 r
 -1.5084478 -1.7733241 -0.66877806 49963 g
 0.12808979 9.215881 3.8313212 49967 a
 0.5697213 -0.061797954 -0.09653958 49970 r
 1.2300808 0.528446 -0.5374842 50162 g
 1.3688848 14.619595 -1.287482 50166 a
 0.58977145 -0.11101355 -0.18998931 50170 r
 1.462841 0.95748127 0.74828994 50363 g
 -4.52145 9.790489 -0.6727707 50366 a
 0.63821286 -0.15574554 -0.21478735 50370 r
 1.1581755 0.68610513 -0.24320492 50563 g
 -2.570774 8.902839 -2.0763714 50567 a
 0.72746456 -0.09530075 -0.10747374 50571 r
 0.59731376 0.07331176 0.30567256 50763 g
 -0.22685061 10.160992 -3.8815994 50767 a
 0.76706636 -0.043441013 -0.058413293 50770 r
 0.32620394 1.1399077 -0.004852013 50964 g
 -2.7234044 11.049241 -2.5300727 50968 a
 0.8099587 -0.008986613 0.018825186 50972 r
 -2.1593242 -0.8007377 -0.100725815 51164 g
 -0.7763199 10.381259 3.441665 51168 a
 0.78467447 0.054791912 0.10291015 51171 r
 -1.3886055 -0.73975134 -0.7207097 51364 g
 1.1827357 7.811083 0.5231331 51367 a
 0.62312436 0.045270413 0.045578253 51371 r
 0.44977462 -1.2287077 -0.40059775 51564 g
 -3.3159695 11.994352 6.7624226 51567 a
 0.5867817 -0.05056586 -0.1244371 51571 r
 -0.17447034 -0.55705845 -0.63522226 51764 g
 -1.673547 5.6179943 -2.9466639 51778 a
 0.60587186 -0.069397494 -0.16639201 51786 r
 0.6729475 0.38277107 0.34375578 51970 g
 0.93254155 9.150041 -0.45190558 51974 a
 0.67624146 -0.059305646 -0.12035281 51978 r
 0.6745454 -0.28195393 0.42152008 52168 g
 -0.061052144 9.838373 -1.9506758 52172 a
 0.7397338 -0.09478137 -0.106423356 52176 r
 0.7174223 -0.2619802 0.61140347 52364 g
 -3.727772 13.009494 0.18734628 52368 a
 0.7849122 -0.13785237 -0.09510823 52373 r
 -0.5526392 -0.39354038 0.19914612 52565 g
 -0.7152678 10.630256 -1.1480197 52568 a
 0.79138196 -0.1510672 -0.07162193 52573 r
 -2.1737053 -1.057999 -1.1031396 52764 g
 1.5861586 5.524022 1.2515689 52768 a
 0.62856084 -0.15501875 -0.21648018 52772 r
 0.14990267 -0.4705057 -0.58062744 52965 g
 -2.166154 15.561712 9.030929 52969 a
 0.4873701 -0.21571603 -0.4177018 52973 r
 -0.71216255 0.35906896 -0.16544062 53165 g
 -2.9412768 5.424064 -3.240552 53168 a
 0.5401212 -0.23799017 -0.43825975 53172 r
 1.9225026 1.5505672 0.0846302 53365 g
 -1.3383588 9.355942 -1.1534066 53368 a
 0.5865423 -0.23770928 -0.42427233 53373 r
 1.3938652 1.3194048 0.1706503 53566 g
 -2.9622262 10.8469305 -1.9231426 53570 a
 0.70441085 -0.24865055 -0.30890122 53573 r
 0.598379 0.678382 0.6095393 53765 g
 -2.348712 11.247361 -1.3545196 53769 a
 0.7704398 -0.27133465 -0.21585245 53772 r
 -2.220577 -0.6585249 -0.19047435 53965 g
 -0.42317516 10.19451 0.10414778 53969 a
 0.7525468 -0.24193639 -0.18967955 53973 r
 -1.6772921 -1.7626715 -1.0267069 54167 g
 1.6340426 7.102998 1.0324994 54171 a
 0.58303034 -0.20419681 -0.3462747 54174 r
 1.0428606 -0.18714538 -0.59394324 54366 g
 0.20709845 4.478953 3.1723173 54370 a
 0.45914996 -0.30502862 -0.5521428 54374 r
 -0.30310103 -1.4755827 -0.17955539 54566 g
 -4.4526167 10.845135 -3.29502 54570 a
 0.46253082 -0.33412308 -0.5996601 54574 r
 1.44846 3.7221088 0.92219436 54767 g
 -1.9620483 9.093777 -0.25079262 54771 a
 0.57428724 -0.3422305 -0.49139962 54774 r
 1.1539145 1.1484299 0.32085258 54966 g
 -0.089184016 11.458051 -2.9831753 54971 a
 0.67204875 -0.3598792 -0.36528727 54974 r
 0.32300815 0.66133773 0.17704189 55167 g
 3.4039562 11.056423 -1.6334441 55171 a
 0.73889905 -0.3507368 -0.24456413 55175 r
 -3.106877 -1.8167336 -0.17023432 55367 g
 -0.48003745 8.752603 -0.46267948 55372 a
 0.7108204 -0.2627514 -0.21016581 55375 r
 -1.4677013 -2.4588218 -1.2794409 55567 g
 1.0666169 7.304111 3.2549171 55571 a
 0.56232095 -0.18906823 -0.34708866 55575 r
 1.7933394 1.4352523 -0.012308864 55767 g
 -0.3890578 13.663709 1.1091139 55772 a
 0.5176395 -0.27236462 -0.4761165 55775 r
 -0.114016585 1.3926418 0.24761565 55968 g
 -0.8355764 7.9325886 -2.0027497 55972 a
 0.5120528 -0.31433743 -0.49915043 55976 r
 1.5800202 0.13749395 0.15520397 56168 g
 -1.3108255 9.093178 -1.5831659 56172 a
 0.65562683 -0.30018562 -0.35119334 56176 r
 1.4162358 0.1052697 0.39329058 56368 g
 -1.690905 13.447034 -1.661576 56372 a
 0.7343144 -0.3152662 -0.2511327 56376 r
 -0.26555043 0.73777044 0.0598628 56569 g
 0.20829555 12.087128 -0.3728969 56573 a
 0.78108454 -0.26021463 -0.14334463 56576 r
 -2.4272382 0.37584686 -1.3092684 56768 g
 1.043872 5.889736 0.29448682 56781 a
 0.6473832 -0.18615615 -0.2248608 56785 r
 0.035120435 -1.7341757 -0.8003382 56968 g
 -6.715137 15.358804 6.8761473 56973 a
 0.5069959 -0.20045468 -0.41439942 56976 r
 -0.85863644 0.0821002 -0.46824205 57170 g
 1.1941081 7.5602903 -2.5629928 57174 a
 0.5770553 -0.23748282 -0.45583192 57178 r
 1.0034457 0.9468286 -0.25172704 57369 g
 0.93373865 8.772355 -1.8177977 57373 a
 0.5406972 -0.3287248 -0.5243494 57377 r
 1.0814764 0.8592106 0.19115664 57569 g
 -1.2437878 8.6496525 -1.9075803 57573 a
 0.64726996 -0.3811713 -0.40896955 57577 r
 0.4580304 0.10580233 0.21432614 57770 g
 -1.4628572 11.591528 -0.9151836 57774 a
 0.7226134 -0.3517804 -0.29018393 57778 r
 0.16295217 0.8589443 0.04148699 57970 g
 0.45190558 12.789825 -1.5089456 57974 a
 0.7477613 -0.33768845 -0.2199352 57977 r
 -2.641889 -0.19140644 -0.46877468 58171 g
 -0.023343466 6.059126 1.0965444 58174 a
 0.6435332 -0.27813554 -0.29037943 58178 r
 -0.71855414 -1.6566777 -0.8698467 58371 g
 -2.3020248 11.267712 5.6910176 58375 a
 0.5143254 -0.22546989 -0.44343683 58378 r
 0.9738847 1.0986288 -0.12735742 58570 g
 -1.4622587 12.090718 1.702876 58574 a
 0.53145874 -0.29948682 -0.5163252 58578 r
 -0.046105977 0.7481568 0.43776536 58767 g
 -1.6232687 8.34918 -2.6198552 58769 a
 0.49413362 -0.36215925 -0.5600142 58773 r
 1.4713632 1.9889235 0.09048916 58972 g
 -3.9761705 10.43872 -0.95947635 58975 a
 0.6208121 -0.3583786 -0.44089612 58979 r
 0.39464718 0.8096758 -0.065838404 59172 g
 -0.7290344 10.718243 -2.666542 59175 a
 0.7392407 -0.29450506 -0.28154865 59179 r
 0.5568337 0.45654064 0.19089033 59372 g
 0.94930094 9.334992 -1.9195513 59375 a
 0.79037124 -0.21344298 -0.1647018 59379 r
 -2.3920846 -0.3621151 -0.54760426 59576 g
 0.9187749 11.077373 0.4213795 59594 a
 0.7821124 -0.10752681 -0.07242776 59612 r
 -1.5846142 -1.0936854 -0.92470783 59772 g
 -0.23223756 7.5447283 2.7389667 59776 a
 0.6191816 -0.060599178 -0.14352135 59779 r
 0.7560381 -0.06597156 -0.1369448 59972 g
 -1.5652094 10.1226845 4.8416743 59976 a
 0.5532344 -0.10756943 -0.2632943 59979 r
 -0.18086192 -0.23082124 -0.016037289 60302 g
