 0.68892646 -0.06863472 -0.20592067 6 g
 -3.5769374 10.680533 6.105214 9 a
 0.54582757 0.06440467 -0.097242646 10 r
 -1.014964 -1.1426876 -1.0035374 114 g
 1.685518 6.3721676 -2.3918076 116 a
 0.5867849 0.08480771 -0.08053439 118 r
 1.6061192 1.5779978 0.8566806 320 g
 0.15502456 8.938153 -1.6573862 325 a
 0.60909677 0.06098807 -0.077200375 329 r
 0.78772974 0.102606535 0.6912983 518 g
 -2.1212628 9.565434 -2.0745757 523 a
 0.7238863 0.027458988 -0.033028286 527 r
 0.39011982 -0.002055694 0.30194414 718 g
 -1.2449849 11.324574 -2.372654 722 a
 0.77488303 0.00867597 -0.006184581 726 r
 0.34937343 0.33589944 0.19115664 924 g
 2.9861681 8.998607 -1.186327 928 a
 0.79570067 -0.0056085177 0.01990149 933 r
 -2.169178 -1.4590712 -0.26957023 1120 g
 -1.2802993 9.522937 0.5279215 1125 a
 0.7405718 -0.026979726 0.006421082 1128 r
 -1.0730209 -1.1717161 -1.1721156 1320 g
 -0.8086416 8.646061 2.566584 1325 a
 0.6045382 -0.028474689 -0.11883307 1328 r
 0.31661656 -0.6041964 -0.17902274 1523 g
 -1.8124107 8.564059 4.123414 1527 a
 0.58373636 -0.059299596 -0.22417183 1531 r
 0.085986815 -0.11337583 -0.24347125 1720 g
 -0.7062895 7.7943234 -1.0737995 1724 a
 0.5980061 -0.06911908 -0.23699905 1728 r
 1.0753511 1.589982 0.39515477 1921 g
 0.76195467 10.354922 -0.9259575 1926 a
 0.6699635 -0.081004664 -0.16450886 1929 r
 0.64897907 -0.11577267 -0.1137753 2123 g
 -1.3652935 9.086594 -1.9087774 2127 a
 0.73324645 -0.07059327 -0.1005146 2131 r
 0.62154853 1.0205982 0.007664844 2320 g
 -1.4730326 9.639056 -2.6623523 2325 a
 0.7636227 0.06653459 0.02600942 2328 r
 0.21887855 0.44801852 0.25294197 2520 g
 -2.2224178 10.605117 -2.2631192 2525 a
 0.7805507 0.15919727 0.12256592 2528 r
 -1.28128 -0.32243398 -0.21337752 2723 g
 -0.093972415 10.184934 0.51834464 2727 a
 0.76191294 0.20851147 0.172439 2731 r
 -1.8706377 0.22830774 -1.0892912 2923 g
 0.10235212 6.724714 1.7531542 2927 a
 0.6012751 0.1978035 0.16233905 2931 r
 0.31475234 -0.116038986 -0.0035204326 3123 g
 -4.4957123 12.217012 6.1219735 3127 a
 0.5339898 0.18189612 0.10961085 3131 r
 0.06361626 -0.14054006 -0.37210193 3325 g
 -0.95229375 6.165668 -3.0903158 3329 a
 0.58096504 0.2152482 0.11489122 3333 r
 1.1810787 1.4253986 -0.084746845 3523 g
 -0.030526072 9.884461 -0.5650316 3527 a
 0.64546454 0.2128013 0.12210504 3531 r
 0.5033041 0.4858354 0.04201962 3723 g
 -0.86370826 9.555858 -2.204461 3727 a
 0.72681004 0.20576978 0.12376364 3730 r
 0.69984543 1.0150055 0.25906724 3926 g
 -2.2720973 11.645996 -1.963844 3929 a
 0.75255233 0.2413513 0.1571988 3933 r
 0.03831623 0.67758304 0.080369145 4123 g
 2.1499932 11.020511 -2.2619221 4127 a
 0.7683738 0.2597832 0.21257056 4131 r
 -2.885302 -0.1280232 -0.49300945 4329 g
 -0.3513491 7.327454 0.61530983 4333 a
 0.6705005 0.20630825 0.21208216 4337 r
 -0.61788666 -1.3269783 -0.773174 4520 g
 -0.6715736 8.623915 3.1268275 4524 a
 0.5381786 0.18843421 0.13139446 4526 r
 0.90304464 0.24668355 -0.06530577 4724 g
 -0.89782566 10.749367 1.5556326 4728 a
 0.5785674 0.17101166 0.0876298 4732 r
 1.3416673 0.40194583 0.63750243 4927 g
 -4.361038 11.572972 -3.145981 4931 a
 0.6133438 0.14376926 0.029496262 4935 r
 0.9259478 -0.4705057 0.91021013 5126 g
 -2.2451627 9.734824 -2.5623944 5127 a
 0.7071791 0.11751783 0.046328556 5128 r
 0.5901232 0.41073427 0.3157926 5326 g
 -1.4317327 10.032902 -2.4708161 5330 a
 0.76193696 0.08422114 0.022730397 5333 r
 0.28519127 0.28929412 0.5307097 5526 g
 -2.9813797 11.159374 -1.4550761 5530 a
 0.80509084 0.06128852 0.038310196 5534 r
 -1.7366806 -0.035345208 -0.15691851 5726 g
 1.049259 10.864288 0.7140707 5730 a
 0.78391767 0.07890968 0.07445844 5733 r
 -1.6083163 -0.8177819 -0.93216467 5928 g
 -1.1976994 7.671621 2.4690206 5932 a
 0.6276609 0.07583825 -3.1022358E-4 5936 r
 0.54937685 -0.5972722 -0.2740976 6127 g
 -3.2196028 10.229227 4.7123876 6131 a
 0.5739589 0.040265784 -0.122604586 6134 r
 -0.1225387 -0.34187505 -0.46158415 6329 g
 -2.3116016 11.965622 2.508525 6333 a
 0.61169964 0.032587737 -0.14717941 6337 r
 1.2500545 1.1995625 0.3157926 6527 g
 0.09995792 10.223241 -0.9804256 6530 a
 0.6567656 -5.438784E-4 -0.1340542 6535 r
 0.82208455 -0.5783638 -0.16650589 6727 g
 -0.6015432 9.095572 -2.0033484 6730 a
 0.73355997 -0.037757173 -0.09370688 6734 r
 0.65563697 -0.15492114 0.24308828 6933 g
 0.39743748 11.383232 -2.8604724 6936 a
 0.7665805 -0.058285706 -0.08981205 6940 r
 0.23831962 0.2687878 0.20154297 7127 g
 3.7295678 8.126519 -1.316811 7131 a
 0.79996854 -0.047679037 -0.024127392 7135 r
 -2.7113976 -1.9951655 -0.1534564 7327 g
 -1.4706384 9.083601 0.32680854 7331 a
 0.74350923 -0.060070917 -0.032815177 7335 r
 -0.9744839 -1.6391008 -1.675453 7530 g
 -0.12210429 7.363966 3.0005333 7535 a
 0.5934607 -0.037416987 -0.17065729 7538 r
 0.74991286 0.03123382 0.12963761 7728 g
 0.61171854 9.316438 3.539827 7732 a
 0.58165044 -0.0790603 -0.2786605 7735 r
 1.1358049 -0.72883236 0.4236506 7930 g
 -2.497751 12.571355 -2.5198972 7935 a
 0.58349705 -0.11834186 -0.3178523 7938 r
 0.9022457 0.16252767 0.88890487 8127 g
 -2.8927941 8.448539 -1.8579005 8131 a
 0.6978978 -0.15282765 -0.19544463 8134 r
 0.613559 0.631244 0.19222191 8327 g
 -0.030526072 11.572374 -2.2990322 8330 a
 0.7521498 -0.13007143 -0.13609914 8334 r
 0.2889197 0.54469126 0.4817075 8527 g
 4.673482 12.056602 -2.433706 8531 a
 0.7980113 -0.0905707 -0.032104943 8534 r
 -3.02352 -2.1541562 -0.39926615 8731 g
 -0.44651863 7.825448 0.45010993 8735 a
 0.73040444 -0.03981442 0.005644792 8738 r
 -0.8234827 -2.2841184 -1.4371 8932 g
 0.2813187 7.429208 4.59986 8936 a
 0.57936615 -0.013354078 -0.114729665 8939 r
 0.9765479 0.39582056 0.15014397 9129 g
 2.267309 17.154455 -0.3866636 9133 a
 0.58533365 -0.0989884 -0.27089354 9137 r
 0.48519465 1.1042215 0.8103416 9333 g
 -1.0474633 7.7069354 -1.8590976 9336 a
 0.5940604 -0.17908987 -0.333899 9340 r
 1.3107746 -0.18022117 -0.14067324 9529 g
 -1.5119383 10.976816 -0.23822308 9534 a
 0.6874387 -0.20181912 -0.24396221 9537 r
 0.82714456 0.016053801 0.43403694 9730 g
 -0.32022446 12.740745 0.06823475 9733 a
 0.75032693 -0.25735265 -0.1952974 9737 r
 -0.13372397 0.77904946 -0.18967539 9936 g
 -0.87567925 10.851719 -0.7445967 9939 a
 0.7648429 -0.25255466 -0.1508349 9943 r
 -2.3103256 1.1526909 -0.85786253 10131 g
 -0.53091425 5.286996 1.8315643 10139 a
 0.6366206 -0.17898071 -0.23949598 10143 r
 -0.094042875 -0.114174776 -0.03707626 10330 g
 -4.777031 19.050663 8.0606785 10338 a
 0.51680565 -0.14500725 -0.36164054 10342 r
 -0.7640942 -0.094201066 -0.34067664 10534 g
 -0.61770403 8.118738 -2.8431146 10538 a
 0.60042065 -0.17705429 -0.34681252 10542 r
 2.2114556 1.2775933 0.16825345 10730 g
 -0.60333884 8.9602995 -0.43873745 10735 a
 0.5964089 -0.20242354 -0.3694519 10738 r
 0.95950365 0.4738512 0.07957019 10934 g
 -1.3820529 9.94312 -1.4957775 10937 a
 0.6846036 -0.2864579 -0.29307345 10942 r
 0.8891962 0.34628576 0.54828656 11134 g
 -3.3512838 12.950237 -1.276708 11137 a
 0.73589987 -0.3172598 -0.22499858 11141 r
 -1.2418653 -0.037475735 -0.024825722 11332 g
 -1.0726024 10.117896 -0.7368156 11336 a
 0.7465775 -0.28350538 -0.17390175 11340 r
 -2.1878202 -1.7552146 -1.4022126 11532 g
 0.11851298 4.859631 1.2318168 11536 a
 0.5863894 -0.24138254 -0.35012886 11540 r
 1.2010523 -0.3855509 -0.5635832 11734 g
 -3.5500026 5.1289787 4.2622776 11738 a
 0.49750683 -0.24785733 -0.52433246 11743 r
 -0.704972 -1.2779762 -0.3883472 11935 g
 -2.529474 12.682086 -1.6328455 11939 a
 0.5281336 -0.2937836 -0.5501084 11943 r
 1.031409 2.2459185 1.7075605 12135 g
 -1.1312603 9.636064 -1.6101006 12138 a
 0.58198655 -0.3516149 -0.47510532 12142 r
 0.81569296 0.60035133 0.18583032 12336 g
 -0.5518635 9.935339 -2.6527755 12339 a
 0.65416056 -0.39931774 -0.3851724 12343 r
 0.3056976 0.62112397 0.27850834 12534 g
 3.2022448 10.837953 -1.1085154 12537 a
 0.7433956 -0.31834006 -0.22537775 12541 r
 -2.5798373 -1.2793077 -0.93269736 12733 g
 -1.2515689 9.631873 0.17298107 12736 a
 0.7429873 -0.13478076 -0.11112083 12740 r
 -1.2807474 -1.1946192 -1.3811736 12938 g
 -0.1933318 7.6524673 2.5851393 12943 a
 0.60451615 0.013700146 -0.12503754 12947 r
 1.0532469 0.3337689 0.027372235 13132 g
 -0.50397944 8.837597 2.8293478 13135 a
 0.5963468 -0.03849657 -0.22558852 13139 r
 0.846053 0.3601342 0.5067412 13335 g
 -2.4959552 9.752182 -3.4368765 13339 a
 0.61307156 -0.09964444 -0.29367974 13342 r
 0.92488253 0.8842443 0.8936985 13535 g
 -1.417966 9.291298 -1.9422961 13538 a
 0.7127865 -0.13904563 -0.23062219 13542 r
 0.1933122 1.3790597 -0.0053846454 13734 g
 -1.958457 9.463681 -2.2601264 13737 a
 0.7548762 -0.16511077 -0.20395847 13741 r
 0.4063651 0.5180597 0.3956874 13936 g
 -1.9387048 11.523891 -1.4586674 13940 a
 0.7933124 -0.1381023 -0.12917025 13944 r
 -0.2282662 0.67332196 -0.14839639 14137 g
 0.047285482 11.988965 -1.2455834 14140 a
 0.8069127 -0.09067355 -0.04923925 14147 r
 -2.57531 0.32737732 -0.8946141 14335 g
 -0.17058687 6.2763996 1.6250644 14339 a
 0.68549013 -0.062009037 -0.103861995 14343 r
 -0.26208833 -1.4697237 -0.5910138 14535 g
 -2.6844985 10.8595 5.0224366 14539 a
 0.5718918 -0.011300312 -0.19639976 14543 r
 0.8479172 0.2357646 -0.002188852 14736 g
 0.4950012 13.978547 1.2360066 14739 a
 0.6092555 -0.062571034 -0.25532517 14744 r
 1.4934675 1.7047642 0.7669321 14934 g
 -2.244564 9.372103 -2.8125885 14938 a
 0.62655395 -0.1380091 -0.30520096 14942 r
 1.0729543 0.574785 0.071314394 15136 g
 -1.809418 9.029133 -1.7579426 15195 a
 0.7319065 -0.11339891 -0.18559445 15199 r
 0.53978944 0.6871704 0.088092305 15338 g
 -1.0827777 9.714474 -2.698864 15342 a
 0.7810845 -0.074566066 -0.12417414 15345 r
 0.3317966 0.7952947 0.21592404 15535 g
 -2.4013844 10.1621895 -2.136825 15538 a
 0.8133735 -0.07455392 -0.06369313 15542 r
 -2.437092 -0.35465822 -0.41710934 15736 g
 -0.8631097 10.25257 0.8643068 15739 a
 0.7891189 -0.038496867 -0.032360133 15744 r
 -1.6887437 0.06372438 -1.0626596 15937 g
 -0.7661445 6.651691 2.2762873 15941 a
 0.62018913 4.035812E-4 -0.14942469 15945 r
 0.9637647 0.26159725 0.08383125 16138 g
 -0.3800795 9.818023 5.5126495 16143 a
 0.5638938 -0.0287898 -0.23744906 16147 r
 -0.93320495 -0.6950102 -0.076757364 16333 g
 -0.46627077 7.2047515 -3.7343562 16337 a
 0.60180366 -0.03136798 -0.21290971 16340 r
 1.2234229 1.3700049 0.40847057 16539 g
 -1.5753847 9.31105 -1.905186 16544 a
 0.7015072 1.7832778E-4 -0.11834779 16548 r
 0.80424136 1.5708072 0.06465649 16737 g
 -0.88166475 9.239224 -1.9644425 16740 a
 0.7657627 0.06752698 -0.021347182 16745 r
 0.5288705 0.62565136 0.42950955 16937 g
 -2.7257986 12.220604 -2.8491 16941 a
 0.8011737 0.14639378 0.088995285 16946 r
 -1.0589061 0.46666065 0.02364381 17143 g
 -2.1637597 10.3639 0.32022446 17146 a
 0.7921144 0.18878591 0.17285459 17150 r
 -2.1702433 -0.57037425 -0.9742426 17337 g
 0.18315643 6.235698 1.5113398 17342 a
 0.6154524 0.21542007 0.17693077 17346 r
 0.691057 -0.7972756 -0.48848206 17537 g
 -6.4002995 12.239159 5.6904187 17542 a
 0.5503585 0.1702134 0.037678402 17546 r
 -0.4349275 -0.015637815 -0.4346862 17740 g
 0.58538234 6.214749 -3.6643257 17745 a
 0.602946 0.19691727 0.041653823 17749 r
 0.8234161 1.739918 -0.019233083 17938 g
 -1.151611 9.655217 -1.9093759 17943 a
 0.6650077 0.22852308 0.09111301 17947 r
 0.26361966 1.5372514 -0.18727855 18137 g
 -1.4706384 9.111733 -1.8142064 18140 a
 0.71904093 0.29386985 0.15102284 18145 r
 0.57600844 0.3249805 0.4201885 18335 g
 -2.3145945 11.888409 -1.9045875 18339 a
 0.72274566 0.37145513 0.2260304 18344 r
 -0.37260953 0.9939665 -0.059446815 18535 g
 -0.5883751 10.542868 -1.7609353 18539 a
 0.7001406 0.42557865 0.3063545 18543 r
 -2.5992785 0.22457932 -0.9942163 18735 g
 -0.28909984 6.030994 1.270124 18738 a
 0.56324494 0.3860262 0.35058323 18743 r
 -0.3108242 -0.5514658 -0.15691851 18936 g
 -3.402759 13.78342 5.895722 18939 a
 0.46878514 0.29955208 0.27891746 18944 r
 0.44844303 0.33137208 0.139225 19136 g
 -1.4203602 10.500969 1.4981717 19140 a
 0.5732468 0.26888138 0.18246175 19144 r
 1.165366 1.2112805 -0.06264261 19336 g
 0.7739257 10.01315 -1.7699136 19339 a
 0.64472824 0.20529574 0.115926154 19344 r
 0.48013467 0.36839002 -0.4115167 19536 g
 -0.82719666 9.141661 -1.4167689 19540 a
 0.7324302 0.18740857 0.10105034 19545 r
 0.74325496 0.35134578 0.22471248 19736 g
 -0.7290344 10.633847 -3.2040405 19739 a
 0.7558599 0.22204784 0.13381414 19744 r
 0.34511238 0.78783786 0.23403354 19936 g
 3.0705638 8.816648 -1.8405426 19940 a
 0.7893842 0.21548942 0.16222991 19944 r
 -2.5516078 -1.0412211 -0.63735276 20137 g
 -1.4155718 9.344569 -0.36870706 20148 a
 0.7416435 0.19272485 0.18799548 20152 r
 -1.2826116 -1.5602713 -1.2613314 20343 g
 -0.56922144 8.128315 2.2110453 20347 a
 0.6009043 0.17139378 0.10395146 20351 r
 0.8135624 -0.5376174 -0.092736326 20536 g
 -1.8614918 9.332599 3.7732618 20540 a
 0.594364 0.1173141 0.011787792 20544 r
 0.12247212 -0.63588804 -0.12389531 20737 g
 2.3247697 7.7757688 -5.0385976 20741 a
 0.62354434 0.13173401 0.003885154 20746 r
 1.1086407 1.7202106 0.9142049 20937 g
 0.46986207 9.710283 -1.1456255 20941 a
 0.7104199 0.17776182 0.10904246 20946 r
 0.31661656 0.6695935 -0.097530015 21137 g
 -0.56982 9.861118 -1.496376 21140 a
 0.75609994 0.15452391 0.104851685 21144 r
 0.8654941 0.29355517 0.37518108 21335 g
 -1.2946646 12.428301 -2.047641 21337 a
 0.79213566 0.15639749 0.12216387 21338 r
 -0.5622266 0.44988275 -0.07515947 21538 g
 -0.56084174 11.674128 -0.80445176 21543 a
 0.80072445 0.15748844 0.1645853 21546 r
 -2.2107234 0.04827805 -1.0187174 21738 g
 0.1364695 6.1279593 1.5328877 21742 a
 0.65525496 0.14728016 0.15104483 21746 r
 2.330266E-4 -0.91232413 -0.38195562 21938 g
 -4.0976763 10.935516 4.27365 21943 a
 0.55675256 0.119369715 0.048828904 21947 r
 0.7216834 0.21259509 -0.00778149 22138 g
 -2.858677 13.272257 2.8987796 22143 a
 0.6088901 0.15019903 0.04767188 22146 r
 1.0087721 1.2008941 0.35334316 22338 g
 -0.29568392 9.552266 -2.2816741 22343 a
 0.6516052 0.17451105 0.07559524 22347 r
 1.0652311 -0.38501826 -0.120433204 22540 g
 -1.1228806 9.234436 -1.6879122 22544 a
 0.70417017 0.24283823 0.15447815 22548 r
 0.7802729 0.29328886 0.16106293 22739 g
 -0.0700304 10.687118 -3.679888 22743 a
 0.70325714 0.33064353 0.22629593 22747 r
 0.22367224 0.50660807 0.09634811 22939 g
 1.6597804 8.661623 -1.7010803 22944 a
 0.72421163 0.36827815 0.27368125 22947 r
 -2.6802385 -1.7160661 -0.43335462 23140 g
 -1.9680338 9.46009 -0.05327099 23145 a
 0.67018074 0.3567962 0.32139012 23148 r
 -1.13454 -1.6260513 -1.3345684 23339 g
 0.38187516 8.127118 1.9566613 23344 a
 0.5300752 0.30368465 0.29303953 23348 r
 0.9440573 -0.16317694 -0.0016562198 23540 g
 0.11791443 8.489241 2.086547 23545 a
 0.5500804 0.25019217 0.19595058 23548 r
 0.37573874 -0.52110577 -0.031483624 23740 g
 0.83617496 8.075643 -5.415086 23745 a
 0.58632 0.23816225 0.15168203 23749 r
 1.0540459 0.8296495 0.6883688 23940 g
 -1.1354501 8.942942 -2.1098902 23945 a
 0.6698401 0.29015106 0.21354909 23948 r
 0.10462894 0.91167486 0.089157574 24140 g
 -1.2096704 9.796474 -1.6759412 24145 a
 0.71499646 0.3010854 0.21375938 24149 r
 0.54005575 0.26532567 0.44708642 24341 g
 -2.7617116 11.591528 -1.5376761 24345 a
 0.7456811 0.3157959 0.23071094 24349 r
 -0.6277404 0.30101204 0.06332491 24542 g
 -1.857302 10.045472 -0.13108255 24546 a
 0.737804 0.3315841 0.27895203 24549 r
 -1.9348198 -0.51205105 -1.1414891 24741 g
 -0.24480712 6.6726403 1.4221559 24745 a
 0.60289156 0.28254437 0.2697048 24749 r
 0.35842818 -0.85906094 -0.7191118 24942 g
 -5.217564 12.012907 4.6082397 24946 a
 0.53039145 0.23203555 0.16850631 24950 r
 0.73606443 -0.14533377 -0.08448053 25141 g
 -1.8962077 13.47756 1.3221979 25152 a
 0.58345616 0.24057719 0.10853999 25156 r
 1.2971925 0.8136705 0.53470445 25341 g
 -2.5540147 9.371504 -1.9375077 25345 a
 0.63517314 0.20539528 0.06146815 25349 r
 0.912632 0.6179282 0.07264598 25544 g
 -1.7932571 9.095572 -1.6849195 25547 a
 0.7014281 0.24321553 0.1289766 25551 r
 0.3799998 0.46959013 0.23456617 25742 g
 -0.22625206 10.042479 -3.0095115 25746 a
 0.72616565 0.28702265 0.15784307 25750 r
 0.34244922 0.34788367 0.5530802 25943 g
 -1.0821792 11.984177 -1.8668787 25946 a
 0.77509034 0.26312387 0.16424929 25950 r
 -1.065564 0.23150353 -0.34387243 26144 g
 -1.4329298 9.998186 -0.08499416 26147 a
 0.7630585 0.28385186 0.21766089 26151 r
 -1.8546586 0.25360778 -1.0850302 26343 g
 -1.2078748 7.1526775 1.8417397 26347 a
 0.61128014 0.24406481 0.19638745 26351 r
 0.46655253 -0.8287009 -0.6346896 26544 g
 -4.72376 11.754931 5.3444567 26548 a
 0.5532526 0.19763514 0.074275024 26551 r
 0.5839979 0.56226814 -0.18727855 26744 g
 -1.4131776 11.23539 1.1174936 26748 a
 0.59088874 0.22589171 0.07295837 26751 r
 0.88972884 1.5162125 0.06705333 26944 g
 -0.581791 9.57142 -1.3108255 26947 a
 0.6263471 0.23946932 0.10759015 26951 r
 0.9027783 -0.585288 -0.032282572 27144 g
 -1.8148049 8.960898 -1.9967642 27148 a
 0.6870456 0.27497935 0.14485382 27151 r
 0.9256815 0.5095375 0.16931872 27346 g
 0.22026655 9.88925 -3.4751837 27350 a
 0.72906893 0.27977377 0.14245324 27354 r
 0.27001125 0.69542617 0.119251296 27545 g
 -0.38726214 9.763555 -2.098518 27548 a
 0.7400642 0.33813292 0.2146899 27552 r
 -2.4493425 -0.5088552 -0.48848206 27744 g
 -0.85891986 9.207501 -0.30526072 27748 a
 0.6859762 0.37516457 0.29863325 27752 r
 -1.4607772 -0.58475536 -0.75826025 27945 g
 -1.6873137 7.3657618 2.2942438 27949 a
 0.5057124 0.37169862 0.3599973 27952 r
 0.9057078 -0.06810209 -0.17742485 28145 g
 -2.3864205 9.197326 4.3742065 28149 a
 0.47434747 0.37218648 0.33678338 28152 r
 -0.8088353 -0.41351408 -0.097530015 28347 g
 0.16280572 9.4696665 0.2100912 28351 a
 0.48446232 0.3962357 0.32642946 28354 r
 0.85164565 1.3486996 -0.12496058 28546 g
 1.4401124 9.900024 -0.46088383 28550 a
 0.5492063 0.40264726 0.32007924 28553 r
 0.77095187 1.0387076 -0.5164453 28745 g
 -0.33997664 9.383475 -2.3798366 28749 a
 0.6049491 0.45085007 0.3138723 28753 r
 0.48572728 1.0043529 -0.05012575 28946 g
 -2.0691888 9.408015 -1.5688007 28949 a
 0.5884528 0.5182613 0.35543677 28953 r
 0.23379225 0.97931916 0.005800631 29146 g
 -1.2910733 10.585963 -2.6443958 29150 a
 0.5671268 0.57682216 0.39341292 29153 r
 0.10409631 1.0733287 0.27611148 29346 g
 2.878429 9.56723 -0.7092823 29350 a
 0.5432481 0.61698246 0.43244448 29358 r
 -2.5521405 -0.3892793 -0.19633329 29546 g
 -0.79846627 9.01417 0.45250413 29550 a
 0.48711002 0.5751593 0.50820106 29554 r
 -1.0650314 -1.207136 -0.6879528 29746 g
 -0.35075054 9.200917 1.9782091 29750 a
 0.38389966 0.488262 0.5860699 29754 r
 0.8385961 -0.73895234 -0.18035433 29946 g
 -1.5658079 6.7731967 2.7042508 29950 a
 0.39714372 0.49270838 0.5349794 29957 r
 -0.3292 -1.7448283 -0.6165801 30146 g
 -0.42796355 9.324219 1.3461399 30157 a
 0.41173443 0.45679003 0.49445286 30161 r
 0.48173255 -0.02762204 0.34322312 30347 g
 0.76554596 9.175778 -4.88058 30350 a
 0.4995964 0.4478584 0.42792484 30365 r
 1.1195596 -0.9389558 -0.34387243 30547 g
 -1.4377182 9.658808 -2.3421278 30550 a
 0.59885854 0.4289137 0.36997977 30555 r
 0.31342077 -1.305673 0.05719964 30747 g
 -1.4891934 9.704298 -2.4534583 30750 a
 0.6547811 0.3947758 0.29588047 30755 r
 0.14617425 -0.94694525 0.08383125 30947 g
 -1.4909891 9.79827 -1.5993267 30951 a
 0.6910703 0.35301727 0.23587666 30955 r
 -0.1291966 -0.64787227 0.09102178 31147 g
 -1.1839328 9.36492 -1.7741034 31151 a
 0.71177965 0.29250163 0.1792651 31154 r
 -0.2663494 -0.55040056 0.216723 31352 g
 -1.1875241 9.405622 -1.8632874 31356 a
 0.71324456 0.25046897 0.1552503 31365 r
 -0.406698 -0.86784935 0.29368836 31549 g
 1.5753847 9.6528225 0.12389994 31553 a
 0.7099374 0.1927908 0.13601549 31557 r
 -0.58619505 -1.199413 -0.027222566 31748 g
 -0.16759412 8.702325 1.5334862 31752 a
 0.68882984 0.09664196 0.1039821 31756 r
 -0.42534012 -2.352029 -0.3057892 31948 g
 -1.1360487 9.628283 -0.032920275 31952 a
 0.6407063 -0.018568385 0.054523755 31956 r
 0.103563674 -2.3467028 -1.4805095 32149 g
 0.36750996 8.162432 1.0127473 32153 a
 0.6461982 -0.085629225 -0.12599365 32157 r
 0.36561874 -2.464947 -0.93163204 32348 g
 -1.3186066 10.970831 2.9538465 32353 a
 0.6066449 -0.1885682 -0.3707221 32356 r
 0.41755036 -0.57969534 0.19754823 32549 g
 0.026934769 12.349891 1.9303252 32553 a
 0.585966 -0.2764253 -0.4632608 32557 r
 0.37254295 -0.81804824 0.11392497 32749 g
 -0.5883751 8.983644 -1.6873137 32754 a
 0.5971518 -0.37394726 -0.41898784 32757 r
 0.7104981 0.058930695 -0.06850156 32948 g
 -1.6885108 10.172963 -2.7102363 32952 a
 0.61557657 -0.40308827 -0.41428295 32956 r
 0.3251387 0.38570055 0.25773567 33149 g
 -2.3092074 10.579977 -1.4526819 33154 a
 0.6578359 -0.4204772 -0.36217526 33157 r
 -0.24264726 0.6046124 0.33363575 33350 g
 1.003769 10.759542 -0.48961425 33354 a
 0.6834318 -0.37911868 -0.30058977 33358 r
 -2.2536001 0.07490966 0.041220672 33550 g
 -0.84814596 8.39886 0.362123 33554 a
 0.5704962 -0.36532623 -0.3780662 33558 r
 -0.037850175 -1.8952969 -1.098346 33750 g
 1.3293805 9.025542 0.4405331 33754 a
 0.49953872 -0.33089066 -0.47688267 33757 r
 -0.088183925 -1.6617377 -0.4677094 33951 g
 -1.9614497 10.216059 4.299388 33955 a
 0.43692452 -0.41919196 -0.600527 33958 r
 0.10196578 -1.1078001 -0.46824205 34150 g
 0.83138657 6.1106014 -4.26527 34154 a
 0.40176055 -0.44675738 -0.6693354 34158 r
 1.3200957 1.9758741 0.41140005 34350 g
 0.6254852 9.6528225 -1.2617443 34355 a
 0.46141455 -0.5029839 -0.58487254 34358 r
 0.61435795 0.26825514 -0.04000574 34548 g
 -0.26276365 9.190742 -1.525705 34549 a
 0.5058365 -0.5538597 -0.50267726 34550 r
 0.7339339 0.30474046 0.25746936 34751 g
 -1.763928 11.909956 -0.5093664 34755 a
 0.54964054 -0.56027555 -0.44490537 34759 r
 0.0068909293 1.1462994 0.08596178 34951 g
 0.9947908 10.817602 -0.6967127 34955 a
 0.5835557 -0.5525254 -0.37441894 34958 r
 -2.3691814 0.8293832 -0.60273165 35153 g
 0.89902276 7.125743 0.5279215 35165 a
 0.5009335 -0.44921118 -0.48404852 35169 r
 -0.35609794 -0.7815629 -0.7603908 35352 g
 -1.3090298 9.680955 3.9863458 35355 a
 0.36268008 -0.4169579 -0.66536695 35359 r
 0.7302055 0.2775762 -0.17689222 35552 g
 0.6171055 10.957663 1.7064673 35556 a
 0.33682063 -0.49300158 -0.71064824 35560 r
 1.3443304 0.10633496 0.4486843 35753 g
 -3.0083144 10.684724 -1.1067197 35757 a
 0.27562946 -0.55163693 -0.7334798 35761 r
 1.1331418 0.25813514 0.5573413 35953 g
 -0.93373865 8.9758625 -2.4510639 35956 a
 0.30104363 -0.6373737 -0.66083175 35960 r
 0.10010157 0.9502907 0.0039364183 36153 g
 -1.1456255 9.643246 -2.0296845 36157 a
 0.37618285 -0.6556989 -0.589796 36161 r
 0.43166512 0.47012275 0.10247338 36354 g
 -0.9008184 10.029311 -2.4438813 36357 a
 0.4778627 -0.62095857 -0.5119415 36361 r
 0.25483122 0.7843758 0.2550725 36554 g
 2.1033063 9.308656 -1.7070658 36558 a
 0.5409258 -0.5931076 -0.4342921 36562 r
 -2.020041 -0.5509332 -0.12762374 36753 g
 0.034715924 9.841366 -0.009576807 36757 a
 0.5495933 -0.54362833 -0.42228767 36761 r
 -1.2349411 -0.9080631 -0.75612974 36954 g
 -1.3066356 9.329007 2.3517046 36957 a
 0.4366955 -0.44822872 -0.56125504 36961 r
 0.38559243 -0.8436146 -0.7468087 37154 g
 -2.6431987 10.150817 4.474763 37158 a
 0.3654424 -0.47277206 -0.68933815 37162 r
 0.2809302 -0.29873183 -0.3747651 37354 g
 -1.4466964 13.068151 1.1246762 37358 a
 0.3211886 -0.5236826 -0.7200298 37362 r
 0.778675 0.12604235 0.09741337 37555 g
 -1.6472107 8.91062 -3.406949 37559 a
 0.28548512 -0.5849066 -0.71387666 37563 r
 1.2955946 0.32231733 0.084097564 37754 g
 -2.705448 8.928576 -2.034473 37758 a
 0.3540394 -0.65080357 -0.6112111 37762 r
 0.20210063 0.5098039 -0.12336268 37955 g
 -1.287482 10.080188 -1.9003977 37958 a
 0.4191064 -0.6445396 -0.5569392 37962 r
 0.6231464 0.44668695 0.45134747 38155 g
 -1.3946224 11.790845 -2.8419175 38160 a
 0.4575313 -0.65381587 -0.5041471 38163 r
 -0.5989782 0.062126487 -0.049326804 38355 g
 -0.6404489 11.071387 -0.9379285 38359 a
 0.47898832 -0.6446543 -0.4643028 38363 r
 -2.0996695 -0.088075794 -0.36597666 38556 g
 0.64703304 8.503606 1.1534066 38560 a
 0.38779157 -0.5505556 -0.60106176 38564 r
 0.29105023 -1.4398963 -1.062127 38755 g
 -0.3226187 8.971672 2.8748376 38759 a
 0.31239805 -0.5158365 -0.7173361 38763 r
 -0.057557568 -0.35998455 0.101141796 38955 g
 0.11611878 9.698911 3.342904 38959 a
 0.26311442 -0.55272853 -0.7543511 38963 r
 0.6588328 -0.073162094 0.09847864 39155 g
 0.3369839 8.026561 -2.148796 39159 a
 0.22586398 -0.56995416 -0.7696064 39163 r
 0.8367319 1.3763964 0.50274646 39356 g
 0.36870706 9.753978 -1.3910311 39360 a
 0.28758737 -0.630985 -0.6841075 39364 r
 0.16428375 0.85335165 -0.29513657 39555 g
 -0.8924387 9.916783 -1.0115502 39556 a
 0.33251548 -0.6762608 -0.61047965 39557 r
 0.48173255 0.12204761 0.094217576 39756 g
 -0.7858967 9.19972 -2.4067712 39760 a
 0.41631308 -0.65113986 -0.5552153 39764 r
 0.46229148 -0.006050436 0.25667042 39957 g
 -2.203264 11.307815 -2.6461914 39960 a
 0.45697674 -0.653975 -0.49897173 39964 r
 -0.4250738 -0.25718653 0.23003879 40156 g
 -0.26755205 11.347918 -2.079364 40167 a
 0.47697482 -0.653661 -0.45381954 40171 r
 -2.0733042 -0.90619886 -0.3308229 40356 g
 -0.52732295 8.165425 0.06464344 40360 a
 0.38082826 -0.60141814 -0.5784665 40366 r
 -0.62933826 -1.9288527 -1.1524081 40557 g
 0.2908955 7.753622 2.3953989 40561 a
 0.29303268 -0.5415026 -0.72659737 40567 r
 -0.033056486 -0.23801176 0.0944839 40757 g
 -0.06823475 11.27669 3.9576154 40761 a
 0.22406633 -0.5510477 -0.78248304 40765 r
 0.6593654 -0.15944852 0.11259339 40957 g
 -2.0272903 10.505158 -1.5376761 40961 a
 0.21413416 -0.58526456 -0.76887506 40965 r
 0.8705541 0.8672001 0.79542786 41158 g
 -2.6731262 9.555858 -1.632247 41162 a
 0.29794407 -0.6438329 -0.67055136 41166 r
 0.3288671 0.6717241 0.08755968 41357 g
 -1.6005238 9.566033 -1.6238673 41362 a
 0.3335395 -0.6759484 -0.61385876 41365 r
 0.4481767 0.24402039 0.38610002 41558 g
 -2.0649989 11.216835 -1.7872716 41562 a
 0.37641805 -0.6889175 -0.55927116 41566 r
 0.15762584 0.20300771 0.329641 41758 g
 1.7878702 10.935516 -1.7435774 41763 a
 0.39333308 -0.6919757 -0.5253305 41766 r
 -2.5510752 -0.6747702 0.056933325 41958 g
 0.5614403 8.157643 0.43275195 41962 a
 0.31163275 -0.64008415 -0.6280585 41966 r
 -0.8192216 -1.4148626 -0.8642541 42158 g
 -0.3417723 8.140884 2.7329812 42162 a
 0.24101654 -0.54257786 -0.765654 42166 r
 0.41435456 0.04561489 -0.017901503 42359 g
 -0.9403227 9.1829605 3.6858735 42363 a
 0.1674029 -0.56366086 -0.8011258 42366 r
 0.16961007 -0.7197776 -0.12016689 42559 g
 0.9840169 6.7510505 -2.9532478 42563 a
 0.13965236 -0.59662104 -0.7891373 42566 r
 1.1576428 1.5351208 0.23296827 42759 g
 0.3866636 9.733627 -1.9255368 42763 a
 0.16918753 -0.67126083 -0.71725565 42767 r
 0.31927973 1.1103467 -0.093801595 42960 g
 -0.6925228 9.418191 -2.2284033 42963 a
 0.24909407 -0.71622837 -0.63326377 42967 r
 0.5118263 0.8930327 0.070249125 43159 g
 -0.82719666 9.993997 -3.0214825 43163 a
 0.3680471 -0.6940261 -0.5643204 43167 r
 0.3208776 0.42165324 0.43483588 43359 g
 -1.8495208 11.265318 -2.5881321 43363 a
 0.4379542 -0.68996143 -0.48406956 43367 r
 -1.411775 -0.25372443 -0.22988912 43561 g
 -1.1731589 9.912594 0.091578215 43565 a
 0.47990665 -0.6409999 -0.45818487 43568 r
 -1.6791563 -0.38475195 -0.84854144 43760 g
 -0.41359833 7.599795 2.0919337 43764 a
 0.38976634 -0.51408434 -0.63157004 43767 r
 0.5443168 -0.54374266 -0.5702411 43960 g
 -3.3195608 11.262324 4.519056 43964 a
 0.27272645 -0.5132071 -0.7724547 43967 r
 0.37067872 -0.10591897 -0.50632524 44161 g
 -0.092775315 9.281721 0.6500258 44165 a
 0.20130882 -0.58966625 -0.77328056 44168 r
 0.5030378 0.9846455 0.14162184 44360 g
 1.3036429 9.73662 -1.9351135 44364 a
 0.12264086 -0.64975893 -0.74943036 44368 r
 1.1150322 -0.96612 -0.05704997 44564 g
 -0.61530983 9.344569 -1.2413936 44567 a
 -0.021536812 0.72967136 0.68292695 44571 r
 0.66202855 -0.5083226 0.0026048378 44761 g
 -0.30825347 10.451887 -1.9656396 44765 a
 -0.039616432 0.75772715 0.651367 44769 r
 0.28971863 0.43869746 0.052139632 44961 g
 0.3393781 9.425972 -1.3449428 44965 a
 0.05223209 -0.79323566 -0.6042965 44968 r
 -1.8392123 -1.0526727 -0.10605213 45161 g
 -0.3693056 10.26514 -0.09756372 45174 a
 0.04973256 -0.7690674 -0.6329836 45178 r
 -1.2139021 -1.2257782 -0.9087289 45362 g
 0.2160767 9.04709 2.112883 45366 a
 -0.01786213 0.63144684 0.7752132 45369 r
 0.3272692 -0.75732815 -0.66158754 45567 g
 -3.29502 11.246164 4.9757495 45570 a
 0.046685625 0.5892134 0.7923544 45578 r
 0.20556274 -0.24094124 -0.31937134 45764 g
 -1.596334 8.421604 0.11671733 45768 a
 0.059927728 0.6152891 0.766972 45772 r
 0.69132334 0.63230926 -0.16144589 45963 g
 -0.45429978 9.433155 -3.3602622 45966 a
 0.07283148 0.65032566 0.73644215 45970 r
 1.1693608 -0.713386 0.18982506 46162 g
 -1.9033904 9.058462 -1.8249803 46166 a
 0.029125568 0.7375686 0.669339 46170 r
 0.330465 0.2341667 -0.025358353 46362 g
 -1.3341689 9.780912 -2.030283 46367 a
 -0.052691843 0.7615285 0.64590806 46371 r
 0.32673657 0.33776367 0.39089373 46561 g
 -2.1721394 11.763311 -1.6675615 46563 a
 0.0970484 -0.79043067 -0.60282487 46565 r
 -0.60643506 0.09035599 0.1474808 46763 g
 -0.7793127 11.976994 -0.40761283 46767 a
 0.14024417 -0.7844683 -0.5937752 46770 r
 -1.9396135 -0.17356327 -0.45359465 46963 g
 0.89184016 9.166202 -0.035913024 46967 a
 0.093208686 -0.6684519 -0.7319935 46970 r
 0.19757326 -2.0071497 -1.0618607 47164 g
 0.5566519 7.5136037 1.4197617 47167 a
 -0.010219058 0.61035657 0.78945595 47171 r
 0.21275328 -0.73921865 0.16345976 47364 g
 -0.3393781 9.4062195 3.8642416 47367 a
 0.08596166 0.60806334 0.7599891 47370 r
 0.4444483 -0.6278986 -0.14413534 47564 g
 1.7435774 10.657789 -1.9249382 47568 a
 0.13795784 0.6080954 0.726767 47572 r
 0.88546777 0.74096626 0.7722584 47765 g
 -0.66139823 9.270947 -2.705448 47768 a
 0.17522612 0.6878573 0.66327363 47772 r
 0.09637314 1.1284562 -0.18115328 47964 g
 -1.1569979 9.297882 -1.9339164 47968 a
 0.2007838 0.734341 0.609912 47972 r
 0.4875915 0.5702576 0.02710592 48164 g
 -0.9959879 9.9928 -2.992752 48168 a
 0.16076079 0.7719902 0.59253424 48172 r
 0.15203321 0.67039245 0.0846302 48365 g
 0.6769605 9.55885 -1.6938977 48373 a
 0.15546523 0.79689336 0.5715298 48377 r
 -1.3446633 -0.6952765 -0.44081149 48565 g
 0.46746787 10.329185 -0.74639237 48569 a
 0.15514192 0.7750101 0.60370713 48573 r
 -1.6317521 -0.6193764 -0.63522226 48765 g
 -0.8265981 8.3868885 2.271499 48768 a
 0.1375779 0.6278837 0.7352788 48773 r
 0.48492834 -0.506991 -0.4064567 48967 g
 -4.7429137 11.121067 4.5513773 48970 a
 0.14681116 0.564134 0.7461894 48975 r
 0.39065245 -0.08674422 -0.27809232 49199 g
 -1.0582372 8.920795 1.3102269 49204 a
 0.15279807 0.6076542 0.71213335 49205 r
 0.7254118 0.7995558 0.04894384 49369 g
 -0.52133745 9.498995 -4.5298295 49373 a
 0.18861845 0.6405728 0.680353 49376 r
 0.92328465 -0.868382 0.38956213 49570 g
 -2.0416555 8.944737 -2.147599 49573 a
 0.22525229 0.7056483 0.6250339 49577 r
 0.3847935 -0.15066008 0.1077997 49767 g
 -2.124854 9.729437 -2.0733786 49771 a
 0.2736136 0.7117505 0.58396083 49774 r
 0.38932085 -0.13627902 0.3722516 49969 g
 -1.6861166 9.840169 -3.345897 49972 a
 0.33813414 0.71497774 0.5339728 49976 r
 0.1022321 0.27597833 0.11179444 50168 g
 1.353921 8.318055 -0.7739257 50179 a
 0.35781062 0.7248727 0.5206675 50182 r
 -2.6043384 -1.6031481 0.5645318 50367 g
 -1.2258313 10.2735195 -0.0023942017 50371 a
 0.36485186 0.65014195 0.5805722 50377 r
 -0.9656955 -2.0795877 -1.3958211 50573 g
 -0.25019407 8.704121 2.9215245 50577 a
 0.29134107 0.5434791 0.6415649 50581 r
 0.27373967 -0.57729846 -0.17556064 50770 g
 -0.90740246 9.837775 4.083311 50774 a
 0.31203538 0.4969231 0.592089 50778 r
 0.3070292 -0.114973724 -0.48874837 50969 g
 0.89543146 8.982447 -0.53330845 50973 a
 0.3205013 0.52282727 0.5757788 50977 r
 0.70011175 1.522604 0.10034285 51167 g
 0.87208796 10.187328 -0.64703304 51171 a
 0.35835534 0.56846654 0.55759233 51175 r
 0.6516422 0.45281222 -0.257586 51368 g
 -1.1875241 9.24521 -1.6795325 51372 a
 0.38778493 0.6403072 0.5266581 51376 r
 0.67055064 0.4576059 0.11845235 51570 g
 0.3549404 10.156203 -3.0029275 51574 a
 0.37612182 0.6851077 0.519846 51578 r
 0.16108796 0.56759447 0.1490787 51770 g
 2.681506 8.257602 -2.3720553 51773 a
 0.3971829 0.7079791 0.5079866 51777 r
 -2.6331007 -0.66917753 -0.02908678 51969 g
 -0.82121116 9.449316 0.6973112 51973 a
 0.29075548 0.70410824 0.60886365 51977 r
 -1.1720905 -1.1669223 -1.2048724 52167 g
 0.60932434 7.8954787 1.9393034 52171 a
 0.16088212 0.59325755 0.75043124 52175 r
 0.5509747 -0.26251283 -0.16916905 52368 g
 -0.046686932 7.796119 3.5954924 52372 a
 0.1458723 0.58179617 0.7435295 52376 r
 -0.2682136 -0.826304 -0.4693073 52569 g
 2.171541 5.381567 -3.0113072 52573 a
 0.18206488 0.583305 0.70237404 52577 r
 0.88040775 1.1279235 0.078238614 52770 g
 0.76315176 9.825205 -1.5059528 52774 a
 0.27868855 0.6367383 0.6177668 52778 r
 0.34111765 0.5343049 0.06891755 52969 g
 -1.1755531 8.853758 -1.899799 52972 a
 0.3539748 0.67061734 0.5562729 52976 r
 0.74938023 0.62858087 0.14029026 53169 g
 -1.1115081 10.803835 -1.5167267 53173 a
 0.35306692 0.70777464 0.540217 53176 r
 0.237787 0.8197958 0.17597662 53369 g
 3.9965212 10.374675 -1.2006922 53373 a
 0.3543127 0.7344893 0.53573245 53377 r
 -2.7785091 -0.92430836 -0.27196708 53570 g
 -1.1641805 8.593987 0.08499416 53573 a
 0.32359597 0.6714785 0.61949784 53577 r
 -1.2360064 -1.5043448 -1.2299061 53771 g
 -0.074818805 7.428011 2.8407204 53775 a
 0.24463627 0.5393188 0.7137366 53779 r
 0.73846126 0.08423072 0.10566917 53970 g
 1.2354081 7.6009917 3.0813377 53974 a
 0.2768942 0.5199673 0.67168933 53978 r
 0.546181 -0.67263967 0.32031995 54170 g
 -1.1085154 9.264363 -1.9309237 54184 a
 0.29754287 0.52248037 0.6500848 54188 r
 1.200786 0.3529437 1.0281881 54371 g
 -1.0690111 9.752182 -2.1859062 54375 a
 0.29592222 0.6481223 0.62475187 54378 r
 0.35603136 0.5180597 0.20686929 54571 g
 -0.7350199 9.464279 -1.4305356 54575 a
 0.3574074 0.6763958 0.5652942 54578 r
 0.7821371 0.3982174 0.4734517 54772 g
 -2.393603 12.748526 -1.7136499 54776 a
 0.3808068 0.7114576 0.53228015 54780 r
 -1.5555856 -0.29633498 0.084363885 54972 g
 -0.34476504 10.450092 0.08259996 54975 a
 0.37495852 0.7051195 0.5559742 54979 r
 -1.8466692 -0.544009 -0.8163172 55171 g
 -0.035913024 7.1568675 1.2318168 55182 a
 0.26972622 0.57732654 0.68956906 55186 r
 0.74511915 -0.72084284 -0.6583917 55373 g
 -1.839944 12.012308 6.341043 55378 a
 0.2737022 0.5075451 0.66928595 55381 r
 -0.7475826 -0.440412 -0.474101 55573 g
 1.590947 7.8547773 -2.6342204 55577 a
 0.29621974 0.53496826 0.6314346 55580 r
 0.72035176 1.3095511 0.14881238 55772 g
 1.0013748 9.909002 -1.4694413 55777 a
 0.33403096 0.58174014 0.6129938 55781 r
 0.52167994 0.28476676 -0.056251023 55972 g
 -0.19093758 8.952518 -1.9985598 55976 a
 0.3653384 0.65053844 0.5682773 55980 r
 0.717156 0.4789112 0.3160589 56173 g
 -0.5033809 10.54167 -2.825158 56177 a
 0.34662932 0.6986133 0.5601161 56181 r
 0.23698805 0.63497245 0.29155782 56373 g
 4.103063 8.923788 -1.881244 56377 a
 0.33065057 0.7423936 0.55124253 56380 r
 -2.9393642 -0.89927465 -0.1302869 56582 g
 -2.0691888 8.508394 0.3333926 56586 a
 0.2749073 0.6983193 0.6375485 56589 r
 -0.8165585 -1.1797055 -1.3787768 56775 g
 0.020350715 7.825448 1.8435353 56779 a
 0.16513152 0.5859029 0.7570532 56783 r
 0.4228767 -0.58369005 -0.2610481 56973 g
 -0.4141969 8.598776 3.685275 56977 a
 0.19638439 0.5725385 0.71539706 56981 r
 -0.114016585 -0.7160492 -0.22855754 57173 g
 1.0193313 5.319318 -3.3267434 57177 a
 0.21475588 0.58023655 0.6860476 57181 r
 0.8146277 1.2919743 0.1557366 57374 g
 0.23822308 9.639654 -1.6406267 57378 a
 0.22481056 0.6735271 0.64312273 57382 r
 0.24684174 1.1204667 -0.009645703 57574 g
 -1.4239515 9.421184 -1.9626468 57578 a
 0.20898329 0.7383666 0.60951644 57582 r
 0.6130264 0.7076767 0.24521881 57774 g
 -1.5562311 11.231799 -1.2443863 57779 a
 0.16067079 0.7793188 0.5941096 57784 r
 0.14830478 0.89116853 0.26599148 57975 g
 2.566584 10.860099 -1.4047978 57979 a
 0.13305813 0.79999506 0.58386475 57983 r
 -2.6195185 -0.016170448 -0.10152476 58174 g
 -0.0796072 8.520366 -0.20410569 58178 a
 0.13443457 0.7086543 0.6902451 58182 r
 -0.61735404 -1.6537482 -1.2498798 58375 g
 0.62129533 7.657854 2.0799627 58379 a
 0.1347144 0.5897939 0.7717919 58382 r
 0.23059645 -0.54587317 0.013790115 58576 g
 -1.4203602 9.674969 4.0653543 58580 a
 0.20674844 0.56415236 0.72267014 58584 r
 0.5344631 -0.27929077 -0.13801007 58779 g
 -0.30885202 9.090185 -1.8351556 58783 a
 0.24915738 0.5778582 0.6771603 58787 r
 1.2050471 1.6839916 0.9363091 58975 g
 -0.516549 9.35235 -1.9165585 58980 a
 0.24638385 0.66979504 0.6428421 58983 r
 0.3805324 0.28503308 0.050009105 59190 g
 -0.57400984 9.560646 -1.7441759 59195 a
 0.24638385 0.66979504 0.6428421 59201 r
 0.8796088 0.29169098 0.42311797 59379 g
 -0.54887074 12.224793 -2.3529017 59391 a
 0.27606195 0.75267184 0.5702141 59396 r
 -0.6865962 -0.08381474 -0.16623957 59591 g
 -0.6793547 9.978435 -0.6727707 59596 a
 0.27706861 0.7567018 0.57528836 59600 r
 -2.0312262 -0.19673277 -0.92284364 59791 g
 -0.32022446 6.703166 2.030283 59798 a
 0.21656619 0.6231468 0.7143541 59802 r
 0.13818477 -0.37702876 -0.34706822 59980 g
 -2.7102363 11.671733 4.594473 59994 a
 0.19581816 0.53931856 0.7329244 59997 r
 0.4298009 0.6062103 -0.26211336 60315 g
