 0.06018744 0.20224205 0.1384178 2 g
 -7.6590514 3.2291796 4.646547 4 a
 0.40609682 0.24206677 -0.5051009 6 r
 0.041278996 -0.13944152 -0.026165558 114 g
 -7.4447703 4.144363 5.8598084 119 a
 0.41451442 0.24249959 -0.50203127 124 r
 0.057790596 -0.13038677 0.01857555 319 g
 -7.240066 3.4727895 5.993285 324 a
 0.4131101 0.22675413 -0.50537676 330 r
 -0.044474788 -0.2616806 -0.026698189 519 g
 -6.6564794 3.2381577 6.10701 523 a
 0.40807185 0.21751961 -0.50902325 527 r
 0.06338324 -0.031317174 -0.0011318434 718 g
 -7.304111 3.4596214 5.072715 725 a
 0.4011082 0.20762059 -0.51513785 729 r
 0.021571605 0.085861914 -0.008322379 919 g
 -7.1580644 3.25372 5.5258174 927 a
 0.4112387 0.21355131 -0.51357406 931 r
 -5.326322E-4 -0.04623088 0.02257029 1118 g
 -7.1185603 3.470994 5.5347958 1122 a
 0.4083738 0.21301949 -0.5157531 1126 r
 0.082025364 -0.011609784 0.055859804 1319 g
 -6.9826894 3.7223852 5.707777 1323 a
 0.41003096 0.20944992 -0.5146516 1328 r
 0.024767399 -0.07206354 0.048136637 1519 g
 -7.2059484 3.888782 5.4091 1523 a
 0.41226754 0.20482785 -0.51262695 1527 r
 0.00479369 0.016619723 0.012716594 1720 g
 -7.180211 3.7912183 5.6042275 1726 a
 0.41526455 0.20466411 -0.51083964 1730 r
 -0.017044231 -0.062209845 -0.004860269 1918 g
 -6.8306575 3.7367504 5.5701103 1923 a
 0.41347498 0.20390931 -0.5116814 1926 r
 0.01917476 -0.014272945 -0.04800348 2119 g
 -6.6361284 3.518878 5.6904187 2123 a
 0.41036913 0.20144963 -0.51255673 2127 r
 0.0018642128 -0.020664532 -0.035220306 2318 g
 -7.1622543 3.4045548 5.377377 2323 a
 0.40795675 0.20155072 -0.5136896 2326 r
 -0.049002163 0.009162872 0.017776601 2518 g
 -7.6602483 3.9145198 5.685032 2523 a
 0.40956557 0.20410243 -0.5134738 2526 r
 5.326322E-4 0.12314617 0.08515458 2720 g
 -7.21373 3.8127663 5.7263317 2724 a
 0.41069502 0.20518741 -0.51322275 2729 r
 -0.007456851 -0.011609784 0.0063250074 2919 g
 -7.0395517 3.7307649 5.580884 2923 a
 0.41106567 0.20470941 -0.51326984 2927 r
 -0.0039947415 -0.011609784 1.9973709E-4 3119 g
 -7.08564 3.7966053 5.677251 3123 a
 0.41112322 0.20484707 -0.51341325 3127 r
 -0.0039947415 -0.0073487265 0.010319749 3322 g
 -7.068282 3.7074213 5.650316 3326 a
 0.4108189 0.20421162 -0.5135328 3330 r
 -0.008522116 -0.019865584 0.0028628982 3519 g
 -7.055114 3.7134068 5.783194 3524 a
 0.4089197 0.20322868 -0.5141954 3527 r
 2.663161E-4 0.011559717 0.007123956 3722 g
 -7.0545154 3.7565024 5.6964045 3726 a
 0.407487 0.20318028 -0.51365846 3731 r
 -0.0010652645 -0.009479255 -0.0013981595 3923 g
 -7.089231 3.7588966 5.653309 3928 a
 0.40772787 0.20429438 -0.5125018 3931 r
 -7.9894834E-4 0.0059670787 -0.002197108 4121 g
 -7.0048356 3.7786489 5.6802435 4125 a
 0.40793473 0.20470858 -0.5118497 4130 r
 -0.0015978967 -0.006017146 -0.004593953 4320 g
 -7.098808 3.684078 5.687426 4322 a
 0.40796465 0.20471942 -0.5116188 4324 r
 -0.0066579026 -0.010011888 -0.009387643 4525 g
 -6.8827314 3.7523127 5.755661 4529 a
 0.40736258 0.20492545 -0.51181155 4534 r
 -0.01438107 -0.039572977 -0.026431873 4722 g
 -7.1867948 3.8845923 5.9902925 4729 a
 0.40489328 0.20423949 -0.51232654 4732 r
 -0.046871636 -0.01746874 0.012716594 4923 g
 -7.0886326 3.4745853 5.840655 4927 a
 0.40292478 0.20333025 -0.51270384 4932 r
 0.005060006 0.095981926 -0.030160299 5128 g
 -7.6800003 3.5350387 5.5623293 5132 a
 0.40067977 0.2053101 -0.5141571 5136 r
 -0.030626353 0.031000793 0.046006106 5323 g
 -6.7444663 3.5170822 6.1117983 5327 a
 0.40621433 0.21217588 -0.5132348 5331 r
 -0.019707391 -0.08990672 -0.087151945 5522 g
 -7.245453 3.5326445 5.8909335 5526 a
 0.3992287 0.20830634 -0.5154764 5530 r
 0.06498113 -0.123995185 -0.04454137 5723 g
 -6.0585275 3.430891 6.019023 5727 a
 0.39682168 0.20777339 -0.522008 5732 r
 0.10705908 0.033397637 -0.20512998 5922 g
 -8.528745 5.8364654 4.5645456 5929 a
 0.40185004 0.2053236 -0.52210635 5933 r
 0.3355583 0.9617756 0.19434418 6124 g
 -6.930017 2.943671 2.973 6128 a
 0.43591595 0.2229653 -0.51185733 6132 r
 0.26525083 0.9415356 -0.21152157 6327 g
 -7.2819643 2.211644 2.7144263 6331 a
 0.4975147 0.2732637 -0.4773318 6335 r
 -0.30573088 0.7402006 -0.54468304 6524 g
 -7.8906903 3.4931402 4.384382 6529 a
 0.4718493 0.28603607 -0.4887797 6533 r
 0.20293288 -0.2302553 0.48862347 6724 g
 -7.117363 2.2140381 3.4380736 6727 a
 0.45056543 0.27819806 -0.4941214 6732 r
 0.038615834 0.26189685 0.0129829105 6928 g
 -8.474277 3.0897174 3.8265328 6932 a
 0.4596394 0.28577757 -0.4842538 6935 r
 -0.02663161 -0.06780248 0.055593487 7127 g
 -8.540117 3.7457285 3.1184478 7131 a
 0.47330818 0.2986238 -0.4736794 7134 r
 0.023968449 0.05656714 -6.657903E-5 7325 g
 -7.2831616 3.560178 3.2908301 7329 a
 0.47848794 0.29622 -0.47515348 7333 r
 0.06498113 0.18759467 0.04387558 7525 g
 -10.508151 5.333683 3.9797618 7530 a
 0.4834553 0.284782 -0.46797088 7533 r
 -0.23222764 -0.70909166 0.11125355 7724 g
 -7.7129207 4.221576 4.660912 7728 a
 0.47227362 0.29092252 -0.4638004 7733 r
 0.122771725 -0.35009757 0.13735253 7926 g
 -7.9409685 3.7481227 4.541202 7930 a
 0.45326382 0.25387788 -0.4789212 7934 r
 0.018908443 0.012891297 -0.015779229 8127 g
 -7.9194207 4.0563765 4.8398786 8130 a
 0.45256385 0.24648553 -0.48616531 8137 r
 -0.03488741 0.019282885 0.024434503 8327 g
 -7.620744 3.7235823 4.71119 8331 a
 0.4526033 0.24586606 -0.48831132 8334 r
 0.011717909 -0.006283462 -0.013648701 8527 g
 -7.773973 3.781043 4.5005007 8531 a
 0.45250168 0.24603981 -0.4903492 8535 r
 0.02263687 0.10610194 -0.02802977 8723 g
 -7.8703394 3.7954082 4.347272 8727 a
 0.45766073 0.24951941 -0.4905264 8730 r
 0.06391586 0.19132309 0.0015313176 8928 g
 -8.255207 4.045004 3.9372647 8932 a
 0.46697527 0.2560107 -0.48896906 8935 r
 -0.16777915 -0.13118571 0.0723714 9128 g
 -8.497621 3.7152026 4.150947 9132 a
 0.47230643 0.26211274 -0.4813709 9135 r
 -0.2644519 -0.016137158 0.1069925 9331 g
 -6.8121023 3.4985273 5.305551 9334 a
 0.45492414 0.2622959 -0.478426 9339 r
 0.17257284 -0.3540923 -0.035220306 9528 g
 -7.5602903 3.9444473 5.1523223 9532 a
 0.43190527 0.24155176 -0.48768845 9536 r
 0.18136127 -0.22413003 -0.083157204 9724 g
 -6.728904 3.875614 5.5563436 9728 a
 0.43344927 0.21815309 -0.5061179 9731 r
 -0.02263687 3.7444045E-4 0.024434503 9931 g
 -7.03596 3.7954082 5.439028 9936 a
 0.42651907 0.20489845 -0.517157 9940 r
 -0.10466223 0.15963148 0.04787032 10128 g
 -7.5291657 3.9031472 5.0523643 10137 a
 0.4276201 0.21473342 -0.5082678 10141 r
 -0.14354438 0.31196427 0.0409461 10332 g
 -7.991845 3.7822402 4.622605 10336 a
 0.43479022 0.23999709 -0.4870505 10340 r
 -0.08468852 0.24671684 0.054261908 10531 g
 -7.8475947 3.7936125 4.5274353 10535 a
 0.44393048 0.26693624 -0.46778056 10540 r
 0.013848438 -0.11946781 -0.023502396 10724 g
 -7.7823524 3.7523127 4.5902834 10728 a
 0.44571653 0.26877797 -0.46590194 10731 r
 -0.062317967 0.08373138 0.032423984 10930 g
 -7.9146323 3.726575 4.450821 10934 a
 0.44349846 0.26822013 -0.46667376 10939 r
 -0.008255799 -0.007615043 0.0012650015 11132 g
 -7.7494326 3.6715083 4.4526167 11136 a
 0.4447865 0.27507627 -0.46065047 11141 r
 -0.09241169 0.19079046 0.029228192 11329 g
 -8.128913 3.679888 4.1838675 11333 a
 0.44535923 0.27636403 -0.46056697 11338 r
 -0.0053263223 0.01608709 -0.0024634239 11530 g
 -8.002619 3.743933 4.321534 11534 a
 0.44929412 0.29082632 -0.4485918 11538 r
 0.056991648 -0.06460669 -0.023236081 11729 g
 -8.0127945 3.7463272 4.404134 11733 a
 0.44828048 0.28432024 -0.4545528 11737 r
 0.043409526 -0.015604526 -0.007789746 11930 g
 -7.9206176 3.7062242 4.3777976 11934 a
 0.44687554 0.28009105 -0.45796475 11938 r
 0.026897926 -0.023061376 -0.009920275 12130 g
 -7.9421654 3.7457285 4.425682 12134 a
 0.4471078 0.2771002 -0.46055993 12138 r
 0.0015978967 0.009162872 -3.3289514E-4 12332 g
 -7.891887 3.733159 4.465186 12336 a
 0.44628686 0.27606428 -0.46064422 12341 r
 0.0061252704 0.0011733888 -3.3289514E-4 12530 g
 -7.9152308 3.7702692 4.4424415 12534 a
 0.4463913 0.27616543 -0.4605582 12538 r
 0.0 -0.0020224045 0.004460795 12729 g
 -7.949348 3.788824 4.4544125 12732 a
 0.44621408 0.27545685 -0.4611021 12737 r
 0.028229507 -0.023594009 -8.6552737E-4 12932 g
 -7.9146323 3.7852328 4.4568067 12937 a
 0.4463572 0.2748425 -0.46128073 12941 r
 0.0066579026 0.0025049692 -0.0013981595 13130 g
 -7.941567 3.843891 4.5118732 13134 a
 0.44648683 0.27399486 -0.46160313 13138 r
 -0.017310547 0.0059670787 0.002596582 13330 g
 -7.8248496 3.7122097 4.669292 13333 a
 0.44576055 0.27288032 -0.4626415 13338 r
 0.022104237 -0.07845513 -0.0043276367 13532 g
 -7.796119 3.8588545 4.5621514 13537 a
 0.44336554 0.27040726 -0.46460047 13541 r
 0.08282431 0.024875522 -0.022703448 13729 g
 -7.814076 3.7720647 4.5232453 13732 a
 0.4454699 0.2645105 -0.46968254 13737 r
 0.03275688 0.06429031 -0.011518172 13932 g
 -7.929596 3.8355112 4.3861775 13937 a
 0.44887036 0.26628244 -0.46939704 13941 r
 0.055660065 0.0062333946 -0.020839235 14132 g
 -8.085219 4.03004 4.337096 14137 a
 0.45377204 0.2689138 -0.4684272 14141 r
 0.007190535 -0.020131899 -0.023502396 14330 g
 -8.306683 3.7804444 4.0599675 14334 a
 0.4568037 0.26736802 -0.4704996 14339 r
 -0.13369069 -0.21720582 -0.04107926 14528 g
 -7.732673 3.3207579 4.964976 14532 a
 0.45000255 0.2670911 -0.47541115 14541 r
 -0.06471481 -0.13571309 0.0039281626 14731 g
 -7.463924 3.2255883 5.018845 14732 a
 0.4355054 0.2584961 -0.4849318 14733 r
 -0.029028455 -0.10828253 7.323693E-4 14932 g
 -7.836222 3.5075054 4.836886 14937 a
 0.4282212 0.25358325 -0.48838183 14940 r
 -0.041278996 -1.5819176E-4 0.041745048 15131 g
 -7.3843164 3.9073372 5.0026846 15147 a
 0.42992517 0.2535506 -0.4880561 15151 r
 -0.022104237 -0.05501931 0.020706078 15334 g
 -7.743447 3.5230677 5.258864 15339 a
 0.42916515 0.2522471 -0.485925 15343 r
 -0.052996904 -0.0896404 0.061985075 15531 g
 -7.563283 3.5338416 4.9679685 15536 a
 0.42493704 0.24800348 -0.4875814 15540 r
 0.037816886 0.099976666 -0.015779229 15733 g
 -7.699154 3.727772 4.9613843 15738 a
 0.4269992 0.2493045 -0.48719272 15742 r
 0.01438107 0.011027085 0.008721853 15933 g
 -7.65965 3.7618895 4.817134 15937 a
 0.4318491 0.25315714 -0.4856591 15941 r
 0.01917476 0.045381863 0.009254484 16131 g
 -7.699753 3.7726634 4.859032 16136 a
 0.43474835 0.25337505 -0.48433128 16140 r
 0.020240024 0.009695504 -0.0043276367 16331 g
 -7.7470384 3.6481647 4.705205 16336 a
 0.43660226 0.25441062 -0.48345897 16340 r
 -0.0037284256 0.02167973 0.042011365 16534 g
 -7.487866 3.7966053 4.891354 16539 a
 0.4385314 0.25519353 -0.48275426 16543 r
 -0.04980111 -0.12346255 0.010852382 16734 g
 -7.430405 3.7361517 5.024831 16739 a
 0.43400636 0.2507311 -0.48072603 16742 r
 0.018109495 0.014222878 -0.01711081 16936 g
 -7.6255326 3.799598 4.9027267 16941 a
 0.43186545 0.24723208 -0.48156187 16944 r
 -0.0039947415 0.0195492 0.007390272 17136 g
 -7.7069354 3.7984009 4.833295 17141 a
 0.43467638 0.2482819 -0.4807543 17144 r
 -7.9894834E-4 0.011559717 0.0012650015 17333 g
 -7.599196 3.7984009 4.957793 17339 a
 0.43619284 0.24965519 -0.48046508 17343 r
 -0.00958738 -0.019599268 0.0039281626 17536 g
 -7.611766 3.8402996 4.9003325 17541 a
 0.43440327 0.24847072 -0.48115113 17544 r
 0.013582122 0.021413414 -0.0067244815 17738 g
 -7.4926543 3.8391025 4.869208 17743 a
 0.4346443 0.24847487 -0.48081002 17749 r
 -0.019441076 -0.049160354 0.002596582 17939 g
 -7.8068933 3.7840357 4.7016134 17943 a
 0.43396902 0.24752524 -0.4807426 17946 r
 -0.011185276 0.04351765 -0.050666638 18136 g
 -7.851186 3.9019501 4.6764746 18142 a
 0.43404958 0.2510693 -0.4815186 18146 r
 0.01438107 0.006499711 -0.023236081 18341 g
 -7.621941 3.6601357 5.0212393 18345 a
 0.4371653 0.25186193 -0.4835877 18349 r
 -0.03488741 -0.009745572 0.02043976 18537 g
 -7.6889787 3.7247794 4.9069166 18541 a
 0.43338808 0.2506181 -0.48531327 18545 r
 0.0039947415 0.007032343 -0.0051265853 18737 g
 -7.6710224 3.6858735 4.9188876 18740 a
 0.43328154 0.25023842 -0.48561695 18744 r
 0.0039947415 0.008363924 -0.0056592175 18942 g
 -7.7344685 3.7391446 4.88896 18945 a
 0.43312046 0.2501309 -0.48587605 18950 r
 -0.0034621095 0.013956562 0.0031292143 19138 g
 -7.6985555 3.6044707 4.9188876 19141 a
 0.43356326 0.250476 -0.48587474 19145 r
 0.012516857 0.0062333946 0.009520801 19340 g
 -7.819463 3.7403417 4.871602 19344 a
 0.43484464 0.25171334 -0.48566487 19348 r
 -0.018109495 -0.019066636 0.024700819 19533 g
 -7.603985 3.591901 5.0344076 19548 a
 0.4343598 0.25077832 -0.48558262 19554 r
 0.01571265 -0.014805578 0.037217677 19738 g
 -7.590218 3.743933 5.0104656 19741 a
 0.43326345 0.24967438 -0.4850783 19745 r
 -0.0127831735 -0.048627723 0.009787117 19941 g
 -7.5566993 3.7642837 4.975151 19944 a
 0.43317673 0.24779421 -0.4838178 19948 r
 0.029028455 0.029935528 -0.0072571137 20148 g
 -7.589619 3.8522706 4.924873 20153 a
 0.43277138 0.24736044 -0.4829996 20157 r
 -7.9894834E-4 -0.015870841 -0.00272974 20337 g
 -7.630321 3.8019924 4.8937483 20341 a
 0.43437046 0.2483213 -0.48143455 20345 r
 -0.007456851 -0.003353985 -0.0043276367 20539 g
 -7.551312 3.8624458 4.9146976 20543 a
 0.434878 0.24801984 -0.48166707 20556 r
 0.0013315806 -0.0044192495 -0.0011318434 20734 g
 -7.5806413 3.8133647 4.9224787 20735 a
 0.4349088 0.24730396 -0.4818026 20736 r
 -0.0029294773 -6.90824E-4 0.004993427 20940 g
 -7.6015906 3.7978024 4.9045224 20944 a
 0.43495327 0.24733803 -0.4815515 20948 r
 -0.005060006 0.0027712854 0.005792375 21138 g
 -7.577648 3.8235402 4.9398365 21142 a
 0.43466166 0.24772608 -0.48055568 21146 r
 -0.007989483 -0.0068160943 0.007123956 21340 g
 -7.579444 3.8259344 4.956596 21344 a
 0.4344195 0.2476683 -0.4799637 21348 r
 0.0010652645 -0.0017560885 9.986854E-4 21538 g
 -7.6129627 3.8325183 4.951209 21542 a
 0.43385234 0.24718702 -0.4799569 21546 r
 0.0029294773 -0.0070824106 0.0033955304 21741 g
 -7.569867 3.8115692 4.943428 21745 a
 0.43383163 0.24764004 -0.47929344 21749 r
 5.326322E-4 0.0038365498 9.986854E-4 21943 g
 -7.555502 3.8061821 4.9398365 21947 a
 0.43378475 0.24731404 -0.47945985 21951 r
 -0.0018642128 -0.005484514 -0.0013981595 22142 g
 -7.602189 3.8061821 4.903325 22146 a
 0.4336965 0.24719179 -0.47937974 22150 r
 -2.663161E-4 0.0022386531 -5.9921126E-4 22339 g
 -7.575254 3.8187518 4.9548006 22343 a
 0.4338439 0.24703825 -0.47979674 22347 r
 -2.663161E-4 -0.0014897723 7.323693E-4 22540 g
 -7.579444 3.840898 4.9536033 22544 a
 0.43394133 0.24646765 -0.48056158 22548 r
 0.0013315806 0.0027712854 -0.0013981595 22739 g
 -7.5866265 3.8253357 4.9625816 22743 a
 0.43391204 0.24619135 -0.48066226 22747 r
 0.0 -6.90824E-4 -0.0032623722 22940 g
 -7.5842323 3.8271315 4.953005 22944 a
 0.4339727 0.24582323 -0.48112693 22947 r
 0.0 -1.5819176E-4 -0.002197108 23142 g
 -7.5602903 3.8379054 4.979341 23146 a
 0.4340172 0.24562812 -0.48143652 23150 r
 -2.663161E-4 0.0014397049 0.002596582 23341 g
 -7.5704656 3.8301241 4.984728 23344 a
 0.4339086 0.24569082 -0.48117617 23348 r
 -2.663161E-4 -0.0022887206 1.9973709E-4 23542 g
 -7.553706 3.8193502 4.960786 23547 a
 0.43377933 0.24541596 -0.48138085 23551 r
 -0.002130529 -0.0012234562 0.0020639498 23742 g
 -7.577648 3.7870286 4.959589 23745 a
 0.4336539 0.2454876 -0.4811534 23749 r
 -0.0010652645 -0.003087669 -5.9921126E-4 23942 g
 -7.5962033 3.8402996 4.948815 23945 a
 0.43347973 0.24543002 -0.48122028 23950 r
 0.002130529 0.006499711 9.986854E-4 24143 g
 -7.5231805 3.8013937 4.9757495 24147 a
 0.43369788 0.24536765 -0.48138288 24150 r
 0.0039947415 0.0035702337 -0.0035286883 24342 g
 -7.5746555 3.8265328 4.927267 24347 a
 0.4335566 0.24495259 -0.4820228 24351 r
 -0.0029294773 -0.011077153 7.323693E-4 24542 g
 -7.5764513 3.8085763 4.956596 24546 a
 0.43384522 0.24486616 -0.48210528 24550 r
 0.0037284256 0.008097608 4.660532E-4 24742 g
 -7.571663 3.8391025 4.9841294 24746 a
 0.4338117 0.24493858 -0.48199353 24750 r
 -0.012250541 -0.013207681 0.020173445 24945 g
 -7.550115 3.8061821 5.048773 24950 a
 0.43345648 0.24476102 -0.48145357 24954 r
 -0.0098536955 -0.034779284 0.0039281626 25144 g
 -7.578247 3.8444893 4.932654 25166 a
 0.43176582 0.24330077 -0.48137173 25168 r
 -0.002130529 0.012092349 0.0039281626 25343 g
 -7.6225395 3.8804023 4.985925 25348 a
 0.43218148 0.24396688 -0.48050442 25351 r
 2.663161E-4 0.016353406 9.986854E-4 25542 g
 -7.5124063 3.8121676 4.9338512 25546 a
 0.4322911 0.24486521 -0.47936526 25550 r
 -5.326322E-4 0.045115545 -0.002996056 25736 g
 -7.6440873 3.8522706 4.919486 25738 a
 0.4337071 0.2462757 -0.47912523 25739 r
 -0.014114753 -0.009479255 0.0036618465 25942 g
 -7.5812397 3.8007953 4.8662148 25946 a
 0.43424597 0.24751219 -0.47916558 25950 r
 -0.0045273737 0.0062333946 0.0020639498 26143 g
 -7.615956 3.7774518 4.905121 26147 a
 0.43420708 0.24750006 -0.47897616 26151 r
 -0.03488741 0.055235557 0.02043976 26343 g
 -7.7649946 3.8283286 4.863222 26346 a
 0.43406153 0.24915838 -0.47787085 26350 r
 0.0010652645 0.042452384 0.0100534335 26544 g
 -7.5447283 3.7732618 4.8961425 26548 a
 0.43566054 0.25383872 -0.4740171 26552 r
 -0.011717909 -0.020398216 7.323693E-4 26747 g
 -7.7051396 3.9246953 4.8536453 26750 a
 0.4343287 0.25311518 -0.47358683 26755 r
 -0.018642128 0.025940787 -0.004860269 26944 g
 -7.784148 3.6343982 4.71957 26949 a
 0.43547428 0.25466263 -0.4728178 26953 r
 0.013582122 -0.027056118 -0.011518172 27145 g
 -7.560889 3.7235823 4.855441 27149 a
 0.43589506 0.25771642 -0.47271523 27154 r
 0.040746365 -0.07605828 -0.042943474 27348 g
 -7.8302364 4.012682 4.8662148 27352 a
 0.43351975 0.25431782 -0.4752852 27356 r
 0.080960095 -0.08990672 -0.046671897 27545 g
 -7.350199 3.7870286 5.177461 27550 a
 0.43490532 0.24743932 -0.48278502 27554 r
 0.09241169 0.017418671 -0.06025402 27745 g
 -7.429208 3.630807 4.84347 27749 a
 0.43092245 0.2389687 -0.49218306 27753 r
 -0.07962851 -0.27100167 -0.13375726 27949 g
 -7.1101804 3.6589386 5.5641246 27953 a
 0.4270702 0.24209893 -0.49765506 27957 r
 -0.06578008 -0.0845804 -0.10606039 28146 g
 -7.3406224 1.9949685 4.9961004 28150 a
 0.41048783 0.23307803 -0.5055297 28154 r
 -0.47857004 0.6459247 -0.81312966 28347 g
 -6.3033347 1.1665748 4.8057613 28350 a
 0.41234416 0.28596634 -0.52727336 28355 r
 -0.3273025 -0.25608796 -0.86932236 28550 g
 -10.911574 0.24241292 5.2103815 28554 a
 0.3672982 0.33950013 -0.5737489 28558 r
 0.15419702 0.40091386 0.15785888 28746 g
 -5.33907 0.6302736 3.4799721 28750 a
 0.38167688 0.36431134 -0.57377845 28754 r
 -0.32597092 -0.19030789 -0.80327594 28947 g
 -5.629367 -0.31783026 3.0855274 28951 a
 0.35357803 0.3283152 -0.59949976 28955 r
 -0.22370553 -0.86248976 1.3514876 29150 g
 -7.281366 1.8309658 5.003283 29154 a
 0.35373965 0.3415296 -0.5965852 29158 r
 0.32650355 -0.061943527 1.0646652 29347 g
 -6.2512608 2.223615 5.134964 29350 a
 0.3896058 0.27249682 -0.55395395 29355 r
 0.10918961 -0.47766298 0.5940847 29546 g
 -5.7855883 2.2577322 4.2179847 29550 a
 0.40113777 0.23045683 -0.5418455 29557 r
 -0.16192019 0.14391883 0.100600906 29749 g
 -7.9170265 4.0707417 5.555745 29753 a
 0.4127845 0.21878102 -0.51504785 29757 r
 -0.018908443 -0.17006786 -0.11884356 29947 g
 -7.1808095 3.433884 5.483919 29951 a
 0.41825944 0.22538558 -0.5114741 29955 r
 0.030892668 -0.058215104 -0.19660787 30147 g
 -7.08145 3.4566288 5.513248 30151 a
 0.40937442 0.22376147 -0.5266169 30155 r
 0.060453758 -0.12319624 0.10912302 30349 g
 -7.61416 4.172495 5.957971 30354 a
 0.40679002 0.22007295 -0.5328626 30359 r
 -0.08575378 0.09251981 0.033755567 30550 g
 -7.294534 3.7588966 5.7125654 30557 a
 0.40596822 0.20329851 -0.5236986 30560 r
 0.047404267 0.01821762 0.004460795 30746 g
 -7.2448545 3.875614 5.60722 30750 a
 0.40660205 0.20975047 -0.52201587 30755 r
 0.010386328 0.08825876 0.0041944785 30950 g
 -7.36217 3.7122097 5.486912 30954 a
 0.410786 0.2114475 -0.520642 30958 r
 -0.016511599 0.038990278 0.018042916 31150 g
 -7.252037 3.709217 5.5629277 31159 a
 0.41280854 0.21350029 -0.52031094 31162 r
 -0.008522116 0.019016568 -0.012849752 31347 g
 -7.2484455 3.678691 5.57849 31351 a
 0.41209483 0.21343404 -0.5207346 31355 r
 0.011185276 0.00996182 -6.657903E-5 31553 g
 -7.301118 3.6631286 5.5539494 31559 a
 0.41240525 0.21476561 -0.52102417 31563 r
 -0.021571605 0.048045024 -0.014447649 31747 g
 -7.2448545 3.594894 5.5922565 31750 a
 0.4133875 0.21711522 -0.5216859 31755 r
 -0.011984224 0.0025049692 -0.0067244815 31947 g
 -7.3388267 3.3063924 5.3606176 31951 a
 0.41295356 0.22028148 -0.5222718 31956 r
 -0.021571605 0.07334505 -0.0533298 32150 g
 -7.590218 3.3333273 5.345654 32154 a
 0.41193867 0.22910738 -0.5244859 32158 r
 -0.029294772 0.03659343 -0.02589924 32347 g
 -7.575853 3.4243069 5.3606176 32351 a
 0.412842 0.23563367 -0.52441627 32356 r
 0.04261058 -0.016403474 0.07450193 32556 g
 -7.433398 3.389591 5.400122 32560 a
 0.41335866 0.23582545 -0.52317697 32563 r
 0.034088463 -0.008413991 0.04014715 32751 g
 -7.475895 3.3464954 5.3342814 32755 a
 0.41433796 0.23281002 -0.5214706 32759 r
 0.0018642128 -0.0041529336 0.01431449 32949 g
 -7.447763 3.4117374 5.3899465 32954 a
 0.41499245 0.23271897 -0.5211442 32957 r
 0.00479369 -0.019865584 0.022037657 33149 g
 -7.439982 3.4380736 5.412093 33154 a
 0.4146606 0.23118421 -0.5209157 33157 r
 0.0061252704 -0.0036203011 0.0036618465 33351 g
 -7.4603324 3.4165258 5.3743844 33356 a
 0.41458952 0.23027301 -0.5211461 33360 r
 0.0013315806 0.008363924 9.986854E-4 33556 g
 -7.519589 3.4751837 5.383961 33560 a
 0.41520303 0.23006544 -0.5213054 33563 r
 0.0010652645 -6.90824E-4 -0.004061321 33749 g
 -7.4447703 3.4183214 5.3821654 33753 a
 0.41571775 0.22952572 -0.52203685 33757 r
 -0.0018642128 -0.0036203011 0.0033955304 33951 g
 -7.2963295 3.3117795 5.3169236 33956 a
 0.41568092 0.22921827 -0.52218884 33960 r
 0.018109495 -0.057948787 0.065979816 34149 g
 -7.211934 3.3961751 5.4264584 34154 a
 0.41558093 0.22696722 -0.52197605 34158 r
 -0.022370553 -0.090971984 0.07450193 34350 g
 -7.2592196 3.5338416 5.3833623 34355 a
 0.41510886 0.2221469 -0.5211424 34358 r
 0.0031957934 0.040321857 -0.0035286883 34555 g
 -7.36636 3.570952 5.4384294 34562 a
 0.41625786 0.2208009 -0.52032954 34566 r
 0.002130529 -0.003087669 0.004993427 34751 g
 -7.353192 3.5739446 5.446809 34755 a
 0.41677308 0.22182515 -0.5196076 34759 r
 -0.0031957934 0.0027712854 -0.0043276367 34953 g
 -7.33763 3.6290112 5.4366336 34958 a
 0.4162946 0.2219826 -0.5194059 34961 r
 0.0018642128 0.006766027 -8.6552737E-4 35156 g
 -7.3005195 3.5565867 5.4462104 35160 a
 0.41618603 0.22245252 -0.5184197 35164 r
 -0.00479369 0.0014397049 -0.023502396 35353 g
 -7.4082584 3.4991257 5.4043117 35361 a
 0.41587004 0.22296765 -0.51803917 35365 r
 0.033555828 -0.008680307 -0.04853611 35555 g
 -7.5124063 3.4512417 5.393538 35562 a
 0.4160316 0.226031 -0.51823074 35566 r
 -0.05379585 -0.015604526 -0.10606039 35756 g
 -7.4507556 3.240552 5.4803276 35759 a
 0.41300043 0.22946036 -0.5240508 35763 r
 -0.038083203 1.0812434E-4 0.021771342 35954 g
 -7.2071457 2.7724855 5.393538 35958 a
 0.4091056 0.23337683 -0.52700514 35962 r
 -0.07456851 -0.0046855654 -0.04986769 36152 g
 -7.6548615 3.469797 5.605425 36157 a
 0.40309918 0.23802653 -0.5279699 36160 r
 -0.08468852 -0.03877403 0.076898776 36353 g
 -7.3807254 3.2668881 5.573103 36357 a
 0.4027877 0.23295069 -0.5238815 36361 r
 0.017310547 0.03952291 0.031625036 36553 g
 -7.3088994 3.3692403 5.519832 36557 a
 0.4027221 0.23155025 -0.5205923 36561 r
 0.12410331 0.08213349 0.04360926 36754 g
 -7.6015906 3.3542767 5.2444987 36758 a
 0.41012287 0.23293492 -0.5170104 36762 r
 -0.0063915867 0.027804999 0.020972393 36957 g
 -7.4812818 3.4374752 5.3181205 36961 a
 0.41715923 0.2379266 -0.51392215 36965 r
 0.007989483 -0.03184981 0.009254484 37154 g
 -7.542334 3.4506433 5.2887917 37159 a
 0.4165019 0.23692241 -0.5136966 37163 r
 -0.01571265 -0.015604526 0.04307663 37355 g
 -7.4974427 3.4542346 5.3007627 37359 a
 0.4163431 0.23594454 -0.513429 37363 r
 -0.012250541 0.02354394 0.018042916 37558 g
 -7.2185183 3.0220811 5.1200004 37562 a
 0.4159572 0.23687911 -0.5105414 37566 r
 0.06684534 -0.11840254 0.097671434 37755 g
 -7.0820484 3.549404 5.367202 37759 a
 0.41599235 0.23436421 -0.50969595 37762 r
 -0.01438107 0.019815516 -0.021371868 37955 g
 -7.247847 3.5565867 5.3887496 37960 a
 0.41585627 0.22448614 -0.50699323 37963 r
 -2.663161E-4 0.0049018143 0.030027142 38159 g
 -7.331644 3.6523547 5.392939 38162 a
 0.41605416 0.2248958 -0.5072362 38166 r
 0.0031957934 0.004102866 -0.00272974 38356 g
 -7.28795 3.66253 5.3857565 38360 a
 0.41673625 0.22491744 -0.507453 38364 r
 -0.0045273737 -0.008147675 0.005259743 38559 g
 -7.3088994 3.685275 5.3899465 38563 a
 0.41691107 0.22492033 -0.5076874 38569 r
 0.0029294773 0.004369182 0.0033955304 38759 g
 -7.351396 3.6421793 5.406706 38762 a
 0.41733947 0.22528538 -0.50772876 38766 r
 0.004261058 0.004635498 -0.0024634239 38957 g
 -7.304111 3.6583402 5.3779755 38961 a
 0.41754454 0.22551948 -0.50787896 38964 r
 -7.9894834E-4 0.004369182 -0.004593953 39152 g
 -7.3687544 3.7325604 5.4138885 39156 a
 0.4174367 0.22602293 -0.50704664 39160 r
 -0.0034621095 0.008097608 -0.0016644757 39353 g
 -7.342418 3.6224272 5.3354783 39357 a
 0.4180351 0.22638798 -0.5066832 39360 r
 -5.326322E-4 -0.0022887206 0.0039281626 39552 g
 -7.342418 3.6613328 5.3965306 39557 a
 0.41829517 0.2268101 -0.506599 39561 r
 5.326322E-4 -0.0065497784 0.008455536 39753 g
 -7.3472066 3.6553473 5.3582234 39757 a
 0.41842827 0.2266357 -0.5065873 39761 r
 7.9894834E-4 -0.0020224045 1.9973709E-4 39954 g
 -7.342418 3.6768951 5.3408656 39958 a
 0.41841507 0.22651812 -0.50662583 39961 r
 -0.002396845 -0.0012234562 0.002596582 40153 g
 -7.3729444 3.6721067 5.3396683 40157 a
 0.41867945 0.22622222 -0.50699264 40161 r
 -2.663161E-4 0.0022386531 4.660532E-4 40353 g
 -7.342418 3.6715083 5.393538 40365 a
 0.41907293 0.2261667 -0.5072585 40370 r
 -0.0013315806 0.0057007624 -0.0024634239 40554 g
 -7.351396 3.6361938 5.3863554 40558 a
 0.41923934 0.22603336 -0.5077016 40562 r
 -0.010120012 0.007032343 1.9973709E-4 40754 g
 -7.4058642 3.6703112 5.310938 40758 a
 0.4193827 0.22644663 -0.5079897 40762 r
 0.0010652645 -0.0036203011 -0.002996056 40954 g
 -7.381324 3.6697125 5.3498435 40958 a
 0.42046776 0.2271578 -0.50781256 40962 r
 5.326322E-4 -0.008413991 0.0047271107 41155 g
 -7.2298903 3.6056678 5.4264584 41159 a
 0.42015234 0.22672087 -0.50780314 41163 r
 -0.0026631611 -0.007881359 -0.0061918497 41354 g
 -7.2729864 3.6661212 5.4282537 41359 a
 0.41887102 0.22590071 -0.50791377 41362 r
 -0.014114753 -0.06380774 0.004993427 41554 g
 -7.3190746 3.7032316 5.507861 41559 a
 0.41706532 0.2241675 -0.5086033 41562 r
 -0.0039947415 0.009429188 0.009520801 41756 g
 -7.197569 3.6367924 5.48751 41760 a
 0.4149472 0.22238266 -0.5086917 41764 r
 0.0029294773 0.006499711 -5.9921126E-4 41955 g
 -7.243657 3.6715083 5.5246205 41959 a
 0.414616 0.22149822 -0.5091221 41963 r
 -0.015978966 -0.03238244 0.0100534335 42155 g
 -7.1634517 3.5488055 5.507262 42159 a
 0.4145187 0.22107756 -0.5093073 42163 r
 -0.027963191 -0.0763246 0.002330266 42356 g
 -7.1604586 3.654749 5.66947 42360 a
 0.4117402 0.21895489 -0.51010233 42364 r
 -0.021038972 -0.06567195 0.026565032 42555 g
 -6.977901 3.7044287 5.761048 42560 a
 0.4070815 0.21406722 -0.51076263 42563 r
 -0.012250541 -0.033181388 0.01857555 42756 g
 -6.875549 3.7774518 5.929839 42760 a
 0.40278533 0.20899928 -0.5111062 42764 r
 -0.037284255 -0.048627723 0.038549256 42957 g
 -6.830059 3.6332011 5.971139 42961 a
 0.39897645 0.20450279 -0.5114922 42964 r
 -0.03488741 0.06615452 0.023369238 43156 g
 -6.981492 3.5972881 5.793968 43160 a
 0.39649573 0.20536873 -0.50902444 43164 r
 -0.07057377 0.05789872 0.009520801 43357 g
 -7.1610575 3.5817258 5.5940523 43361 a
 0.39788213 0.21271831 -0.5032533 43364 r
 -0.05752428 0.24671684 0.031891353 43557 g
 -7.507618 3.6128504 5.2606597 43561 a
 0.4013663 0.22577989 -0.49444243 43565 r
 -0.06657903 0.208101 0.034554515 43758 g
 -7.7009497 3.5763388 5.1607018 43761 a
 0.41088635 0.24496973 -0.48197928 43765 r
 0.0029294773 -0.034246653 -0.0019307918 43957 g
 -7.421427 3.5805287 5.325303 43961 a
 0.4140215 0.2517879 -0.47837523 43965 r
 0.011717909 -0.011077153 -0.004593953 44158 g
 -7.48188 3.5122938 5.2343235 44162 a
 0.41163155 0.24791774 -0.4805915 44166 r
 -0.0018642128 0.03313132 0.0031292143 44357 g
 -7.4926543 3.5715504 5.1840453 44361 a
 0.4118802 0.24930492 -0.4794434 44364 r
 0.0058589545 -0.013207681 -8.6552737E-4 44558 g
 -7.527969 3.6176388 5.225345 44560 a
 0.41297516 0.25072515 -0.47762993 44561 r
 -7.9894834E-4 -6.90824E-4 0.0020639498 44759 g
 -7.5471225 3.6254199 5.191228 44762 a
 0.4132783 0.25116897 -0.47656426 44766 r
 0.005060006 0.012891297 -5.9921126E-4 44958 g
 -7.4812818 3.5607765 5.2169657 44962 a
 0.4139187 0.25145936 -0.4763389 44966 r
 -0.019973708 -0.03930666 0.004460795 45159 g
 -7.4226236 3.555988 5.306748 45162 a
 0.41263354 0.25073242 -0.47679892 45166 r
 0.026897926 -0.07339512 -0.009121327 45359 g
 -7.375937 3.6008794 5.3324857 45373 a
 0.40940547 0.24794787 -0.47758326 45380 r
 0.014114753 0.016353406 -0.00272974 45562 g
 -7.4603324 3.6296098 5.2684407 45566 a
 0.40960175 0.24466136 -0.4794909 45573 r
 0.04527374 0.02647342 -0.008322379 45760 g
 -7.4028716 3.614646 5.3300915 45763 a
 0.41239044 0.24652213 -0.47850946 45768 r
 0.024501082 -0.012675049 -0.013382385 45960 g
 -7.453748 3.6475663 5.21098 45964 a
 0.41452006 0.2448495 -0.4803541 45967 r
 -0.0029294773 0.021946045 9.986854E-4 46160 g
 -7.489063 3.6433764 5.2121773 46163 a
 0.41623762 0.24642298 -0.47969076 46167 r
 0.0063915867 -0.013207681 -0.002197108 46360 g
 -7.4507556 3.642778 5.243302 46364 a
 0.41636848 0.24647993 -0.47951886 46367 r
 0.010652645 -0.014272945 -0.0024634239 46560 g
 -7.4244194 3.655946 5.246893 46564 a
 0.4162438 0.2456379 -0.47959062 46568 r
 0.01438107 -0.015604526 -5.9921126E-4 46760 g
 -7.4148426 3.70383 5.245097 46764 a
 0.41609246 0.24473482 -0.4795799 46768 r
 -0.012516857 0.011027085 0.0047271107 46960 g
 -7.453748 3.6876693 5.2325277 46964 a
 0.41592944 0.2443918 -0.4797975 46968 r
 0.0026631611 0.00996182 0.0033955304 47160 g
 -7.4705076 3.674501 5.253477 47164 a
 0.41604185 0.24461418 -0.47993508 47168 r
 -0.008522116 -0.0068160943 0.0028628982 47361 g
 -7.4992385 3.6463692 5.282806 47364 a
 0.41608074 0.24435312 -0.48013523 47368 r
 -0.011451593 -0.0073487265 0.0068576396 47561 g
 -7.4136457 3.626617 5.321113 47564 a
 0.41512305 0.24336594 -0.48136935 47568 r
 -0.010652645 -0.008413991 0.007123956 47761 g
 -7.3178773 3.6475663 5.3725886 47765 a
 0.41368535 0.24204981 -0.4826888 47769 r
 -0.004261058 -0.003353985 -0.0019307918 47961 g
 -7.381324 3.6655228 5.3624134 47964 a
 0.41218203 0.24069741 -0.4833217 47969 r
 -0.014114753 0.013690245 0.0055260593 48161 g
 -7.417237 3.6619315 5.3139305 48164 a
 0.41241482 0.2410894 -0.4834185 48169 r
 -0.005592638 0.01475551 0.005792375 48362 g
 -7.369353 3.645172 5.349245 48365 a
 0.41264528 0.2417219 -0.48357376 48370 r
 0.0045273737 0.0022386531 7.323693E-4 48561 g
 -7.398083 3.6248214 5.3157263 48565 a
 0.4124133 0.24185741 -0.48313192 48569 r
 0.0010652645 0.008097608 4.660532E-4 48762 g
 -7.4004774 3.651756 5.361216 48765 a
 0.4127696 0.2424041 -0.4826447 48770 r
 2.663161E-4 -0.0036203011 9.986854E-4 48962 g
 -7.4244194 3.6445735 5.3354783 48965 a
 0.41241738 0.24260694 -0.48196867 48969 r
 0.0026631611 0.0062333946 -0.0024634239 49162 g
 -7.4387846 3.606865 5.257667 49165 a
 0.41227293 0.24292165 -0.4814643 49170 r
 0.018642128 -0.0041529336 -0.0019307918 49362 g
 -7.4345946 3.6643257 5.33069 49365 a
 0.41271982 0.24326906 -0.48108605 49370 r
 -0.0018642128 0.006499711 -3.3289514E-4 49560 g
 -7.351396 3.639785 5.3486466 49562 a
 0.41298747 0.2427764 -0.48166052 49563 r
 0.019707391 -0.009479255 -0.0043276367 49763 g
 -7.4016747 3.6996403 5.3025584 49767 a
 0.41357696 0.24188203 -0.48258135 49771 r
 0.014913702 -0.016137158 -0.0024634239 49963 g
 -7.3645644 3.6661212 5.2822075 49967 a
 0.41453066 0.24087492 -0.48282686 49971 r
 0.00958738 -0.0049518817 -8.6552737E-4 50163 g
 -7.378331 3.681085 5.349245 50168 a
 0.41433957 0.23946583 -0.48348305 50172 r
 0.0026631611 -0.0068160943 0.0039281626 50363 g
 -7.29214 3.6912606 5.4222684 50373 a
 0.4145311 0.23874119 -0.48423108 50380 r
 0.015446334 -0.055551942 -0.006990798 50563 g
 -7.33763 3.6463692 5.1367598 50567 a
 0.41350946 0.23692414 -0.48544618 50571 r
 0.039947417 0.016619723 -0.020306604 50764 g
 -7.0688806 3.5260606 5.1475334 50769 a
 0.41729838 0.23592138 -0.4880536 50773 r
 0.1190433 -0.118935175 -0.024833977 50964 g
 -6.835446 3.6876693 5.5743003 50968 a
 0.4237552 0.22240019 -0.49622723 50972 r
 -0.15845808 0.0014397049 0.03641873 51164 g
 -7.36217 3.7978024 5.457583 51168 a
 0.41708598 0.21875435 -0.5006692 51172 r
 2.663161E-4 -0.022528745 0.007123956 51363 g
 -7.1820064 3.7181952 5.49589 51378 a
 0.41611955 0.22320437 -0.4970996 51382 r
 0.011451593 -0.041703504 -0.012849752 51564 g
 -7.169437 3.752911 5.493496 51569 a
 0.4142518 0.2208508 -0.49839035 51573 r
 -0.0010652645 0.016619723 -0.011251856 51765 g
 -7.177218 3.7684734 5.561132 51769 a
 0.413729 0.22000659 -0.49905267 51773 r
 0.03568636 0.06668715 -0.05599296 51965 g
 -7.221511 3.5661635 5.632958 51969 a
 0.41521913 0.22352085 -0.49949571 51973 r
 0.0127831735 -0.062476162 -0.008588694 52165 g
 -7.492056 3.8121676 5.361216 52169 a
 0.41430455 0.22509685 -0.5003895 52173 r
 -0.016245283 -0.011876101 0.0033955304 52365 g
 -7.285556 3.6248214 5.367202 52369 a
 0.41551673 0.22598636 -0.50009376 52373 r
 -0.0034621095 0.040854488 -8.6552737E-4 52566 g
 -7.3819222 3.669114 5.329493 52570 a
 0.4142823 0.2253069 -0.5009268 52574 r
 0.0 0.009429188 -0.002197108 52766 g
 -7.3926964 3.7660792 5.357625 52770 a
 0.4168692 0.2274366 -0.50074476 52774 r
 -0.0066579026 -0.021996113 -3.3289514E-4 52965 g
 -7.371747 3.5978866 5.4091 52970 a
 0.4159258 0.22628438 -0.5013518 52974 r
 -0.0045273737 0.024609206 -0.009387643 53167 g
 -7.1903863 3.7445314 5.1822495 53171 a
 0.41479868 0.22609264 -0.50212115 53174 r
 0.03621899 0.14764725 -0.0533298 53366 g
 -7.7452426 3.7954082 5.08708 53371 a
 0.41921332 0.2319887 -0.5018974 53374 r
 0.01091896 0.037658695 0.061186127 53567 g
 -7.2047515 3.6954503 5.555745 53571 a
 0.42486444 0.23341846 -0.4996802 53574 r
 -0.011185276 -0.11387517 0.014580807 53768 g
 -7.3071036 3.7481227 5.422867 53772 a
 0.4171941 0.22532147 -0.5015802 53775 r
 0.03195793 0.12154827 1.9973709E-4 53967 g
 -7.2580223 3.9223008 5.400122 53971 a
 0.4167199 0.22493473 -0.5017708 53975 r
 -0.0045273737 0.022744993 -0.033888724 54167 g
 -7.3029137 3.8480806 5.446809 54171 a
 0.41918436 0.22666001 -0.5004633 54175 r
 0.017310547 0.0011733888 0.009520801 54368 g
 -7.255628 3.8420951 5.4563856 54372 a
 0.41919807 0.22875813 -0.50000435 54375 r
 -0.0063915867 -0.052089833 0.036685042 54568 g
 -7.3029137 3.674501 5.370793 54572 a
 0.4188183 0.22617576 -0.4994357 54575 r
 -0.0061252704 -0.025990855 0.007123956 54768 g
 -7.3567834 3.6709096 5.398925 54772 a
 0.41850197 0.2254686 -0.49933663 54776 r
 5.326322E-4 0.011826033 -0.0061918497 54969 g
 -7.4268136 3.715801 5.3378725 54973 a
 0.41811007 0.22472033 -0.49929366 54976 r
 -0.010120012 0.009695504 0.038282942 55168 g
 -7.2634096 3.726575 5.4444146 55172 a
 0.41832075 0.2246908 -0.49933162 55176 r
 -0.019973708 0.004635498 0.012183961 55372 g
 -7.3430166 3.7463272 5.4641666 55383 a
 0.41661626 0.2229675 -0.49981543 55388 r
 -0.06764429 -0.0041529336 0.031625036 55569 g
 -7.1646485 3.5757403 5.614403 55573 a
 0.41351363 0.22372031 -0.49848548 55577 r
 -0.010120012 -0.04143719 0.0041944785 55769 g
 -7.1221514 3.6697125 5.5617304 55773 a
 0.40762383 0.22337052 -0.49766228 55777 r
 0.034088463 0.021946045 -0.010719223 55969 g
 -7.1730285 3.6643257 5.509058 55973 a
 0.40838137 0.22268307 -0.4970723 55977 r
 0.028229507 0.049376603 -0.002996056 56170 g
 -7.380127 3.7187939 5.322909 56174 a
 0.41225588 0.22476038 -0.4956145 56178 r
 0.01571265 0.0973135 -0.014980281 56369 g
 -7.5171947 3.7630866 5.2049947 56374 a
 0.41808563 0.2296587 -0.4941 56377 r
 0.004261058 0.030734478 -6.657903E-5 56570 g
 -7.354389 3.7086184 5.2995653 56574 a
 0.42258197 0.23340175 -0.49305597 56577 r
 0.002130529 3.7444045E-4 0.002330266 56771 g
 -7.363966 3.7074213 5.3318872 56775 a
 0.42186815 0.23287958 -0.4934375 56778 r
 -0.029561087 -0.06460669 0.0028628982 56970 g
 -7.1586633 3.6457705 5.459977 56974 a
 0.41909507 0.23128575 -0.49392185 56978 r
 -5.326322E-4 -0.029452963 -0.0016644757 57170 g
 -7.270592 3.70802 5.412093 57174 a
 0.41508302 0.2280837 -0.4952018 57178 r
 -0.018642128 -0.023061376 -8.6552737E-4 57370 g
 -7.3083005 3.7487214 5.421071 57374 a
 0.41559425 0.22847056 -0.49516496 57379 r
 0.0061252704 6.4075657E-4 0.0033955304 57571 g
 -7.382521 3.696049 5.433042 57574 a
 0.41512114 0.22756335 -0.49611333 57578 r
 -0.0029294773 0.029669212 0.007123956 57771 g
 -7.4711065 3.7295678 5.297171 57774 a
 0.4159509 0.22817865 -0.49646404 57779 r
 -0.021038972 -0.010810836 -0.00752343 57971 g
 -7.5189905 3.6978445 5.2863975 57975 a
 0.41720244 0.2293751 -0.49669 57979 r
 -0.0015978967 0.07973664 0.0041944785 58171 g
 -7.465719 3.685275 5.2462945 58174 a
 0.4192706 0.23165864 -0.4965174 58179 r
 -0.0053263223 -4.245079E-4 0.007390272 58371 g
 -7.3466077 3.6715083 5.331289 58374 a
 0.42075717 0.2330952 -0.49635193 58379 r
 0.007989483 0.001706021 -0.0019307918 58572 g
 -7.419631 3.7062242 5.286996 58575 a
 0.4196796 0.23254752 -0.49621245 58579 r
 -0.002130529 -0.0020224045 0.0012650015 58771 g
 -7.401076 3.66253 5.3378725 58775 a
 0.4202667 0.23312527 -0.49529764 58778 r
 -0.0018642128 -0.007615043 0.0020639498 58971 g
 -7.4375877 3.693056 5.269039 58975 a
 0.4198304 0.23327658 -0.4949527 58979 r
 0.0010652645 0.001972337 0.0020639498 59172 g
 -7.377134 3.6900635 5.329493 59175 a
 0.41992107 0.23358354 -0.49453542 59179 r
 2.663161E-4 -0.0028213528 -0.0011318434 59376 g
 -7.3789296 3.690662 5.297171 59379 a
 0.41952798 0.23381671 -0.4939172 59383 r
 -0.0015978967 0.0022386531 0.0020639498 59572 g
 -7.3831196 3.70383 5.2822075 59576 a
 0.4192959 0.23436716 -0.49297872 59579 r
 5.326322E-4 -1.5819176E-4 7.323693E-4 59773 g
 -7.3986816 3.6774938 5.286996 59776 a
 0.4190815 0.23464829 -0.4922419 59780 r
 7.9894834E-4 0.0059670787 7.323693E-4 59972 g
 -7.429806 3.7181952 5.300164 59976 a
 0.41899896 0.23501956 -0.49181512 59979 r
 -0.007456851 -0.0020224045 0.0017976337 60316 g
