 -0.0104529075 -0.10856563 0.06200984 17 g
 -3.5942953 2.2439656 8.558673 23 a
 0.21341276 0.11623815 -0.646457 26 r
 -0.04986769 -0.18659624 0.005817143 101 g
 -3.2184057 3.0693667 8.917204 104 a
 0.20435005 0.103968844 -0.6469255 106 r
 -0.004061321 0.032848228 0.062542476 307 g
 -3.6326025 1.9422961 8.77834 312 a
 0.18975118 0.085872725 -0.64222497 320 r
 -0.044807684 -0.059297144 -0.15796727 507 g
 -4.6040497 1.9434932 9.225458 511 a
 0.18904008 0.085744426 -0.64463776 517 r
 0.072637714 0.0027545076 0.15681837 705 g
 -3.152565 1.7076644 9.585187 709 a
 0.18765008 0.084025964 -0.644604 716 r
 0.08036088 0.050957724 -0.18220203 909 g
 -4.1162314 1.8501194 8.546103 914 a
 0.17914885 0.072891444 -0.64514023 921 r
 0.10805776 0.29303905 -0.07434401 1109 g
 -3.5482068 1.6406267 8.693945 1114 a
 0.20502838 0.09336354 -0.6499706 1118 r
 -0.022703448 -0.0028381308 0.0074150395 1306 g
 -3.977966 0.98820674 7.945757 1310 a
 0.20892388 0.09815176 -0.647265 1316 r
 -0.092211954 0.20142633 -0.04664713 1508 g
 -3.9791632 1.4185646 8.738836 1512 a
 0.20553046 0.10935515 -0.6439999 1517 r
 0.025499767 0.032848228 -0.031200796 1709 g
 -4.245518 1.5239093 8.529344 1715 a
 0.20470843 0.10445222 -0.6439974 1719 r
 -0.0016644757 0.044033505 0.0034202978 1910 g
 -4.4047327 1.6238673 8.59279 1914 a
 0.20846196 0.107463896 -0.6433107 1918 r
 0.0039281626 -0.0015065502 0.012208729 2110 g
 -4.207211 1.5747862 8.716091 2115 a
 0.21052165 0.10919371 -0.64275426 2120 r
 0.014048175 -0.024676051 -8.4075995E-4 2308 g
 -4.1826706 1.572392 8.655039 2312 a
 0.2092923 0.107210904 -0.64350194 2316 r
 0.0015313176 0.017401893 0.0055508264 2509 g
 -4.210802 1.6705543 8.613739 2513 a
 0.20933598 0.10625379 -0.645047 2517 r
 -0.00272974 -0.008430769 0.0047518783 2710 g
 -4.270657 1.6065093 8.658031 2715 a
 0.21040529 0.10609722 -0.64689475 2720 r
 -0.004061321 -1.7496968E-4 0.0018224011 2904 g
 -4.183269 1.6286557 8.682572 2907 a
 0.21047142 0.105638295 -0.6484483 2908 r
 0.0017976337 0.012341888 -0.003503921 3103 g
 -4.27365 1.5867572 8.686762 3104 a
 0.21082391 0.10553472 -0.64944035 3104 r
 0.0047271107 0.01820084 2.2450447E-4 3303 g
 -4.2341456 1.673547 8.63828 3304 a
 0.21263291 0.107519686 -0.6498862 3305 r
 0.0060586915 -0.010561298 -0.006167082 3513 g
 -4.2239704 1.6172832 8.600571 3517 a
 0.21320274 0.107825994 -0.6503776 3522 r
 -0.004061321 -0.016420253 0.005018194 3710 g
 -4.329315 1.6059108 8.634089 3715 a
 0.2121696 0.10713193 -0.6500806 3719 r
 4.660532E-4 0.008347145 0.0047518783 3910 g
 -4.307169 1.6555905 8.642469 3915 a
 0.21278547 0.10794166 -0.64993185 3919 r
 -0.0019307918 0.010743991 -0.00563445 4113 g
 -4.3538556 1.6065093 8.589797 4117 a
 0.21297102 0.108010635 -0.6499415 4121 r
 -0.009121327 0.012608203 0.0074150395 4325 g
 -4.3777976 1.6184803 8.616732 4329 a
 0.21378611 0.109058425 -0.64985925 4335 r
 -0.0024634239 -0.008963401 0.004219246 4516 g
 -4.262876 1.6166847 8.623915 4519 a
 0.21371342 0.10954614 -0.6489926 4524 r
 0.0017976337 -0.0041697114 -0.0024386565 4715 g
 -4.334702 1.6154876 8.620323 4719 a
 0.21319894 0.109542266 -0.6478992 4723 r
 -0.0019307918 0.0030208237 4.9082056E-4 4912 g
 -4.300585 1.5454572 8.635287 4916 a
 0.21356227 0.11018251 -0.6473977 4920 r
 4.660532E-4 9.1346425E-5 -0.004036553 5115 g
 -4.258686 1.6591818 8.628104 5119 a
 0.2133692 0.11065197 -0.6470364 5123 r
 -0.0024634239 -0.003370763 -8.4075995E-4 5318 g
 -4.296395 1.6519991 8.620323 5323 a
 0.21348579 0.110613704 -0.6469255 5327 r
 -0.0013981595 8.9029473E-4 0.0028876655 5518 g
 -4.282628 1.638831 8.624513 5521 a
 0.21397573 0.11081533 -0.646993 5525 r
 -0.0032623722 -0.006033924 0.004485562 5714 g
 -4.2742486 1.6609775 8.675988 5718 a
 0.21383987 0.11044082 -0.64742476 5722 r
 -0.002197108 -0.0036370791 0.0018224011 5916 g
 -4.2838254 1.6262615 8.6017685 5920 a
 0.21362185 0.110010535 -0.64769477 5924 r
 -0.0011318434 0.008613462 0.0036866139 6115 g
 -4.298789 1.6274586 8.666411 6119 a
 0.21396796 0.11022842 -0.6478835 6123 r
 0.0017976337 -0.0023054986 0.001289769 6315 g
 -4.268862 1.6328455 8.646061 6319 a
 0.21407539 0.110246494 -0.64804965 6322 r
 -5.9921126E-4 -0.003370763 -0.0013733922 6519 g
 -4.3065705 1.6466122 8.695741 6523 a
 0.2139712 0.11024395 -0.6479171 6527 r
 -0.0019307918 3.5766253E-4 -3.0812772E-4 6715 g
 -4.307169 1.6274586 8.631696 6719 a
 0.21384214 0.110564634 -0.64763325 6722 r
 0.0012650015 -0.011360246 0.0023550333 6915 g
 -4.2538977 1.6328455 8.641273 6921 a
 0.2140269 0.110707626 -0.6474672 6925 r
 -0.0013981595 9.1346425E-5 0.0018224011 7118 g
 -4.291008 1.6382325 8.623915 7122 a
 0.21388112 0.11026548 -0.6477683 7126 r
 1.9973709E-4 -0.0017728664 -0.0024386565 7316 g
 -4.3089647 1.6621746 8.632893 7319 a
 0.2142127 0.11034757 -0.6482 7323 r
 -0.0013981595 -0.003104447 0.0010234528 7517 g
 -4.313154 1.644218 8.6334915 7522 a
 0.21439476 0.11027701 -0.6485732 7526 r
 -0.002197108 0.0030208237 0.004219246 7716 g
 -4.3077674 1.6555905 8.6334915 7720 a
 0.21460508 0.110005245 -0.649535 7724 r
 0.0033955304 -0.0017728664 2.2450447E-4 7916 g
 -4.291008 1.5957354 8.652046 7920 a
 0.21495496 0.109799355 -0.6504331 7924 r
 -0.0032623722 9.1346425E-5 0.0018224011 8117 g
 -4.3221326 1.6190789 8.645462 8121 a
 0.21489763 0.10964839 -0.65111953 8125 r
 -3.3289514E-4 0.0019555592 7.571367E-4 8317 g
 -4.3209357 1.6316484 8.6574335 8321 a
 0.21504635 0.10972561 -0.6515005 8325 r
 -6.657903E-5 -0.005234976 0.0074150395 8517 g
 -4.203021 1.6059108 8.632295 8521 a
 0.2150471 0.10957104 -0.65173787 8524 r
 -0.0024634239 -0.003370763 0.004485562 8716 g
 -4.209605 1.6292542 8.623316 8720 a
 0.21451013 0.108825624 -0.65205663 8724 r
 -0.0067244815 -0.0047023436 0.001556085 8919 g
 -4.243124 1.6340426 8.610746 8923 a
 0.21405227 0.107973665 -0.65291566 8927 r
 -0.0011318434 0.009146094 7.571367E-4 9117 g
 -4.289212 1.6567876 8.637681 9121 a
 0.21419658 0.10796286 -0.6530637 9125 r
 -8.6552737E-4 -0.0063002403 -0.0013733922 9317 g
 -4.2491093 1.6334441 8.638878 9320 a
 0.21459681 0.10823144 -0.65310603 9325 r
 7.323693E-4 -0.0012402341 -0.0019060244 9521 g
 -4.256292 1.6370354 8.668806 9525 a
 0.21438654 0.1081164 -0.6527373 9528 r
 4.660532E-4 0.0027545076 0.0028876655 9719 g
 -4.24492 1.614889 8.674192 9724 a
 0.21432564 0.10828641 -0.6521812 9727 r
 -8.6552737E-4 0.0070155654 2.2450447E-4 9917 g
 -4.285621 1.6394296 8.658031 9921 a
 0.21428946 0.10851684 -0.65202004 9925 r
 -0.0032623722 0.005950301 0.0028876655 10121 g
 -4.31076 1.6172832 8.632893 10129 a
 0.21444166 0.108788654 -0.6520137 10133 r
 -0.0013981595 -1.7496968E-4 7.571367E-4 10317 g
 -4.23235 1.632247 8.655638 10324 a
 0.21473917 0.10887325 -0.6524648 10329 r
 7.323693E-4 0.001689243 4.9082056E-4 10518 g
 -4.272453 1.5825673 8.637083 10523 a
 0.21450692 0.10857226 -0.65231603 10526 r
 7.323693E-4 0.0048850365 4.9082056E-4 10719 g
 -4.2263646 1.6298528 8.661025 10724 a
 0.21446455 0.108979985 -0.6518169 10728 r
 0.0017976337 -7.076019E-4 -4.181163E-5 10919 g
 -4.267066 1.6364368 8.653243 10924 a
 0.21431574 0.108797476 -0.6517498 10927 r
 -6.657903E-5 -0.0015065502 0.001556085 11119 g
 -4.24073 1.6603789 8.622718 11124 a
 0.21444747 0.108927384 -0.6517548 11127 r
 -0.0032623722 0.0043524043 -0.0011070761 11318 g
 -4.2957964 1.6214731 8.635885 11321 a
 0.21457171 0.10874024 -0.6522226 11325 r
 -0.0016644757 -7.076019E-4 0.001289769 11519 g
 -4.2610803 1.632247 8.653243 11524 a
 0.21481591 0.10898441 -0.6525925 11527 r
 -0.0019307918 0.0011566109 -3.0812772E-4 11719 g
 -4.253299 1.6220716 8.630499 11724 a
 0.21472113 0.10884313 -0.6526907 11727 r
 -5.9921126E-4 0.0022218754 0.001289769 11925 g
 -4.2598834 1.6232687 8.629301 11929 a
 0.21488783 0.10880922 -0.6531891 11933 r
 -0.0037950044 6.239786E-4 0.0018224011 12120 g
 -4.2580876 1.6112977 8.632893 12126 a
 0.21478234 0.108817115 -0.65288466 12129 r
 -0.0011318434 6.239786E-4 -5.7444384E-4 12320 g
 -4.2281604 1.6238673 8.647258 12324 a
 0.2147093 0.10901959 -0.65254194 12329 r
 -8.6552737E-4 0.0011566109 0.001556085 12523 g
 -4.253299 1.6208745 8.630499 12527 a
 0.214501 0.10905576 -0.6519975 12531 r
 -0.002996056 -0.0020391825 -0.0013733922 12719 g
 -4.296395 1.6220716 8.637083 12724 a
 0.21438695 0.10924381 -0.65154415 12727 r
 -0.0011318434 -0.0012402341 0.0039529298 12923 g
 -4.250905 1.6065093 8.644864 12927 a
 0.21446532 0.10962847 -0.6506949 12931 r
 -5.9921126E-4 -9.73918E-4 0.0026213494 13119 g
 -4.282628 1.6651673 8.653842 13124 a
 0.21414705 0.10976921 -0.6495877 13128 r
 -6.657903E-5 0.004086088 0.0018224011 13321 g
 -4.268862 1.6232687 8.615535 13325 a
 0.21430613 0.110008866 -0.649075 13328 r
 -0.0011318434 -0.003370763 0.001556085 13520 g
 -4.2981906 1.6232687 8.637083 13525 a
 0.2141291 0.11018671 -0.64844495 13529 r
 -0.004061321 0.0027545076 0.006616091 13724 g
 -4.238934 1.6358383 8.704719 13728 a
 0.21405908 0.110162556 -0.6483281 13732 r
 -3.3289514E-4 -0.0044360273 0.0047518783 13924 g
 -4.2161894 1.6262615 8.6257105 13928 a
 0.2137632 0.11002068 -0.6483068 13932 r
 -0.0051265853 0.006216617 0.0020887172 14121 g
 -4.255095 1.666963 8.647258 14125 a
 0.21394512 0.11002596 -0.6485382 14129 r
 4.660532E-4 3.5766253E-4 0.0036866139 14325 g
 -4.280234 1.6280571 8.64666 14329 a
 0.21426427 0.110113874 -0.648634 14333 r
 -3.3289514E-4 9.1346425E-5 0.0031539816 14524 g
 -4.274847 1.6112977 8.653243 14528 a
 0.21430089 0.10980515 -0.6493817 14543 r
 9.986854E-4 -0.0020391825 -4.181163E-5 14718 g
 -4.2515035 1.6346412 8.634688 14721 a
 0.2143648 0.1099685 -0.64941436 14725 r
 -0.0011318434 0.0032871398 0.0031539816 14927 g
 -4.308366 1.596334 8.612542 14930 a
 0.2142654 0.10978243 -0.6495901 14935 r
 -0.0011318434 -0.0063002403 -5.7444384E-4 15119 g
 -4.237737 1.6460136 8.681973 15124 a
 0.21429084 0.110023946 -0.6497504 15136 r
 -8.6552737E-4 -0.0023054986 2.2450447E-4 15318 g
 -4.2419267 1.632247 8.652046 15323 a
 0.2138809 0.10937764 -0.65029114 15326 r
 9.986854E-4 -0.0023054986 0.0034202978 15519 g
 -4.259285 1.6358383 8.613141 15524 a
 0.21397106 0.109390706 -0.6503816 15528 r
 9.986854E-4 -0.046247657 0.01354031 15719 g
 -4.2395325 1.6142905 8.684967 15723 a
 0.21366948 0.108400926 -0.6512373 15727 r
 0.0033955304 0.0011566109 0.0010234528 15919 g
 -4.243124 1.6400281 8.667608 15924 a
 0.21216202 0.10673742 -0.6519684 15927 r
 -0.004860269 0.013673468 0.0020887172 16122 g
 -4.213795 1.6256629 8.651448 16126 a
 0.21319707 0.107558444 -0.65196234 16129 r
 -8.6552737E-4 -0.0039033953 -8.4075995E-4 16319 g
 -4.203021 1.6256629 8.672996 16324 a
 0.21306522 0.10743956 -0.65201634 16328 r
 -3.3289514E-4 0.0054176687 0.001289769 16520 g
 -4.209007 1.6328455 8.686164 16524 a
 0.21315448 0.107614234 -0.6520123 16528 r
 -0.0019307918 0.001422927 0.001289769 16721 g
 -4.2161894 1.6065093 8.67539 16725 a
 0.21326606 0.10778001 -0.6519168 16729 r
 -0.0013981595 8.9029473E-4 0.0023550333 16920 g
 -4.2078094 1.5664065 8.656835 16924 a
 0.21322598 0.107995495 -0.65157825 16928 r
 0.0017976337 0.00808083 -5.7444384E-4 17122 g
 -4.258686 1.6537948 8.65863 17126 a
 0.21323355 0.10844311 -0.65110594 17130 r
 -0.0013981595 -0.008963401 0.0047518783 17322 g
 -4.1623197 1.6400281 8.646061 17326 a
 0.21321934 0.10866815 -0.6501383 17329 r
 0.0031292143 0.0011566109 -5.7444384E-4 17520 g
 -4.256292 1.6298528 8.683171 17524 a
 0.21274544 0.108291194 -0.649612 17527 r
 0.0012650015 0.006216617 -0.0043028696 17725 g
 -4.19524 1.6142905 8.654441 17729 a
 0.21341819 0.10914251 -0.6492247 17733 r
 0.0017976337 -1.7496968E-4 -0.0019060244 17921 g
 -4.2479124 1.6328455 8.659229 17925 a
 0.21304733 0.10896061 -0.6490455 17929 r
 -0.0019307918 0.00461872 0.0020887172 18123 g
 -4.2161894 1.6023195 8.701726 18127 a
 0.21332955 0.10910064 -0.6491018 18131 r
 -0.0013981595 -0.0025718147 0.0034202978 18322 g
 -4.2515035 1.6059108 8.69155 18326 a
 0.21307041 0.1089624 -0.6492196 18329 r
 -0.0013981595 0.005950301 -4.181163E-5 18523 g
 -4.2401314 1.6101006 8.659827 18527 a
 0.21312526 0.10892834 -0.6498006 18530 r
 1.9973709E-4 0.001422927 0.0023550333 18724 g
 -4.235343 1.6226702 8.659827 18728 a
 0.2131756 0.10898377 -0.65007025 18732 r
 -8.6552737E-4 8.9029473E-4 0.001556085 18923 g
 -4.2299557 1.6136919 8.672397 18926 a
 0.21327329 0.10891698 -0.6504834 18930 r
 -0.002197108 -0.0039033953 7.571367E-4 19125 g
 -4.2036195 1.6531962 8.651448 19128 a
 0.21329379 0.10882941 -0.65091676 19133 r
 -3.3289514E-4 0.001689243 -8.4075995E-4 19323 g
 -4.288614 1.608305 8.615535 19327 a
 0.21343653 0.10861507 -0.6512323 19330 r
 -0.0032623722 -0.0012402341 0.0010234528 19523 g
 -4.2676644 1.6358383 8.66701 19526 a
 0.21368176 0.10874708 -0.65148026 19530 r
 0.0017976337 -9.73918E-4 0.0020887172 19724 g
 -4.2395325 1.6424223 8.662222 19728 a
 0.21360719 0.10877322 -0.65105826 19731 r
 -0.0011318434 3.5766253E-4 0.0010234528 19924 g
 -4.2305546 1.6190789 8.658031 19927 a
 0.21359952 0.10882135 -0.65058976 19931 r
 -0.0024634239 -9.73918E-4 0.001556085 20125 g
 -4.220978 1.6412252 8.678383 20136 a
 0.21341655 0.10861182 -0.65058976 20140 r
 0.0012650015 6.239786E-4 0.0020887172 20330 g
 -4.2275615 1.6466122 8.65863 20334 a
 0.21339954 0.10838109 -0.6509877 20338 r
 -0.0037950044 0.0030208237 0.0018224011 20524 g
 -4.19943 1.6124948 8.681973 20528 a
 0.21339726 0.10838075 -0.65096194 20532 r
 -0.0019307918 0.0022218754 0.001289769 20726 g
 -4.2305546 1.6256629 8.661025 20730 a
 0.2131779 0.10824858 -0.6509543 20734 r
 -0.002197108 0.0024881915 0.0036866139 20925 g
 -4.2131963 1.6154876 8.631097 20929 a
 0.21315646 0.10832149 -0.65052015 20933 r
 -0.002197108 -0.0025718147 0.0031539816 21125 g
 -4.2263646 1.6406267 8.683171 21129 a
 0.21306427 0.10818143 -0.6507017 21133 r
 -8.6552737E-4 0.0024881915 4.9082056E-4 21325 g
 -4.0563765 1.5831659 8.597578 21329 a
 0.21328034 0.10809629 -0.65105635 21333 r
 0.0063250074 0.027788222 -0.0016397083 21526 g
 -4.4059296 1.602918 8.663419 21530 a
 0.21290565 0.10732587 -0.6517231 21534 r
 -0.002197108 0.012075571 0.006349775 21724 g
 -4.2054152 1.632247 8.687361 21728 a
 0.21521813 0.10970546 -0.651617 21732 r
 0.0041944785 -0.019882362 -0.0013733922 21926 g
 -4.322731 1.6687586 8.641273 21929 a
 0.21436155 0.10872881 -0.6519266 21933 r
 -0.0024634239 0.014738732 0.006349775 22129 g
 -4.225766 1.654992 8.655039 22134 a
 0.21489002 0.1091494 -0.6518068 22138 r
 -8.6552737E-4 -0.0076318206 -4.181163E-5 22326 g
 -4.268263 1.5873557 8.628104 22330 a
 0.21475354 0.10857628 -0.6524821 22334 r
 -0.0016644757 0.006482933 -8.4075995E-4 22525 g
 -4.24492 1.6101006 8.664616 22529 a
 0.21447171 0.108688176 -0.652487 22551 r
 -0.0013981595 -0.0047023436 -4.181163E-5 22734 g
 -4.272453 1.6514006 8.683171 22739 a
 0.21424165 0.108588606 -0.65257853 22743 r
 -3.3289514E-4 0.0027545076 0.0023550333 22930 g
 -4.276643 1.6478093 8.6496525 22935 a
 0.21453275 0.108710185 -0.65271705 22938 r
 -0.0011318434 -0.0063002403 0.004219246 23129 g
 -4.2503066 1.6472107 8.626308 23134 a
 0.21440057 0.10852821 -0.6527998 23138 r
 -0.00272974 -0.0020391825 -0.0019060244 23327 g
 -4.27365 1.6244658 8.627506 23330 a
 0.21444945 0.10848972 -0.6528701 23336 r
 -5.9921126E-4 0.0022218754 0.0026213494 23526 g
 -4.226963 1.6430209 8.647857 23530 a
 0.21453613 0.10878289 -0.6525957 23535 r
 -6.657903E-5 -7.076019E-4 0.001556085 23726 g
 -4.247314 1.6364368 8.655638 23730 a
 0.21443954 0.10874191 -0.6522197 23735 r
 7.323693E-4 -9.73918E-4 2.2450447E-4 23927 g
 -4.2491093 1.5759833 8.620323 23930 a
 0.21433716 0.109037355 -0.6511592 23935 r
 -0.0035286883 0.006749249 2.2450447E-4 24129 g
 -4.2161894 1.6334441 8.661623 24134 a
 0.21405515 0.10932842 -0.65054184 24137 r
 -0.004061321 0.001689243 0.0023550333 24327 g
 -4.267066 1.6436194 8.67958 24332 a
 0.21371032 0.10909429 -0.6502896 24336 r
 -0.0011318434 -4.4128578E-4 -0.0029712887 24528 g
 -4.220379 1.620276 8.659229 24532 a
 0.21411587 0.10954511 -0.64984804 24536 r
 -0.002197108 -0.0020391825 0.001289769 24728 g
 -4.2556934 1.6178818 8.682572 24735 a
 0.21366577 0.10918565 -0.6496952 24738 r
 -0.0032623722 0.0011566109 0.0010234528 24927 g
 -4.2598834 1.6035166 8.631696 24931 a
 0.21377921 0.10944569 -0.6493991 24936 r
 -0.004860269 0.0043524043 0.001289769 25130 g
 -4.256292 1.6316484 8.6712 25143 a
 0.21375006 0.1092608 -0.6500861 25147 r
 -0.0035286883 0.0032871398 0.004485562 25328 g
 -4.222773 1.6124948 8.619724 25333 a
 0.2140296 0.10942502 -0.6504409 25336 r
 -0.0019307918 0.009146094 7.571367E-4 25528 g
 -4.171298 1.7058687 8.678981 25533 a
 0.21406014 0.10936627 -0.6507458 25537 r
 0.0028628982 0.0048850365 -0.0029712887 25729 g
 -4.296395 1.6358383 8.663419 25734 a
 0.21408379 0.10908441 -0.6507507 25737 r
 0.0017976337 0.0072818813 0.005817143 25929 g
 -4.2820296 1.6645688 8.62152 25933 a
 0.21434508 0.10928632 -0.65072614 25937 r
 -0.0013981595 -0.0015065502 0.005018194 26130 g
 -4.2730513 1.5993267 8.629301 26135 a
 0.21456397 0.109349445 -0.65073615 26138 r
 -0.0024634239 0.001422927 0.0031539816 26330 g
 -4.255095 1.6466122 8.641273 26334 a
 0.21417667 0.10907677 -0.6507092 26338 r
 -0.0024634239 0.001422927 0.0026213494 26529 g
 -4.224569 1.6484078 8.622718 26534 a
 0.2142501 0.10911472 -0.6505917 26538 r
 -8.6552737E-4 6.239786E-4 0.0018224011 26729 g
 -4.228759 1.6537948 8.640674 26736 a
 0.2141509 0.109115526 -0.6501643 26740 r
 1.9973709E-4 0.0022218754 4.9082056E-4 26930 g
 -4.212598 1.6262615 8.661623 26935 a
 0.21422084 0.108986765 -0.6504548 26939 r
 -5.9921126E-4 -1.7496968E-4 0.001289769 27132 g
 -4.245518 1.6280571 8.623316 27136 a
 0.21412316 0.108855456 -0.6505472 27139 r
 4.660532E-4 0.0019555592 7.571367E-4 27330 g
 -4.2479124 1.6352397 8.631696 27335 a
 0.21412233 0.10885276 -0.6504652 27338 r
 -0.0011318434 -0.0017728664 0.001556085 27531 g
 -4.250905 1.6160861 8.661623 27536 a
 0.21420324 0.10888642 -0.65040594 27539 r
 7.323693E-4 0.0027545076 -3.0812772E-4 27730 g
 -4.2317514 1.6370354 8.63828 27735 a
 0.21419424 0.10868889 -0.65106076 27739 r
 0.0017976337 0.0011566109 0.0018224011 27931 g
 -4.2461166 1.6316484 8.6574335 27936 a
 0.21412578 0.10838692 -0.65152997 27939 r
 -0.002197108 -0.003370763 0.0023550333 28134 g
 -4.2024226 1.6274586 8.661025 28138 a
 0.2143766 0.108485475 -0.651769 28141 r
 9.986854E-4 -0.0028381308 7.571367E-4 28331 g
 -4.2874165 1.6687586 8.655039 28336 a
 0.2143851 0.10828136 -0.65225405 28339 r
 -0.002197108 -0.0015065502 0.004219246 28532 g
 -4.256891 1.6071079 8.643068 28536 a
 0.21504703 0.108296946 -0.6533105 28539 r
 -0.00272974 -0.0049686595 0.0060834587 28732 g
 -4.2880154 1.6843209 8.630499 28738 a
 0.21484312 0.10790028 -0.6540471 28742 r
 -0.0013981595 0.0019555592 0.001289769 28932 g
 -4.2730513 1.6454151 8.635287 28936 a
 0.21536812 0.10804258 -0.6542732 28940 r
 -0.0024634239 -0.008963401 0.0036866139 29134 g
 -4.2598834 1.5927427 8.651448 29138 a
 0.21514913 0.10798518 -0.6538026 29141 r
 0.0020639498 0.004086088 7.571367E-4 29333 g
 -4.2640734 1.6250644 8.635287 29337 a
 0.21491937 0.108017534 -0.6536197 29341 r
 -6.657903E-5 -4.4128578E-4 0.0031539816 29533 g
 -4.250905 1.6190789 8.632893 29537 a
 0.2149552 0.108113945 -0.65355676 29540 r
 -0.00272974 0.006482933 0.0028876655 29733 g
 -4.2293572 1.6352397 8.635885 29737 a
 0.21497355 0.108241335 -0.65336496 29740 r
 -8.6552737E-4 -0.0044360273 0.0020887172 29934 g
 -4.2371383 1.6178818 8.648455 29938 a
 0.21477292 0.108302936 -0.6527185 29941 r
 -8.6552737E-4 0.0027545076 -4.181163E-5 30135 g
 -4.2383356 1.6250644 8.631097 30145 a
 0.21457773 0.10870646 -0.6515773 30150 r
 -0.002197108 0.001422927 0.0018224011 30334 g
 -4.2718544 1.6645688 8.625112 30337 a
 0.21443886 0.10908972 -0.650538 30341 r
 -3.3289514E-4 8.9029473E-4 0.0036866139 30535 g
 -4.231153 1.6346412 8.637083 30538 a
 0.21451579 0.10936947 -0.6498721 30542 r
 -5.9921126E-4 -0.0015065502 7.571367E-4 30734 g
 -4.258686 1.6394296 8.656835 30740 a
 0.21432485 0.10925542 -0.6496312 30744 r
 -0.0019307918 0.0011566109 0.0028876655 30934 g
 -4.238934 1.6555905 8.661025 30938 a
 0.21429597 0.1093778 -0.6492836 30942 r
 -0.002197108 -0.003370763 4.9082056E-4 31137 g
 -4.2521024 1.6346412 8.680777 31140 a
 0.21422763 0.109211445 -0.6494089 31145 r
 0.0028628982 0.0070155654 0.0018224011 31335 g
 -4.289212 1.7082629 8.634089 31339 a
 0.21434066 0.10933828 -0.64953154 31342 r
 -0.0011318434 0.0043524043 0.007148723 31535 g
 -4.329315 1.5999253 8.637681 31539 a
 0.2149364 0.10915397 -0.6503696 31542 r
 -0.002197108 -0.0025718147 0.0018224011 31736 g
 -4.3520603 1.7729063 8.634089 31740 a
 0.21486016 0.109311655 -0.6504225 31743 r
 7.323693E-4 -0.01934973 -3.0812772E-4 31935 g
 -4.211401 1.673547 8.709507 31939 a
 0.21609092 0.11005312 -0.6502387 31943 r
 0.0017976337 0.012075571 -0.0066997143 32137 g
 -4.281431 1.5795746 8.620922 32141 a
 0.21540742 0.10940276 -0.65015 32144 r
 7.323693E-4 -0.005767608 -0.0011070761 32336 g
 -4.2904096 1.6196774 8.635287 32339 a
 0.2155309 0.10993512 -0.6499912 32344 r
 -6.657903E-5 0.006216617 0.001289769 32536 g
 -4.2461166 1.6412252 8.659229 32540 a
 0.21542792 0.10947998 -0.65062326 32543 r
 0.0036618465 -9.73918E-4 -0.004835502 32736 g
 -4.2251673 1.6262615 8.668806 32742 a
 0.21536192 0.10929263 -0.6507296 32746 r
 0.0017976337 -0.0020391825 2.2450447E-4 32934 g
 -4.237737 1.6310499 8.65025 32935 a
 0.21486208 0.1088672 -0.6506342 32937 r
 0.002330266 0.0011566109 -4.181163E-5 33137 g
 -4.1772833 1.697489 8.727464 33141 a
 0.2148994 0.10896678 -0.6504411 33145 r
 -0.0019307918 -0.012691827 0.013007677 33336 g
 -4.3101616 1.5568297 8.654441 33340 a
 0.21497555 0.10894659 -0.6501313 33344 r
 -8.6552737E-4 0.004086088 0.009811885 33537 g
 -4.2742486 1.62686 8.639477 33540 a
 0.21492341 0.108983785 -0.6507911 33544 r
 0.002330266 0.003553456 0.0010234528 33737 g
 -4.264672 1.6077064 8.731653 33741 a
 0.2149731 0.10880703 -0.6512776 33753 r
 0.0060586915 -0.0036370791 0.0010234528 33937 g
 -4.2143936 1.7585411 8.645462 33951 a
 0.21495129 0.108713016 -0.6515961 33955 r
 0.0017976337 -0.003104447 -8.4075995E-4 34139 g
 -4.289212 1.5280992 8.629301 34143 a
 0.21568877 0.108574286 -0.65174717 34147 r
 -8.6552737E-4 0.0078145135 7.571367E-4 34337 g
 -4.3275194 1.6190789 8.643666 34340 a
 0.2154399 0.10909249 -0.65194947 34344 r
 -3.3289514E-4 -0.003370763 -0.0013733922 34537 g
 -4.2754455 1.6621746 8.6257105 34540 a
 0.21573229 0.10951945 -0.6515979 34544 r
 4.660532E-4 -0.010294981 0.0020887172 34738 g
 -4.296395 1.632247 8.63828 34744 a
 0.2152956 0.10900901 -0.6515259 34748 r
 1.9973709E-4 0.008879778 0.0010234528 34939 g
 -4.245518 1.6358383 8.588001 34942 a
 0.21536091 0.10917699 -0.65133387 34946 r
 -0.0016644757 -0.0025718147 -0.0011070761 35139 g
 -4.213795 1.6693572 8.603564 35153 a
 0.21520856 0.10912849 -0.6510163 35157 r
 -0.0037950044 0.0024881915 -0.0045691854 35338 g
 -4.272453 1.6214731 8.660426 35342 a
 0.2152398 0.10909128 -0.65090543 35346 r
 0.0012650015 -1.7496968E-4 0.001556085 35538 g
 -4.271256 1.6675615 8.641273 35542 a
 0.21531475 0.10910931 -0.6513404 35546 r
 -0.002197108 -0.003104447 0.0020887172 35738 g
 -4.271256 1.6262615 8.619724 35742 a
 0.2153396 0.10924308 -0.6507564 35745 r
 -0.0011318434 -0.0028381308 0.0020887172 35940 g
 -4.2700586 1.6208745 8.632893 35943 a
 0.21513382 0.109400555 -0.65010375 35947 r
 -3.3289514E-4 -7.076019E-4 0.001289769 36140 g
 -4.232949 1.6603789 8.641273 36144 a
 0.21498878 0.10961184 -0.6495635 36147 r
 -6.657903E-5 0.0027545076 0.0023550333 36338 g
 -4.2730513 1.644218 8.639477 36343 a
 0.21500061 0.109591156 -0.6495741 36347 r
 -8.6552737E-4 0.003553456 0.0031539816 36539 g
 -4.2634745 1.6376339 8.64666 36543 a
 0.21509485 0.109567866 -0.6497856 36547 r
 -8.6552737E-4 0.001422927 0.0028876655 36739 g
 -4.253299 1.650802 8.646061 36745 a
 0.21501802 0.10951847 -0.64970297 36749 r
 7.323693E-4 0.0011566109 0.005018194 36939 g
 -4.2598834 1.6478093 8.638878 36943 a
 0.21509376 0.10951015 -0.6497167 36947 r
 -6.657903E-5 -4.4128578E-4 -4.181163E-5 37141 g
 -4.2503066 1.6436194 8.656835 37145 a
 0.21503362 0.10938743 -0.64961666 37149 r
 -0.0016644757 -0.0025718147 -0.0029712887 37339 g
 -4.301782 1.6681601 8.659229 37343 a
 0.21510413 0.109453455 -0.64978284 37347 r
 -0.0013981595 -0.0017728664 -0.0019060244 37540 g
 -4.2580876 1.6262615 8.66282 37544 a
 0.21503773 0.109318 -0.6495325 37547 r
 -0.0032623722 0.006482933 0.007947671 37740 g
 -4.2317514 1.5945383 8.584411 37744 a
 0.21492209 0.10942866 -0.6491861 37748 r
 0.005792375 -0.0025718147 -0.0043028696 37940 g
 -4.313753 1.6071079 8.615535 37944 a
 0.21488585 0.10978021 -0.6488882 37949 r
 -3.3289514E-4 0.011809255 -0.0027049726 38142 g
 -4.3155484 1.6142905 8.618527 38145 a
 0.21523127 0.110589415 -0.6485191 38150 r
 -0.004061321 0.0027545076 0.001556085 38345 g
 -4.347272 1.6519991 8.647857 38348 a
 0.21557704 0.11103375 -0.6483858 38353 r
 -0.0051265853 0.003553456 0.0028876655 38541 g
 -4.380192 1.6633717 8.672397 38545 a
 0.21576372 0.111139715 -0.64846295 38549 r
 -0.0035286883 -0.0017728664 0.0052845106 38741 g
 -4.2598834 1.602918 8.648455 38747 a
 0.21644919 0.111967355 -0.64812917 38751 r
 -0.0064581656 -9.73918E-4 0.0010234528 38942 g
 -4.301782 1.6172832 8.636484 38945 a
 0.2157689 0.111598626 -0.64797753 38949 r
 0.0033955304 -0.0012402341 2.2450447E-4 39143 g
 -4.2981906 1.6154876 8.607754 39146 a
 0.21555518 0.111677796 -0.6474262 39150 r
 -8.6552737E-4 -0.005234976 0.001556085 39341 g
 -4.292804 1.62686 8.620323 39345 a
 0.21533018 0.11179866 -0.6466693 39349 r
 -0.0016644757 -0.003370763 0.0036866139 39542 g
 -4.2538977 1.6346412 8.642469 39546 a
 0.215089 0.11177088 -0.6462217 39550 r
 -0.0019307918 0.0030208237 0.0023550333 39742 g
 -4.2676644 1.6424223 8.63828 39746 a
 0.21476619 0.11152926 -0.6462428 39749 r
 -0.0013981595 0.0051513524 0.0031539816 39942 g
 -4.260482 1.6478093 8.652046 39946 a
 0.21499968 0.111551 -0.6464328 39950 r
 -3.3289514E-4 -0.0012402341 -0.0019060244 40144 g
 -4.2479124 1.638831 8.628104 40156 a
 0.21509892 0.111384824 -0.6468205 40160 r
 9.986854E-4 8.9029473E-4 4.9082056E-4 40342 g
 -4.2742486 1.6005238 8.661025 40360 a
 0.2151386 0.1111038 -0.6474896 40369 r
 0.0012650015 0.0038197718 0.0020887172 40543 g
 -4.296395 1.6280571 8.598776 40546 a
 0.21506222 0.11113849 -0.6476932 40550 r
 -0.0011318434 0.001422927 0.0018224011 40743 g
 -4.2676644 1.6190789 8.610147 40750 a
 0.21514815 0.11124377 -0.6478123 40754 r
 1.9973709E-4 -4.4128578E-4 0.001556085 40943 g
 -4.267066 1.6298528 8.6257105 40947 a
 0.21519844 0.111095145 -0.64818066 40951 r
 -0.0019307918 0.0032871398 2.2450447E-4 41145 g
 -4.258686 1.6639702 8.635287 41148 a
 0.21529907 0.11077021 -0.64882284 41153 r
 7.323693E-4 0.0024881915 -0.0024386565 41344 g
 -4.333505 1.6190789 8.616732 41348 a
 0.21537997 0.1103719 -0.64950436 41352 r
 -6.657903E-5 0.005950301 0.0010234528 41544 g
 -4.3041763 1.5945383 8.639477 41547 a
 0.21557662 0.11033787 -0.6503325 41552 r
 -0.0011318434 -0.0020391825 0.0023550333 41744 g
 -4.2945995 1.6280571 8.625112 41750 a
 0.21569543 0.11027892 -0.65116984 41755 r
 -0.002197108 -0.0012402341 0.0036866139 41945 g
 -4.247314 1.6208745 8.622718 41949 a
 0.21578677 0.11021833 -0.65147513 41954 r
 -0.0011318434 9.1346425E-5 0.001289769 42146 g
 -4.299388 1.6490064 8.646061 42150 a
 0.21570386 0.11012331 -0.65159124 42154 r
 -0.00272974 -1.7496968E-4 0.0020887172 42344 g
 -4.250905 1.6232687 8.652645 42349 a
 0.21573575 0.11007802 -0.6516189 42353 r
 -0.002197108 -0.0044360273 0.0023550333 42545 g
 -4.2904096 1.6280571 8.619126 42550 a
 0.21542203 0.109797955 -0.65169245 42554 r
 -8.6552737E-4 0.001422927 0.0023550333 42745 g
 -4.2640734 1.6472107 8.65025 42752 a
 0.21542525 0.10992603 -0.6515264 42756 r
 7.323693E-4 8.9029473E-4 0.0018224011 42946 g
 -4.259285 1.6502035 8.624513 42950 a
 0.21518824 0.109837696 -0.6507599 42954 r
 -0.0011318434 6.239786E-4 0.001289769 43147 g
 -4.237737 1.6256629 8.6574335 43152 a
 0.21506691 0.109936476 -0.6499768 43156 r
 -0.0013981595 0.0011566109 -3.0812772E-4 43345 g
 -4.281431 1.6591818 8.65025 43348 a
 0.21470116 0.10982904 -0.6495237 43351 r
 1.9973709E-4 -0.0023054986 0.001289769 43545 g
 -4.2556934 1.6693572 8.659827 43549 a
 0.21483172 0.11007248 -0.6488456 43554 r
 -3.3289514E-4 9.1346425E-5 0.001556085 43746 g
 -4.267066 1.5999253 8.641273 43750 a
 0.21470784 0.11002554 -0.6483131 43755 r
 1.9973709E-4 -0.0012402341 0.0020887172 43946 g
 -4.270657 1.6011224 8.65863 43950 a
 0.21467455 0.110217646 -0.64812654 43954 r
 -0.0013981595 0.003553456 0.0036866139 44148 g
 -4.299388 1.6136919 8.617331 44152 a
 0.21463525 0.11035402 -0.6480904 44156 r
 -5.9921126E-4 0.00461872 0.0060834587 44347 g
 -4.277241 1.6262615 8.658031 44351 a
 0.21479133 0.110435784 -0.64844555 44355 r
 -0.0011318434 -0.006033924 0.0039529298 44546 g
 -4.280833 1.596334 8.627506 44550 a
 0.21487941 0.110379025 -0.64875644 44555 r
 -0.0037950044 0.003553456 -8.4075995E-4 44747 g
 -4.268263 1.644218 8.62152 44751 a
 0.21495292 0.11062881 -0.6486785 44757 r
 -0.0016644757 0.003553456 0.0036866139 44954 g
 -4.261679 1.6298528 8.632295 44958 a
 0.21498519 0.110572055 -0.6487482 44972 r
 0.0015313176 0.0030208237 0.0026213494 45143 g
 -4.259285 1.6394296 8.646061 45149 a
 0.21506976 0.11054447 -0.6488996 45150 r
 1.9973709E-4 -9.73918E-4 7.571367E-4 45347 g
 -4.279037 1.6370354 8.617929 45352 a
 0.21514007 0.11007051 -0.64995676 45355 r
 -0.0016644757 0.0022218754 0.0023550333 45548 g
 -4.233547 1.5927427 8.610147 45553 a
 0.21519089 0.11029887 -0.64951533 45556 r
 -0.00272974 0.0056839846 -5.7444384E-4 45747 g
 -4.2838254 1.6484078 8.641871 45752 a
 0.21498083 0.11034647 -0.64977163 45756 r
 -0.0011318434 0.005950301 4.9082056E-4 45947 g
 -4.252701 1.6208745 8.622718 45952 a
 0.21513906 0.11054887 -0.64956003 45956 r
 -6.657903E-5 -0.0015065502 0.0020887172 46150 g
 -4.2880154 1.6639702 8.64666 46154 a
 0.21505374 0.11035079 -0.64991516 46158 r
 0.0012650015 -0.0073655047 0.0023550333 46348 g
 -4.2634745 1.6262615 8.652645 46353 a
 0.21510753 0.110018745 -0.6501853 46357 r
 -0.0016644757 0.006482933 0.0026213494 46548 g
 -4.305373 1.6454151 8.642469 46553 a
 0.2150782 0.10976012 -0.65080696 46557 r
 -0.002197108 -0.003104447 0.0023550333 46749 g
 -4.26946 1.6382325 8.614338 46756 a
 0.21536724 0.10983378 -0.65123767 46759 r
 -0.0032623722 -0.0047023436 -3.0812772E-4 46949 g
 -4.26946 1.6514006 8.651448 46953 a
 0.21547578 0.10980499 -0.6516616 46956 r
 -0.0024634239 0.005950301 0.001289769 47151 g
 -4.2718544 1.6244658 8.602965 47155 a
 0.21552433 0.109938174 -0.6514644 47159 r
 -0.0011403656 3.7444045E-4 0.001972337 47350 g
 -4.228759 1.6196774 8.651448 47354 a
 0.21545297 0.109923124 -0.6514067 47357 r
 0.002854376 0.001706021 -0.0036203011 47550 g
 -4.2395325 1.6334441 8.619126 47554 a
 0.21529569 0.10976553 -0.6512578 47557 r
 7.238472E-4 0.0035702337 3.7444045E-4 47750 g
 -4.274847 1.6358383 8.646061 47755 a
 0.21541403 0.10972625 -0.6515214 47758 r
 -0.0011403656 6.4075657E-4 0.0025049692 47951 g
 -4.243124 1.6316484 8.672397 47955 a
 0.21546571 0.10949463 -0.6518584 47958 r
 9.901633E-4 -0.00575083 -0.0022887206 48152 g
 -4.289212 1.6364368 8.639477 48156 a
 0.2153441 0.10906942 -0.6524009 48159 r
 0.0015227955 -0.0065497784 0.0022386531 48350 g
 -4.2521024 1.6555905 8.665215 48354 a
 0.21551865 0.10890871 -0.65293545 48358 r
 -0.0011403656 -0.0022887206 6.4075657E-4 48551 g
 -4.250905 1.644218 8.643068 48555 a
 0.21562624 0.10818513 -0.6536761 48559 r
 -7.510114E-5 -0.0028213528 0.0014397049 48751 g
 -4.1826706 1.6184803 8.666411 48755 a
 0.21567263 0.10811323 -0.6544543 48761 r
 0.0020554278 0.0030376015 -0.0046855654 48952 g
 -4.224569 1.6358383 8.653842 48955 a
 0.21544564 0.107745096 -0.65453583 48960 r
 4.5753107E-4 -0.007615043 -0.0014897723 49153 g
 -4.244321 1.5921441 8.672996 49157 a
 0.21530166 0.1076909 -0.6544067 49161 r
 9.901633E-4 -0.0012234562 -0.0028213528 49352 g
 -4.214992 1.6358383 8.675988 49355 a
 0.21496707 0.10768607 -0.6540957 49359 r
 0.0012564794 0.0030376015 3.7444045E-4 49551 g
 -4.2179847 1.6424223 8.66282 49555 a
 0.21486872 0.10795477 -0.6533783 49559 r
 0.0023217439 0.0075649754 -0.0012234562 49752 g
 -4.2904096 1.6304513 8.653842 49756 a
 0.21469998 0.10789338 -0.6532107 49760 r
 -7.510114E-5 0.0011733888 0.0014397049 49952 g
 -4.4119153 1.6358383 8.650849 49956 a
 0.21472655 0.10822475 -0.6526471 49959 r
 4.5753107E-4 0.026207102 0.0152881425 50166 g
 -4.249708 1.5753847 8.582615 50178 a
 0.21523629 0.10888778 -0.65201837 50192 r
 0.0015227955 -0.01880032 -0.0052181976 50354 g
 -4.221576 1.6418238 8.627506 50358 a
 0.21521512 0.10903467 -0.65243405 50361 r
 -0.0027382623 0.016353406 0.00516813 50553 g
 -4.2437224 1.6250644 8.644265 50556 a
 0.21505107 0.108841866 -0.65248376 50560 r
 0.0023217439 -0.009745572 3.7444045E-4 50753 g
 -4.248511 1.6561891 8.619724 50757 a
 0.21492055 0.108959466 -0.65195173 50763 r
 0.0031206922 0.0014397049 -0.0028213528 50953 g
 -4.358644 1.6346412 8.651448 50957 a
 0.21484584 0.10875985 -0.6517672 50961 r
 -0.0027382623 -6.90824E-4 0.0057007624 51156 g
 -4.2371383 1.632247 8.661623 51160 a
 0.2149229 0.10927683 -0.6506464 51163 r
 7.238472E-4 -0.0028213528 0.0025049692 51354 g
 -4.2491093 1.6406267 8.631097 51357 a
 0.2143531 0.10876939 -0.6506446 51361 r
 9.901633E-4 -0.0012234562 -0.0014897723 51554 g
 -4.2078094 1.6071079 8.653243 51558 a
 0.21458043 0.10881011 -0.65092176 51562 r
 9.901633E-4 9.070727E-4 6.4075657E-4 51754 g
 -4.185663 1.6226702 8.662222 51757 a
 0.21439928 0.10836084 -0.6519777 51761 r
 -7.510114E-5 0.013956562 1.0812434E-4 51954 g
 -4.259285 1.590947 8.643068 51957 a
 0.2138277 0.10756548 -0.6524735 51961 r
 0.004984905 -0.007881359 -0.0052181976 52156 g
 -4.214992 1.6585833 8.684368 52160 a
 0.2143511 0.10813177 -0.6527707 52163 r
 0.0041859564 -0.0017560885 -0.003353985 52354 g
 -4.291008 1.6418238 8.624513 52358 a
 0.21408138 0.10760954 -0.6532281 52361 r
 -0.0043361587 0.011293401 6.4075657E-4 52554 g
 -4.207211 1.6448165 8.64666 52558 a
 0.21473297 0.107923746 -0.6536278 52562 r
 -0.0014066817 -0.0014897723 -9.571401E-4 52755 g
 -4.264672 1.6059108 8.659827 52759 a
 0.21455884 0.10754523 -0.65397865 52765 r
 1.9121496E-4 0.0027712854 -4.245079E-4 52954 g
 -4.2544966 1.62686 8.6334915 52959 a
 0.2147178 0.10785 -0.65406305 52962 r
 -0.0011403656 -0.0014897723 -1.5819176E-4 53156 g
 -4.223372 1.6514006 8.644265 53159 a
 0.21468915 0.10784292 -0.6539702 53163 r
 -6.077334E-4 0.0014397049 -0.0022887206 53355 g
 -4.2820296 1.6591818 8.636484 53359 a
 0.21483241 0.10794151 -0.6540322 53363 r
 0.0020554278 0.0014397049 3.7444045E-4 53560 g
 -4.235343 1.6238673 8.620922 53563 a
 0.21510561 0.1079219 -0.6541491 53568 r
 -3.4141724E-4 -0.0038866173 6.4075657E-4 53755 g
 -4.3041763 1.6747441 8.659229 53759 a
 0.21481298 0.10759397 -0.6540025 53762 r
 0.0017891116 0.0030376015 -0.0052181976 53956 g
 -4.2718544 1.6484078 8.607754 53959 a
 0.21501014 0.10746433 -0.65423876 53964 r
 9.901633E-4 -0.006017146 -0.0012234562 54156 g
 -4.259285 1.6298528 8.639477 54160 a
 0.21498914 0.107440114 -0.65421027 54164 r
 -8.7404944E-4 1.0812434E-4 0.001972337 54356 g
 -4.258686 1.6502035 8.655638 54360 a
 0.21490754 0.10763776 -0.6535074 54363 r
 -0.0014066817 1.0812434E-4 0.0027712854 54559 g
 -4.2634745 1.6041151 8.6334915 54563 a
 0.21463452 0.10805376 -0.6517647 54567 r
 -0.0032708945 -0.0012234562 -0.0025550367 54756 g
 -4.276643 1.6101006 8.629301 54760 a
 0.2143843 0.108609304 -0.65042573 54767 r
 -6.077334E-4 -0.0014897723 3.7444045E-4 54957 g
 -4.2640734 1.6304513 8.656835 54960 a
 0.21431197 0.10907331 -0.64945513 54964 r
 -7.510114E-5 0.0022386531 -4.245079E-4 55158 g
 -4.2580876 1.6478093 8.6095495 55162 a
 0.21427692 0.10903777 -0.649406 55166 r
 0.0039196406 -1.5819176E-4 -0.0028213528 55357 g
 -4.24492 1.6340426 8.617929 55360 a
 0.21444184 0.10888699 -0.649749 55364 r
 0.0015227955 -4.245079E-4 -0.0028213528 55558 g
 -4.2425256 1.7166426 8.628703 55562 a
 0.2146451 0.108471945 -0.6512212 55566 r
 4.5753107E-4 -0.0065497784 0.001972337 55757 g
 -4.2718544 1.673547 8.636484 55761 a
 0.21512634 0.10785018 -0.6527435 55765 r
 -8.7404944E-4 -0.008147675 0.001706021 55960 g
 -4.2676644 1.6035166 8.622119 55972 a
 0.21512634 0.10785018 -0.6527435 55976 r
 -0.0019393138 0.0027712854 0.0022386531 56161 g
 -4.2425256 1.5885528 8.647258 56175 a
 0.21532056 0.1075809 -0.6542292 56178 r
 7.238472E-4 -0.0073487265 6.4075657E-4 56372 g
 -4.2640734 1.6208745 8.662222 56376 a
 0.21505141 0.10744509 -0.6545995 56379 r
 -7.510114E-5 0.0025049692 -9.571401E-4 56560 g
 -4.255095 1.6424223 8.661623 56573 a
 0.21517369 0.107507676 -0.65491205 56577 r
 -7.510114E-5 -4.245079E-4 -4.245079E-4 56760 g
 -4.2515035 1.6172832 8.656237 56775 a
 0.2151713 0.10757677 -0.65474385 56779 r
 1.9121496E-4 0.001972337 -0.0012234562 56971 g
 -4.2221746 1.6035166 8.655039 56975 a
 0.2151345 0.10795118 -0.65410787 56980 r
 4.5753107E-4 -0.0028213528 -0.0014897723 57172 g
 -4.255095 1.6071079 8.662222 57176 a
 0.21472716 0.10812478 -0.6531443 57180 r
 0.0015227955 -1.5819176E-4 -0.0028213528 57365 g
 -4.2413282 1.632247 8.614936 57375 a
 0.2144681 0.108499065 -0.6519504 57379 r
 0.002854376 0.0027712854 -0.0036203011 57574 g
 -4.2437224 1.6226702 8.6712 57577 a
 0.21442312 0.10851173 -0.6516586 57581 r
 0.0023217439 -9.571401E-4 -0.003087669 57764 g
 -4.3275194 1.6561891 8.635287 57775 a
 0.21448486 0.10825263 -0.65237683 57778 r
 0.00258806 -0.006283462 -0.0025550367 57965 g
 -4.307169 1.6250644 8.607754 57975 a
 0.21467903 0.10843532 -0.6523554 57979 r
 -0.0011403656 0.0033039176 0.0022386531 58175 g
 -4.260482 1.6418238 8.634089 58179 a
 0.21473886 0.108695164 -0.6519143 58183 r
 -3.4141724E-4 0.001972337 0.0033039176 58365 g
 -4.248511 1.6376339 8.625112 58375 a
 0.21460417 0.108738124 -0.6512218 58379 r
 -6.077334E-4 0.0030376015 -1.5819176E-4 58565 g
 -4.2634745 1.6340426 8.646061 58575 a
 0.2145365 0.10884245 -0.65075713 58579 r
 1.9121496E-4 -6.90824E-4 0.0014397049 58776 g
 -4.2622776 1.6591818 8.635885 58779 a
 0.21437618 0.10907659 -0.649792 58784 r
 4.5753107E-4 0.0035702337 6.4075657E-4 58961 g
 -4.2461166 1.6017209 8.635287 58988 a
 0.21432257 0.109271705 -0.6491681 58992 r
 0.00258806 -0.0070824106 6.4075657E-4 59176 g
 -4.212598 1.5993267 8.607754 59179 a
 0.21364027 0.10949886 -0.64746684 59184 r
 -6.077334E-4 0.009162872 -0.0028213528 59373 g
 -4.23654 1.6358383 8.585608 59377 a
 0.21364027 0.10949886 -0.64746684 59381 r
 0.002854376 -4.245079E-4 -0.0044192495 59572 g
 -4.298789 1.6065093 8.652645 59576 a
 0.21379274 0.109885946 -0.64712733 59580 r
 -0.0016729978 -0.0017560885 -6.90824E-4 59773 g
 -4.2281604 1.6472107 8.639477 59777 a
 0.21393894 0.11015567 -0.6471812 59781 r
 4.5753107E-4 -1.5819176E-4 1.0812434E-4 59975 g
 -4.2437224 1.6172832 8.671799 59978 a
 0.21375221 0.11021154 -0.64681154 59983 r
 0.0018642128 0.007298659 -6.657903E-5 60305 g
