 -0.051698614 -0.1328169 0.019915385 8 g
 -7.9529395 1.6986861 5.4887075 9 a
 0.24269515 0.3725283 -0.3340684 11 r
 -0.011484882 -0.03800837 -0.012042548 125 g
 -7.3106947 1.5562311 6.5882444 130 a
 0.24586025 0.37205684 -0.3332173 134 r
 -0.10629342 -0.17196538 0.01272485 326 g
 -7.4166384 1.5233108 6.491878 330 a
 0.23241429 0.3619383 -0.33148578 335 r
 0.038049914 0.06851807 -0.0027214843 528 g
 -7.844003 1.8016368 5.6096144 532 a
 0.23083417 0.35927087 -0.33172652 536 r
 0.059887834 0.12577604 0.024176443 728 g
 -7.855974 1.8788497 5.159505 731 a
 0.24086538 0.3662694 -0.33183953 737 r
 -0.078330226 0.052805424 0.0060669472 931 g
 -7.814076 2.202067 5.533599 937 a
 0.24523398 0.36955678 -0.3318247 940 r
 -0.08685234 0.015787486 -0.104454234 1128 g
 -7.855974 1.6298528 5.5341973 1133 a
 0.24712402 0.38332123 -0.32997075 1137 r
 -0.001098554 0.038424354 0.0044690506 1329 g
 -7.9984293 1.9835961 5.8143187 1334 a
 0.24604122 0.38229346 -0.3303556 1337 r
 0.0841226 -0.047063116 0.019116437 1535 g
 -7.465121 1.9716251 5.9029045 1539 a
 0.2509331 0.3763004 -0.32727155 1543 r
 0.10516157 0.016586434 -0.111644775 1728 g
 -7.4405804 1.7968484 5.591658 1732 a
 0.2566098 0.36935282 -0.33451983 1737 r
 0.0074235615 0.0019390476 -0.02828783 1928 g
 -8.197148 1.8896236 5.577293 1932 a
 0.25973693 0.37238878 -0.34115675 1937 r
 -0.075134434 0.05174016 0.0073985276 2143 g
 -7.787141 1.536479 5.5551467 2147 a
 0.2626379 0.37533337 -0.34231266 2151 r
 -0.1257345 0.01818433 -0.001922536 2328 g
 -7.9104424 1.7753005 5.4432178 2332 a
 0.2577471 0.38011497 -0.34275028 2336 r
 0.022337263 -0.27929077 0.054003846 2529 g
 -7.8853035 1.5622166 5.3384714 2534 a
 0.25730824 0.38039988 -0.33995852 2538 r
 -0.014680675 0.041620146 -0.03654363 2731 g
 -7.767389 1.3359646 5.5096564 2737 a
 0.25551695 0.37840402 -0.34048274 2740 r
 0.019141471 0.030168556 0.06705333 2929 g
 -8.1756 2.131438 6.005855 2934 a
 0.25729132 0.3829981 -0.34004846 2938 r
 0.0028961876 -0.15998115 0.11072918 3129 g
 -7.241862 1.9027919 6.159084 3134 a
 0.25456932 0.36263245 -0.33496693 3138 r
 -0.07859654 -0.054786284 0.05719964 3332 g
 -7.443573 1.8974048 6.1501055 3336 a
 0.25077716 0.35251105 -0.3354409 3340 r
 0.0074235615 -0.022295719 0.009262741 3531 g
 -7.2969284 1.8644845 6.201581 3536 a
 0.24889225 0.3489722 -0.3328456 3540 r
 -2.9960563E-4 -0.0145725515 0.0015395734 3731 g
 -7.418434 1.8794483 6.1686606 3737 a
 0.24880108 0.34766924 -0.33304545 3740 r
 0.008755142 -0.013507287 -0.0027214843 3935 g
 -7.337031 1.9189527 6.1165867 3939 a
 0.24887213 0.34710276 -0.33268717 3943 r
 -0.001098554 0.0064664213 0.003403786 4131 g
 -7.363966 1.8794483 6.0980315 4136 a
 0.24895462 0.3464861 -0.3324503 4140 r
 0.03911518 0.0040695765 -0.025092037 4334 g
 -7.2969284 1.9710265 6.1824274 4337 a
 0.24924009 0.34688967 -0.33228526 4342 r
 2.330266E-4 -0.009512545 0.0113932695 4538 g
 -7.3310456 1.9578584 6.265626 4543 a
 0.24935342 0.34631342 -0.33083728 4546 r
 0.015679361 6.07467E-4 -0.024825722 4730 g
 -7.391499 1.9614497 6.167464 4734 a
 0.24891095 0.34575754 -0.33050933 4739 r
 -0.009354353 -0.010844125 7.406251E-4 4934 g
 -7.741651 1.9075803 6.1620765 4938 a
 0.24957527 0.34612495 -0.3316144 4942 r
 0.0039614523 0.17584346 -0.016569922 5135 g
 -7.8793178 1.4754268 4.912902 5136 a
 0.25042054 0.34903163 -0.33196166 5137 r
 -0.050899666 0.06319175 -0.025358353 5330 g
 -7.856573 1.6352397 5.515642 5334 a
 0.25781146 0.39054924 -0.32508352 5339 r
 0.17307217 -0.013773602 -0.061577342 5533 g
 -7.739856 1.8022354 5.227141 5537 a
 0.26523715 0.39573246 -0.3274016 5541 r
 0.0052930326 -0.014306235 0.06572176 5736 g
 -8.297705 3.0873232 5.969343 5741 a
 0.269013 0.39831465 -0.32830063 5744 r
 -0.205363 -0.08461369 0.07264598 5927 g
 -7.86615 2.0458453 5.9980736 5928 a
 0.26151323 0.38109273 -0.31109545 5928 r
 -0.0746018 -0.040405214 0.010860637 6128 g
 -7.7626004 1.9800048 5.9023056 6129 a
 0.2557409 0.37643206 -0.314231 6130 r
 -0.17686719 0.041087516 0.08116809 6336 g
 -7.5136037 1.5903485 5.9442043 6340 a
 0.24902248 0.380993 -0.3012 6344 r
 -0.61762035 0.11618866 0.020448018 6533 g
 -7.526173 0.18614918 4.923676 6537 a
 0.22496685 0.39595312 -0.27699485 6542 r
 0.0076898774 -0.11097898 0.77785105 6736 g
 -6.947375 1.2988545 6.247669 6741 a
 0.19660662 0.4108922 -0.22350492 6744 r
 0.27373967 -0.046264168 -0.16544062 6937 g
 -8.363545 1.4562732 5.566519 6942 a
 0.209871 0.38497543 -0.24969341 6954 r
 0.013282516 0.023510652 0.005267999 7132 g
 -6.000468 0.516549 4.938041 7133 a
 0.2027908 0.38954806 -0.23296447 7133 r
 0.13978267 0.106601276 -0.2229649 7332 g
 -7.7069354 -1.1528081 5.1038394 7336 a
 0.2060618 0.4013732 -0.25952128 7341 r
 -0.3475758 -0.037475735 0.06465649 7533 g
 -7.4405804 1.3874398 6.1405287 7537 a
 0.1992799 0.3943172 -0.25399593 7541 r
 0.10489526 -0.09340212 0.0681186 7734 g
 -7.369353 0.78290397 5.876568 7738 a
 0.20353024 0.38791192 -0.25105157 7742 r
 0.048169926 -0.15944852 0.20846719 7934 g
 -7.5471225 1.4748282 5.9968767 7937 a
 0.19974758 0.39018357 -0.25254115 7941 r
 -0.0072238245 0.027505394 0.03855751 8134 g
 -7.905654 1.3174095 6.0064535 8138 a
 0.1979525 0.39265865 -0.25244233 8141 r
 0.06228468 -0.311515 0.33496734 8333 g
 -7.385514 1.7459716 6.0250087 8337 a
 0.19680482 0.39564413 -0.24874277 8341 r
 -0.11508185 0.11592234 0.024709074 8534 g
 -8.157643 1.6639702 5.79337 8538 a
 0.19627641 0.3969913 -0.25348297 8542 r
 0.044974133 -0.07582526 0.04281857 8735 g
 -7.4004774 1.0241197 5.6461263 8739 a
 0.19399342 0.40912068 -0.25835326 8743 r
 -0.006424876 0.060262274 -0.030152043 8934 g
 -7.5968018 0.8242039 5.559935 8938 a
 0.18972932 0.40849215 -0.26218262 8942 r
 0.15070163 -0.11550636 0.17784083 9135 g
 -7.530363 1.5502456 5.990891 9139 a
 0.19317454 0.40922672 -0.2611722 9143 r
 -0.03625228 0.038424354 -0.08847527 9336 g
 -7.5112095 1.6537948 6.035184 9340 a
 0.20313361 0.39297736 -0.25570914 9343 r
 0.02393516 -0.010045177 -0.045864694 9535 g
 -7.6147585 1.6555905 5.997475 9539 a
 0.20310079 0.39221442 -0.2562805 9543 r
 -0.011751198 -0.020697821 0.010860637 9736 g
 -7.702147 1.6525977 5.999271 9740 a
 0.20336415 0.39124882 -0.2575468 9744 r
 0.0055593485 -0.014306235 -0.015504657 9936 g
 -7.402273 1.2473791 5.841852 9940 a
 0.20399512 0.391329 -0.2581313 9944 r
 0.012217252 0.11938445 -0.06264261 10136 g
 -7.7201033 1.6142905 5.855619 10145 a
 0.20246439 0.39526284 -0.2604181 10149 r
 0.0055593485 0.0014064154 0.01405643 10336 g
 -7.6351094 1.4921862 5.8843493 10340 a
 0.20421696 0.39694315 -0.26158223 10346 r
 0.0039614523 -0.031350467 0.05933017 10537 g
 -7.89907 1.6077064 5.583278 10541 a
 0.20541215 0.39615703 -0.2607312 10545 r
 0.06441521 0.026706446 -0.028554147 10737 g
 -7.875128 1.5658079 5.846042 10741 a
 0.20774171 0.39740115 -0.26023838 10745 r
 0.21435118 0.34388894 -0.34440506 10936 g
 -7.976283 1.7423803 5.182848 10941 a
 0.21132013 0.4010043 -0.27387944 10944 r
 -0.57660764 0.22857405 0.35281053 11137 g
 -8.057087 1.441908 5.1810527 11141 a
 0.22286236 0.41706908 -0.2833129 11145 r
 0.43512723 -0.46624467 -0.18967539 11337 g
 -7.0844426 0.9708488 5.5288105 11341 a
 0.20096768 0.42625558 -0.23690169 11345 r
 0.26974493 -0.5152468 -0.18408275 11537 g
 -8.095394 1.3359646 5.6102133 11541 a
 0.20496854 0.40367097 -0.2648296 11545 r
 -0.03012701 0.31059942 -0.08581211 11738 g
 -7.702147 1.7184383 6.27221 11742 a
 0.19722335 0.4035926 -0.25667104 11746 r
 0.6588328 0.042685412 -0.43015882 11937 g
 -7.8906903 1.2066777 5.7359085 11941 a
 0.21750472 0.40074712 -0.29829332 11945 r
 -0.13638714 0.17584346 0.033497505 12137 g
 -8.154651 1.3676877 5.7023897 12142 a
 0.2297284 0.394463 -0.32631162 12146 r
 -0.051165983 -0.0116430735 0.014322747 12338 g
 -7.8463974 0.9888053 5.865794 12342 a
 0.2312273 0.39688796 -0.32934 12346 r
 0.17919745 -0.011110442 -0.13774376 12538 g
 -7.946954 1.3281834 5.509058 12542 a
 0.23246807 0.3935671 -0.34095922 12546 r
 -0.07992812 -0.015105183 0.008996424 12738 g
 -7.8733325 1.3808558 5.6545057 12743 a
 0.24124514 0.39468253 -0.35380778 12747 r
 -0.013881727 7.4834825E-5 -0.018167818 12939 g
 -7.946954 1.1468226 5.650316 12943 a
 0.24252054 0.3923058 -0.35693666 12947 r
 -0.023469107 0.016053801 0.015388011 13137 g
 -7.905654 1.2066777 5.6946087 13142 a
 0.24311592 0.3924542 -0.35882846 13145 r
 -0.08205865 0.021113807 0.04814489 13338 g
 -8.1642275 1.2988545 5.4791307 13342 a
 0.24259014 0.39445394 -0.35581097 13346 r
 -0.01707752 0.055202268 0.07797229 13539 g
 -8.071452 1.3377602 5.5725045 13544 a
 0.24419396 0.3989259 -0.3501617 13547 r
 -0.09377656 -0.022295719 0.06412386 13739 g
 -8.101978 1.2204443 5.422867 13744 a
 0.24251136 0.3998081 -0.34436497 13748 r
 0.015679361 0.018450646 -0.023760457 13939 g
 -8.076241 1.2084733 5.4845176 13944 a
 0.24223027 0.40364844 -0.34177324 13947 r
 0.013548832 -0.006849384 0.0020722055 14140 g
 -8.04392 1.3239936 5.456984 14145 a
 0.24079388 0.4049927 -0.33809856 14148 r
 -0.015213308 -0.012175706 0.010061689 14340 g
 -7.9870567 1.3162124 5.457583 14345 a
 0.2400065 0.4047569 -0.33571085 14348 r
 -0.020006998 -0.02762204 0.026839603 14540 g
 -8.01878 1.3335704 5.483919 14544 a
 0.23894481 0.40436727 -0.33278486 14548 r
 0.0084888255 0.013656956 0.03456277 14741 g
 -7.8410106 1.3946224 5.699397 14745 a
 0.23908016 0.40303725 -0.33056536 14749 r
 0.0023635554 -0.05984629 0.025508024 14940 g
 -7.9553337 1.2808979 5.5497594 14944 a
 0.23929536 0.4000172 -0.3294761 14948 r
 -0.017343836 -0.058781024 0.017518539 15140 g
 -7.839215 1.5801731 6.2608376 15154 a
 0.23880942 0.39706814 -0.3290569 15158 r
 -0.1275987 0.15080975 0.04761226 15341 g
 -8.128913 1.4012065 5.4701524 15346 a
 0.23749278 0.392843 -0.32536146 15349 r
 -0.024268055 -0.08354842 0.16372608 15541 g
 -7.153276 2.212841 6.271013 15546 a
 0.23508088 0.40127838 -0.30707297 15549 r
 -0.18645456 -0.009778861 0.19408612 15741 g
 -8.219893 1.4335283 5.579687 15745 a
 0.23117132 0.3869809 -0.28713742 15749 r
 0.032989908 0.106601276 0.029236449 15942 g
 -7.703344 2.0649989 6.025607 15946 a
 0.22906646 0.3937955 -0.2742348 15950 r
 0.04577308 -0.23987597 -0.03734258 16141 g
 -7.475895 1.8064252 6.1285577 16146 a
 0.23037866 0.38392234 -0.27756795 16149 r
 -0.032523856 -0.1493285 -0.002188852 16341 g
 -7.5974007 1.714847 6.103419 16346 a
 0.21917078 0.36792958 -0.27245823 16349 r
 0.04177834 0.01685275 -0.016303606 16543 g
 -8.219893 1.8052281 5.8651958 16547 a
 0.21658143 0.36897898 -0.27301183 16550 r
 0.23831962 0.46160066 -0.27383128 16743 g
 -8.25401 2.208651 6.0022635 16747 a
 0.22520226 0.39801562 -0.26688406 16750 r
 -0.0266649 -0.24573493 0.14508395 16943 g
 -7.092224 1.5095441 6.2380924 16946 a
 0.23887265 0.39462018 -0.27059838 16950 r
 -0.15423031 -0.073162094 0.008730108 17149 g
 -7.8733325 1.6292542 5.8400564 17153 a
 0.22529839 0.38014495 -0.27577826 17157 r
 7.656588E-4 0.049343314 -0.021363612 17345 g
 -7.328053 1.3132197 5.9106855 17346 a
 0.22253706 0.38238972 -0.27767166 17348 r
 0.0609531 -0.04253574 0.08969021 17543 g
 -7.3059063 1.0372878 5.7885814 17547 a
 0.22112246 0.3812374 -0.27847156 17551 r
 0.022070948 0.034429614 0.05373753 17745 g
 -7.6369047 1.4383167 5.889736 17748 a
 0.21913727 0.38396966 -0.27381364 17752 r
 -0.013349094 0.027505394 -0.109514244 17944 g
 -8.12233 2.5923219 6.417059 17947 a
 0.21384794 0.39016855 -0.2738485 17951 r
 0.13791846 -0.103255816 0.07371124 18144 g
 -7.3926964 2.1374235 5.9047 18148 a
 0.22180228 0.3793409 -0.2663525 18151 r
 -0.02267016 -0.08488 0.022045914 18345 g
 -7.732673 1.9542671 5.9292407 18348 a
 0.22068702 0.37998003 -0.26413724 18352 r
 0.031125695 0.03123382 -0.013374128 18544 g
 -7.7308774 1.7226281 6.0465565 18548 a
 0.22139783 0.38303405 -0.26250592 18552 r
 0.024467792 -0.035611525 0.012192218 18744 g
 -7.4776907 1.3311762 5.743091 18748 a
 0.21839997 0.3866508 -0.26357356 18752 r
 -0.2349241 0.1350971 -0.05491944 18945 g
 -8.492832 2.5492263 6.0848637 18949 a
 0.21437685 0.39613008 -0.26668784 18953 r
 0.14377742 -0.06783577 0.034829088 19145 g
 -8.32404 1.8303672 6.0806737 19149 a
 0.22224098 0.38568038 -0.25749305 19153 r
 -0.124669224 0.3351005 0.047878575 19345 g
 -7.417237 1.2401965 5.4312468 19349 a
 0.22316007 0.3897519 -0.2577758 19352 r
 -0.015479623 -0.03800837 -0.06930051 19546 g
 -7.3926964 1.1282675 5.563526 19549 a
 0.21909192 0.40670854 -0.2566816 19553 r
 -0.01707752 0.016586434 -0.0067162258 19746 g
 -7.802105 1.7298107 5.8639984 19749 a
 0.21790607 0.40616965 -0.25595364 19753 r
 0.10196578 -0.052123122 0.0084637925 19945 g
 -8.054693 1.5095441 5.580884 19949 a
 0.21967264 0.40093368 -0.25377557 19953 r
 -0.070340745 0.111394964 0.005534315 20147 g
 -7.5614877 1.887828 5.8909335 20161 a
 0.21404427 0.39311796 -0.25110278 20165 r
 0.07533417 -0.09180422 0.019382752 20346 g
 -7.447763 1.6609775 6.2446766 20349 a
 0.2144904 0.39471936 -0.25045124 20356 r
 -0.018409101 -0.061976817 0.013257482 20550 g
 -7.3579803 1.584363 6.0238113 20554 a
 0.2114889 0.380763 -0.25317016 20575 r
 -0.036518596 0.09781285 0.03456277 20747 g
 -7.745841 1.4826094 6.0878563 20751 a
 0.211593 0.38286078 -0.24968518 20754 r
 -0.037850175 0.04295173 -0.013107812 20947 g
 -7.431602 1.6938977 6.203377 20950 a
 0.2121106 0.38880593 -0.2507175 20954 r
 -0.022936475 0.010194846 0.036959615 21148 g
 -7.37055 1.6178818 6.0770826 21152 a
 0.21289521 0.38924807 -0.25292543 21155 r
 -0.003761715 -0.012974654 -0.010444651 21347 g
 -7.6692266 1.5705963 5.8484364 21351 a
 0.21365947 0.38843024 -0.25404087 21355 r
 0.048169926 -0.12722427 -0.011776232 21547 g
 -7.6165543 1.8866309 6.129755 21550 a
 0.21331629 0.38607478 -0.2555875 21555 r
 0.1269995 -0.10485371 -0.07515947 21747 g
 -7.489063 1.7172412 6.229713 21751 a
 0.21742553 0.37361848 -0.26535663 21755 r
 0.017010942 -0.061710503 0.003403786 21948 g
 -7.3699512 1.7986441 6.235698 21951 a
 0.22170945 0.36660886 -0.27625343 21957 r
 0.027663585 0.01339064 -0.023494141 22149 g
 -7.5213847 1.5771804 6.211158 22153 a
 0.22384948 0.36482596 -0.28040472 22157 r
 -0.17846508 0.15586975 0.10140812 22346 g
 -7.647679 1.8722657 5.775413 22348 a
 0.22268173 0.36842346 -0.28336063 22349 r
 -0.047703873 0.047745418 0.084363885 22548 g
 -7.569867 1.5891514 6.049549 22552 a
 0.21825431 0.38615775 -0.25956336 22556 r
 0.023136212 -0.02282835 -0.0061835935 22748 g
 -7.6560583 1.489792 5.94181 22753 a
 0.21796459 0.38378304 -0.25999537 22756 r
 -0.050899666 -0.028154673 0.0015395734 22948 g
 -7.5465236 1.863886 6.1979895 22952 a
 0.21612716 0.38492376 -0.26142624 22957 r
 0.034587804 -0.004186223 -0.049326804 23149 g
 -7.615956 1.6196774 5.920861 23153 a
 0.21934304 0.382585 -0.26613614 23157 r
 -0.00615856 0.0109937955 0.027638553 23348 g
 -7.498041 1.7316064 6.0627174 23353 a
 0.21720627 0.3849219 -0.26258406 23357 r
 -0.0026964506 -0.025757827 0.0042027347 23549 g
 -7.5243773 1.6053122 5.922058 23553 a
 0.21795459 0.3836339 -0.2610338 23557 r
 -0.01574594 -0.0057841195 -0.008580439 23750 g
 -7.6363063 1.6496049 6.0226145 23754 a
 0.21561132 0.38511688 -0.25798234 23759 r
 0.032457277 0.0043358924 -0.016303606 23949 g
 -7.563882 1.6496049 5.943007 23953 a
 0.21549815 0.38558078 -0.25901166 23957 r
 -0.01574594 -0.017502028 0.0201817 24149 g
 -7.5848308 1.7824832 5.9388175 24154 a
 0.21627279 0.3868795 -0.25934425 24158 r
 0.0114183035 -0.025757827 0.0044690506 24350 g
 -7.5908165 1.6220716 6.0082493 24354 a
 0.21805583 0.38569444 -0.25872907 24358 r
 -0.003495399 -0.027355725 -0.001922536 24550 g
 -7.6608467 1.7298107 6.013636 24554 a
 0.21685036 0.38418823 -0.25971028 24558 r
 0.07533417 -0.06463998 -0.04133732 24750 g
 -7.450157 1.7651252 6.153697 24764 a
 0.21548657 0.38065755 -0.26030138 24768 r
 -0.035719648 0.07331176 0.036426984 24950 g
 -7.530363 1.6897079 6.0782795 24954 a
 0.21883243 0.37811387 -0.2670329 24958 r
 -8.322378E-4 -0.0153715 0.0366933 25150 g
 -7.6093717 1.7543513 5.879561 25166 a
 0.21738626 0.38349575 -0.25940713 25169 r
 0.019141471 0.07251281 -0.018966766 25349 g
 -7.0724716 1.6095021 6.4140663 25353 a
 0.21771407 0.38210136 -0.25847706 25360 r
 -0.05196493 -0.039872583 -0.043201532 25547 g
 -7.5644803 1.5873557 6.108207 25549 a
 0.21114989 0.37932837 -0.25679663 25550 r
 0.05003414 0.03869067 -0.0426689 25750 g
 -7.559692 1.7753005 6.049549 25757 a
 0.21127683 0.38710332 -0.25780532 25761 r
 0.03964781 0.037092775 -0.03361415 25950 g
 -7.433996 1.6136919 6.1141925 25954 a
 0.21164326 0.38685787 -0.2577518 25960 r
 -0.025865952 -0.004186223 0.043883834 26151 g
 -7.6135616 1.6226702 5.977723 26155 a
 0.21288243 0.38582474 -0.26086202 26160 r
 0.013282516 -0.040138897 -0.014439393 26351 g
 -7.5866265 1.5424645 6.0507464 26359 a
 0.21384777 0.38452643 -0.26173463 26364 r
 -0.018409101 -0.06703682 0.022045914 26551 g
 -7.443573 1.6843209 6.1405287 26557 a
 0.21300505 0.38169998 -0.26375207 26566 r
 -0.056492303 -0.013507287 0.050275423 26752 g
 -7.518392 1.6304513 6.0238113 26761 a
 0.21237804 0.3788243 -0.2611541 26765 r
 0.05136572 0.047745418 -5.9095543E-4 26952 g
 -7.7344685 1.6077064 5.8478374 26961 a
 0.21552873 0.38074595 -0.25986192 26967 r
 -0.06368284 -0.04200311 0.008730108 27152 g
 -7.397485 1.7549498 6.177639 27155 a
 0.2150078 0.38278282 -0.26102284 27166 r
 0.006624613 -0.010844125 -0.017901503 27364 g
 -7.548918 1.6765398 6.0411696 27368 a
 0.21347392 0.37960696 -0.26050416 27372 r
 0.006624613 7.4834825E-5 0.005001683 27554 g
 -7.668628 1.6831238 5.9783216 27564 a
 0.21345694 0.38144118 -0.26000568 27567 r
 -0.0266649 0.010461163 0.022045914 27754 g
 -7.445967 1.6484078 6.078878 27763 a
 0.21564199 0.3845567 -0.25988123 27767 r
 -0.006957508 -0.046264168 7.406251E-4 27953 g
 -7.566276 1.6160861 6.0118403 27960 a
 0.21473378 0.38152516 -0.26031652 27963 r
 0.006624613 -0.020697821 -0.007248858 28153 g
 -7.521983 1.6633717 6.178836 28157 a
 0.2136111 0.38116705 -0.26025578 28160 r
 0.016744625 0.045881204 -0.020564664 28353 g
 -7.5016327 1.6370354 6.0501475 28358 a
 0.21434668 0.37944704 -0.26293126 28362 r
 -0.001098554 0.0069990535 0.0068658954 28555 g
 -7.4561424 1.7112557 6.0124393 28564 a
 0.21388076 0.38124824 -0.26308927 28567 r
 -0.040779654 0.0016727315 0.03056803 28755 g
 -7.465719 1.7274165 6.101623 28759 a
 0.21472365 0.38182193 -0.26156577 28762 r
 0.0034288198 -0.028953621 -0.001922536 28954 g
 -7.489063 1.6196774 6.1740475 28958 a
 0.21404208 0.3804782 -0.2610564 28962 r
 0.019141471 0.008863267 -0.012042548 29155 g
 -7.4812818 1.7046716 6.0848637 29159 a
 0.21258278 0.37909043 -0.26121464 29163 r
 -0.0074901404 0.021912755 -0.0056509613 29355 g
 -7.504027 1.7040731 6.1387334 29359 a
 0.21363583 0.38170582 -0.26080635 29362 r
 0.0055593485 0.011260111 0.015654327 29555 g
 -7.1724296 1.6298528 6.2063694 29559 a
 0.21365927 0.38203108 -0.2600486 29562 r
 -0.052497562 -0.1029895 0.05640069 29756 g
 -7.2753806 1.5071499 6.509236 29760 a
 0.21308373 0.37999207 -0.25930676 29763 r
 -0.07087337 -0.019632557 0.041220672 29955 g
 -7.3083005 1.7298107 6.4727244 29960 a
 0.20276281 0.3658811 -0.25421342 29963 r
 0.007956194 0.13190131 0.026839603 30155 g
 -7.771579 1.6448165 6.113594 30169 a
 0.20539849 0.37151217 -0.25338897 30174 r
 -0.026931217 0.21152982 0.041753307 30357 g
 -7.972093 1.2216414 5.163096 30361 a
 0.2061368 0.38151413 -0.24654166 30367 r
 0.30623025 0.15586975 -0.07622473 30556 g
 -7.5165963 1.2210429 5.8909335 30560 a
 0.21527617 0.4104737 -0.24372493 30564 r
 -0.0074901404 -0.02282835 -0.020564664 30757 g
 -7.5932107 1.3012487 5.4126916 30760 a
 0.22413908 0.39268738 -0.25940987 30764 r
 -0.16514927 -0.071297884 -0.0112435995 30957 g
 -7.681796 1.5191209 5.799355 30961 a
 0.21002354 0.40190685 -0.25986174 30965 r
 0.03352254 -0.13095269 0.12031656 31157 g
 -7.60997 1.650802 5.8221 31160 a
 0.21436387 0.39674526 -0.2617379 31164 r
 -0.00615856 0.061593857 0.013790115 31357 g
 -7.44896 1.2892777 5.631162 31361 a
 0.21720226 0.39226276 -0.25986633 31364 r
 -0.1374524 0.1068676 -0.007248858 31558 g
 -7.8966756 1.5676036 5.7400985 31561 a
 0.21267359 0.403055 -0.26316306 31565 r
 -0.008555405 -0.054519966 0.011126953 31758 g
 -7.8188643 1.3664906 5.762245 31762 a
 0.21108903 0.40454793 -0.2596334 31765 r
 0.017543573 0.25121093 -0.08954053 31957 g
 -7.730279 1.7118542 5.7802014 31961 a
 0.21161866 0.41145825 -0.25794718 31965 r
 0.05669204 -0.064373665 -0.021629928 32158 g
 -7.8709383 1.4706384 5.74369 32162 a
 0.21130334 0.41025287 -0.25641528 32166 r
 0.020739367 -0.09952739 0.06545544 32358 g
 -7.6668324 1.6561891 5.949591 32362 a
 0.20716769 0.40444267 -0.2532163 32366 r
 -0.033855435 -0.054786284 -0.028554147 32558 g
 -7.727885 1.5747862 5.85502 32562 a
 0.21129468 0.39800954 -0.2537004 32565 r
 0.02739727 -0.013507287 -0.018167818 32760 g
 -7.7320743 1.5915456 5.801749 32763 a
 0.21016032 0.39685 -0.25369802 32766 r
 0.043908868 0.0067327376 0.007664844 32958 g
 -7.6800003 1.6687586 5.8478374 32962 a
 0.21123701 0.3968013 -0.25364456 32965 r
 -0.00615856 0.07144755 0.02710592 33159 g
 -7.633912 1.6112977 5.8705826 33162 a
 0.21209954 0.39700782 -0.25490305 33166 r
 0.014880412 -0.007914648 -0.010710968 33360 g
 -7.602189 1.5933412 5.897517 33363 a
 0.21247286 0.39693844 -0.2549936 33367 r
 -0.023469107 0.030168556 2.0799288E-4 33559 g
 -7.7452426 1.5867572 5.8681884 33563 a
 0.21231416 0.39622164 -0.25643358 33566 r
 -0.001098554 -0.0031209586 0.005267999 33757 g
 -7.6668324 1.6537948 5.839458 33758 a
 0.21367642 0.39613718 -0.25863764 33760 r
 -2.9960563E-4 -0.013240971 -0.008314122 33960 g
 -7.6943655 1.6645688 5.8651958 33964 a
 0.21449363 0.3950798 -0.25986806 33967 r
 0.0028961876 0.020581175 0.0020722055 34160 g
 -7.904457 1.6430209 5.5324016 34163 a
 0.2147471 0.39508295 -0.26003012 34167 r
 -0.033589117 0.13376552 -0.027488882 34360 g
 -7.6369047 1.6280571 5.708974 34364 a
 0.21744473 0.40457213 -0.25975457 34367 r
 -0.08578707 -0.098195806 0.008197476 34561 g
 -7.8529816 1.5131354 5.7400985 34564 a
 0.21612328 0.40727448 -0.2598844 34568 r
 0.015679361 0.0035369443 0.02710592 34761 g
 -7.630321 1.5191209 5.8125234 34765 a
 0.21371561 0.3996004 -0.2572631 34768 r
 0.058556255 -0.1013916 -0.04959312 34961 g
 -7.921815 1.5466543 5.6790466 34964 a
 0.2162906 0.3998621 -0.26528397 34968 r
 0.05615941 -0.0534547 -0.03920679 35161 g
 -7.6171527 1.6304513 5.8388596 35172 a
 0.21698101 0.3949477 -0.26895908 35178 r
 -0.061285995 -0.031350467 0.024176443 35361 g
 -7.8290396 1.5831659 5.7203465 35365 a
 0.2177255 0.39236194 -0.2695503 35368 r
 0.031924643 0.01818433 -0.02216256 35561 g
 -7.6135616 1.6885108 5.8388596 35565 a
 0.21677071 0.3940186 -0.26687542 35569 r
 0.0039614523 0.005933789 -0.0053846454 35762 g
 -7.7027454 1.6406267 5.820903 35779 a
 0.21777585 0.39298004 -0.2684898 35784 r
 0.0044940845 -0.0025883263 0.012192218 35958 g
 -7.2987237 1.5903485 6.1327477 35959 a
 0.21833488 0.39269322 -0.26974282 35960 r
 2.330266E-4 -0.10778319 0.02710592 36161 g
 -7.415441 1.590947 6.067506 36165 a
 0.21804745 0.3878914 -0.27057937 36168 r
 0.015413045 -0.10352213 0.027904868 36363 g
 -7.5974007 1.6382325 5.869984 36367 a
 0.21609783 0.3800199 -0.27108714 36370 r
 0.055360463 0.055202268 -0.028021514 36562 g
 -7.4687123 1.5921441 6.1040173 36565 a
 0.21638227 0.37696236 -0.27087715 36569 r
 -0.12173975 0.14681502 0.032165926 36763 g
 -7.5566993 1.7621324 5.8867435 36766 a
 0.2178285 0.38417977 -0.27238843 36770 r
 0.089715235 0.08236651 0.0010069412 36963 g
 -7.9786773 1.5442601 5.448006 36966 a
 0.22034161 0.39316887 -0.2645807 36970 r
 -0.044774394 0.102606535 0.017252224 37162 g
 -7.8308353 1.6741456 5.85921 37166 a
 0.22101897 0.3989572 -0.2601801 37169 r
 -0.072204955 -0.070498936 -0.0016562198 37362 g
 -7.6387005 1.6262615 5.731719 37366 a
 0.21908617 0.3976407 -0.26045093 37369 r
 -0.00136487 -0.046530485 0.026839603 37564 g
 -7.753622 1.7824832 5.81372 37567 a
 0.21629454 0.39398986 -0.25734386 37571 r
 0.0076898774 0.06079491 -0.023227824 37763 g
 -7.7344685 1.7483658 5.8023477 37767 a
 0.21758586 0.39831126 -0.25581285 37771 r
 0.05695836 -0.0699663 0.012991166 37967 g
 -7.873931 1.7357962 5.6982 37971 a
 0.21887708 0.39749372 -0.25407228 37976 r
 -0.0018975022 -0.0025883263 0.008197476 38169 g
 -7.7440453 1.7471687 5.810129 38172 a
 0.21901523 0.39521444 -0.25221708 38177 r
 -0.020805946 0.03522856 -0.021629928 38371 g
 -7.675811 1.7244238 5.823297 38376 a
 0.21806891 0.39508474 -0.25177827 38380 r
 -0.01228383 0.027505394 -0.00644991 38568 g
 -7.6428905 1.2707225 5.892729 38572 a
 0.2169385 0.39985263 -0.2514821 38576 r
 -0.006957508 0.059729643 0.01272485 38770 g
 -7.7464395 1.7190368 5.7736173 38775 a
 0.20923625 0.39731884 -0.24911968 38778 r
 0.11421632 -0.034279943 -0.05385418 38970 g
 -7.728483 1.7064673 5.7903767 38975 a
 0.20899275 0.3996765 -0.24320059 38978 r
 0.09317735 -0.030817833 -0.06424051 39169 g
 -7.347805 1.7340006 5.747281 39172 a
 0.21299799 0.39479518 -0.2505845 39177 r
 -0.04850282 0.00726537 -0.012841497 39370 g
 -7.7877398 1.5292963 6.000468 39374 a
 0.21600887 0.39324903 -0.2599344 39378 r
 0.045240447 -0.061710503 0.0113932695 39568 g
 -7.705738 1.7651252 5.9400144 39572 a
 0.21148114 0.38822567 -0.25749353 39576 r
 -0.04583966 -0.0087135965 0.027904868 39769 g
 -7.5046253 1.7351977 6.1644707 39772 a
 0.21278492 0.3874051 -0.25680777 39777 r
 -0.004028031 0.016586434 0.01671959 39969 g
 -7.593809 1.5969325 5.979519 39973 a
 0.21249178 0.3856054 -0.2573041 39977 r
 0.026065689 -0.004186223 -0.016836237 40168 g
 -7.5800424 1.7052702 5.9878983 40183 a
 0.21270223 0.3860981 -0.25732872 40186 r
 -0.0077564567 0.00859695 0.009795372 40368 g
 -7.5722613 1.6681601 6.030994 40372 a
 0.21299586 0.38587445 -0.25695977 40376 r
 -0.004294347 -0.004718855 0.0036701022 40569 g
 -7.6093717 1.6448165 5.9783216 40572 a
 0.21349813 0.38577104 -0.2576026 40577 r
 -0.0018975022 -0.0017893779 -0.0029878004 40769 g
 -7.5602903 1.6741456 5.9998693 40772 a
 0.21352407 0.3857224 -0.25814584 40785 r
 -0.0016311861 8.7378314E-4 -0.0016562198 40971 g
 -7.6003933 1.6639702 6.021417 40975 a
 0.21395251 0.38552964 -0.25890586 40978 r
 -0.008022773 0.0040695765 0.0065995795 41169 g
 -7.5722613 1.6603789 5.965752 41173 a
 0.21444392 0.3858376 -0.2590966 41177 r
 -0.0026964506 -0.0028546425 -5.832323E-5 41369 g
 -7.566276 1.7172412 6.0303955 41375 a
 0.2144397 0.38623577 -0.2576793 41381 r
 0.0031625037 -0.004186223 -0.007248858 41569 g
 -7.543531 1.7052702 5.9364233 41572 a
 0.21340686 0.38563657 -0.25622657 41577 r
 0.0020972393 0.0048685246 0.003403786 41769 g
 -7.554305 1.6651673 5.98311 41773 a
 0.21298942 0.38599092 -0.25508943 41777 r
 -0.009088038 0.018450646 0.0036701022 41970 g
 -7.665635 1.6687586 5.851429 41975 a
 0.21325473 0.38647938 -0.25510678 41978 r
 -0.010419617 -0.0017893779 0.006333263 42169 g
 -7.589619 1.6633717 5.995081 42172 a
 0.21441771 0.38786358 -0.25535074 42177 r
 -0.008022773 -0.011110442 -0.0013899037 42371 g
 -7.559692 1.6927006 6.007651 42377 a
 0.21374317 0.38713545 -0.2551929 42381 r
 -0.004028031 -0.0017893779 -5.832323E-5 42568 g
 -7.5806413 1.6873137 6.066907 42572 a
 0.21364161 0.38627714 -0.25560316 42577 r
 -0.0066911923 0.0016727315 -0.0035204326 42769 g
 -7.5830355 1.6819267 5.9603653 42772 a
 0.213741 0.38592947 -0.2567335 42777 r
 0.0114183035 0.02510855 0.0044690506 42969 g
 -7.5806413 1.6801311 5.9280434 42973 a
 0.21445519 0.38741344 -0.2558206 42977 r
 0.0023635554 -0.01883361 -0.0056509613 43168 g
 -8.055291 1.6418238 6.167464 43172 a
 0.21459857 0.3876089 -0.25557926 43177 r
 -0.042643867 0.1665224 0.028703816 43368 g
 -7.1065893 1.4041992 5.4521956 43372 a
 0.21452825 0.38844413 -0.2555829 43376 r
 -0.10549447 0.11006339 0.019116437 43569 g
 -8.122928 1.8076223 5.6497173 43572 a
 0.215512 0.4131357 -0.26504478 43577 r
 0.21941118 -0.16051377 -0.04346785 43769 g
 -7.079056 1.2916719 5.734113 43772 a
 0.21838208 0.40761787 -0.25547245 43777 r
 -0.27194205 -0.02282835 0.18130295 43968 g
 -7.8793178 1.5346833 5.6616883 43972 a
 0.21900153 0.40402174 -0.26743677 43976 r
 0.009287775 -0.1376106 -0.0016562198 44169 g
 -7.37055 1.6196774 6.229114 44173 a
 0.20978534 0.38880825 -0.24813049 44177 r
 0.2894523 -0.18661276 -0.19446908 44370 g
 -7.662044 2.1200657 6.3925185 44375 a
 0.21284486 0.37355787 -0.25668874 44379 r
 0.07533417 0.015521169 0.024975391 44569 g
 -7.2268977 2.059612 6.1716533 44573 a
 0.2241695 0.36714667 -0.27036622 44577 r
 -0.041578602 0.061593857 0.045748048 44771 g
 -7.691373 1.8686744 5.880758 44776 a
 0.23076594 0.36767358 -0.26867113 44781 r
 -0.009886986 -0.07076525 -0.05704997 44970 g
 -7.28376 1.9536686 6.3141084 44974 a
 0.23033066 0.3708349 -0.2708045 44978 r
 -0.0048269792 -0.027888356 -0.026423618 45170 g
 -7.291541 1.8770541 6.2823853 45182 a
 0.22654332 0.36449456 -0.27732828 45189 r
 -0.18592194 -0.024692563 0.12537657 45371 g
 -7.4363904 1.893215 6.4242415 45376 a
 0.21986961 0.36355376 -0.27375957 45379 r
 -0.03199122 0.020048542 -0.0037867487 45571 g
 -7.507618 1.6555905 5.969942 45575 a
 0.21551171 0.37104696 -0.25995442 45579 r
 -0.03012701 0.20140982 0.0042027347 45771 g
 -7.751827 1.6274586 5.832874 45776 a
 0.21692267 0.3861521 -0.25524595 45779 r
 -0.009354353 0.015521169 -0.030152043 45972 g
 -7.8266454 1.7741034 5.609016 45976 a
 0.21997714 0.39137012 -0.2568852 45980 r
 -0.024268055 0.0109937955 -0.008580439 46172 g
 -7.7949224 1.6292542 5.85921 46176 a
 0.21713488 0.3939566 -0.25309888 46180 r
 0.03352254 -0.042269427 0.0018058895 46372 g
 -7.735666 1.6537948 5.872977 46377 a
 0.21502559 0.39198178 -0.2527533 46380 r
 -0.0016311861 -0.006050436 -0.0013899037 46573 g
 -7.587225 1.6585833 5.961562 46577 a
 0.21408229 0.39077717 -0.25242117 46581 r
 4.993427E-4 -0.0017893779 7.406251E-4 46773 g
 -7.37055 1.5987282 5.9268465 46777 a
 0.21427839 0.3908229 -0.25281653 46781 r
 -0.026132269 -0.056650497 0.048677523 46972 g
 -7.701548 1.8303672 5.9807158 46977 a
 0.21307573 0.38876092 -0.25391063 46980 r
 0.048968874 -0.10032634 -0.008580439 47174 g
 -7.349002 1.6077064 6.1848216 47178 a
 0.21395893 0.38404977 -0.253454 47181 r
 0.027663585 -0.037742052 0.01885012 47374 g
 -7.313688 1.7753005 6.2075663 47378 a
 0.21331453 0.37180793 -0.2585816 47382 r
 0.038848862 0.011526427 -0.014439393 47572 g
 -7.195773 1.8243817 6.3302693 47574 a
 0.21602517 0.366956 -0.26242873 47576 r
 0.01780989 0.020581175 -0.0426689 47775 g
 -7.5106106 1.785476 6.1524997 47778 a
 0.21819581 0.3680789 -0.26477632 47782 r
 -0.04876914 0.11698761 0.0012732573 47974 g
 -7.5824366 1.6017209 5.5539494 47978 a
 0.2169174 0.37354857 -0.26430342 47981 r
 -0.0066911923 0.09941074 0.022844862 48178 g
 -7.4465656 1.714847 5.9358244 48181 a
 0.2169174 0.37354857 -0.26430342 48194 r
 0.03165833 -0.040405214 -0.02828783 48379 g
 -7.492056 1.6645688 6.093842 48385 a
 0.21718599 0.38612467 -0.25860968 48395 r
 0.0084888255 -0.06384103 -0.015238341 48578 g
 -7.475296 1.6130934 6.0357823 48582 a
 0.21418843 0.3804888 -0.25815567 48595 r
 0.051898353 -0.04945996 -0.04000574 48781 g
 -7.541735 1.7375919 5.993884 48794 a
 0.21349001 0.37852228 -0.2575954 48798 r
 -0.016278572 0.048810683 0.004735367 48976 g
 -7.491457 1.6178818 6.057929 48979 a
 0.21351399 0.38080257 -0.25738874 48993 r
 0.019407786 0.0064664213 7.406251E-4 49179 g
 -7.5112095 1.6663644 5.893926 49186 a
 0.21343231 0.38202184 -0.2571136 49196 r
 0.0039614523 -0.07369473 -0.019765716 49379 g
 -7.530363 1.7914615 6.154894 49386 a
 0.21326497 0.382743 -0.25672957 49396 r
 0.023668844 -0.025225196 -0.0112435995 49580 g
 -7.3029137 1.7262194 6.239888 49587 a
 0.2122128 0.37516916 -0.2561482 49595 r
 0.0076898774 0.016053801 0.012991166 49782 g
 -7.3831196 1.738789 6.11539 49795 a
 0.21312095 0.37327242 -0.25558117 49799 r
 -0.027197532 -0.024426248 -0.00644991 49978 g
 -7.1251445 1.9231426 6.338649 49982 a
 0.21499659 0.372913 -0.2561755 49995 r
 -0.05729125 0.07757282 -0.0059172777 50179 g
 -7.3418193 1.7609353 6.133346 50197 a
 0.21404651 0.37096494 -0.25803474 50200 r
 0.083856285 -4.5779737E-4 -0.11883531 50380 g
 -7.1233487 1.5999253 6.3619924 50393 a
 0.21333003 0.37647414 -0.26005682 50398 r
 -0.040247023 -0.026556775 0.010061689 50580 g
 -7.555502 1.536479 5.8520274 50594 a
 0.21218804 0.37548053 -0.26243046 50597 r
 -0.010419617 0.1385592 -0.16863643 50794 g
 -8.081029 0.7026982 6.1477113 50798 a
 0.21293953 0.38755167 -0.26527753 50801 r
 0.28732178 0.36599317 -0.15079324 50981 g
 -9.054871 2.042254 4.5406036 50995 a
 0.20818858 0.4057852 -0.2782522 50998 r
 -0.38832217 -0.4702394 0.09075547 51181 g
 -7.533954 1.5717934 5.8478374 51194 a
 0.22787587 0.41861868 -0.2776502 51198 r
 7.656588E-4 -0.07502631 0.08196704 51393 g
 -7.741651 1.5867572 6.2219315 51397 a
 0.2118903 0.4004081 -0.25844857 51400 r
 0.17253955 -0.17303063 -0.012042548 51581 g
 -7.6973586 3.7978024 5.310938 51595 a
 0.21730044 0.3869515 -0.2639338 51598 r
 0.40237033 -0.44786885 -0.120433204 51782 g
 -5.41748 0.40940848 6.203975 51795 a
 0.25368768 0.36392868 -0.2728891 51799 r
 -0.15822506 0.18756138 -0.049060486 51994 g
 -7.7039423 2.349909 5.6778493 51998 a
 0.2386356 0.33202618 -0.28951934 52001 r
 -0.16328506 0.3217847 -0.051989965 52181 g
 -7.764396 2.1033063 5.465364 52195 a
 0.25069487 0.3689766 -0.28359553 52198 r
 -0.12972923 0.044549625 -0.0075151743 52386 g
 -7.2987237 1.8602947 6.2105594 52396 a
 0.24760537 0.384665 -0.28583655 52399 r
 -0.024268055 -0.054786284 0.07557545 52594 g
 -7.5082164 1.8956091 5.901707 52596 a
 0.23788637 0.37565273 -0.28598544 52597 r
 -0.016278572 0.024043284 0.013790115 52787 g
 -7.5920134 1.83336 6.8887167 52796 a
 0.24099126 0.3758394 -0.28376904 52799 r
 -0.13718608 0.09914443 0.0039364183 52986 g
 -7.653664 1.8177977 5.7963624 52996 a
 0.23941015 0.38093668 -0.27979532 53000 r
 0.14644057 0.050674897 -0.068767875 53195 g
 -7.9068513 1.9458874 5.716755 53198 a
 0.23802406 0.3848114 -0.27557668 53202 r
 -0.30043787 -0.08940738 0.13602921 53393 g
 -7.701548 1.7651252 5.675455 53396 a
 0.23384555 0.38812792 -0.27168426 53400 r
 -0.022936475 -1.9148127E-4 0.045748048 53595 g
 -7.553706 1.7782934 6.042965 53599 a
 0.22793572 0.38881284 -0.26199976 53602 r
 0.030060431 0.009928531 -0.016303606 53796 g
 -7.6680293 1.8028339 5.767632 53799 a
 0.22501537 0.38377494 -0.25904337 53803 r
 0.04231097 0.041087516 -0.033347838 53993 g
 -7.6811976 1.8327614 5.7466826 53997 a
 0.22523578 0.38899326 -0.25558695 54000 r
 0.006624613 -0.0028546425 7.406251E-4 54193 g
 -7.575254 1.8417397 5.9142766 54197 a
 0.22488077 0.39084554 -0.2535616 54200 r
 -0.046638608 0.02164644 0.012991166 54395 g
 -7.6494746 1.977012 5.9358244 54398 a
 0.22356836 0.3897907 -0.25237516 54402 r
 0.04790361 -0.068368405 -0.02216256 54585 g
 -7.5531077 1.9722236 5.919664 54598 a
 0.22132665 0.38725227 -0.24919362 54601 r
 -0.010419617 -0.023627298 0.026573287 54794 g
 -7.499837 1.8962077 6.1064115 54797 a
 0.22021973 0.37891692 -0.24849303 54801 r
 0.0114183035 0.026706446 -0.01870045 54994 g
 -7.518392 1.6292542 5.722142 54998 a
 0.22034515 0.37801766 -0.24811678 55002 r
 -0.08046076 0.13216762 0.084363885 55200 g
 -7.671621 1.8046296 6.132149 55204 a
 0.21818611 0.38789046 -0.24346988 55208 r
 0.12646686 -0.15651904 -0.082616314 55392 g
 -7.459734 1.8483237 6.023213 55396 a
 0.22035277 0.38480204 -0.2460124 55399 r
 -0.0431765 0.042685412 0.014855378 55594 g
 -7.521983 1.8369513 5.927445 55598 a
 0.22040585 0.38113463 -0.24945427 55602 r
 0.0039614523 0.05094121 -0.0112435995 55794 g
 -7.6231384 1.8417397 5.852626 55798 a
 0.22155382 0.38499403 -0.24944411 55801 r
 0.011151987 0.013656956 -0.010444651 55992 g
 -7.5561004 1.8303672 5.8945246 55996 a
 0.22319596 0.3880638 -0.25207666 56000 r
 0.004227768 -0.0055178036 -8.5727155E-4 56194 g
 -7.6285253 1.8938135 5.8843493 56198 a
 0.22466843 0.38907218 -0.25310043 56202 r
 -0.02053963 -0.027355725 0.013257482 56396 g
 -7.563882 1.8255788 5.919664 56399 a
 0.22533505 0.3866368 -0.2548202 56403 r
 0.0076898774 0.0064664213 -0.018167818 56594 g
 -7.5944076 1.8567034 5.909488 56597 a
 0.22527093 0.38618433 -0.25611767 56601 r
 -5.659217E-4 0.020847492 -0.005118329 56795 g
 -7.6363063 1.8411411 5.8783636 56799 a
 0.22609387 0.3873396 -0.25778612 56802 r
 -0.006424876 -9.904295E-4 0.0073985276 56994 g
 -7.6387005 1.8698715 5.8364654 56997 a
 0.22682917 0.38776213 -0.25853303 57001 r
 0.005825665 -0.01670308 -8.5727155E-4 57194 g
 -7.767389 1.8543092 5.8783636 57197 a
 0.22764505 0.38698155 -0.2599087 57201 r
 0.009820406 -0.016969396 -0.0029878004 57394 g
 -7.6404963 2.1697452 5.975329 57398 a
 0.22708613 0.38471067 -0.26067045 57402 r
 0.033256225 -0.10778319 -0.021896243 57594 g
 -7.422025 1.7962499 5.9944825 57597 a
 0.22687228 0.3771109 -0.2619368 57601 r
 -0.047703873 0.052272793 0.0366933 57796 g
 -7.4447703 1.887828 6.06152 57800 a
 0.22617033 0.3843584 -0.2584425 57803 r
 0.019674102 0.07357808 -0.028820463 57996 g
 -7.7374616 1.8363527 5.8909335 58000 a
 0.22601998 0.38504577 -0.25817475 58004 r
 0.055360463 -0.0012567457 -0.04053837 58196 g
 -7.6081743 1.87047 5.919664 58199 a
 0.22601998 0.38504577 -0.25817475 58203 r
 -0.004028031 -0.0025883263 0.011925901 58390 g
 -7.5590935 1.863886 5.9986725 58395 a
 0.22541332 0.3849203 -0.25675383 58398 r
 0.014880412 -0.022295719 -0.019499399 58589 g
 -7.6003933 1.804031 5.915474 58594 a
 0.22479105 0.38442093 -0.25679812 58597 r
 0.0034288198 0.012858008 0.0023385216 58789 g
 -7.541735 1.9081788 5.827487 58794 a
 0.22517721 0.38568288 -0.25767198 58797 r
 0.023402527 0.0067327376 -0.006982542 58987 g
 -7.5411367 1.8848352 5.901707 58992 a
 0.22680473 0.38606524 -0.2577217 58995 r
 -0.0349207 0.02297802 0.0284375 59187 g
 -7.542334 1.7555484 5.832874 59191 a
 0.2271819 0.38632548 -0.2574642 59195 r
 0.009021458 -0.027888356 0.0044690506 59387 g
 -7.6123643 1.894412 5.887342 59392 a
 0.22599868 0.38585168 -0.25823984 59395 r
 0.026065689 0.028836975 -0.016037289 59587 g
 -7.5920134 1.8351556 5.8741736 59592 a
 0.225505 0.38527137 -0.25749525 59595 r
 0.018875154 -0.0015230618 -0.009113071 59794 g
 -7.507618 1.8902222 5.975329 59798 a
 0.22579597 0.38708478 -0.25684473 59801 r
 -0.0066911923 0.0062001054 0.019382752 59988 g
 -7.2340803 1.6950948 5.7640405 59994 a
 0.22650671 0.38689262 -0.2560381 59997 r
 -0.051165983 -0.16797063 0.0366933 60328 g
