 0.18082863 0.19126476 -0.29873183 2 g
 -8.975264 3.378817 5.0876784 5 a
 0.2747296 0.34376568 -0.2517133 6 r
 -0.26738137 0.31723228 0.05839806 116 g
 -8.1319065 2.7275944 4.5980644 119 a
 0.27403608 0.38803768 -0.23344685 122 r
 -0.079095885 -0.0020807278 0.037092775 316 g
 -7.6081743 3.3812113 5.109825 320 a
 0.26844543 0.39810675 -0.22336484 324 r
 0.18322548 -0.08543767 0.04827805 517 g
 -7.868544 2.9574378 5.6497173 522 a
 0.27352262 0.39254957 -0.21874826 525 r
 -0.063116916 0.033339314 0.07544229 717 g
 -7.435792 3.1411927 5.4659624 722 a
 0.26819968 0.38693553 -0.21841206 726 r
 -0.06471481 0.022952987 0.055734903 916 g
 -7.677606 3.3237505 5.1529207 920 a
 0.26736248 0.3825575 -0.21703778 924 r
 -0.03009372 0.0035119106 0.029635923 1118 g
 -7.66384 3.1244333 5.502474 1123 a
 0.26736388 0.38437343 -0.21061306 1126 r
 0.017044231 -0.0036786243 0.01685275 1317 g
 -7.6428905 3.1094694 5.2540755 1322 a
 0.26631132 0.38141233 -0.21116118 1326 r
 -0.051665325 -0.030576551 0.02777171 1517 g
 -7.735666 2.8592753 5.354632 1522 a
 0.26810488 0.37980306 -0.211365 1525 r
 0.087618 0.17555211 -0.013507287 1719 g
 -7.903858 3.176507 5.068525 1723 a
 0.26966757 0.3828163 -0.21311177 1726 r
 -0.048735846 -0.04575657 -1.9148127E-4 1917 g
 -7.7171106 2.9951463 5.2343235 1922 a
 0.27568015 0.3874042 -0.21419238 1925 r
 0.02183792 0.08021095 -0.016436763 2118 g
 -7.9385743 3.2483332 5.0374002 2122 a
 0.2729581 0.3917058 -0.21467863 2126 r
 0.046339 -0.056941845 -0.08035263 2319 g
 -7.892486 3.007716 4.970961 2323 a
 0.27758306 0.39757693 -0.21847107 2326 r
 0.05725796 0.004577175 0.005933789 2519 g
 -7.611766 2.7766755 5.2079873 2523 a
 0.27997717 0.39768893 -0.22693329 2526 r
 -0.055926383 -0.036968138 0.09248652 2719 g
 -7.7560163 3.0071173 5.157709 2723 a
 0.28092036 0.39045024 -0.22709467 2728 r
 -0.027164243 -0.011934424 0.032831717 2921 g
 -7.6650367 3.1549592 5.257667 2925 a
 0.27909803 0.38524622 -0.22416283 2932 r
 0.01784318 -0.01353232 0.00726537 3121 g
 -7.7464395 3.2124202 5.331289 3124 a
 0.28027168 0.38373291 -0.22352459 3128 r
 -0.06498113 -0.019657591 0.02564118 3322 g
 -7.6009917 3.0951042 5.3259015 3326 a
 0.27787867 0.38333642 -0.22086303 3341 r
 -0.034621093 -0.03537024 0.009662215 3521 g
 -7.53575 3.1316159 5.4312468 3524 a
 0.27668473 0.3816499 -0.21960764 3528 r
 -0.0031957934 0.0016476978 0.005667473 3720 g
 -7.5255747 3.1346085 5.369596 3724 a
 0.27491447 0.38070238 -0.21710764 3728 r
 -0.00958738 4.980111E-5 -0.0033872745 3920 g
 -7.5950065 3.0951042 5.3713913 3924 a
 0.2748863 0.38158226 -0.21526389 3928 r
 0.002130529 0.014430871 -0.0055178036 4121 g
 -7.7147164 3.110068 5.3049526 4124 a
 0.27492633 0.38227367 -0.21417503 4128 r
 0.0026631611 0.0053761234 0.0067327376 4325 g
 -7.504027 3.1148565 5.49589 4329 a
 0.27652487 0.38428664 -0.21303962 4332 r
 0.019973708 0.016028767 -4.5779737E-4 4520 g
 -7.685986 3.127426 5.2361193 4524 a
 0.27620542 0.3835745 -0.21184655 4528 r
 0.007723167 -0.018858643 -0.013773602 4722 g
 -7.569867 3.115455 5.345654 4725 a
 0.2779515 0.3864329 -0.21035121 4729 r
 0.016245283 0.013631922 -0.008180965 4921 g
 -7.6363063 3.1489737 5.333683 4925 a
 0.2768663 0.38584822 -0.20951231 4928 r
 -5.326322E-4 -0.0153965335 -0.0036535906 5118 g
 -7.638102 3.168726 5.317522 5131 a
 0.27615413 0.38709122 -0.20695342 5134 r
 0.0018642128 -0.00261336 -0.006050436 5324 g
 -7.6560583 3.108871 5.3157263 5328 a
 0.27569813 0.38756895 -0.2054161 5331 r
 0.0 3.1611722E-4 7.4834825E-5 5521 g
 -7.685986 3.2136173 5.133168 5525 a
 0.27494988 0.38825303 -0.20360921 5529 r
 0.024501082 0.07195515 -0.035611525 5722 g
 -7.795521 3.0322564 4.9877205 5726 a
 0.2761966 0.39260232 -0.20268355 5730 r
 -0.08042747 -0.048686046 -0.013240971 5923 g
 -7.349002 2.4037786 5.143344 5926 a
 0.27061406 0.39629525 -0.20095702 5930 r
 -0.07137272 -0.13630405 0.13536341 6122 g
 -7.9026613 3.4021606 5.6670756 6126 a
 0.26985258 0.3967203 -0.2005188 6130 r
 0.09321064 -0.23883575 0.059463326 6322 g
 -7.475296 3.4871547 5.3486466 6326 a
 0.2683372 0.37692684 -0.19689564 6330 r
 0.12703279 0.014697187 -0.08381474 6523 g
 -7.6375036 3.2920272 5.5389857 6527 a
 0.27724606 0.3780706 -0.20030649 6531 r
 0.0015978967 -0.063866064 -0.02282835 6723 g
 -7.493851 3.1914709 5.463568 6727 a
 0.27530557 0.3791039 -0.19965221 6730 r
 -0.013582122 -0.041495513 0.002737996 6923 g
 -7.4004774 3.1190462 5.5126495 6927 a
 0.27461332 0.37836134 -0.20139031 6930 r
 0.007989483 -0.0036786243 -0.006583068 7124 g
 -7.3723454 3.132813 5.6443305 7127 a
 0.27383652 0.3763414 -0.20231219 7131 r
 -0.0039947415 0.038665637 -0.0012567457 7324 g
 -7.569867 3.1783028 5.425261 7328 a
 0.2735541 0.37625527 -0.2029999 7332 r
 7.9894834E-4 0.004577175 -0.0028546425 7524 g
 -7.44896 3.1663318 5.543774 7527 a
 0.2752426 0.37905997 -0.20310573 7531 r
 0.0034621095 0.0080392845 -9.904295E-4 7725 g
 -7.466318 3.152565 5.5102553 7728 a
 0.27499515 0.37870413 -0.20372729 7740 r
 -0.01571265 -0.0036786243 0.0024716798 7924 g
 -7.5148005 3.17531 5.511452 7927 a
 0.27550414 0.3783025 -0.20503424 7934 r
 0.0063915867 3.1611722E-4 -0.004452539 8124 g
 -7.4884644 3.1603463 5.5401826 8128 a
 0.27640668 0.37761396 -0.20719744 8132 r
 0.0015978967 0.0029792783 -0.0023220102 8325 g
 -7.4872675 3.151368 5.5126495 8329 a
 0.27708253 0.37720442 -0.20863418 8332 r
 7.9894834E-4 4.980111E-5 -0.002055694 8528 g
 -7.5016327 3.1741128 5.490503 8532 a
 0.27762172 0.37698865 -0.20947172 8536 r
 0.002130529 3.1611722E-4 -0.0012567457 8725 g
 -7.49445 3.1603463 5.4581814 8729 a
 0.27762452 0.3773163 -0.20917736 8733 r
 0.0 0.002446646 -0.0017893779 8926 g
 -7.4806833 3.1860838 5.4917 8929 a
 0.27751622 0.3775701 -0.20873232 8933 r
 0.0034621095 0.0053761234 -7.241135E-4 9125 g
 -7.4723034 3.1501708 5.495291 9129 a
 0.27729422 0.37780315 -0.20766456 9133 r
 2.663161E-4 0.0011150655 -0.0015230618 9325 g
 -7.501034 3.163339 5.533 9329 a
 0.27703264 0.37809765 -0.20725323 9333 r
 -5.326322E-4 0.0029792783 -0.0025883263 9526 g
 -7.4585366 3.145981 5.507861 9530 a
 0.27725455 0.37789935 -0.20772536 9534 r
 -0.002130529 -0.011135476 -4.5779737E-4 9726 g
 -7.5351515 3.1507695 5.456984 9730 a
 0.2772246 0.3775295 -0.20817824 9734 r
 -0.007456851 -0.005276521 6.07467E-4 9926 g
 -7.4788876 3.13401 5.5162406 9930 a
 0.27785075 0.37784427 -0.20855968 9933 r
 -5.326322E-4 0.0067077037 -7.241135E-4 10127 g
 -7.495647 3.1346085 5.504868 10138 a
 0.27829298 0.377271 -0.20980747 10143 r
 -0.0010652645 -0.0018144116 3.4115094E-4 10326 g
 -7.5016327 3.156755 5.5168395 10332 a
 0.27842996 0.37710375 -0.21012776 10336 r
 0.0013315806 -0.009803895 -1.9148127E-4 10527 g
 -7.469909 3.1627405 5.4911017 10530 a
 0.27791452 0.37733048 -0.2089469 10534 r
 -0.004261058 -0.0066081015 0.00859695 10728 g
 -7.48607 3.1723173 5.5204306 10732 a
 0.27750182 0.37612474 -0.20931022 10735 r
 -0.0013315806 0.012300342 -0.0025883263 10927 g
 -7.475296 3.145981 5.539584 10931 a
 0.27745703 0.37593448 -0.20946728 10934 r
 -7.9894834E-4 0.0016476978 -0.0033872745 11127 g
 -7.49026 3.1681273 5.4743423 11131 a
 0.27715716 0.37669468 -0.20846434 11135 r
 0.0 0.010702445 -0.0017893779 11328 g
 -7.4950485 3.1507695 5.5096564 11332 a
 0.27694806 0.37811178 -0.2066092 11335 r
 -0.0018642128 -0.0020807278 -1.9148127E-4 11534 g
 -7.469909 3.1519666 5.501277 11538 a
 0.27652737 0.37860864 -0.20542236 11543 r
 -2.663161E-4 -0.0018144116 -1.9148127E-4 11737 g
 -7.4746976 3.1591492 5.4922986 11741 a
 0.27624983 0.37886935 -0.20456575 11744 r
 -2.663161E-4 3.1611722E-4 0.0019390476 11936 g
 -7.5052238 3.1334114 5.503671 11940 a
 0.27668083 0.37847775 -0.20547159 11944 r
 0.0058589545 5.824333E-4 0.0011400993 12138 g
 -7.506421 3.157952 5.4845176 12142 a
 0.27668083 0.37847775 -0.20547159 12146 r
 0.0 0.0032455944 -0.0015230618 12336 g
 -7.4711065 3.152565 5.5168395 12340 a
 0.27763492 0.37791812 -0.20761715 12344 r
 0.0015978967 0.002446646 0.0019390476 12536 g
 -7.5136037 3.1591492 5.489306 12541 a
 0.27788964 0.37765956 -0.20806094 12544 r
 0.0010652645 -2.1651499E-4 0.0011400993 12737 g
 -7.5124063 3.1531637 5.518635 12745 a
 0.27840805 0.37735152 -0.20909818 12749 r
 -5.326322E-4 8.487494E-4 0.002737996 12934 g
 -7.4932528 3.1370027 5.499481 12938 a
 0.2786401 0.37715608 -0.20961441 12944 r
 -0.002396845 8.487494E-4 0.0016727315 13138 g
 -7.595605 3.1477766 5.419874 13142 a
 0.27902782 0.37681502 -0.21055995 13146 r
 -0.017576864 0.037334055 0.002737996 13336 g
 -7.8972745 3.4075475 5.37199 13340 a
 0.2792623 0.37703824 -0.21081911 13344 r
 0.08841695 0.14306155 -0.034279943 13529 g
 -7.8529816 3.0933087 5.2289367 13539 a
 0.282283 0.38428384 -0.21103986 13543 r
 0.1571265 0.043459326 -0.06703682 13737 g
 -7.9433627 3.2555158 5.051167 13741 a
 0.2926971 0.39177537 -0.21977963 13744 r
 0.02663161 0.03893195 -0.0864779 13936 g
 -7.9828672 3.1214404 4.876989 13940 a
 0.2976107 0.39718306 -0.22610463 13944 r
 -0.015978966 0.05970461 0.011260111 14138 g
 -7.357382 2.747945 5.0876784 14142 a
 0.29540563 0.4008134 -0.22459038 14145 r
 -0.21997711 -0.20261675 0.13989079 14337 g
 -7.5285673 2.906561 5.0984526 14341 a
 0.29259217 0.40034282 -0.2218271 14344 r
 -0.050866377 -0.03616919 -0.06756946 14536 g
 -7.6375036 3.0412347 5.400122 14540 a
 0.28467736 0.3872388 -0.22330837 14544 r
 -0.0063915867 -0.0153965335 0.038424354 14737 g
 -7.608773 3.1334114 5.374983 14741 a
 0.28078103 0.38366586 -0.21996664 14744 r
 0.010652645 0.005109807 0.011260111 14936 g
 -7.586028 3.145981 5.383961 14940 a
 0.28231 0.38210815 -0.21837296 14944 r
 -0.013848438 0.025083516 0.04295173 15132 g
 -7.669825 3.193865 5.070919 15148 a
 0.28356946 0.38201147 -0.21739312 15152 r
 0.029561087 0.06716146 0.0109937955 15335 g
 -7.565677 3.1669302 5.357625 15339 a
 0.2862348 0.38507545 -0.21475597 15342 r
 -0.011185276 -0.013266005 0.0014064154 15536 g
 -7.6428905 3.165733 5.2786164 15540 a
 0.285815 0.38539213 -0.21332584 15544 r
 -0.0034621095 0.002446646 0.0048685246 15737 g
 -7.608773 3.168726 5.309142 15741 a
 0.28565028 0.38577032 -0.2123145 15744 r
 0.0 0.00218033 0.0019390476 15936 g
 -7.654263 3.1561563 5.3103395 15940 a
 0.2853341 0.38585967 -0.2115653 15944 r
 -0.004261058 -0.006874418 0.0011400993 16138 g
 -7.6321163 3.164536 5.3019595 16142 a
 0.2848225 0.3861072 -0.21074058 16145 r
 0.0013315806 0.0019140139 -9.904295E-4 16337 g
 -7.651869 3.181894 5.3025584 16341 a
 0.28443712 0.38601208 -0.21027045 16344 r
 0.005592638 -0.0012817794 3.4115094E-4 16536 g
 -7.6225395 3.1759086 5.3019595 16540 a
 0.28391224 0.38651276 -0.20897795 16544 r
 -7.9894834E-4 -0.00261336 -0.0012567457 16736 g
 -7.6333137 3.1681273 5.3127337 16740 a
 0.28310174 0.38698417 -0.2073652 16744 r
 0.0034621095 3.1611722E-4 -0.0017893779 16937 g
 -7.635708 3.176507 5.2917843 16941 a
 0.2823445 0.38747752 -0.20569052 16944 r
 -0.0018642128 -0.0010154633 6.07467E-4 17137 g
 -7.6231384 3.1651347 5.2995653 17141 a
 0.28187865 0.3878169 -0.20471309 17144 r
 0.0015978967 -0.0020807278 -0.004718855 17336 g
 -7.627328 3.1693244 5.2965727 17340 a
 0.28168803 0.38797998 -0.20441274 17344 r
 0.0045273737 0.002446646 -1.9148127E-4 17536 g
 -7.61835 3.1483753 5.3438582 17540 a
 0.28155607 0.38805103 -0.20410909 17544 r
 -0.0031957934 8.487494E-4 0.0019390476 17737 g
 -7.626131 3.1962593 5.3025584 17741 a
 0.28148866 0.3880092 -0.2041773 17744 r
 0.0018642128 0.0011150655 6.07467E-4 17935 g
 -7.6333137 3.1693244 5.282806 17939 a
 0.2820054 0.38766927 -0.20500763 17943 r
 0.0013315806 0.0011150655 0.0016727315 18137 g
 -7.6351094 3.1800983 5.297171 18141 a
 0.28248808 0.38740623 -0.2058853 18145 r
 0.0010652645 -2.1651499E-4 0.0024716798 18337 g
 -7.6764092 3.1627405 5.3025584 18341 a
 0.28318173 0.38691145 -0.20709606 18344 r
 2.663161E-4 -4.828311E-4 -0.002055694 18538 g
 -7.6404963 3.1944637 5.2798133 18542 a
 0.28343043 0.38701326 -0.20783798 18545 r
 0.0018642128 0.0032455944 -0.0017893779 18737 g
 -7.6267295 3.1549592 5.301361 18741 a
 0.28353715 0.38719302 -0.20832701 18744 r
 0.0010652645 8.487494E-4 0.0019390476 18936 g
 -7.626131 3.1651347 5.298967 18941 a
 0.28437373 0.38664168 -0.20995568 18944 r
 0.0031957934 -0.0015480955 0.0014064154 19139 g
 -7.6351094 3.1621418 5.2905874 19145 a
 0.285383 0.38579023 -0.21129973 19150 r
 -0.0010652645 0.005109807 -0.002055694 19337 g
 -7.668628 3.3225534 5.3402667 19341 a
 0.28521988 0.3858568 -0.21106566 19345 r
 -0.0015978967 0.004310859 -0.01883361 19536 g
 -7.662044 3.1717186 5.2846017 19540 a
 0.2848803 0.38642436 -0.2101656 19544 r
 -0.00958738 0.0037782267 -0.032948364 19737 g
 -7.656657 3.0484173 5.2852 19741 a
 0.28312075 0.3879729 -0.21038575 19744 r
 0.007989483 -0.005010205 0.011260111 19935 g
 -7.9104424 3.1471782 5.325303 19940 a
 0.28224444 0.3888169 -0.21022086 19943 r
 -0.013049489 0.092195176 -9.904295E-4 20137 g
 -7.85358 3.2225955 5.3354783 20143 a
 0.28290862 0.39042073 -0.20796688 20156 r
 0.01571265 -0.007939682 -0.15651904 20336 g
 -7.6764092 2.882619 4.9972973 20340 a
 0.28407326 0.39843535 -0.21282075 20344 r
 0.04287689 -0.0012817794 -1.9148127E-4 20536 g
 -7.5046253 3.2196028 5.327099 20540 a
 0.28412366 0.40152246 -0.2226656 20544 r
 -0.0396811 -0.28118 0.1217813 20738 g
 -7.9343843 3.7002387 5.410896 20742 a
 0.2871885 0.38858294 -0.22272198 20745 r
 0.013315805 -0.0116681075 0.061061222 20937 g
 -7.7649946 3.2303767 5.295376 20941 a
 0.28943217 0.38296372 -0.22237726 20944 r
 0.03834952 -0.038033403 -0.0055178036 21137 g
 -7.690176 3.083732 5.2768207 21143 a
 0.28923777 0.38249242 -0.224259 21146 r
 0.007723167 -4.828311E-4 -9.904295E-4 21337 g
 -7.6692266 3.09271 5.2840033 21341 a
 0.28960747 0.3817994 -0.22588627 21344 r
 0.0066579026 0.0011150655 8.7378314E-4 21538 g
 -7.641693 3.0891187 5.283405 21542 a
 0.29003432 0.38138908 -0.22684844 21545 r
 -5.326322E-4 5.824333E-4 3.4115094E-4 21734 g
 -7.6530657 3.0909145 5.3342814 21736 a
 0.29003432 0.38138908 -0.22684844 21737 r
 -7.9894834E-4 5.824333E-4 -0.0017893779 21945 g
 -7.632715 3.093907 5.3103395 21949 a
 0.2900115 0.38121605 -0.22757624 21961 r
 -0.0026631611 -0.0018144116 -0.0033872745 22145 g
 -7.6548615 3.1142578 5.319318 22148 a
 0.29002187 0.3811304 -0.22804935 22164 r
 0.0015978967 -0.0010154633 -0.0033872745 22343 g
 -7.639898 3.105878 5.3127337 22347 a
 0.28983167 0.38123792 -0.22790481 22359 r
 7.9894834E-4 4.980111E-5 -9.904295E-4 22543 g
 -7.65546 3.1040826 5.301361 22547 a
 0.29003558 0.3810084 -0.22867362 22559 r
 -0.0013315806 0.0011150655 -4.5779737E-4 22748 g
 -7.627328 3.0909145 5.3755813 22761 a
 0.2907998 0.38046247 -0.23051934 22764 r
 -7.9894834E-4 8.487494E-4 -0.0017893779 22948 g
 -7.6291237 3.0998926 5.319318 22959 a
 0.2911551 0.37995923 -0.23174174 22962 r
 0.0026631611 8.487494E-4 -4.5779737E-4 23146 g
 -7.6464815 3.0897174 5.3384714 23153 a
 0.29117796 0.3798839 -0.23197119 23163 r
 0.0013315806 -4.828311E-4 0.0014064154 23345 g
 -7.6470804 3.0969 5.285799 23349 a
 0.29107234 0.37991107 -0.23209338 23361 r
 0.0015978967 0.0019140139 -9.904295E-4 23540 g
 -7.6590514 3.071761 5.2905874 23544 a
 0.2910491 0.3800968 -0.23175104 23548 r
 2.663161E-4 8.487494E-4 0.002737996 23745 g
 -7.6482773 3.0831332 5.3504424 23749 a
 0.29059538 0.3805204 -0.2308167 23761 r
 -0.006924219 -0.0012817794 0.0040695765 23945 g
 -7.6560583 3.079542 5.312135 23949 a
 0.29048923 0.3804289 -0.23089136 23961 r
 -0.0037284256 -2.1651499E-4 7.4834825E-5 24144 g
 -7.6602483 3.095703 5.3420625 24148 a
 0.29019925 0.38059837 -0.23027866 24163 r
 -2.663161E-4 4.980111E-5 3.4115094E-4 24344 g
 -7.675212 3.103484 5.346851 24348 a
 0.28960657 0.38100278 -0.2290437 24360 r
 -0.0010652645 3.1611722E-4 3.4115094E-4 24545 g
 -7.642292 3.1184478 5.3396683 24549 a
 0.28952965 0.38107657 -0.22904782 24561 r
 -0.002130529 5.824333E-4 -0.0017893779 24753 g
 -7.6404963 3.1082723 5.357026 24763 a
 0.28955072 0.381001 -0.22925316 24766 r
 -0.0010652645 0.0013813816 -0.0017893779 24945 g
 -7.6590514 3.093907 5.305551 24949 a
 0.2899395 0.38055062 -0.23028143 24962 r
 7.9894834E-4 -7.491472E-4 6.07467E-4 25148 g
 -7.657854 3.084929 5.3163247 25167 a
 0.2900899 0.38046402 -0.23085244 25172 r
 5.326322E-4 4.980111E-5 -4.5779737E-4 25345 g
 -7.6404963 3.0986955 5.3079453 25349 a
 0.29029617 0.38031173 -0.23148964 25361 r
 0.0015978967 0.0027129622 0.0011400993 25545 g
 -7.641693 3.086126 5.283405 25549 a
 0.29018745 0.380431 -0.23130156 25561 r
 -7.9894834E-4 0.00218033 6.07467E-4 25760 g
 -7.6847887 3.1196449 5.342661 25763 a
 0.2897194 0.38076854 -0.23031546 25767 r
 0.0034621095 0.00218033 -0.003919907 25946 g
 -7.8475947 3.357868 5.1888337 25953 a
 0.28937677 0.38106924 -0.2296965 25963 r
 0.04261058 0.053845655 -0.18608013 26146 g
 -7.7009497 3.0310593 5.3498435 26152 a
 0.2905132 0.38320935 -0.23284175 26163 r
 -0.0037284256 -0.040430248 0.12231393 26345 g
 -7.6919713 3.0777464 5.3163247 26349 a
 0.28949168 0.38199592 -0.23344778 26362 r
 -0.002396845 -0.0018144116 0.01685275 26545 g
 -7.6650367 3.0897174 5.318719 26549 a
 0.2900543 0.38056356 -0.23158951 26561 r
 -2.663161E-4 0.0053761234 -0.0033872745 26743 g
 -7.6171527 3.0909145 5.355231 26745 a
 0.28950855 0.3810169 -0.22973149 26746 r
 0.0018642128 -7.491472E-4 0.0011400993 26961 g
 -7.65965 3.0747535 5.322909 26964 a
 0.28900155 0.3812307 -0.22854976 26968 r
 -7.9894834E-4 0.0019140139 3.4115094E-4 27147 g
 -7.6440873 3.0753522 5.341464 27160 a
 0.28869563 0.38151395 -0.22801284 27164 r
 -2.663161E-4 -0.0010154633 0.0011400993 27347 g
 -7.6488757 3.0783448 5.3366756 27361 a
 0.28841528 0.38160062 -0.22771473 27364 r
 0.0 -7.491472E-4 -0.0017893779 27570 g
 -7.6213427 3.0963013 5.3462524 27574 a
 0.28853062 0.3814512 -0.22827579 27577 r
 -5.326322E-4 -0.0066081015 -0.0025883263 27748 g
 -7.5770497 3.328539 5.439028 27761 a
 0.28801042 0.38153905 -0.2273589 27764 r
 -0.039947417 0.025083516 0.014722221 27960 g
 -7.6093717 3.0244753 5.3743844 27964 a
 0.28850177 0.3807457 -0.22749777 27967 r
 -0.015446334 -0.041495513 0.0043358924 28160 g
 -7.7129207 2.9735985 5.395932 28164 a
 0.28549713 0.3789754 -0.22901972 28167 r
 -0.02263687 4.980111E-5 0.019515911 28348 g
 -7.6788034 2.9759927 5.3247046 28362 a
 0.28438783 0.37783182 -0.22889249 28365 r
 -0.03009372 -0.04415867 -0.017502028 28547 g
 -7.571663 3.1190462 5.475539 28559 a
 0.28429025 0.3787068 -0.22944866 28563 r
 -0.018642128 0.019490877 0.005134841 28760 g
 -7.550115 3.0879216 5.409699 28764 a
 0.28526375 0.3777938 -0.22877689 28768 r
 0.0045273737 -0.04229446 -1.9148127E-4 28949 g
 -7.591415 3.0609868 5.4462104 28962 a
 0.28512734 0.37693453 -0.22787301 28966 r
 0.049534798 0.05917198 -0.0015230618 29160 g
 -7.685986 3.1501708 5.282806 29164 a
 0.28553525 0.37748927 -0.22708179 29168 r
 0.016245283 0.009104549 -0.008979913 29361 g
 -7.559692 3.1160536 5.3803697 29365 a
 0.28931293 0.38140267 -0.22630174 29368 r
 0.011451593 -0.0039449404 -0.0055178036 29547 g
 -7.635708 3.1232362 5.2875943 29559 a
 0.2887916 0.38039702 -0.22665603 29563 r
 5.326322E-4 -0.002347044 0.0035369443 29759 g
 -7.6165543 3.1148565 5.3402667 29763 a
 0.28998798 0.38030308 -0.22820194 29766 r
 -0.002130529 -7.491472E-4 -9.904295E-4 29961 g
 -7.629722 3.145981 5.321712 29965 a
 0.2900009 0.3796333 -0.22912543 29969 r
 -0.0015978967 -0.002347044 -4.5779737E-4 30161 g
 -7.615357 3.127426 5.367202 30174 a
 0.28999847 0.37971604 -0.22913714 30177 r
 0.0058589545 -0.0020807278 -0.004718855 30358 g
 -7.621941 3.0783448 5.3384714 30362 a
 0.29027745 0.37928057 -0.2302453 30365 r
 0.0029294773 0.006441388 -0.0025883263 30559 g
 -7.6524673 3.1124623 5.3378725 30563 a
 0.29004672 0.3796633 -0.23000343 30566 r
 0.0015978967 -0.0058091534 -4.5779737E-4 30752 g
 -7.651869 3.1483753 5.306748 30762 a
 0.2897927 0.38019407 -0.22933252 30765 r
 -0.0026631611 0.07754779 -0.024958879 30960 g
 -7.606379 3.2393548 5.325303 30963 a
 0.29022405 0.38203317 -0.22954987 30967 r
 -0.021038972 0.033339314 0.028836975 31163 g
 -7.8589673 3.430891 5.1026425 31167 a
 0.28958276 0.3887084 -0.22795041 31170 r
 -0.100933805 0.0013813816 0.023776969 31361 g
 -8.33242 3.1944637 5.273828 31364 a
 0.28958276 0.3887084 -0.22795041 31368 r
 0.03009372 0.21150479 0.08343177 31549 g
 -7.459734 2.665345 5.378574 31562 a
 0.2882072 0.3913089 -0.22234754 31565 r
 0.070041135 -0.27345684 0.093551785 31761 g
 -7.3657618 3.354875 5.6299653 31765 a
 0.28827834 0.39009255 -0.22110765 31768 r
 0.029561087 -0.083839774 0.0706486 31954 g
 -7.282563 3.2866404 5.6108117 31958 a
 0.2857522 0.36519724 -0.22209688 31962 r
 0.0031957934 0.12122363 0.016053801 32154 g
 -7.7823524 3.3171666 5.187038 32158 a
 0.2876172 0.36528355 -0.21946897 32162 r
 -0.16564862 -0.038299717 0.028836975 32355 g
 -7.280169 3.0370448 5.5288105 32358 a
 0.2851064 0.37243456 -0.21343414 32363 r
 0.005060006 0.03893195 -0.010577809 32550 g
 -7.5734587 2.9388826 5.345055 32553 a
 0.2722114 0.3798166 -0.20451505 32557 r
 0.03834952 0.18141107 -0.020431506 32754 g
 -7.542334 3.1358056 5.276222 32757 a
 0.27518448 0.38965142 -0.20221134 32761 r
 0.102798015 0.008305601 -0.10085897 32956 g
 -7.713519 3.0352492 5.1481323 32960 a
 0.2787492 0.39765877 -0.19836505 32964 r
 -7.9894834E-4 -0.022054436 -0.015637815 33146 g
 -7.7949224 3.071761 5.1888337 33148 a
 0.27614605 0.39983952 -0.19823335 33149 r
 0.020240024 -0.009803895 -7.241135E-4 33355 g
 -7.727286 3.0113072 5.0344076 33360 a
 0.2767466 0.40138733 -0.19707738 33364 r
 0.030626353 -0.017260745 -0.020697821 33553 g
 -7.8823104 3.0113072 4.8614264 33557 a
 0.27688 0.40085942 -0.19838636 33560 r
 -0.049002163 -0.05188184 0.056800164 33755 g
 -7.762002 3.0460231 5.2115784 33758 a
 0.2784576 0.398481 -0.1982208 33762 r
 0.04367584 0.016295083 8.7378314E-4 33953 g
 -7.745841 3.105878 5.2959743 33957 a
 0.27530202 0.39617276 -0.19620486 33961 r
 -0.025832662 -0.0010154633 0.005401157 34157 g
 -7.677606 3.079542 5.2875943 34163 a
 0.27512053 0.39485776 -0.19626774 34167 r
 -0.01571265 -0.017527062 0.0032706282 34355 g
 -7.633912 3.145981 5.327099 34359 a
 0.27464703 0.39415318 -0.19612806 34363 r
 0.027696876 -0.014331269 -0.008180965 34554 g
 -7.6608467 3.1250317 5.277419 34558 a
 0.27485117 0.3932529 -0.1957887 34562 r
 0.02183792 -0.01353232 -0.013507287 34758 g
 -7.674015 3.086126 5.309142 34762 a
 0.27571297 0.39345455 -0.19545315 34766 r
 -0.0031957934 0.0016476978 -0.0015230618 34955 g
 -7.593809 3.0681696 5.3528366 34959 a
 0.27548802 0.39267808 -0.19646303 34963 r
 -0.002130529 -0.0018144116 -0.0033872745 35155 g
 -7.633912 3.0669725 5.3288946 35160 a
 0.2752642 0.39233863 -0.1966391 35172 r
 -0.0018642128 -0.0010154633 -0.0025883263 35361 g
 -7.65127 3.0819361 5.3522377 35365 a
 0.27519107 0.39226305 -0.19685508 35368 r
 0.0010652645 -0.0015480955 -0.0017893779 35557 g
 -7.757812 3.132813 5.341464 35561 a
 0.27470684 0.39243263 -0.19644536 35564 r
 -0.017044231 0.05224776 0.0064664213 35756 g
 -7.6069775 3.0747535 5.281609 35761 a
 0.2745689 0.39280647 -0.19654651 35764 r
 -0.0026631611 -0.009537579 -0.0023220102 35959 g
 -7.656657 3.0561984 5.295376 35963 a
 0.27460253 0.39339513 -0.19637962 35967 r
 0.0015978967 0.00218033 -7.241135E-4 36157 g
 -7.6147585 3.0711622 5.358822 36161 a
 0.27433923 0.3933534 -0.19638313 36165 r
 0.0031957934 0.005109807 0.0011400993 36372 g
 -7.6919713 3.1148565 5.3169236 36376 a
 0.27411667 0.39266253 -0.19676878 36402 r
 -0.007456851 -0.003145992 7.4834825E-5 36560 g
 -7.675212 3.0777464 5.3318872 36564 a
 0.27437916 0.39275342 -0.19728173 36567 r
 -0.008522116 0.018958244 -4.5779737E-4 36756 g
 -7.6889787 3.0974984 5.270835 36760 a
 0.27457818 0.3927338 -0.19828476 36763 r
 -0.01091896 0.0053761234 6.07467E-4 36957 g
 -7.685986 3.139397 5.307347 36962 a
 0.27512378 0.39313376 -0.19959702 36965 r
 -0.04580637 0.100983605 0.00859695 37158 g
 -7.8236527 2.8862102 4.9877205 37162 a
 0.2751815 0.3951288 -0.19936146 37166 r
 0.02183792 0.030409837 0.002737996 37358 g
 -7.754221 2.9855695 5.140351 37362 a
 0.2735034 0.4006638 -0.19686885 37366 r
 0.02130529 5.824333E-4 -0.0087135965 37561 g
 -7.5614877 3.056797 5.3384714 37564 a
 0.27349302 0.40157127 -0.19693379 37568 r
 -0.07057377 -0.0891661 0.0408212 37761 g
 -7.4483614 3.1268275 5.4378304 37765 a
 0.27138105 0.39521027 -0.19599803 37769 r
 0.0063915867 -0.017793378 0.017385382 37958 g
 -7.4148426 3.110068 5.5485625 37963 a
 0.26848722 0.3875605 -0.19495703 37967 r
 0.020506341 -0.09129662 0.00859695 38161 g
 -7.5848308 3.0992942 5.5748987 38165 a
 0.2673339 0.38359725 -0.19419451 38168 r
 0.034621093 -0.041761827 0.018450646 38360 g
 -7.472902 3.1591492 5.6120086 38363 a
 0.26841086 0.378259 -0.19533746 38367 r
 0.034088463 -0.014064953 -0.013507287 38563 g
 -7.4070616 3.1292217 5.667674 38566 a
 0.2696223 0.37429845 -0.19609629 38570 r
 -0.0034621095 -0.020190222 -0.0017893779 38760 g
 -7.4016747 3.1854854 5.5862713 38764 a
 0.26941645 0.37391305 -0.19585027 38767 r
 -0.007989483 -2.1651499E-4 0.0011400993 38960 g
 -7.351995 3.12982 5.628768 38964 a
 0.2698189 0.37413758 -0.19559093 38967 r
 -0.002130529 -2.1651499E-4 0.0014064154 39160 g
 -7.419631 3.1848867 5.7107697 39164 a
 0.26993284 0.37385106 -0.19558813 39167 r
 0.010652645 0.01176771 0.0109937955 39358 g
 -7.277176 3.2501287 5.6497173 39362 a
 0.27072683 0.37377143 -0.19618227 39366 r
 -2.663161E-4 0.012300342 0.0024716798 39564 g
 -7.3328414 3.1531637 5.643732 39568 a
 0.2726532 0.3731534 -0.19618829 39572 r
 0.0026631611 0.01922456 -0.0057841195 39761 g
 -7.455544 3.2172086 5.524022 39764 a
 0.27353522 0.3732797 -0.19716422 39768 r
 0.002130529 -0.009004947 -9.904295E-4 39961 g
 -7.3549876 3.1836896 5.680842 39965 a
 0.27380973 0.3746472 -0.19700576 39968 r
 -0.002396845 -0.0015480955 -9.904295E-4 40162 g
 -7.3699512 3.2148144 5.6521115 40173 a
 0.27281713 0.37313557 -0.19573338 40177 r
 0.004261058 -0.0018144116 -0.0023220102 40359 g
 -7.371747 3.204639 5.6419363 40363 a
 0.2727457 0.37323916 -0.19495858 40366 r
 0.004261058 -0.002347044 -0.0033872745 40565 g
 -7.3986816 3.1908724 5.638345 40568 a
 0.2723982 0.37333775 -0.1947376 40573 r
 0.0058589545 0.007240336 -0.0057841195 40762 g
 -7.405266 3.2243912 5.607819 40766 a
 0.27230853 0.3740337 -0.19502975 40769 r
 -5.326322E-4 -0.024717597 -0.0023220102 40961 g
 -7.425018 3.2237926 5.6203885 40965 a
 0.2720851 0.37383878 -0.19481666 40968 r
 -0.0039947415 -0.027647074 0.0038032604 41162 g
 -7.3298483 3.1615434 5.659294 41166 a
 0.27236065 0.37305743 -0.19590433 41169 r
 -0.002396845 0.0011150655 -0.0031209586 41363 g
 -7.327454 3.1771057 5.732916 41366 a
 0.2723413 0.37213647 -0.19722058 41400 r
 0.0045273737 0.025616147 0.005401157 41564 g
 -7.4495587 3.180697 5.6138043 41567 a
 0.27238262 0.3723727 -0.19734363 41571 r
 0.0039947415 0.018159296 -0.011376758 41763 g
 -7.4603324 3.1956608 5.6221843 41767 a
 0.27235517 0.37466508 -0.19569771 41770 r
 0.0053263223 0.0016476978 0.0024716798 41965 g
 -7.418434 3.181894 5.6042275 41969 a
 0.27169585 0.3761419 -0.19486998 41974 r
 -0.008788432 0.0016476978 0.009395898 42163 g
 -7.439383 3.1986535 5.5880666 42167 a
 0.2714727 0.3763104 -0.19463228 42171 r
 0.002130529 -0.0018144116 8.7378314E-4 42359 g
 -7.3992805 3.1585505 5.6257753 42363 a
 0.27238578 0.37551016 -0.19647436 42366 r
 -0.00479369 -0.0060754693 6.07467E-4 42567 g
 -7.353192 3.1603463 5.595848 42571 a
 0.2723106 0.37475604 -0.1969132 42575 r
 0.0018642128 -0.009803895 0.0014064154 42763 g
 -7.387908 3.1842883 5.6700683 42767 a
 0.2719524 0.37427086 -0.19650741 42772 r
 -2.663161E-4 -0.00873863 6.07467E-4 42964 g
 -7.4190326 3.2010477 5.647323 42968 a
 0.27169916 0.3737647 -0.19632603 42972 r
 -0.0013315806 0.002446646 -0.002055694 43165 g
 -7.368156 3.1591492 5.6389437 43168 a
 0.2715495 0.37388605 -0.19574003 43177 r
 5.326322E-4 3.1611722E-4 -0.0028546425 43364 g
 -7.3819222 3.164536 5.6467247 43368 a
 0.27125126 0.37389374 -0.19550483 43377 r
 -0.0018642128 -0.0015480955 -0.0049851714 43564 g
 -7.375937 3.204639 5.671864 43569 a
 0.27119693 0.37396455 -0.19579951 43574 r
 -0.002130529 0.00218033 -0.0017893779 43767 g
 -7.3849154 3.1908724 5.6203885 43772 a
 0.27114242 0.37373942 -0.19592173 43776 r
 -2.663161E-4 -0.0039449404 -0.0012567457 43964 g
 -7.368156 3.1693244 5.637148 43968 a
 0.2709346 0.37384278 -0.1955389 43973 r
 0.0026631611 0.002446646 -9.904295E-4 44165 g
 -7.3950906 3.1783028 5.6305637 44168 a
 0.27125567 0.3736354 -0.19632511 44175 r
 -0.0037284256 0.0059087556 -9.904295E-4 44367 g
 -7.4082584 3.1549592 5.66528 44373 a
 0.27160314 0.3734417 -0.1972441 44376 r
 0.0031957934 0.014430871 -7.241135E-4 44565 g
 -7.5088153 3.2866404 5.579687 44570 a
 0.27149963 0.37396562 -0.19711201 44575 r
 -0.0063915867 -0.0028796762 -0.0071157003 44765 g
 -7.426215 3.1860838 5.6156 44770 a
 0.2715698 0.37562323 -0.19599037 44775 r
 -2.663161E-4 0.008838233 0.0014064154 44968 g
 -7.4202294 3.1483753 5.6431336 44973 a
 0.27075857 0.37562913 -0.1948796 44977 r
 -0.002396845 -0.0020807278 -0.0017893779 45165 g
 -7.3849154 3.1573534 5.641338 45177 a
 0.27053052 0.3755327 -0.1947457 45181 r
 5.326322E-4 4.980111E-5 -1.9148127E-4 45365 g
 -7.392098 3.1735144 5.632958 45368 a
 0.27056625 0.37533098 -0.19459648 45376 r
 -7.9894834E-4 3.1611722E-4 3.4115094E-4 45569 g
 -7.4244194 3.1842883 5.6467247 45574 a
 0.27063578 0.37494063 -0.19472723 45577 r
 0.0018642128 0.00218033 0.0024716798 45765 g
 -7.3567834 3.1705215 5.616797 45769 a
 0.2708495 0.37480688 -0.19511773 45774 r
 -0.06844324 0.12255521 0.024043284 45965 g
 -7.5602903 2.9670146 5.463568 45969 a
 0.27055904 0.37833452 -0.193862 45974 r
 -0.04660532 0.026681412 -0.0031209586 46168 g
 -7.5309615 2.9813797 5.46297 46173 a
 0.26579964 0.38600516 -0.18867116 46176 r
 -0.004261058 0.005109807 -0.012442023 46365 g
 -7.7266874 3.2315738 5.2822075 46369 a
 0.26290432 0.38739282 -0.18811034 46374 r
 0.06870955 0.112168886 -0.018034661 46565 g
 -7.7488337 3.1250317 5.2205567 46570 a
 0.26831156 0.3960768 -0.18562795 46575 r
 0.020506341 0.007240336 -0.01936624 46768 g
 -7.699154 3.2866404 5.2846017 46774 a
 0.2717605 0.4014092 -0.18393673 46777 r
 -0.023968449 -0.012733372 -0.021496769 46965 g
 -7.66384 3.1998506 5.381567 46969 a
 0.27125046 0.40096956 -0.18420543 46974 r
 0.044741105 -0.0926282 0.002737996 47165 g
 -7.6410947 3.157952 5.3474493 47169 a
 0.270659 0.39572108 -0.18362622 47174 r
 0.0037284256 -0.012999688 -0.004452539 47368 g
 -7.6225395 3.156755 5.3259015 47373 a
 0.2710509 0.39210767 -0.18431778 47376 r
 0.0026631611 -0.0044775726 -9.904295E-4 47565 g
 -7.559692 3.1597476 5.42167 47569 a
 0.2719717 0.3911686 -0.18643813 47575 r
 -7.9894834E-4 0.0011150655 -1.9148127E-4 47767 g
 -7.6249337 3.1495724 5.342661 47770 a
 0.27231023 0.39030868 -0.18765555 47775 r
 0.0031957934 -0.0015480955 3.4115094E-4 47968 g
 -7.6213427 3.1669302 5.3324857 47973 a
 0.27284452 0.39039272 -0.18847798 47976 r
 0.0 0.0037782267 -4.5779737E-4 48165 g
 -7.595605 3.1280246 5.3701944 48169 a
 0.272657 0.3906954 -0.18796663 48174 r
 0.0010652645 0.002446646 -0.0023220102 48367 g
 -7.590218 3.1381998 5.3881507 48373 a
 0.2722341 0.39081848 -0.18742721 48376 r
 0.007190535 -0.002347044 -9.904295E-4 48574 g
 -7.5848308 3.1322143 5.391144 48578 a
 0.27246666 0.39061737 -0.18814404 48582 r
 0.0013315806 -0.0015480955 -0.0031209586 48767 g
 -7.586028 3.1423898 5.3624134 48773 a
 0.27282423 0.3903668 -0.18931697 48776 r
 0.004261058 4.980111E-5 -0.0052514873 48967 g
 -7.579444 3.12982 5.4114943 48973 a
 0.27295277 0.39012063 -0.19002165 48976 r
 -0.0026631611 -0.0044775726 -7.241135E-4 49171 g
 -7.6081743 3.141791 5.315128 49175 a
 0.27284878 0.38992834 -0.19054045 49179 r
 -0.0034621095 -0.0044775726 -0.0023220102 49367 g
 -7.5770497 3.1399956 5.3648076 49373 a
 0.2733405 0.39005882 -0.19125111 49376 r
 0.002130529 -4.828311E-4 -7.241135E-4 49570 g
 -7.5974007 3.12982 5.409699 49576 a
 0.273536 0.38982278 -0.19188567 49579 r
 2.663161E-4 0.0011150655 3.4115094E-4 49771 g
 -7.595605 3.1244333 5.391144 49775 a
 0.2735146 0.38962674 -0.19227816 49779 r
 0.0013315806 0.0011150655 -0.002055694 49968 g
 -7.599196 3.1292217 5.409699 49972 a
 0.27376458 0.38942713 -0.19309764 49976 r
 0.002396845 -0.0015480955 0.0040695765 50169 g
 -7.6123643 3.1387985 5.337274 50182 a
 0.2736722 0.38934326 -0.19310354 50185 r
 7.9894834E-4 0.0019140139 0.0019390476 50375 g
 -7.5950065 3.1507695 5.3899465 50379 a
 0.27370954 0.38957357 -0.19275884 50383 r
 -0.002130529 5.824333E-4 3.4115094E-4 50572 g
 -7.599196 3.1429882 5.3881507 50577 a
 0.27361733 0.38951927 -0.19260006 50581 r
 -0.0015978967 4.980111E-5 -1.9148127E-4 50773 g
 -7.590218 3.1519666 5.3444567 50776 a
 0.27376395 0.389503 -0.19272254 50780 r
 0.0039947415 4.980111E-5 7.4834825E-5 50974 g
 -7.563882 3.1723173 5.3863554 50978 a
 0.27401626 0.3894995 -0.1929511 50983 r
 -0.0015978967 -0.002347044 -1.9148127E-4 51173 g
 -7.567473 3.1585505 5.3803697 51176 a
 0.27401045 0.38936275 -0.19310619 51180 r
 5.326322E-4 -0.0010154633 -0.0031209586 51373 g
 -7.60997 3.1693244 5.3767786 51376 a
 0.27424952 0.38900346 -0.19389232 51380 r
 0.0 -0.0018144116 -0.0017893779 51578 g
 -7.5974007 3.1663318 5.353435 51582 a
 0.27495047 0.38859332 -0.19548933 51585 r
 0.0010652645 0.0016476978 -0.0015230618 51770 g
 -7.60578 3.1184478 5.3558292 51772 a
 0.27557942 0.38831234 -0.19661109 51773 r
 -0.0039947415 5.824333E-4 0.0032706282 51973 g
 -7.5884223 3.1387985 5.3881507 51977 a
 0.27553958 0.38830453 -0.1970111 51980 r
 -0.009054747 0.0053761234 0.007798002 52175 g
 -7.5920134 3.139397 5.3701944 52178 a
 0.27563903 0.38800317 -0.19748174 52182 r
 7.9894834E-4 3.1611722E-4 0.0016727315 52373 g
 -7.5692687 3.1399956 5.395932 52377 a
 0.27523905 0.3882113 -0.19654481 52381 r
 0.0015978967 -4.828311E-4 -0.004452539 52575 g
 -7.591415 3.1268275 5.391742 52580 a
 0.27448708 0.3884309 -0.19508018 52584 r
 7.9894834E-4 -4.828311E-4 0.0019390476 52780 g
 -7.5788455 3.1244333 5.3965306 52784 a
 0.27345094 0.3891996 -0.19300346 52800 r
 7.9894834E-4 -0.0015480955 7.4834825E-5 52974 g
 -7.5854297 3.1148565 5.3444567 52978 a
 0.27286378 0.38952285 -0.19196017 52981 r
 -0.005060006 8.487494E-4 -0.0012567457 53174 g
 -7.5884223 3.141791 5.382764 53177 a
 0.27272356 0.3897754 -0.19155703 53181 r
 -5.326322E-4 0.0032455944 -4.5779737E-4 53380 g
 -7.5842323 3.165733 5.3683987 53383 a
 0.27303943 0.38952726 -0.19213133 53387 r
 5.326322E-4 -4.828311E-4 0.0019390476 53578 g
 -7.603386 3.1471782 5.373187 53584 a
 0.273281 0.3893969 -0.19250412 53587 r
 -2.9960563E-4 0.0014064154 -0.002188852 53775 g
 -7.5920134 3.1555579 5.3378725 53779 a
 0.27386937 0.38899446 -0.1938679 53782 r
 0.0023635554 0.002737996 -5.9095543E-4 53976 g
 -7.5962033 3.1549592 5.391742 53979 a
 0.27427256 0.3888619 -0.19454323 53983 r
 -0.003761715 -0.002055694 -5.832323E-5 54175 g
 -7.5692687 3.1495724 5.3624134 54179 a
 0.27481747 0.38854373 -0.1957673 54183 r
 4.993427E-4 0.0016727315 0.0015395734 54375 g
 -7.575254 3.107674 5.386954 54378 a
 0.27536154 0.38807285 -0.19702534 54383 r
 -5.659217E-4 -0.0025883263 -0.0013899037 54578 g
 -7.5884223 3.115455 5.3683987 54584 a
 0.27604148 0.38752848 -0.19888045 54587 r
 4.993427E-4 -4.5779737E-4 -0.0032541165 54775 g
 -7.5806413 3.1495724 5.386954 54780 a
 0.27609593 0.38763827 -0.19897012 54784 r
 -8.322378E-4 -4.5779737E-4 -0.0016562198 54975 g
 -7.5968018 3.157952 5.407305 54980 a
 0.27579805 0.3878048 -0.19833948 54984 r
 -0.001098554 0.0022053637 2.0799288E-4 55178 g
 -7.5854297 3.1543608 5.3923407 55194 a
 0.27534926 0.38810134 -0.1973355 55197 r
 -5.659217E-4 0.0032706282 -0.0024551682 55376 g
 -7.603386 3.1507695 5.4126916 55380 a
 0.27496228 0.38836813 -0.19646882 55384 r
 -0.004294347 7.4834825E-5 0.0010069412 55578 g
 -7.591415 3.1346085 5.379771 55584 a
 0.2742684 0.38876557 -0.19505905 55587 r
 -3.3289514E-5 3.4115094E-4 4.74309E-4 55777 g
 -7.6147585 3.1364043 5.3899465 55781 a
 0.27367792 0.38929683 -0.19336097 55785 r
 4.993427E-4 -9.904295E-4 0.0010069412 55976 g
 -7.6093717 3.0867245 5.3881507 55981 a
 0.27299032 0.38987374 -0.19185083 55985 r
 -0.0032290828 -0.0052514873 0.0060669472 56177 g
 -7.5926123 3.0891187 5.4144874 56181 a
 0.27162954 0.39040536 -0.18965898 56185 r
 -0.003761715 -0.0012567457 0.0039364183 56376 g
 -7.615956 3.1292217 5.3642087 56380 a
 0.2704415 0.39096284 -0.18753256 56383 r
 -0.0077564567 -0.004186223 -0.0011235876 56580 g
 -7.6105685 3.1423898 5.363012 56585 a
 0.27001798 0.39163578 -0.18617918 56589 r
 0.001298291 0.0038032604 0.0015395734 56777 g
 -7.5722613 3.1202433 5.3779755 56782 a
 0.2698356 0.391993 -0.18599243 56785 r
 0.0034288198 0.0022053637 -0.0016562198 56978 g
 -7.559692 3.1387985 5.363012 56982 a
 0.27012438 0.3915397 -0.18681632 56986 r
 0.0031625037 -0.0017893779 -0.004319381 57178 g
 -7.575254 3.1376014 5.397728 57182 a
 0.27083573 0.39107168 -0.18843825 57186 r
 0.001298291 0.0019390476 2.0799288E-4 57378 g
 -7.5854297 3.1250317 5.3528366 57382 a
 0.27149388 0.39061278 -0.18976922 57386 r
 -0.0045606634 -1.9148127E-4 4.74309E-4 57583 g
 -7.5854297 3.1489737 5.406706 57588 a
 0.27219293 0.39010537 -0.19135259 57593 r
 -0.0021638183 0.0024716798 -0.0029878004 57778 g
 -7.5962033 3.1346085 5.403713 57783 a
 0.2728244 0.38979214 -0.19265278 57786 r
 -5.659217E-4 0.0016727315 0.0010069412 57978 g
 -7.6015906 3.1543608 5.400122 57983 a
 0.27320483 0.38935536 -0.19357897 57986 r
 -0.0053596115 -0.0025883263 -5.9095543E-4 58182 g
 -7.5884223 3.140594 5.3660045 58185 a
 0.27363664 0.3890692 -0.19444515 58190 r
 -0.0024301345 0.0062001054 -3.2463935E-4 58383 g
 -7.714118 3.1453824 5.3061495 58386 a
 0.2738583 0.389022 -0.19479983 58391 r
 -0.022936475 0.04694647 0.0012732573 58579 g
 -7.650073 3.210026 5.2678423 58583 a
 0.27436325 0.3905608 -0.1951486 58588 r
 -0.028529113 0.034962244 -5.832323E-5 58782 g
 -7.801506 2.9987376 5.1583076 58786 a
 0.27627438 0.39503843 -0.19512595 58791 r
 -0.012816463 -0.0063167517 -0.02562467 58980 g
 -7.6548615 3.1136594 5.33069 58984 a
 0.27246055 0.39992458 -0.19437264 58987 r
 -0.00136487 -0.02016519 -0.013374128 59180 g
 -7.6147585 3.1465795 5.2965727 59183 a
 0.2740817 0.3970688 -0.19551311 59187 r
 0.03565307 -0.024958879 -0.01736887 59383 g
 -7.731476 2.9191303 5.3833623 59387 a
 0.2758126 0.39410853 -0.19677894 59391 r
 0.015413045 -0.032682046 0.0020722055 59583 g
 -7.6375036 3.2172086 5.4264584 59588 a
 0.27438867 0.39056212 -0.19654189 59593 r
 0.01780989 0.0024716798 -0.01870045 59781 g
 -7.565677 3.122039 5.4845176 59785 a
 0.27327085 0.38786584 -0.19672729 59789 r
 0.00955409 0.0024716798 0.0026048378 59984 g
 -7.587824 3.104681 5.418677 59987 a
 0.27276543 0.3875196 -0.19700624 59992 r
 0.0018309233 0.0014064154 -0.004585697 60322 g
