 -0.44235104 0.4099686 0.71685636 2 g
 -6.485294 1.1575965 8.149264 4 a
 0.2908478 0.23557505 -0.5390869 6 r
 -0.18295917 0.090921916 0.49528137 107 g
 -7.0245876 0.9175778 6.739079 114 a
 0.2928888 0.24472383 -0.51960284 127 r
 -0.24261397 -0.1325173 0.37171072 315 g
 -6.335656 2.1122844 7.0730705 328 a
 0.28453937 0.24516153 -0.48571023 333 r
 0.08948221 -0.17166576 0.03348925 515 g
 -5.4976854 1.7902644 7.1185603 527 a
 0.27905542 0.23638517 -0.47516277 531 r
 -0.06072007 -0.1607468 0.1780989 712 g
 -5.799355 2.2200236 7.386112 716 a
 0.2713719 0.21530274 -0.4554896 730 r
 0.019973708 0.22115049 -0.10073407 912 g
 -5.869984 1.6316484 7.2364745 916 a
 0.27255383 0.22456318 -0.43826953 931 r
 -0.056991648 0.26003265 -0.10259828 1116 g
 -7.008427 1.7914615 7.2927384 1129 a
 0.26805767 0.25019467 -0.42920104 1132 r
 -0.0063915867 -0.077389866 0.1631852 1314 g
 -6.5008564 1.9315223 6.9599442 1326 a
 0.2665899 0.26791823 -0.4201133 1332 r
 -0.06657903 -0.09416778 0.061985075 1514 g
 -6.4242415 2.131438 7.419631 1526 a
 0.26263374 0.26397073 -0.41093126 1530 r
 0.07483482 -0.05022562 0.02390187 1717 g
 -5.7107697 1.816002 7.5327573 1729 a
 0.26153883 0.25664067 -0.40823606 1733 r
 0.051132694 -0.028920332 0.03748399 1914 g
 -6.0986304 2.3427265 7.319673 1927 a
 0.25802577 0.24577016 -0.40674552 1931 r
 -0.08016115 -0.029985595 -0.01231712 2115 g
 -6.0268044 1.769315 7.5124063 2127 a
 0.2635002 0.24971083 -0.4040009 2130 r
 -0.010120012 0.069882944 0.033222936 2326 g
 -5.707777 1.6436194 7.489063 2330 a
 0.25406125 0.2479111 -0.40244165 2336 r
 -0.014114753 0.045914494 0.015113439 2515 g
 -6.3362546 1.9183542 7.347805 2528 a
 0.25308773 0.24875465 -0.40591982 2531 r
 -0.06578008 -0.0747267 0.019640813 2726 g
 -5.959168 2.0446482 7.5207863 2730 a
 0.25281537 0.25198662 -0.40650502 2734 r
 0.016777914 1.0812434E-4 -0.004860269 2925 g
 -6.218939 1.9698294 7.4232225 2930 a
 0.2515392 0.24926814 -0.4071885 2933 r
 -0.020772656 0.0059670787 0.02949451 3115 g
 -6.203975 1.905186 7.399879 3128 a
 0.2516935 0.25042653 -0.40765843 3131 r
 -0.014647386 0.015554459 0.024700819 3315 g
 -6.1183825 1.8968062 7.404069 3328 a
 0.2489704 0.25087786 -0.40559593 3332 r
 -0.011984224 -0.013207681 0.0063250074 3526 g
 -6.1195793 1.9249382 7.463924 3530 a
 0.24880621 0.25143188 -0.40571663 3534 r
 0.01784318 0.021413414 -0.008056062 3715 g
 -6.0501475 1.9003977 7.498041 3728 a
 0.24866639 0.25212014 -0.40568522 3731 r
 -0.011984224 -0.026789803 0.010319749 3915 g
 -6.1303535 1.9536686 7.431602 3928 a
 0.24790266 0.25057673 -0.40555027 3932 r
 -0.009054747 0.021946045 0.007123956 4126 g
 -6.085462 1.9099745 7.423821 4130 a
 0.24752258 0.25090533 -0.4055266 4133 r
 -0.014647386 -0.020930849 -0.006990798 4314 g
 -6.085462 1.9578584 7.398083 4325 a
 0.24660765 0.25162333 -0.4054161 4329 r
 -0.0045273737 0.0123586655 -0.0037950044 4526 g
 -6.161478 1.9129672 7.404069 4530 a
 0.2456934 0.25201368 -0.40517452 4533 r
 0.0037284256 -0.003353985 1.9973709E-4 4722 g
 -6.0782795 1.9057846 7.455544 4726 a
 0.24466553 0.2526412 -0.4049692 4730 r
 -5.326322E-4 -0.012675049 0.0015313176 4920 g
 -6.1129956 1.922544 7.41604 4924 a
 0.24356543 0.2522261 -0.4044827 4927 r
 -0.005060006 -0.0041529336 0.0041944785 5116 g
 -6.055535 1.9069817 7.453748 5121 a
 0.2436043 0.25231642 -0.40464482 5123 r
 5.326322E-4 -0.0022887206 -3.3289514E-4 5324 g
 -6.1064115 1.8992004 7.4429746 5328 a
 0.243278 0.25192654 -0.405368 5332 r
 -2.663161E-4 -0.003353985 -3.3289514E-4 5520 g
 -6.114791 1.899799 7.4351935 5524 a
 0.24355672 0.25149244 -0.40742144 5528 r
 -0.002130529 0.0014397049 0.0017976337 5721 g
 -6.1100025 1.9219455 7.431602 5724 a
 0.24360828 0.25142175 -0.40808997 5728 r
 0.005592638 0.0014397049 0.0012650015 5923 g
 -6.084265 1.9033904 7.36636 5926 a
 0.243676 0.2513265 -0.40866044 5931 r
 0.0037284256 0.008896556 0.0015313176 6121 g
 -6.1237693 1.9213469 7.3962874 6125 a
 0.243669 0.25152165 -0.40880153 6128 r
 0.0 0.009162872 0.0039281626 6323 g
 -6.1112 1.8644845 7.3807254 6326 a
 0.24328886 0.2525925 -0.40721557 6331 r
 -2.663161E-4 0.001972337 -0.0016644757 6523 g
 -6.1010246 1.927931 7.4256167 6527 a
 0.24278614 0.2526784 -0.4074671 6531 r
 -2.663161E-4 -1.5819176E-4 -0.0019307918 6721 g
 -6.1123967 1.9057846 7.391499 6725 a
 0.24249195 0.25246507 -0.40774807 6730 r
 0.0029294773 -4.245079E-4 -0.0013981595 6919 g
 -6.1477113 1.893215 7.374141 6920 a
 0.24199206 0.2525974 -0.40748784 6921 r
 -0.00958738 -0.003353985 0.005259743 7124 g
 -6.105214 1.905186 7.422025 7128 a
 0.24203187 0.2527511 -0.40770224 7132 r
 -0.014913702 -0.0014897723 0.0020639498 7324 g
 -6.130952 1.9195513 7.4950485 7328 a
 0.2419696 0.25271678 -0.4082292 7332 r
 0.010120012 0.00516813 -0.0035286883 7522 g
 -6.133945 1.9081788 7.422025 7526 a
 0.2418032 0.2525764 -0.4089313 7530 r
 -0.0039947415 -0.008413991 -0.004593953 7724 g
 -6.1183825 1.9255368 7.4405804 7729 a
 0.24160856 0.25274396 -0.40894815 7732 r
 -0.0061252704 -4.245079E-4 -6.657903E-5 7923 g
 -6.0902505 1.9195513 7.426215 7926 a
 0.24151303 0.25291932 -0.40858188 7930 r
 0.0015978967 0.0014397049 0.0031292143 8123 g
 -6.081871 1.9261353 7.441777 8127 a
 0.24113283 0.25304192 -0.40791896 8130 r
 -5.326322E-4 -1.5819176E-4 4.660532E-4 8324 g
 -6.0866594 1.9255368 7.41604 8327 a
 0.240887 0.25322628 -0.4072236 8331 r
 0.0013315806 0.001972337 9.986854E-4 8519 g
 -6.1237693 1.9255368 7.3950906 8524 a
 0.24051963 0.25363916 -0.40603182 8528 r
 -0.0034621095 1.0812434E-4 0.002330266 8723 g
 -6.133945 1.9213469 7.4405804 8726 a
 0.24014619 0.25431162 -0.40430173 8731 r
 -0.0031957934 0.0038365498 0.0036618465 8925 g
 -6.1046157 1.8992004 7.417835 8930 a
 0.2398426 0.25508237 -0.40266678 8933 r
 -0.0039947415 6.4075657E-4 -6.657903E-5 9123 g
 -6.10282 1.8764555 7.357382 9127 a
 0.23941618 0.25537157 -0.40175495 9131 r
 0.0031957934 0.0027712854 -0.0011318434 9326 g
 -6.095039 1.9261353 7.469909 9330 a
 0.23906106 0.25522894 -0.40221217 9334 r
 -0.0061252704 -9.571401E-4 0.0055260593 9525 g
 -6.097433 1.9123687 7.414244 9530 a
 0.23935838 0.25488925 -0.40373167 9533 r
 0.0039947415 0.0049018143 -5.9921126E-4 9724 g
 -6.066907 1.9033904 7.4166384 9728 a
 0.23993576 0.25430423 -0.4056926 9732 r
 0.0010652645 -0.0012234562 -0.0011318434 9924 g
 -6.1129956 1.8728642 7.405266 9928 a
 0.23981695 0.2535115 -0.40725937 9932 r
 0.0018642128 -0.0041529336 0.002596582 10124 g
 -6.083068 1.8872294 7.445967 10133 a
 0.24015012 0.25307608 -0.4090511 10139 r
 -0.029561087 3.7444045E-4 0.029760825 10326 g
 -6.043564 1.9177556 7.405266 10334 a
 0.24000531 0.2523017 -0.41025433 10338 r
 0.005060006 -0.003353985 -0.0011318434 10524 g
 -6.114791 1.9021933 7.4375877 10529 a
 0.24049875 0.25170046 -0.4109966 10533 r
 0.0063915867 -0.0020224045 -0.0013981595 10724 g
 -6.0860605 1.9027919 7.4327993 10728 a
 0.2400165 0.25170535 -0.41055807 10731 r
 0.0013315806 9.070727E-4 -0.0016644757 10923 g
 -6.054936 1.8938135 7.4447703 10927 a
 0.23965913 0.25210243 -0.40907976 10931 r
 -0.0010652645 0.0022386531 0.0015313176 11125 g
 -6.083068 1.8866309 7.4232225 11129 a
 0.23919488 0.25241148 -0.40778103 11133 r
 0.0018642128 9.070727E-4 -3.3289514E-4 11331 g
 -6.101623 1.8974048 7.391499 11335 a
 0.23870955 0.25275874 -0.40688094 11339 r
 -0.002396845 -6.90824E-4 -0.0024634239 11526 g
 -6.075287 1.9099745 7.40347 11530 a
 0.23892018 0.25284052 -0.40717873 11534 r
 0.0031957934 0.0057007624 -0.0016644757 11736 g
 -6.0920463 1.9021933 7.4322004 11741 a
 0.23924878 0.25249964 -0.40827605 11745 r
 0.007190535 -9.571401E-4 -5.9921126E-4 11929 g
 -6.1010246 1.887828 7.4004774 11933 a
 0.23942725 0.2521528 -0.40942803 11937 r
 -0.0015978967 -0.0012234562 -0.0019307918 12126 g
 -6.0926447 1.9303252 7.4429746 12131 a
 0.23938274 0.25236028 -0.4093648 12134 r
 -0.0010652645 0.0025049692 7.323693E-4 12326 g
 -6.0746884 1.8884265 7.410054 12331 a
 0.2391511 0.25263208 -0.40823606 12335 r
 0.010120012 -1.5819176E-4 -0.0051265853 12530 g
 -6.099229 1.8914193 7.391499 12534 a
 0.23871104 0.2528016 -0.40737876 12538 r
 -0.0034621095 -1.5819176E-4 0.002596582 12727 g
 -6.06571 1.9027919 7.409456 12731 a
 0.23819372 0.2534253 -0.4063261 12735 r
 5.326322E-4 0.004369182 0.007123956 12927 g
 -6.057929 1.8058267 7.49445 12932 a
 0.2379235 0.2537539 -0.40472367 12936 r
 0.022903185 0.008896556 -0.01231712 13130 g
 -6.054936 1.8495208 7.4136457 13134 a
 0.23728509 0.25440693 -0.40298697 13139 r
 0.007456851 0.014222878 -0.0104529075 13328 g
 -6.053739 1.9416976 7.398083 13332 a
 0.23683865 0.2546504 -0.4016914 13336 r
 -0.004261058 -0.008680307 0.0055260593 13528 g
 -6.105214 1.9045875 7.417835 13532 a
 0.23700272 0.2553292 -0.4002823 13536 r
 0.0039947415 0.0033039176 9.986854E-4 13731 g
 -6.0764837 1.9237411 7.390302 13735 a
 0.23663133 0.25565058 -0.39950642 13739 r
 -0.0015978967 0.0022386531 1.9973709E-4 13929 g
 -6.151303 1.881244 7.4387846 13932 a
 0.23685552 0.25542617 -0.40009424 13937 r
 0.0 -0.0070824106 7.323693E-4 14129 g
 -6.0824695 1.8830396 7.41604 14133 a
 0.23680864 0.2558232 -0.39996907 14137 r
 -5.326322E-4 0.004635498 -6.657903E-5 14331 g
 -6.1141925 1.9249382 7.417835 14335 a
 0.23692489 0.25551468 -0.40070757 14340 r
 2.663161E-4 0.0033039176 0.0039281626 14529 g
 -6.091448 1.9099745 7.417835 14533 a
 0.23738146 0.25524086 -0.40177628 14538 r
 0.0029294773 -1.5819176E-4 0.0015313176 14730 g
 -6.059126 1.8860323 7.436989 14733 a
 0.23707834 0.25489885 -0.40227523 14738 r
 2.663161E-4 -1.5819176E-4 -0.0011318434 14932 g
 -6.06571 1.91596 7.4028716 14936 a
 0.23671359 0.2550674 -0.40148243 14940 r
 -0.0013315806 1.0812434E-4 0.007922905 15136 g
 -6.129755 1.9135658 7.429208 15142 a
 0.23690729 0.25489694 -0.40137884 15145 r
 -0.002396845 -0.003353985 0.0039281626 15330 g
 -6.1004257 1.9189527 7.4202294 15334 a
 0.23683792 0.255103 -0.4014801 15341 r
 -5.326322E-4 -0.0038866173 -5.9921126E-4 15532 g
 -6.0902505 1.9147629 7.433398 15536 a
 0.23700741 0.25489563 -0.4018748 15541 r
 -0.0013315806 -0.0020224045 0.0020639498 15731 g
 -6.0902505 1.9297266 7.374141 15734 a
 0.23709604 0.2546392 -0.40235177 15739 r
 -2.663161E-4 0.0033039176 0.004993427 15931 g
 -6.1100025 1.9129672 7.4070616 15934 a
 0.2374288 0.2545712 -0.40277585 15939 r
 -0.0015978967 -0.0025550367 0.002596582 16132 g
 -6.1112 1.9213469 7.41185 16137 a
 0.23748024 0.254467 -0.40342537 16141 r
 -0.002130529 -9.571401E-4 0.0015313176 16331 g
 -6.084265 1.8818425 7.414244 16334 a
 0.23777045 0.25411767 -0.40439788 16339 r
 -0.0058589545 -0.0044192495 9.986854E-4 16530 g
 -6.1106014 1.9189527 7.423821 16534 a
 0.23730874 0.25454038 -0.4030837 16539 r
 0.002396845 0.001972337 -0.0011318434 16732 g
 -6.097433 1.8926164 7.41185 16736 a
 0.23726347 0.2546845 -0.40271226 16741 r
 0.0018642128 9.070727E-4 4.660532E-4 16931 g
 -6.1022215 1.903989 7.3849154 16934 a
 0.2371154 0.2546938 -0.40268156 16939 r
 0.0 1.0812434E-4 0.0015313176 17131 g
 -6.126762 1.9081788 7.4603324 17134 a
 0.23721516 0.25473076 -0.40276435 17139 r
 0.0010652645 -0.0025550367 -3.3289514E-4 17332 g
 -6.1064115 1.8986019 7.4016747 17337 a
 0.23675278 0.25512207 -0.40150627 17342 r
 -0.002130529 -0.0014897723 1.9973709E-4 17531 g
 -6.0860605 1.9249382 7.417835 17534 a
 0.23631606 0.25570285 -0.39979592 17539 r
 -5.326322E-4 1.0812434E-4 4.660532E-4 17731 g
 -6.0980315 1.9075803 7.457938 17734 a
 0.23622388 0.2557202 -0.39954427 17739 r
 -7.9894834E-4 -0.0036203011 0.002330266 17924 g
 -6.091448 1.9147629 7.4070616 17926 a
 0.23577392 0.25601345 -0.3982387 17927 r
 7.9894834E-4 0.0011733888 7.323693E-4 18130 g
 -6.0926447 1.9237411 7.423821 18134 a
 0.23599985 0.25599504 -0.39860335 18139 r
 -0.0039947415 6.4075657E-4 0.002596582 18331 g
 -6.0998273 1.8968062 7.4124484 18334 a
 0.23603833 0.25588816 -0.39864054 18339 r
 -0.0013315806 -1.5819176E-4 0.0015313176 18532 g
 -6.06571 1.9003977 7.410054 18537 a
 0.23587625 0.25594813 -0.39856824 18543 r
 -0.0018642128 -9.571401E-4 -6.657903E-5 18731 g
 -6.097433 1.87047 7.4268136 18734 a
 0.23606397 0.25573373 -0.39919105 18739 r
 -5.326322E-4 3.7444045E-4 -6.657903E-5 18931 g
 -6.1129956 1.9393034 7.431602 18934 a
 0.23647381 0.25527155 -0.40108362 18939 r
 -0.0034621095 -0.0041529336 1.9973709E-4 19133 g
 -6.0663085 1.905186 7.4244194 19137 a
 0.23665881 0.2552157 -0.40126702 19141 r
 -0.0026631611 -6.90824E-4 -0.0011318434 19333 g
 -6.0716953 1.8764555 7.4465656 19338 a
 0.23687649 0.25491858 -0.4020852 19341 r
 2.663161E-4 0.0011733888 4.660532E-4 19533 g
 -6.117784 1.9015948 7.4166384 19537 a
 0.2366451 0.25485748 -0.40204808 19541 r
 -0.0029294773 3.7444045E-4 4.660532E-4 19733 g
 -6.087258 1.9069817 7.397485 19738 a
 0.2369214 0.2547772 -0.40277293 19741 r
 -0.0015978967 0.0030376015 0.0015313176 19932 g
 -6.0848637 1.8896236 7.3962874 19936 a
 0.23731768 0.2548855 -0.40299824 19940 r
 0.0066579026 0.0033039176 0.0015313176 20131 g
 -6.1387334 1.9021933 7.4327993 20135 a
 0.23727134 0.25501716 -0.4025319 20147 r
 7.9894834E-4 0.001706021 -6.657903E-5 20333 g
 -6.1303535 1.927931 7.3986816 20338 a
 0.23751841 0.2552523 -0.40277705 20341 r
 0.002130529 3.7444045E-4 0.002596582 20534 g
 -6.1249666 1.8842367 7.3968863 20539 a
 0.2374698 0.25559354 -0.4017006 20542 r
 0.0011068097 7.821704E-4 -0.0024301345 20733 g
 -6.10701 1.8926164 7.4082584 20737 a
 0.23759276 0.25573188 -0.40221396 20741 r
 8.4049365E-4 -0.0034788873 -8.322378E-4 20932 g
 -6.121375 1.9087774 7.398083 20937 a
 0.2376964 0.25554216 -0.40300748 20941 r
 -0.006083725 -0.0021473067 -0.0021638183 21133 g
 -6.078878 1.8680758 7.381324 21141 a
 0.23778382 0.25561154 -0.4034147 21144 r
 0.0011068097 -0.0016146746 -5.659217E-4 21333 g
 -6.130952 1.9249382 7.4106526 21338 a
 0.23771395 0.25523055 -0.40481386 21342 r
 0.006433132 -5.494101E-4 -0.005625928 21540 g
 -6.0645127 1.893215 7.462128 21544 a
 0.23753795 0.25564432 -0.40380684 21547 r
 0.0061668158 2.495382E-4 -0.0045606634 21736 g
 -6.0764837 1.8650831 7.427412 21741 a
 0.23689723 0.25563985 -0.40266606 21745 r
 -0.009279518 -0.0066746804 -0.0026964506 21933 g
 -6.1117983 1.9093759 7.385514 21938 a
 0.23602907 0.25628012 -0.4004734 21942 r
 -0.0042195125 -8.1572623E-4 0.0055593485 22145 g
 -6.0836663 1.8806454 7.4166384 22148 a
 0.23592617 0.25688928 -0.39908996 22153 r
 -2.2477079E-4 0.0042442796 0.0020972393 22336 g
 -6.1040173 1.9273324 7.4226236 22341 a
 0.23580481 0.2565276 -0.39978358 22345 r
 -0.0020889835 -0.0032125711 7.656588E-4 22540 g
 -6.114791 1.9141643 7.4082584 22543 a
 0.23640439 0.25631034 -0.40077493 22547 r
 -4.910869E-4 -0.0032125711 -0.0045606634 22740 g
 -6.10701 1.8974048 7.4322004 22744 a
 0.2364689 0.25621194 -0.40165725 22748 r
 -0.002887932 0.0015811187 -0.001098554 22938 g
 -6.0800753 1.903989 7.410054 22942 a
 0.23692547 0.2558704 -0.40293226 22946 r
 -0.0015563513 0.0013148027 -0.0024301345 23137 g
 -6.10282 1.9111716 7.45315 23146 a
 0.23701645 0.2556647 -0.4034675 23150 r
 -7.5740303E-4 -8.1572623E-4 -8.322378E-4 23341 g
 -6.093243 1.927931 7.4058642 23344 a
 0.23670529 0.2559448 -0.40245298 23348 r
 0.0056341835 0.0013148027 2.330266E-4 23541 g
 -6.126762 1.9033904 7.417835 23544 a
 0.23723468 0.25553477 -0.4037325 23548 r
 5.7417754E-4 0.0034453315 4.993427E-4 23738 g
 -6.1345434 1.9063832 7.4016747 23742 a
 0.23732397 0.25595832 -0.40313634 23746 r
 0.0024383902 0.0061084926 0.0018309233 23935 g
 -6.093842 1.903989 7.415441 23940 a
 0.23750895 0.25604993 -0.40326497 23943 r
 3.0786142E-4 5.158543E-4 -0.001098554 24141 g
 -6.129156 1.9231426 7.4016747 24145 a
 0.2374855 0.2562247 -0.40269473 24151 r
 -4.910869E-4 -0.0037452034 -0.0016311861 24339 g
 -6.085462 1.8872294 7.4244194 24343 a
 0.23765644 0.25624126 -0.4030455 24346 r
 -0.0015563513 0.0031790154 2.330266E-4 24540 g
 -6.096236 1.9153614 7.3867106 24544 a
 0.2376476 0.25623858 -0.40321836 24548 r
 0.0027047063 -8.1572623E-4 -5.659217E-4 24742 g
 -6.129755 1.9069817 7.3897038 24745 a
 0.23752917 0.25642848 -0.4026728 24749 r
 3.0786142E-4 0.0013148027 -0.001098554 24935 g
 -6.127361 1.9111716 7.390302 24939 a
 0.23712793 0.25679266 -0.4016076 24943 r
 -0.003154248 -0.002679939 -0.0021638183 25142 g
 -6.10701 1.9057846 7.433996 25156 a
 0.2366184 0.2570911 -0.4004747 25160 r
 0.0016394419 0.0013148027 -0.004294347 25340 g
 -6.1112 1.9141643 7.4148426 25344 a
 0.23667336 0.25693315 -0.40087858 25347 r
 0.011493138 0.011701131 -0.0021638183 25540 g
 -6.127361 1.9153614 7.3897038 25544 a
 0.2371047 0.25667733 -0.40230462 25548 r
 0.01069419 -0.00880521 0.0044940845 25743 g
 -6.0597243 1.9261353 7.469909 25747 a
 0.23774604 0.25607342 -0.4032494 25750 r
 0.006965764 0.010902182 -0.0045606634 25938 g
 -6.121375 1.9147629 7.410054 25941 a
 0.23737213 0.25507206 -0.40360513 25945 r
 -0.003154248 -0.0064083645 -0.00615856 26141 g
 -6.085462 1.9087774 7.4507556 26144 a
 0.23766157 0.25584596 -0.403577 26148 r
 0.0053678676 0.0069074407 4.993427E-4 26343 g
 -6.0704985 1.8782512 7.429806 26346 a
 0.23737215 0.25559062 -0.40347144 26351 r
 5.7417754E-4 -0.002946255 -2.9960563E-4 26541 g
 -6.125565 1.8854338 7.4058642 26545 a
 0.23699716 0.25561392 -0.40306166 26548 r
 0.0027047063 0.0031790154 0.0055593485 26743 g
 -6.063316 1.91596 7.4112515 26747 a
 0.23698276 0.255903 -0.4025785 26751 r
 0.0096289255 0.011701131 -0.0053596115 26943 g
 -6.05733 1.9219455 7.4190326 26947 a
 0.23706667 0.25604767 -0.4027622 26950 r
 0.0024967135 -0.001498028 -0.0010570086 27142 g
 -6.0890536 1.9087774 7.441179 27145 a
 0.23723346 0.2558301 -0.40278915 27149 r
 0.003828294 0.0032956619 -2.5806032E-4 27342 g
 -6.103419 1.903989 7.430405 27346 a
 0.23708405 0.25622022 -0.401984 27350 r
 -0.0054927696 -0.0036285568 0.0024051007 27543 g
 -6.131551 1.9123687 7.3968863 27546 a
 0.23715642 0.25655025 -0.40189943 27550 r
 -0.0012317119 0.003828294 0.0024051007 27741 g
 -6.1219735 1.917157 7.4016747 27744 a
 0.23720478 0.2565483 -0.40178952 27748 r
 -0.0022969765 -0.001498028 -7.906925E-4 27954 g
 -6.131551 1.9387048 7.430405 27958 a
 0.23713556 0.25649935 -0.40184638 27961 r
 -0.0020306604 -1.6644757E-4 -0.0015896409 28142 g
 -6.1165867 1.9111716 7.4082584 28146 a
 0.23751183 0.25626796 -0.40277568 28150 r
 9.986854E-5 9.986854E-5 0.0018724685 28343 g
 -6.1447186 1.910573 7.382521 28346 a
 0.23733065 0.2562062 -0.40284225 28350 r
 -0.0028296087 -0.0028296087 8.255799E-6 28543 g
 -6.1243677 1.9063832 7.409456 28547 a
 0.237146 0.25617677 -0.40277115 28550 r
 0.0022303974 0.0014314491 0.0013398363 28743 g
 -6.1123967 1.8818425 7.430405 28747 a
 0.23726475 0.25579906 -0.40368727 28751 r
 -1.6644757E-4 -0.0052264538 8.072041E-4 28944 g
 -6.10282 1.9063832 7.4268136 28948 a
 0.23753724 0.25540382 -0.40506783 28951 r
 -0.0030959249 -0.0041611893 0.0013398363 29143 g
 -6.109404 1.9321208 7.3968863 29147 a
 0.23760173 0.25526237 -0.40521726 29151 r
 -0.001498028 0.0019640813 0.003204049 29346 g
 -6.1195793 1.8956091 7.379528 29351 a
 0.23774607 0.25499952 -0.40572235 29356 r
 -0.0017643442 3.6618466E-4 0.0016061524 29543 g
 -6.101623 1.9261353 7.428011 29547 a
 0.2374763 0.25533777 -0.4048997 29551 r
 -0.0022969765 -0.001498028 0.0010735203 29743 g
 -6.093842 1.899799 7.3962874 29748 a
 0.23693298 0.2557776 -0.40291223 29752 r
 -0.0052264538 -4.3276369E-4 0.002937733 29947 g
 -6.1064115 1.9021933 7.3926964 29951 a
 0.23650374 0.2560045 -0.40220115 29955 r
 -1.6644757E-4 0.001165133 -0.0010570086 30144 g
 -6.101623 1.929128 7.418434 30148 a
 0.23645091 0.25614476 -0.4018683 30161 r
 3.6618466E-4 -0.0028296087 0.0013398363 30344 g
 -6.1303535 1.9405005 7.390302 30348 a
 0.23609778 0.2563523 -0.40053883 30352 r
 0.0051598744 0.008355668 -0.002122273 30543 g
 -6.1022215 1.9219455 7.4004774 30547 a
 0.23631416 0.2565363 -0.40057173 30551 r
 9.986854E-5 -1.6644757E-4 -0.0010570086 30743 g
 -6.117185 1.9387048 7.3849154 30747 a
 0.23673086 0.25633687 -0.40145412 30751 r
 0.011551461 0.0064914552 0.0013398363 30943 g
 -6.1530986 1.8938135 7.402273 30947 a
 0.23685643 0.25654602 -0.40070352 30951 r
 0.003561978 0.004627242 -0.0037201697 31144 g
 -6.1195793 1.9387048 7.406463 31148 a
 0.2365661 0.25708497 -0.39957258 31152 r
 -4.3276369E-4 6.3250074E-4 2.745719E-4 31345 g
 -6.099229 1.8968062 7.383718 31350 a
 0.23668313 0.2570479 -0.39954314 31354 r
 -0.0030959249 -6.9907977E-4 0.0024051007 31545 g
 -6.125565 1.8902222 7.4106526 31550 a
 0.23655109 0.25718045 -0.39926758 31554 r
 -0.0030959249 -0.0036285568 -0.001855957 31749 g
 -6.136339 1.9033904 7.421427 31753 a
 0.23584524 0.25747788 -0.39801767 31757 r
 -0.0020306604 -0.0020306604 -0.0010570086 31946 g
 -6.126762 1.9219455 7.401076 31950 a
 0.23552221 0.25747514 -0.3977321 31955 r
 -0.006025402 -0.0017643442 0.0037366813 32146 g
 -6.0836663 1.8806454 7.385514 32151 a
 0.23586906 0.2570476 -0.3987784 32155 r
 -9.653959E-4 -0.0020306604 8.072041E-4 32350 g
 -6.093243 1.9069817 7.3807254 32354 a
 0.23573753 0.2567621 -0.3994145 32358 r
 -0.0025632926 -9.653959E-4 0.0016061524 32546 g
 -6.1010246 1.9099745 7.433996 32551 a
 0.23602112 0.2565655 -0.40008244 32555 r
 0.0019640813 8.9881686E-4 -2.5806032E-4 32746 g
 -6.1447186 1.9207484 7.404069 32751 a
 0.23632813 0.25606912 -0.40150687 32755 r
 -0.0030959249 -6.9907977E-4 -0.0015896409 32949 g
 -5.99149 1.9063832 7.4286094 32953 a
 0.23655368 0.25592828 -0.40218207 32957 r
 -0.029194903 -0.010020143 0.014655641 33148 g
 -6.126762 1.9123687 7.3926964 33152 a
 0.23742591 0.2560625 -0.40258947 33156 r
 0.009154616 -0.004427505 -0.0085138595 33347 g
 -6.125565 1.9363106 7.363966 33351 a
 0.23715237 0.2561463 -0.4026172 33356 r
 -0.0076232986 0.003828294 0.0021387846 33550 g
 -6.10701 1.9165585 7.413047 33555 a
 0.23744965 0.25590104 -0.40309295 33558 r
 9.986854E-5 -0.0068243505 -0.0031875374 33747 g
 -6.157288 1.9440918 7.4088573 33751 a
 0.23795116 0.25584757 -0.4039308 33756 r
 -4.3276369E-4 -0.001498028 -0.0015896409 33947 g
 -6.1219735 1.9033904 7.347805 33951 a
 0.23814687 0.2557816 -0.4044617 33955 r
 -0.0017643442 0.0022303974 0.0018724685 34149 g
 -6.1112 1.9099745 7.3388267 34152 a
 0.23886006 0.2555036 -0.40621606 34157 r
 -0.008688563 0.003561978 0.005334578 34348 g
 -6.1447186 1.939902 7.3849154 34352 a
 0.2393115 0.255315 -0.4074857 34356 r
 -0.005759086 -4.3276369E-4 0.0013398363 34547 g
 -6.143522 1.8968062 7.387908 34551 a
 0.23971802 0.25514364 -0.4083551 34556 r
 -0.0041611893 -0.0052264538 -0.0015896409 34750 g
 -6.192004 1.8968062 7.382521 34755 a
 0.2397833 0.25502652 -0.4090639 34758 r
 -0.0052264538 -0.0054927696 -0.0015896409 34947 g
 -6.1010246 1.8842367 7.381324 34951 a
 0.23990966 0.2549839 -0.40976295 34955 r
 0.004627242 0.004627242 0.008796687 35147 g
 -6.117185 1.8429368 7.358579 35159 a
 0.24038382 0.25413644 -0.41193816 35163 r
 0.001165133 0.007823036 0.0021387846 35350 g
 -6.179435 1.9590555 7.351396 35355 a
 0.24046335 0.25388008 -0.4136487 35358 r
 -0.0116180405 -0.006558034 8.255799E-6 35548 g
 -6.0848637 1.9255368 7.3609734 35552 a
 0.24174911 0.2539572 -0.41452166 35556 r
 -0.0022969765 -0.005759086 0.0018724685 35747 g
 -6.1728506 1.9829975 7.3346367 35751 a
 0.24184243 0.25316256 -0.41599712 35756 r
 0.017943047 0.008621984 -0.012774917 35950 g
 -6.14831 1.8303672 7.3807254 35954 a
 0.24266158 0.25331235 -0.4157665 35958 r
 -0.0036285568 0.0032956619 0.0026714168 36147 g
 -6.181829 1.9357121 7.2849574 36151 a
 0.24111913 0.2535867 -0.41513076 36156 r
 -0.011884356 0.0070240875 0.0066661583 36347 g
 -6.035184 1.9644425 7.361572 36351 a
 0.24213098 0.2544754 -0.41319248 36356 r
 0.0022303974 0.010486197 0.007731423 36552 g
 -6.1686606 1.929128 7.3442135 36557 a
 0.24216135 0.25441843 -0.4124578 36561 r
 0.013415674 0.012084093 -0.009046492 36746 g
 -6.1542954 1.9237411 7.3962874 36750 a
 0.24171977 0.25481105 -0.4125757 36756 r
 -0.020672787 -0.01721068 0.017052487 36949 g
 -6.0764837 1.9315223 7.3753386 36953 a
 0.24121459 0.2545914 -0.4120774 36958 r
 0.014480938 0.014480938 0.0018724685 37152 g
 -6.167464 1.9237411 7.3388267 37157 a
 0.24110155 0.2540871 -0.4115362 37161 r
 0.0075567197 0.009154616 -0.0013233247 37350 g
 -6.23091 1.9428947 7.1466923 37354 a
 0.24267368 0.2556296 -0.40948245 37358 r
 0.024068318 0.080261014 0.022378808 37552 g
 -6.395511 2.0632033 7.021595 37557 a
 0.24518757 0.25798213 -0.40756664 37560 r
 -0.015879098 0.03551991 0.013057745 37752 g
 -6.2249246 1.9979613 7.27957 37757 a
 0.25000843 0.26208973 -0.40766403 37761 r
 -0.011884356 0.0056925067 0.013324061 37949 g
 -6.1866174 1.9111716 7.231686 37953 a
 0.24840702 0.26132 -0.40893784 37958 r
 -0.008422247 -0.015612782 -0.016769659 38150 g
 -6.257845 1.9207484 7.273585 38155 a
 0.24601202 0.26021594 -0.40962395 38158 r
 -0.004427505 0.015812518 0.003204049 38352 g
 -6.293159 1.9189527 7.295731 38357 a
 0.2456393 0.26065677 -0.41041198 38361 r
 -0.014813834 -0.004427505 0.005334578 38553 g
 -6.217143 1.9446903 7.28376 38558 a
 0.24489225 0.2611708 -0.41049436 38562 r
 0.0056925067 -0.0054927696 -0.00505175 38748 g
 -6.2967505 1.9512744 7.2490444 38753 a
 0.24400449 0.2610199 -0.4098039 38760 r
 0.0014314491 0.0016977652 -0.002122273 38954 g
 -6.257246 1.8956091 7.299921 38958 a
 0.24415366 0.26150137 -0.40939686 38961 r
 -0.013748569 -0.014813834 8.255799E-6 39152 g
 -6.281188 1.9369092 7.2849574 39157 a
 0.2436404 0.26122278 -0.4095793 39160 r
 0.0024967135 0.0024967135 -0.002388589 39354 g
 -6.2704144 1.8962077 7.2927384 39358 a
 0.24352741 0.26161444 -0.40834126 39362 r
 0.023535686 -6.9907977E-4 -0.003986486 39559 g
 -6.2045736 1.8579005 7.2867527 39563 a
 0.24289641 0.261465 -0.4075102 39566 r
 -0.005759086 -0.014813834 -0.004252802 39754 g
 -6.2746043 1.9081788 7.3208704 39758 a
 0.2421833 0.26097077 -0.40703008 39762 r
 -0.0028296087 0.012084093 -0.006649647 39954 g
 -6.1902084 1.8980033 7.2993226 39958 a
 0.24215566 0.2618118 -0.40639028 39961 r
 0.0032956619 0.0019640813 -0.001855957 40157 g
 -6.2339025 1.917157 7.2873516 40173 a
 0.24182023 0.26208752 -0.40585688 40177 r
 -0.0020306604 -0.006025402 0.0013398363 40354 g
 -6.2566476 1.9141643 7.2747817 40359 a
 0.2419992 0.26206243 -0.40565166 40362 r
 9.986854E-5 0.0043609263 0.0013398363 40550 g
 -6.203377 1.8962077 7.302315 40555 a
 0.24223943 0.26195407 -0.40603563 40559 r
 3.6618466E-4 -0.0025632926 0.0013398363 40760 g
 -6.2488666 1.9387048 7.2382703 40764 a
 0.24239178 0.26149398 -0.40718916 40767 r
 -0.0033622407 -0.004427505 2.745719E-4 40955 g
 -6.227319 1.9147629 7.270592 40959 a
 0.24312267 0.2612654 -0.40847525 40962 r
 -4.3276369E-4 0.0072904034 -5.243764E-4 41155 g
 -6.247669 1.9249382 7.2939353 41159 a
 0.2429281 0.2612272 -0.40877613 41163 r
 -0.005759086 -0.0052264538 0.0016061524 41354 g
 -6.215946 1.9123687 7.3100963 41358 a
 0.24292219 0.26124913 -0.40890494 41362 r
 -0.0049601374 8.9881686E-4 -2.5806032E-4 41555 g
 -6.2434793 1.9135658 7.2819643 41560 a
 0.24259648 0.26131105 -0.40823725 41563 r
 9.986854E-5 0.0016977652 0.0026714168 41751 g
 -6.238691 1.903989 7.2741833 41770 a
 0.242428 0.2614051 -0.40783557 41772 r
 -0.0028296087 3.6618466E-4 -5.243764E-4 41958 g
 -6.227917 1.9267339 7.301717 41962 a
 0.24219796 0.26168847 -0.40705845 41966 r
 0.0043609263 0.0027630297 -5.243764E-4 42156 g
 -6.2524576 1.9267339 7.2873516 42160 a
 0.24241036 0.26139337 -0.40792486 42164 r
 -9.653959E-4 -0.001498028 -0.0037201697 42356 g
 -6.2368956 1.9309237 7.3232646 42361 a
 0.242714 0.26117837 -0.40880612 42364 r
 0.0024967135 0.0027630297 8.072041E-4 42559 g
 -6.2261214 1.8806454 7.290344 42563 a
 0.24286462 0.26092422 -0.40924373 42567 r
 -0.0049601374 -0.0025632926 5.40888E-4 42756 g
 -6.2889695 1.922544 7.2981253 42761 a
 0.24238943 0.26114762 -0.40860775 42765 r
 3.6618466E-4 3.6618466E-4 -0.006915963 42959 g
 -6.239888 1.91596 7.275979 42963 a
 0.24252151 0.26147044 -0.40810946 42966 r
 0.004627242 0.0048935586 0.0021387846 43160 g
 -6.251859 1.9075803 7.2544312 43164 a
 0.24254669 0.26136833 -0.40834984 43167 r
 0.001165133 -1.6644757E-4 -0.001855957 43359 g
 -6.2458735 1.934515 7.2514386 43363 a
 0.24315006 0.2610758 -0.40951297 43366 r
 -0.001498028 0.004627242 0.003204049 43558 g
 -6.266823 1.9117701 7.3059063 43562 a
 0.2445232 0.2601112 -0.4130518 43565 r
 -0.0022969765 -0.0017643442 0.0021387846 43761 g
 -6.2542534 1.9141643 7.2885485 43764 a
 0.2453239 0.25934225 -0.41608295 43768 r
 -0.0012317119 9.986854E-5 0.0013398363 43960 g
 -6.227319 1.9129672 7.285556 43964 a
 0.24593152 0.2589411 -0.41746745 43967 r
 -0.0030959249 0.0022303974 0.0016061524 44159 g
 -6.2530565 1.8866309 7.2544312 44162 a
 0.24583651 0.25884306 -0.41742346 44166 r
 -0.0068243505 -0.004427505 -0.0013233247 44358 g
 -6.2608376 1.9093759 7.2993226 44361 a
 0.24600087 0.2587592 -0.41823742 44368 r
 -0.0046938215 -1.6644757E-4 0.0016061524 44559 g
 -6.2219315 1.9309237 7.265205 44563 a
 0.24567467 0.25893217 -0.41739413 44566 r
 -4.3276369E-4 -4.3276369E-4 0.003204049 44759 g
 -6.2674217 1.9201498 7.2885485 44763 a
 0.24557932 0.2588507 -0.41711798 44767 r
 -1.6644757E-4 -0.0022969765 -7.906925E-4 44963 g
 -6.247669 1.9117701 7.319673 44967 a
 0.24564028 0.25888658 -0.4170327 44971 r
 -9.653959E-4 8.9881686E-4 0.0042693135 45160 g
 -6.27221 1.9243397 7.277775 45172 a
 0.24506739 0.25926805 -0.4153922 45176 r
 -0.0041611893 -0.0041611893 -0.001855957 45364 g
 -6.265626 1.899799 7.2544312 45368 a
 0.24494237 0.2596392 -0.41435173 45372 r
 -0.003894873 3.6618466E-4 0.0010735203 45560 g
 -6.2644286 1.9387048 7.2448545 45564 a
 0.24489093 0.25967306 -0.41436765 45568 r
 0.001165133 0.0022303974 -5.243764E-4 45760 g
 -6.253655 1.9081788 7.2699933 45764 a
 0.24452405 0.26021385 -0.41288015 45768 r
 -1.6644757E-4 0.003561978 0.0021387846 45962 g
 -6.259042 1.9069817 7.259818 45966 a
 0.24406047 0.2608359 -0.41109535 45969 r
 -0.0041611893 -9.653959E-4 0.0018724685 46161 g
 -6.235698 1.9099745 7.2861543 46165 a
 0.2438033 0.26108557 -0.41052178 46168 r
 -0.004427505 -0.0036285568 -5.243764E-4 46363 g
 -6.2404866 1.8902222 7.338228 46367 a
 0.24378327 0.26114434 -0.41036472 46371 r
 -0.0030959249 0.0016977652 8.255799E-6 46561 g
 -6.2380924 1.9183542 7.313089 46565 a
 0.24328712 0.26133537 -0.40954682 46568 r
 -0.0028296087 -0.0012317119 5.40888E-4 46763 g
 -6.269816 1.9189527 7.2610154 46767 a
 0.24299026 0.26157123 -0.40874127 46772 r
 0.0016977652 9.986854E-5 8.072041E-4 46963 g
 -6.2584434 1.8764555 7.2610154 46967 a
 0.24352615 0.26137847 -0.4094909 46971 r
 0.004627242 -1.6644757E-4 0.003204049 47162 g
 -6.3099184 1.9003977 7.318476 47165 a
 0.24355604 0.26123935 -0.4101397 47169 r
 -0.009753827 -0.009753827 0.0024051007 47363 g
 -6.271611 1.9285295 7.2711906 47368 a
 0.24422738 0.26093358 -0.4119133 47372 r
 -6.9907977E-4 -0.0046938215 0.002937733 47562 g
 -6.2219315 1.95307 7.319673 47566 a
 0.2445962 0.2603954 -0.41354123 47569 r
 3.6618466E-4 0.001165133 0.0024051007 47762 g
 -6.2458735 1.9057846 7.306505 47766 a
 0.24495763 0.2595768 -0.41442063 47770 r
 -0.003894873 -0.0049601374 0.0010735203 47959 g
 -6.2746043 1.9219455 7.273585 47962 a
 0.24478795 0.25982994 -0.41427228 47966 r
 0.00409461 -0.0028296087 -0.0026549052 48164 g
 -6.2261214 1.899799 7.311892 48170 a
 0.24507964 0.2596811 -0.41475442 48171 r
 0.003828294 0.00409461 -0.001855957 48358 g
 -6.245275 1.917157 7.2687964 48362 a
 0.24464461 0.25986475 -0.414098 48366 r
 3.6618466E-4 0.0016977652 -0.0029212213 48559 g
 -6.2404866 1.9123687 7.289147 48563 a
 0.24449621 0.26004386 -0.41352078 48566 r
 0.0043609263 6.3250074E-4 -5.243764E-4 48759 g
 -6.235698 1.8974048 7.303512 48764 a
 0.24440923 0.25994503 -0.41355035 48768 r
 -0.0030959249 -6.9907977E-4 0.0016061524 48962 g
 -6.2542534 1.9303252 7.2843585 48966 a
 0.24419951 0.25997037 -0.41328374 48969 r
 9.986854E-5 -0.0025632926 2.745719E-4 49164 g
 -6.225523 1.8908207 7.2723875 49168 a
 0.2442441 0.26001352 -0.41313794 49172 r
 -0.0054927696 -0.0012317119 0.0048019458 49363 g
 -6.284181 1.903989 7.2711906 49366 a
 0.24439524 0.25984764 -0.4136757 49371 r
 -0.0028296087 -0.0033622407 8.072041E-4 49563 g
 -6.261436 1.9416976 7.2981253 49569 a
 0.24469404 0.25978988 -0.41434285 49573 r
 -0.0012317119 -0.0020306604 0.0021387846 49766 g
 -6.2889695 1.9183542 7.291541 49771 a
 0.24495688 0.25940758 -0.41520163 49774 r
 -0.0033622407 -1.6644757E-4 8.072041E-4 49963 g
 -6.2554507 1.8986019 7.2807674 49967 a
 0.24495012 0.2595235 -0.41514155 49971 r
 -0.0017643442 -6.9907977E-4 5.40888E-4 50166 g
 -6.2554507 1.9123687 7.319673 50178 a
 0.2445944 0.2598707 -0.4140273 50182 r
 0.0024967135 -1.6644757E-4 -0.003986486 50366 g
 -6.2446766 1.9093759 7.3005195 50373 a
 0.24434276 0.2602005 -0.41290632 50376 r
 0.005426191 8.9881686E-4 -0.0010570086 50564 g
 -6.2584434 1.9099745 7.2610154 50571 a
 0.24380584 0.26061237 -0.4112825 50575 r
 6.3250074E-4 -0.0012317119 0.0010735203 50763 g
 -6.229713 1.9195513 7.2843585 50766 a
 0.24366894 0.26082313 -0.4108896 50771 r
 -0.005759086 0.0014314491 0.005334578 50967 g
 -6.2123547 1.903989 7.28795 50971 a
 0.24364115 0.26107907 -0.41010275 50974 r
 -0.013215937 0.0014314491 0.008530371 51166 g
 -6.257246 1.946486 7.2843585 51171 a
 0.24336171 0.26119304 -0.40977195 51175 r
 -0.0017643442 0.0024967135 -5.243764E-4 51363 g
 -6.2823853 1.9207484 7.289147 51367 a
 0.24325663 0.26138663 -0.4089652 51371 r
 -1.6644757E-4 0.0016977652 0.002937733 51568 g
 -6.259042 1.9111716 7.265804 51571 a
 0.2429643 0.26178068 -0.40818104 51575 r
 -0.0012317119 6.3250074E-4 -0.001855957 51765 g
 -6.247669 1.9075803 7.234679 51769 a
 0.24305603 0.26174778 -0.40819678 51773 r
 -1.6644757E-4 0.003561978 5.40888E-4 51965 g
 -6.2859764 1.8992004 7.267599 51969 a
 0.2431168 0.26180792 -0.40822652 51973 r
 0.0019640813 -6.9907977E-4 -7.906925E-4 52171 g
 -6.2315083 1.9273324 7.2867527 52174 a
 0.24369724 0.26160342 -0.40978846 52178 r
 -0.0041611893 0.0032956619 0.0010735203 52366 g
 -6.2530565 1.9057846 7.3029137 52370 a
 0.24373104 0.26152003 -0.40972313 52374 r
 -0.001498028 -9.653959E-4 0.0026714168 52566 g
 -6.2584434 1.941099 7.265804 52571 a
 0.24347126 0.2617433 -0.40918925 52574 r
 -7.656588E-4 -9.904295E-4 -3.9121837E-4 52769 g
 -6.2380924 1.9297266 7.2747817 52773 a
 0.24349022 0.26186633 -0.40875193 52777 r
 -4.993427E-4 0.0011400993 0.0012066783 52966 g
 -6.241085 1.8854338 7.290344 52970 a
 0.243543 0.26175767 -0.4087951 52974 r
 -0.0034288198 -0.0028546425 -0.0014564828 53179 g
 -6.293758 1.9237411 7.289147 53183 a
 0.24349068 0.26183003 -0.40890577 53187 r
 -0.001298291 -0.0017893779 -9.238506E-4 53370 g
 -6.218939 1.9027919 7.2484455 53374 a
 0.24352072 0.26202482 -0.40857485 53377 r
 0.0050932956 6.07467E-4 4.0772997E-4 53567 g
 -6.282984 1.934515 7.280169 53572 a
 0.24371332 0.2618004 -0.40917924 53575 r
 0.0018975022 -9.904295E-4 -0.0025217473 53767 g
 -6.253655 1.8980033 7.301717 53772 a
 0.24434286 0.26143867 -0.41065535 53775 r
 0.0021638183 0.003004312 9.4036217E-4 53970 g
 -6.237494 1.8890251 7.2304893 53974 a
 0.24546568 0.2604738 -0.41415122 53977 r
 0.001098554 0.0035369443 0.0065330006 54170 g
 -6.238691 1.9327193 7.2646065 54174 a
 0.24625891 0.2597031 -0.416648 54178 r
 3.3289514E-5 0.0024716798 0.0038698392 54368 g
 -6.256049 1.9381063 7.293337 54372 a
 0.24634169 0.25965822 -0.4166105 54376 r
 0.0021638183 6.07467E-4 -3.9121837E-4 54571 g
 -6.2524576 1.917157 7.29214 54574 a
 0.24640878 0.25961584 -0.41648188 54578 r
 -0.001298291 -0.0025883263 0.0014729943 54769 g
 -6.2913637 1.9069817 7.269395 54773 a
 0.24611935 0.25969172 -0.41594663 54776 r
 -0.0023635554 8.7378314E-4 0.0033372073 54968 g
 -6.237494 1.9033904 7.2747817 54972 a
 0.24573423 0.26013005 -0.41461918 54975 r
 -0.0023635554 0.0022053637 6.7404605E-4 55173 g
 -6.269217 1.9303252 7.3466077 55184 a
 0.24567515 0.2602129 -0.41469774 55189 r
 0.0018975022 0.0011400993 -0.0025217473 55371 g
 -6.2380924 1.9195513 7.285556 55375 a
 0.24607003 0.2599191 -0.41561523 55379 r
 -7.656588E-4 -1.9148127E-4 0.0014729943 55572 g
 -6.251859 1.929128 7.301717 55576 a
 0.24611175 0.2598185 -0.41592756 55579 r
 -4.993427E-4 7.4834825E-5 4.0772997E-4 55770 g
 -6.253655 1.910573 7.2789717 55774 a
 0.24624081 0.2597618 -0.41617385 55778 r
 2.9960563E-4 -0.0012567457 0.0017393104 55965 g
 -6.2482677 1.9177556 7.280169 55969 a
 0.24617104 0.25983745 -0.41613564 55973 r
 -0.0026298715 -1.9148127E-4 -6.5753446E-4 56165 g
 -6.260239 1.9093759 7.268198 56170 a
 0.24675693 0.25951993 -0.41736487 56174 r
 -0.0028961876 0.0022053637 4.0772997E-4 56367 g
 -6.2608376 1.922544 7.2927384 56371 a
 0.24680673 0.259584 -0.41746297 56375 r
 0.001098554 -1.9148127E-4 0.0014729943 56563 g
 -6.239888 1.9207484 7.2885485 56564 a
 0.24628194 0.26013535 -0.41575727 56566 r
 0.005625928 0.0011400993 -0.0035870117 56766 g
 -6.259042 1.910573 7.301717 56770 a
 0.24612764 0.26038384 -0.4147683 56774 r
 0.003761715 0.0040695765 -0.001989115 56967 g
 -6.2632318 1.934515 7.264008 56971 a
 0.24594006 0.2604859 -0.41429576 56975 r
 3.3289514E-5 -0.0015230618 -0.0011901667 57166 g
 -6.2632318 1.91596 7.2987237 57171 a
 0.24570966 0.2608536 -0.4131656 57175 r
 -0.0010319749 6.07467E-4 -1.2490226E-4 57367 g
 -6.229713 1.8956091 7.265205 57372 a
 0.24528284 0.26112014 -0.41182658 57375 r
 5.659217E-4 7.4834825E-5 0.002804575 57568 g
 -6.2446766 1.9297266 7.27957 57572 a
 0.24512552 0.26115137 -0.411656 57575 r
 2.9960563E-4 0.0043358924 -0.0033206956 57767 g
 -6.2500634 1.9141643 7.290344 57772 a
 0.24505627 0.2612127 -0.4112502 57775 r
 0.004294347 7.4834825E-5 -0.001989115 57968 g
 -6.2662244 1.9255368 7.280169 57972 a
 0.24513797 0.2612627 -0.41122404 57975 r
 0.003495399 0.0019390476 -0.0022554311 58168 g
 -6.277597 1.9165585 7.2783732 58172 a
 0.24497889 0.2614259 -0.41071776 58176 r
 -0.0018309233 7.4834825E-5 -0.0014564828 58369 g
 -6.2183404 1.9309237 7.273585 58373 a
 0.24464363 0.26192093 -0.40943024 58376 r
 -0.0031625037 0.0024716798 0.0014729943 58568 g
 -6.275801 1.9476831 7.305308 58572 a
 0.24450953 0.26203012 -0.40912107 58576 r
 -0.0023635554 -0.0012567457 -0.001989115 58769 g
 -6.2392898 1.9357121 7.273585 58775 a
 0.24440457 0.2622723 -0.40842816 58779 r
 0.0029627667 -9.904295E-4 6.7404605E-4 58969 g
 -6.2805896 1.9099745 7.258621 58973 a
 0.24449949 0.26210576 -0.40870652 58977 r
 0.0029294773 -0.0036786243 -0.0036535906 59169 g
 -6.2608376 1.9219455 7.2885485 59173 a
 0.24456985 0.26220548 -0.40889654 59176 r
 0.0015978967 -0.00261336 -4.5779737E-4 59370 g
 -6.2500634 1.922544 7.2729864 59374 a
 0.24457604 0.26226723 -0.40874544 59378 r
 5.326322E-4 -0.010602843 -0.0033872745 59570 g
 -6.2584434 1.9099745 7.2699933 59574 a
 0.24452966 0.26204342 -0.40909967 59578 r
 -0.011717909 0.0013813816 0.005134841 59770 g
 -6.227319 1.899799 7.305308 59774 a
 0.24418882 0.26210928 -0.40841475 59777 r
 0.002396845 4.980111E-5 -0.002055694 59970 g
 -6.249465 1.8818425 7.2747817 59974 a
 0.24385688 0.2619267 -0.408698 59978 r
 0.0058589545 0.0035119106 0.0019390476 60298 g
