 0.159232 -0.08271618 0.1643751 6 g
 -1.4558243 8.676587 7.6898766 8 a
 0.06682031 9.070727E-4 -0.51552993 144 g
 -1.3875896 8.444948 9.858425 145 a
 0.98880666 -0.39963236 -1.9379243 343 g
 -1.5156794 5.6407394 6.21864 344 a
 -0.58858365 -1.5067084 -1.365611 542 g
 -3.1138089 3.0651767 8.945636 543 a
 -0.3600844 -0.27899116 -1.8476431 747 g
 -0.8686463 1.6657659 9.460987 750 a
 -0.44583818 -0.6036305 -1.1999624 949 g
 0.2685995 2.9532478 9.472959 951 a
 0.05936346 -0.32666174 -0.98903996 1144 g
 1.645864 4.697424 10.591649 1146 a
 -0.1813863 0.19079046 -0.94403255 1343 g
 -0.85428107 2.379238 7.2517376 1345 a
 -0.09057251 0.32634535 -0.2372296 1543 g
 -0.4712088 4.6405616 7.609072 1549 a
 1.3422081 -0.941852 -0.9783873 1742 g
 -2.0801125 4.246715 9.310153 1743 a
 -0.16247787 0.2709516 -1.5411133 1944 g
 -1.7754502 1.9231426 9.470564 1945 a
 -0.9699483 -0.605761 -0.3283097 2164 g
 -0.75971013 1.6256629 9.611822 2165 a
 -0.22825794 -0.21614055 -0.06518939 2343 g
 -0.71841013 1.780089 9.945813 2344 a
 0.09291929 0.19025782 0.015504391 2576 g
 -0.27907413 1.9554642 10.051158 2581 a
 -0.023460852 -0.38631654 0.16410878 2660 g
 -1.5204678 0.47046062 9.437644 2869 a
 -0.24343796 0.2938548 1.0075319 3077 g
 -1.8526632 1.797447 10.479121 3082 a
 0.13952461 0.34232432 0.6456083 3301 g
 -1.4013562 1.46585 8.293814 3314 a
 0.046846602 0.44325814 1.3825049 3472 g
 -1.6389807 2.6821043 8.921694 3476 a
 0.40157965 0.2887948 1.8917013 3678 g
 -4.8089037 4.55856 8.062774 3683 a
 0.037791852 3.8571644 2.0389743 3875 g
 -9.460837 1.5951369 2.3328502 3879 a
 -2.1707675 4.6425304 -0.84176713 4073 g
 -9.733178 3.4368765 4.724059 4077 a
 -1.2109643 1.4754994 -0.6383017 4276 g
 -8.969428 2.2098482 -0.32830492 4280 a
 -1.0178852 -0.47633138 0.33907846 4473 g
 -8.653992 2.6539726 1.278803 4477 a
 -0.71242064 0.57774776 1.1207162 4675 g
 -7.0271316 5.122993 1.7959505 4679 a
 1.194669 -1.0608952 0.08314868 4876 g
 -7.698705 7.7667904 3.421015 4880 a
 0.8881392 -1.6063106 -0.58370686 5076 g
 -7.070227 6.192004 0.7413047 5080 a
 -0.6730058 -1.5096378 -1.2106149 5275 g
 -6.8996406 6.923433 2.9810803 5280 a
 1.6868212 0.5899983 0.41790804 5476 g
 -6.408829 4.590882 4.234445 5480 a
 0.47241974 -0.6403821 1.8546834 5676 g
 -4.733486 10.140641 4.337994 5680 a
 0.36003435 0.2344663 -0.25134435 5876 g
 -5.283554 7.049727 -0.47554833 5880 a
 0.036193956 -0.7706107 0.66904414 6075 g
 -0.98656076 10.414179 3.15466 6079 a
 0.42128706 -0.24703322 -0.643628 6275 g
 -4.3791447 7.386112 5.556643 6280 a
 -0.022129271 0.4613676 -0.344555 6476 g
 -2.9396307 5.601235 5.712266 6480 a
 -0.80882704 0.641131 0.7060621 6678 g
 -4.1780314 5.627571 4.869507 6682 a
 1.9965469 -0.5722052 0.41604382 6877 g
 -4.786159 8.091205 1.9958664 6881 a
 -0.19523475 1.1948022 0.2091162 7076 g
 -10.545411 14.197616 0.71556705 7079 a
 -0.52493405 -2.592213 -3.6529999 7274 g
 -6.174197 5.929839 -0.04818331 7277 a
 0.041786596 0.3455201 -1.6303291 7475 g
 -12.071714 3.560178 0.935235 7478 a
 -0.24796534 -0.33971122 -0.09581574 7676 g
 -13.768006 3.1387985 1.9982606 7679 a
 -0.60189945 -1.0044363 -0.5392321 7881 g
 -8.642619 3.8869865 1.5840636 7885 a
 0.79226536 -1.7884709 -0.5283131 8076 g
 -7.8172183 2.89459 5.0550575 8080 a
 -0.17605998 0.26163054 -0.16718847 8277 g
 -8.949676 5.321712 3.0702643 8282 a
 0.35630593 0.76283747 0.10205713 8474 g
 -9.392004 3.1399956 0.04818331 8477 a
 -1.545191 0.28826216 0.5561261 8672 g
 -8.41098 1.5867572 2.752434 8678 a
 2.0942848 0.3950549 -0.13176842 8873 g
 -12.455385 2.4660277 2.0000563 8877 a
 -1.4700899 -1.6217569 -0.41406348 9074 g
 -7.6466312 3.116652 1.0794857 9078 a
 0.6242199 -1.4252157 0.16570668 9287 g
 -8.057836 1.525705 5.3471503 9289 a
 0.5262156 0.36602646 -0.02950303 9473 g
 -11.679066 5.7784057 3.15466 9477 a
 -0.2674064 1.7567291 0.120432936 9674 g
 -9.193286 3.5458126 0.887351 9677 a
 -0.63359106 0.5255498 0.50632495 9873 g
 -8.896404 1.5065514 1.7809868 9877 a
 2.4021463 0.39292437 -0.44628775 10074 g
 -9.566781 2.1170728 2.6937761 10077 a
 -1.1425211 -0.9825983 -0.44868457 10303 g
 -8.059032 2.496554 0.8658032 10307 a
 1.6258348 -1.600718 -0.12271367 10477 g
 -8.970625 1.5574282 6.5143237 10481 a
 -0.024526116 -0.15036048 -0.17038426 10680 g
 -6.744017 2.2301989 1.0818799 10683 a
 -0.98938936 0.97775453 0.47463337 10880 g
 -7.984214 1.5155296 2.3406315 10886 a
 -0.5531636 0.041120805 0.7984737 11075 g
 -10.226982 1.1492168 2.2610242 11080 a
 1.4825567 2.0555358 -0.82472295 11279 g
 -4.317494 4.1904516 0.32950202 11283 a
 -0.46820876 0.7572448 -0.3650613 11482 g
 -8.27092 2.0512323 3.4778771 11485 a
 0.13419828 -1.2827365 -0.29741704 11680 g
 -9.760113 -0.0676362 7.3373303 11683 a
 -0.41760868 -0.17273103 -0.2601328 11879 g
 -8.203882 2.1769278 0.80594814 11882 a
 -0.5797952 0.4480518 0.23521517 12084 g
 -8.540866 0.6218939 3.4712932 12089 a
 0.57495147 -0.6289305 0.37023744 12279 g
 -10.957812 2.9388826 2.2281039 12291 a
 -0.8013702 -0.8808656 0.28874472 12482 g
 -3.9972694 1.7280151 0.7838018 12486 a
 -0.454094 0.42008862 -0.26332858 12684 g
 -9.143007 1.6196774 3.0517094 12689 a
 1.0053183 -1.1282732 -0.56346685 12880 g
 -10.288034 1.644218 6.158186 12884 a
 -0.8394534 0.024609206 0.081550784 13082 g
 -5.767183 1.8938135 1.0770915 13086 a
 -1.0325326 0.89333236 0.3697048 13283 g
 -7.8752775 0.6194997 2.7237036 13286 a
 -0.15688522 -0.35808703 0.47596493 13481 g
 -10.297012 1.4024036 2.8793268 13484 a
 -0.17712525 1.6384848 -0.38130662 13680 g
 -4.91365 4.261679 0.5707178 13684 a
 -0.41414657 0.8065133 -0.032432508 13882 g
 -7.7328224 2.2098482 4.706103 13886 a
 -0.8410513 0.07307874 0.17236458 14083 g
 -10.415525 0.24600422 7.536648 14087 a
 -0.78672284 -0.34184176 -0.16425899 14279 g
 -7.394043 1.8561049 0.58268887 14283 a
 -1.1427875 0.21023153 0.5231029 14484 g
 -8.516924 0.47225627 2.893692 14488 a
 -0.17499472 -0.46168402 0.5617187 14684 g
 -11.539004 0.7134721 4.5756187 14688 a
 -1.2551728 -0.81242234 0.13055295 14879 g
 -5.5367413 6.467337 0.29897594 14883 a
 -0.44530556 2.1527412 0.0983287 15084 g
 -7.8794675 1.4161704 5.7380037 15089 a
 -0.68339217 -0.37779444 -0.04894411 15282 g
 -10.27307 -0.5081693 8.069956 15286 a
 -0.18191893 -0.5588894 -0.16665582 15482 g
 -7.3389764 1.70946 0.394744 15485 a
 -0.9619588 0.25044528 0.49167758 15684 g
 -8.437915 0.5351041 2.7793689 15689 a
 0.8604423 -0.28884485 0.171033 15884 g
 -11.372608 1.074398 5.0772038 15888 a
 -1.3441224 -0.8582287 -0.0063335295 16083 g
 -7.710676 7.038953 0.33189622 16088 a
 -0.38378653 2.1764433 -0.12537684 16282 g
 -8.11769 -0.961272 5.125088 16286 a
 -0.27140114 0.36549383 -0.13869263 16482 g
 -10.896162 -0.23582886 7.8395143 16486 a
 0.25430685 -0.49763668 -0.29581913 16685 g
 -7.412598 1.2862848 0.35045126 16689 a
 -1.1438527 -0.12745729 0.6181777 16885 g
 -8.863484 0.47764325 2.5261822 16889 a
 0.22154997 -0.49577248 0.44107753 17085 g
 -11.088895 -0.18255788 5.71047 17090 a
 -0.5624846 2.6432955 -0.27131805 17282 g
 -7.0193505 6.931214 1.6056116 17294 a
 -0.13771047 1.2374128 0.0144391265 17484 g
 -8.157195 2.0991163 5.095759 17488 a
 -0.5435762 -0.110146746 0.1446677 17683 g
 -10.137199 -0.5081693 8.72058 17687 a
 -0.08631145 -0.70909166 -0.3381634 17887 g
 -8.926332 1.0552444 1.9868882 17891 a
 -1.0559684 -0.19430263 0.5598545 18084 g
 -8.199094 0.16938977 3.1313167 18088 a
 0.35683855 -0.77673596 0.4719702 18297 g
 -11.272051 0.06584055 4.065654 18298 a
 -1.3278772 0.6712247 -0.025774606 18484 g
 -9.660155 8.129512 1.4296377 18488 a
 0.96377295 1.0685683 -0.5669289 18686 g
 -6.954707 0.84455466 5.1137156 18691 a
 -0.28018957 0.31675798 -0.021247232 18886 g
 -11.354651 5.1768627 5.6153007 18894 a
 -0.015471368 0.2821369 0.06716972 19087 g
 -9.874436 2.457648 0.6120178 19091 a
 -0.825605 0.24218947 0.42110384 19284 g
 -9.523685 0.6835446 3.1462803 19288 a
 1.7960107 0.2328684 -0.0068661617 19484 g
 -13.998448 1.685518 5.064036 19489 a
 -0.63359106 -0.4038934 -0.4718541 19684 g
 -6.2693667 2.9041667 3.1863832 19688 a
 0.4963882 -0.99724567 -0.01112722 19883 g
 -8.9897785 2.255338 5.6356516 19888 a
 -0.0474293 -0.19190578 0.010178069 20086 g
 -8.683919 3.3123782 3.6586394 20092 a
 -0.923343 0.55457824 0.5449408 20283 g
 -7.616704 1.5616181 0.3199252 20288 a
 -0.8503724 0.8049154 0.5926114 20486 g
 -10.121038 1.0366893 2.6824038 20490 a
 2.0157216 0.38253805 -0.28330228 20684 g
 -7.3413706 4.4155064 3.2091281 20690 a
 -1.1704843 -0.8989751 0.22110042 20883 g
 -7.2497926 2.2110453 4.029741 20887 a
 -0.505493 0.18919256 0.059180234 21091 g
 -8.839542 0.34476504 6.244976 21094 a
 1.0332814 -0.20442265 -0.7741229 21283 g
 -8.777293 3.2650926 4.3547535 21287 a
 -2.2732992 1.305856 0.84481275 21484 g
 -8.732402 0.56802434 2.829647 21488 a
 0.61489886 -0.020131899 0.41338065 21686 g
 -10.022877 1.471237 2.0970213 21691 a
 1.3432734 0.42275178 -0.45560881 21886 g
 -7.306056 3.6433764 1.9485809 21890 a
 -1.6668975 -0.18684578 0.34067637 22089 g
 -6.752397 2.332551 3.0594904 22093 a
 -0.87007976 0.50477713 0.022162294 22286 g
 -10.363452 -0.46208093 6.960842 22290 a
 1.5312926 -0.6089568 -0.99063784 22486 g
 -7.375488 1.8004397 0.75148004 22493 a
 -3.3207207 0.5401972 1.0064666 22686 g
 -8.714445 0.5746084 2.596811 22693 a
 -0.39843392 -0.48219034 0.7241716 22888 g
 -9.758916 0.45190558 3.482067 22892 a
 0.9600445 0.71942794 -0.48969728 23087 g
 -6.981642 6.3242836 -0.067935474 23091 a
 -2.054654 1.3532603 0.39660275 23272 g
 -8.57199 0.50876784 3.3539772 23273 a
 -0.9382567 0.28746322 0.29939735 23490 g
 -10.683676 0.97862995 7.6180506 23496 a
 0.15124251 -1.0779395 -0.42125404 23686 g
 -8.48101 1.2012907 1.4583681 23690 a
 -2.3393457 0.208101 0.9018044 23886 g
 -8.853309 0.83378077 3.0744543 23890 a
 0.24072473 -0.45475978 0.4831555 24091 g
 -10.101885 0.47225627 3.4473512 24095 a
 1.4378157 0.801187 -0.5645321 24285 g
 -8.094946 5.6227827 -1.0316017 24290 a
 -1.7089754 0.7886701 -0.13922527 24488 g
 -8.767716 1.127669 1.7887679 24492 a
 -0.06633774 0.0757419 -0.073445186 24693 g
 -9.6350155 -1.0444705 6.966828 24697 a
 1.4370167 -1.1013753 -0.9970294 24888 g
 -8.586355 1.192911 1.6062101 24892 a
 -1.8911357 -0.016669791 0.6432115 25089 g
 -8.927529 0.56922144 2.8637645 25093 a
 0.89639497 -0.5519652 0.33854583 25286 g
 -10.1204405 2.191293 5.0867805 25290 a
 0.9288855 0.9298177 -0.5152636 25488 g
 -5.767183 5.336077 3.3150716 25492 a
 -1.1140254 -0.25289217 0.30765316 25689 g
 -7.96506 2.5450363 4.3188405 25693 a
 -0.3121475 -0.13491414 0.025091771 25892 g
 -9.604489 -0.42796355 5.6901197 25895 a
 0.46656078 -0.14290363 -0.31392863 26090 g
 -7.462278 0.58298814 1.6331449 26094 a
 -0.37286758 0.6376689 0.24400361 26285 g
 -8.558224 1.3563153 1.2698247 26290 a
 -0.26767272 -0.23318478 0.5862198 26492 g
 -9.628431 1.204882 1.1519103 26496 a
 1.3579208 1.0621767 -0.5650647 26690 g
 -10.495132 1.174356 2.354398 26696 a
 -2.0759592 -0.88885504 0.26317838 26890 g
 -12.350639 2.1906946 3.6311061 26894 a
 1.3238324 -0.47207034 -0.5440258 27091 g
 -7.2324343 1.30484 4.485836 27095 a
 -0.443974 0.28293583 0.101524495 27285 g
 -10.433482 -0.08020575 6.902783 27290 a
 0.18027097 -0.281388 -0.22524537 27490 g
 -6.6225114 1.3395559 0.65391636 27494 a
 -0.72333956 0.36256436 0.40938592 27693 g
 -7.9249573 0.19093758 2.8440123 27697 a
 0.40291125 -0.23797847 0.31910476 27885 g
 -11.102063 2.6042929 3.2881367 27890 a
 -0.45169714 0.8848102 -0.0063335295 28091 g
 -7.1971197 2.106299 1.759439 28095 a
 -1.8772873 -0.74051696 0.3020605 28286 g
 -8.743774 1.8148049 2.170643 28295 a
 0.62981254 -0.34104282 0.06077813 28493 g
 -8.378658 -0.31364042 5.0484734 28497 a
 1.267906 0.2344663 -0.3378971 28691 g
 -12.975526 2.131438 3.0624833 28695 a
 0.4487176 0.19505152 -0.39142662 28893 g
 -12.165089 1.4550761 2.1927896 28897 a
 1.2141101 -0.6917811 -0.6319101 29091 g
 -9.024494 1.7046716 1.7193362 29094 a
 1.488682 0.068018734 -0.35707185 29288 g
 -11.583896 0.47225627 4.4732666 29292 a
 -0.5089551 0.09624824 -0.07903783 29491 g
 -7.11452 1.0217255 2.4615386 29494 a
 -0.37499812 -0.4715377 -0.225778 29699 g
 -8.167969 0.75716627 2.8865094 29702 a
 2.531576 -0.15462153 -0.7317786 29891 g
 -8.722825 -0.089782566 4.467281 29895 a
 1.14327 -0.39776814 -0.3861003 30093 g
 -9.8337345 2.1703439 1.1752537 30097 a
 0.8724265 -0.17699209 -0.19728218 30292 g
 -10.62861 0.41240123 2.3819313 30295 a
 2.2117302 -0.7226738 -0.65135115 30491 g
 -9.211242 1.2814964 1.2009914 30495 a
 0.71396846 -0.26381114 -0.6156648 30694 g
 -9.697265 1.299453 2.205359 30700 a
 2.9643395 0.15723462 -1.0755928 30892 g
 -9.101707 2.719813 1.6588825 30895 a
 2.9504912 0.4363339 -0.78610706 31092 g
 -9.373449 0.50038815 2.5920227 31095 a
 -1.0881927 -1.2624966 0.40272802 31294 g
 -8.610297 2.1152773 1.5248072 31298 a
 -1.1494453 0.35137907 -0.038824096 31492 g
 -8.755745 2.11827 2.3759458 31496 a
 2.859411 -0.0041529336 -0.8617409 31692 g
 -8.080581 1.6627731 3.5401266 31696 a
 -1.3593024 -0.58312416 0.5081892 31892 g
 -9.94686 -0.9576807 4.1907506 31896 a
 0.9909372 0.076008216 -0.15733476 32092 g
 -6.6877537 1.5825673 0.63655835 32096 a
 0.6154315 0.06615452 -0.52698153 32292 g
 -8.578574 2.1242554 0.63416415 32303 a
 -0.3204033 0.059762932 0.485286 32493 g
 -9.415946 0.842759 2.5992053 32497 a
 0.105436146 0.8049154 0.0032538502 32693 g
 -12.364406 0.3417723 3.8836944 32696 a
 -1.6037806 -0.80789495 0.2370794 32892 g
 -11.046398 1.9554642 4.4481273 32896 a
 0.6923968 -0.047029827 -0.6641343 33095 g
 -7.8333793 0.7194576 4.4870334 33099 a
 0.35657224 -0.0747267 -0.091288365 33299 g
 -8.704868 -0.56323594 4.209306 33303 a
 0.76376957 -0.09656462 -0.32111916 33495 g
 -7.1252937 0.83976626 1.2488755 33498 a
 -0.7827281 0.040854488 0.38701537 33696 g
 -9.378238 0.44352585 2.9738977 33700 a
 0.30384165 -0.16474155 0.26291206 33893 g
 -9.63322 0.6781576 2.9319992 33897 a
 0.4436576 0.57961196 0.06077813 34094 g
 -10.793211 -0.6242881 3.270779 34097 a
 -0.13025361 0.9684335 -0.3629308 34298 g
 -8.107515 1.8100165 1.5708956 34302 a
 0.3049069 -0.5884505 -0.5464226 34513 g
 -8.936507 1.5520413 3.1271267 34517 a
 -1.7585102 -0.20921634 0.475166 34694 g
 -9.343522 -0.5386954 3.2977135 34698 a
 1.0697668 0.45337814 -0.0356283 34897 g
 -9.665542 1.2306197 2.1550808 34901 a
 -1.6626365 0.010760768 0.5028629 35093 g
 -9.256732 0.45848963 1.6906056 35097 a
 -0.062076688 -0.44250923 0.16544037 35297 g
 -9.390208 1.0342951 3.4665048 35301 a
 1.3579208 0.21582417 -0.036959883 35493 g
 -10.460417 1.0654198 3.3755252 35497 a
 -0.912424 -0.025191905 -0.0018061559 35693 g
 -9.928306 0.8379706 4.53372 35697 a
 2.3376977 -0.57140625 -1.2777267 35892 g
 -8.653992 1.4568717 3.4485483 35896 a
 -0.3600844 0.35137907 0.02589072 36093 g
 -9.063999 -0.81522566 4.209904 36096 a
 0.81783175 -0.4315903 -0.37704554 36297 g
 -8.78687 -1.4652514 -2.568679 36300 a
 -3.031235 0.86377126 0.9902213 36494 g
 -9.192687 0.51475334 0.43664253 36498 a
 1.0615109 -0.043035086 0.30738685 36697 g
 -9.978583 -0.12509704 0.34685996 36701 a
 -0.33984438 -0.35116282 0.27249944 36894 g
 -9.67871 0.83617496 0.48213238 36898 a
 0.37015435 0.10157456 -0.33416864 37095 g
 -8.908376 0.6015432 1.065719 37099 a
 2.2847009 -0.19297105 -0.524052 37300 g
 -10.673501 0.47465047 3.081637 37312 a
 0.107300356 0.1633599 -0.062526226 37497 g
 -10.407744 -0.45010993 4.9616838 37504 a
 0.40184596 -0.7008359 -0.550151 37697 g
 -8.009353 1.804031 0.72634095 37701 a
 -1.92842 -0.27819222 0.9678508 37899 g
 -9.717616 0.03232172 2.893692 37903 a
 0.5368682 0.082666114 0.37183535 38096 g
 -10.89676 -1.1749545 4.943727 38101 a
 1.6271664 0.15989779 -0.23190327 38299 g
 -9.105897 0.35254622 4.1530423 38303 a
 -1.0280052 -1.1642259 0.47143757 38500 g
 -8.351724 4.0318356 3.713706 38503 a
 -0.22852425 0.77295744 -0.3943561 38697 g
 -9.478195 0.9564836 4.4948144 38701 a
 1.3877482 -0.09230357 -0.6476227 38898 g
 -10.058789 0.6147113 4.1057568 38901 a
 0.10756668 -0.009212939 -0.022312496 39098 g
 -7.372495 0.8535329 1.6870143 39102 a
 0.057765562 0.043783966 0.15505403 39300 g
 -7.7340198 0.6302736 1.6331449 39304 a
 0.5728209 0.04671344 0.15159193 39498 g
 -9.528474 0.30705637 2.454356 39501 a
 1.896412 0.29944742 -0.3120644 39700 g
 -8.692898 1.4065934 1.2392987 39705 a
 -0.47752982 -0.6044294 -0.40314454 39896 g
 -8.685117 0.8475474 1.8977041 39900 a
 1.2719007 -0.1077499 -0.42658034 40100 g
 -9.153183 0.08259996 3.3372178 40103 a
 0.3725512 0.24591789 -0.10247365 40303 g
 -11.641955 2.9059622 4.525939 40308 a
 0.18160255 0.03659343 -0.10886523 40498 g
 -8.950872 0.6003461 2.3220763 40502 a
 -0.3481002 -0.6960422 0.10605187 40698 g
 -8.366688 0.8810662 2.0251954 40702 a
 0.6268831 0.0757419 0.165973 40895 g
 -10.064177 0.57999533 2.647688 40899 a
 1.8263708 0.7998554 -0.39808452 41098 g
 -8.133851 1.6777369 1.5242087 41102 a
 -1.8669009 -0.3905776 0.14599928 41294 g
 -10.893767 0.3812766 3.6682162 41298 a
 2.7190623 0.34046012 -0.98877364 41496 g
 -9.206453 1.3281834 4.6390653 41500 a
 -0.5664794 0.23499893 0.03254862 41695 g
 -10.662727 -1.0965444 4.933552 41699 a
 -0.5595552 -0.1309194 -0.14774738 41895 g
 -6.9966054 0.35194764 2.3508067 41899 a
 -1.6365376 -0.06753617 0.71857893 42101 g
 -9.131037 -0.38367084 2.209549 42105 a
 -0.7587596 -0.04063824 1.0176519 42295 g
 -9.717017 -0.78769237 3.054702 42298 a
 0.95871294 -0.14343625 0.18674564 42496 g
 -13.27959 -0.6997054 3.681983 42502 a
 0.64632416 -0.05768247 -0.6343069 42696 g
 -10.860249 6.208165 4.0668507 42700 a
 -0.44024557 0.49172765 -0.2918244 42896 g
 -7.408408 1.0139444 3.4850597 42899 a
 0.30410796 -0.7048306 -0.25933382 43096 g
 -9.416545 -0.9708488 4.4451346 43102 a
 0.8090433 -0.067269854 -0.22018537 43296 g
 -7.242011 1.2934675 2.1006126 43299 a
 -0.7787333 -0.16127944 0.23920992 43496 g
 -8.463653 1.1827357 1.5696985 43500 a
 -0.15688522 -0.041703504 0.32443106 43695 g
 -8.672546 0.20410569 2.4513633 43699 a
 0.6401989 0.3668254 0.2139099 43897 g
 -12.32131 -0.14784196 4.202123 43900 a
 -1.0466473 -0.8875235 -0.33896235 44096 g
 -9.239374 0.50158525 5.044284 44102 a
 1.8583288 -0.093102515 -0.7165986 44296 g
 -8.281693 0.96785605 4.138677 44299 a
 -0.1630105 0.32581273 0.04080442 44498 g
 -11.899931 -0.44232875 6.810606 44502 a
 0.043384492 -0.21001528 -0.17757478 44697 g
 -8.904784 1.4425066 2.6812067 44700 a
 -0.5787299 -0.32746068 0.2386773 44897 g
 -9.456049 0.9271546 1.2416929 44900 a
 0.010627611 0.26642424 0.23228571 45098 g
 -10.465205 -0.7577648 2.9026704 45102 a
 0.9928014 0.23233578 -0.1267084 45296 g
 -6.492626 0.8511387 2.2676082 45300 a
 0.3432564 -0.4070892 -0.6806459 45498 g
 -8.386439 -0.207697 2.2885575 45501 a
 1.8910856 0.14338619 -0.47611514 45698 g
 -9.029283 -0.65541273 4.0674496 45702 a
 0.073478214 0.2658916 -0.018317755 45898 g
 -11.358841 2.9987376 3.5137904 45902 a
 -0.23678005 0.022744993 0.085811846 46098 g
 -13.01084 1.2132617 2.9379847 46102 a
 -0.9925852 -0.021729797 0.28474998 46298 g
 -10.265289 0.93014735 2.8021138 46301 a
 1.0348793 0.37614647 -0.06385781 46499 g
 -11.555165 -1.6897079 3.3234513 46502 a
 -1.7838104 0.4858687 0.62377036 46698 g
 -8.308628 3.6391866 3.8854902 46702 a
 1.0436678 -0.2595501 -0.6324427 46899 g
 -8.038083 0.6607997 3.3479917 46903 a
 0.5389988 -0.08031934 -0.109397866 47098 g
 -7.8896427 2.3181858 6.850709 47102 a
 0.26922056 -0.43292186 -0.11898524 47298 g
 -6.8302083 0.54527944 1.4320319 47309 a
 -1.5358701 -0.33331963 1.7902349 47502 g
 -8.434323 2.8724434 4.3924623 47506 a
 0.6734884 0.029935528 0.14040664 47699 g
 -7.702895 2.8119898 5.976227 47702 a
 0.051906608 -0.084047765 0.41497856 47899 g
 -8.624064 3.1944637 6.753145 47903 a
 -0.65809214 -0.03850771 0.3659764 48100 g
 -5.333234 4.281431 6.5933323 48103 a
 0.6497863 -4.245079E-4 -0.5898321 48298 g
 -6.991817 2.5995045 7.8323317 48302 a
 -0.48844877 1.5703079 -0.36026764 48503 g
 -8.7910595 0.42078096 5.7302227 48508 a
 0.75711167 0.0075649754 -0.47504988 48702 g
 -6.636278 2.2571337 2.5938182 48707 a
 -0.407755 0.30477375 -0.70594597 48899 g
 -10.036045 0.6727707 1.7229275 48903 a
 -0.2626127 0.4493834 0.094600275 49099 g
 -8.59713 -0.53570265 3.206734 49103 a
 0.57388616 0.46802554 0.12868874 49300 g
 -13.0581255 -0.12210429 4.6270943 49304 a
 -1.1766096 -0.73545694 -0.01592091 49501 g
 -10.676494 4.1575313 4.063858 49504 a
 0.001572863 -0.039040342 -0.2952865 49697 g
 -8.876653 0.50996494 4.158429 49701 a
 0.83514225 0.036859747 -0.46093512 49901 g
 -9.157971 -0.99898064 5.762544 49905 a
 0.17973834 -0.30082908 -0.16026424 50099 g
 -6.7099 -0.18255788 1.9862896 50103 a
 -0.11001359 -0.20655318 0.27462995 50299 g
 -7.567024 0.2896984 1.8210896 50303 a
 -0.75902593 -0.070199326 0.5515987 50501 g
 -8.767716 -0.03172317 3.0541036 50505 a
 1.9315656 0.558573 -0.39062768 50700 g
 -13.264027 -0.025139118 2.5465329 50704 a
 -1.5686269 -1.8159014 0.1430698 50901 g
 -8.549844 2.195483 2.8092964 50904 a
 -0.8027018 0.1601641 -0.23163696 51102 g
 -8.900595 0.17717093 2.5429416 51106 a
 1.8561982 0.53433824 -0.52272046 51301 g
 -8.564808 -0.6392518 5.393837 51305 a
 -0.93585986 -0.5271978 0.19287091 51502 g
 -11.415105 2.202067 3.1408935 51506 a
 0.024209732 -0.20069422 0.176093 51702 g
 -9.466225 0.6314707 2.3370402 51706 a
 -0.26367798 -0.30988383 0.28288576 51902 g
 -8.8706665 0.86969376 1.9683331 51906 a
 0.0098286625 0.22541155 0.18568039 52102 g
 -9.952847 1.0779893 2.6542718 52106 a
 1.7211759 0.810508 -0.45347828 52302 g
 -9.968409 -0.36391866 3.4826655 52313 a
 -2.0005915 -1.8712952 0.33082268 52502 g
 -11.173889 0.8230068 4.2853217 52506 a
 0.947794 -0.3213354 -0.5118015 52702 g
 -9.251944 0.2669535 3.170821 52706 a
 2.49802 0.7319448 -0.79303133 52902 g
 -9.660753 0.27473465 4.630087 52906 a
 0.13659513 -1.2137607 -0.007398794 53102 g
 -8.331373 0.45549688 1.6014217 53119 a
 0.64952 -0.28724694 -0.13789369 53294 g
 -11.309161 0.7194576 2.6812067 53296 a
 0.5049103 -0.6899169 -0.0769073 53507 g
 -9.297434 0.705691 2.3029227 53511 a
 1.9392889 0.7668322 -0.8454956 53705 g
 -6.3615437 1.2952632 7.324761 53709 a
 1.751536 5.5876865 -1.1059527 53903 g
 -6.992416 1.1264719 1.7402854 53907 a
 -1.5976554 -1.0318668 0.47969335 54103 g
 -8.926332 0.23223756 4.821623 54107 a
 0.8852097 0.086927176 -0.17411268 54302 g
 -9.875034 0.789488 3.409044 54306 a
 0.09904456 2.2861655 -0.09661469 54504 g
 -9.304017 -0.65062433 5.9995704 54508 a
 0.26123106 0.54339296 -0.15493792 54703 g
 -7.9291472 0.60932434 2.0425534 54707 a
 -0.51800984 0.044316597 0.05092443 54903 g
 -11.208605 0.7224504 2.946963 54907 a
 -0.535853 -0.32719436 0.29273945 55103 g
 -9.152584 0.35254622 2.7189152 55107 a
 0.71822953 0.6283478 0.009379121 55304 g
 -10.075549 0.19093758 4.3930607 55309 a
 0.04072133 1.9018714 -0.12191472 55504 g
 -8.202684 1.2276269 1.7504607 55509 a
 -1.6594406 -0.41800815 0.30605528 55704 g
 -8.748563 1.0726024 2.8607717 55708 a
 0.8005212 0.88401127 0.45758912 55904 g
 -9.27409 2.7281928 2.7961283 55908 a
 0.91184133 -0.48405457 -0.14508422 56104 g
 -10.278458 2.961029 5.166388 56108 a
 0.26149738 0.08053559 -0.32298338 56304 g
 -7.175572 1.4335283 2.266411 56308 a
 0.030867634 -0.22546162 0.119367674 56506 g
 -8.124873 1.1869255 3.1803977 56510 a
 0.2913248 1.1529906 -0.18183585 56705 g
 -9.520693 0.18255788 1.5613188 56709 a
 -0.5134825 0.24325474 0.2634447 56905 g
 -14.449157 0.40342298 0.72274965 56909 a
 -0.6277321 -0.5636831 -0.38476872 57106 g
 -6.818836 0.8714894 3.082834 57109 a
 0.72914845 0.8832123 -0.37757817 57304 g
 -8.613889 2.4061728 2.2442648 57317 a
 -0.32945806 -0.7192117 -0.2572033 57506 g
 -9.892991 0.3172317 4.045902 57511 a
 -0.015471368 0.19558415 -0.10886523 57706 g
 -9.372252 1.1881226 2.768595 57709 a
 -1.4298762 -1.4358684 0.91458756 57906 g
 -9.139416 0.61171854 2.3490112 57909 a
 -0.25888428 -0.056084573 0.5017976 58106 g
 -8.868872 0.9223662 3.6143467 58110 a
 0.28200373 0.6914647 -0.098478906 58312 g
 -9.362676 -0.33159694 2.8589761 58316 a
 -0.7947123 -0.31015015 0.3545248 58511 g
 -11.230153 -0.11851298 3.1684268 58514 a
 -0.2503622 0.15031041 -0.32271707 58708 g
 -8.015338 2.629432 2.8452094 58712 a
 0.53100926 -0.102956206 -0.20633693 58907 g
 -8.240992 0.52732295 2.9074588 58911 a
 0.17015097 -0.63638735 0.34174162 59106 g
 -9.254936 1.5568297 6.7740946 59110 a
 0.6633684 1.3916098 -0.48010987 59306 g
 -9.860669 2.9131448 2.2939446 59310 a
 -1.5244185 -0.4702061 0.19899619 59508 g
 -9.403377 -1.0085574 3.4335845 59512 a
 -0.059946157 0.12074932 -0.17650953 59751 g
 -8.339753 1.0307038 7.398981 59753 a
 0.43433654 -0.74690855 0.31431106 59911 g
 -11.037419 2.0087352 4.105158 59915 a
 -0.023194535 0.5713562 -0.22497906 60247 g
