 0.62981254 -2.2760956 0.4354849 8 g
 -5.007024 11.8896055 4.5875897 10 a
 -2.9212465 0.45710656 -0.1908906 118 g
 0.08364742 8.371924 -1.4487913 122 a
 -1.1161559 0.60864043 0.4717039 325 g
 -2.0040965 14.266449 0.32830492 329 a
 -0.49643826 -2.2835524 0.5017976 524 g
 2.4335563 10.278308 3.452738 527 a
 0.35497433 -5.5222225 -1.7424482 724 g
 4.6619596 5.723339 0.7885902 728 a
 1.0953331 3.2694046 1.2501459 926 g
 -16.94212 15.579669 17.86703 929 a
 1.6825601 1.2552559 0.66238624 1123 g
 0.78215575 8.316858 1.1680712 1127 a
 -1.8746241 4.2750144 0.63096094 1323 g
 -3.2820017 12.957419 1.2321161 1327 a
 -0.11507359 -2.400199 0.3265616 1524 g
 -0.2503437 10.780492 1.9198505 1528 a
 1.5637832 -2.0529227 -2.067354 1724 g
 2.577807 1.0803835 -1.5918448 1727 a
 1.1097142 -2.5626519 0.59900296 1929 g
 -11.947216 13.511079 10.583269 1930 a
 -1.7433302 1.4842877 -0.8047492 2124 g
 1.1754034 10.292074 1.16029 2128 a
 -0.7254701 1.6113206 0.5305597 2324 g
 -2.497302 11.756727 3.006818 2328 a
 -0.7883207 -0.11973412 0.92390865 2524 g
 -1.0583868 8.613141 2.5752633 2528 a
 2.1699185 0.12767354 -1.1957012 2725 g
 2.5891795 5.693412 -0.56652796 2729 a
 -0.8285344 0.88534284 -0.25161067 2924 g
 -3.8003464 12.331934 2.1766286 2933 a
 -0.59044784 -0.9477109 -0.29075915 3124 g
 1.330428 10.825981 2.1012113 3128 a
 -1.4477193 4.1210837 0.46824178 3325 g
 -1.808969 8.7292595 1.1309611 3329 a
 -0.28338537 -0.0041529336 0.19074039 3525 g
 1.3675381 6.001665 6.098331 3528 a
 2.2769778 -2.4100525 -0.8798504 3725 g
 -0.21981764 10.593744 2.1622634 3729 a
 -1.1129601 1.9418188 -0.90941143 3928 g
 1.4579192 7.068282 0.5515642 3932 a
 -0.19869685 3.5210733 0.58382297 4125 g
 0.10998364 7.674015 0.9370307 4128 a
 -0.65596163 1.7972093 0.6336241 4324 g
 -2.0322282 9.974843 1.2279263 4328 a
 0.32914168 -1.7125708 0.11697083 4525 g
 4.4279265 11.082161 6.493973 4529 a
 1.9853616 -3.978122 -1.5983713 4725 g
 0.31887773 9.584588 1.622371 4729 a
 -1.402712 0.63154364 -0.65534586 4925 g
 -5.3883004 15.697583 2.7596169 4929 a
 -1.6096395 -1.4340041 -0.6412311 5121 g
 0.5864298 9.350554 -0.4587889 5124 a
 -1.720427 1.2067864 0.3611827 5327 g
 -2.5535657 11.113286 2.2310967 5334 a
 -0.88579243 -2.5085895 0.9673182 5525 g
 -0.32995093 11.89619 0.23193829 5532 a
 1.792815 -3.1080673 -1.8982432 5726 g
 2.2545898 6.4218473 -1.6900071 5730 a
 0.12594248 0.21955259 0.72097576 5925 g
 -2.8863597 10.567408 4.9604864 5929 a
 2.3803084 -2.412716 0.3878143 6125 g
 0.6349124 9.573814 -0.12419921 6129 a
 -3.4275134 2.5255837 0.27622786 6326 g
 0.87792385 6.229713 0.86759883 6330 a
 -1.412832 1.6004016 1.2770438 6527 g
 -2.5014918 11.713632 1.5535376 6529 a
 0.38054067 0.28293583 0.80886006 6726 g
 0.16505028 6.196194 2.817676 6730 a
 2.2439544 -7.0854983 -1.9389895 6927 g
 -0.49155954 10.274716 0.935235 6930 a
 -1.3787435 2.760741 -0.34988132 7127 g
 -1.630601 13.309966 2.0251954 7130 a
 -0.8692808 -0.15888259 -0.094217844 7326 g
 -0.835726 10.046669 0.9729437 7330 a
 -1.8320135 1.7796323 0.7649179 7527 g
 -2.0944777 9.980229 1.7498622 7531 a
 -0.35262755 -2.5360203 0.43415332 7727 g
 -1.4205098 10.973824 1.9569606 7731 a
 1.442343 0.4523129 -1.0569506 7926 g
 2.9740474 3.4506433 -0.9549872 7930 a
 1.0761584 -3.6612058 0.9039349 8127 g
 -4.489278 11.318588 5.1855416 8131 a
 -0.00508504 2.8595443 -0.09554943 8327 g
 2.7094882 10.361506 0.5240309 8330 a
 -1.3798088 5.401798 0.88555914 8527 g
 -1.9101241 7.828441 0.851438 8531 a
 -0.8551661 -1.420422 0.47330177 8728 g
 -2.3823802 15.833454 3.0086138 8732 a
 0.8900034 0.6144994 -1.2233981 8928 g
 4.618864 7.905654 -0.056563016 8932 a
 0.97256136 -5.2601676 2.9713469 9127 g
 -4.049343 12.035053 1.4296377 9131 a
 1.2186375 1.0856125 -0.9719957 9328 g
 1.1508628 9.552266 1.77141 9332 a
 -0.62933 3.9066992 0.3840859 9527 g
 -1.0978911 9.535507 0.9238626 9531 a
 -0.99178624 0.38573384 0.26930365 9728 g
 -1.6096517 11.473015 1.5475521 9732 a
 0.7232895 0.26855475 0.17848985 9928 g
 1.7314568 7.474099 -2.491466 9932 a
 1.1193016 -0.30375856 0.44453964 10128 g
 -0.7237971 9.420585 1.9390041 10133 a
 0.05563503 2.7804482 0.5017976 10332 g
 -0.10788871 9.603143 -0.017058687 10344 a
 -1.0146894 3.7181473 0.3776943 10528 g
 -0.7297826 7.5363483 0.23433249 10533 a
 -0.73053014 2.4643312 0.7577274 10729 g
 -2.1806688 10.092158 0.8173206 10733 a
 -1.308436 -0.26061535 0.37423217 10928 g
 -1.4618098 5.047576 2.4669256 10933 a
 1.6351559 -3.0825007 -0.87186086 11129 g
 -0.20664953 5.680842 4.9832315 11133 a
 -0.052755624 0.24378736 -0.40154663 11329 g
 -3.0814872 13.074137 3.2246904 11333 a
 0.41303125 -0.49523982 -0.06971677 11561 g
 5.0737624 9.942521 6.751948 11565 a
 0.076407686 1.2920076 0.16038035 11730 g
 -0.8602666 9.500791 0.3031658 11734 a
 -0.531592 -0.13651204 0.49487337 11929 g
 -0.2653075 12.7730665 -0.26844987 11933 a
 -0.6413142 -0.7554307 -1.6042302 12129 g
 1.0886136 3.9641995 1.2285248 12134 a
 -0.24956323 -1.7525182 0.037075996 12330 g
 -2.8690019 9.850345 2.0228012 12334 a
 -0.4823235 1.6115869 -0.36372975 12530 g
 0.66364276 7.764396 0.6976105 12535 a
 -0.3832539 6.013526 0.5449408 12729 g
 0.7163152 8.967483 1.4044986 12733 a
 -0.7513028 2.8640716 0.41657645 12930 g
 -2.1136312 10.54586 2.0126257 12934 a
 0.395987 -0.82573813 0.5843556 13130 g
 -0.6795044 11.192294 1.9707273 13134 a
 1.56112 -3.4505496 -3.2458026 13328 g
 -0.40357262 9.710283 4.6917377 13332 a
 -0.15688522 -0.68192744 -1.1451012 13531 g
 3.118298 15.719729 2.0395606 13535 a
 -2.652001 2.6313112 0.8077948 13731 g
 1.4333786 7.145495 2.4938602 13735 a
 -1.3073708 2.0456822 0.86318856 13930 g
 -1.7419313 10.411186 1.3661914 13935 a
 -0.03784192 -1.9839469 0.6767673 14132 g
 -0.604087 7.8847046 2.2011693 14136 a
 1.0692341 -3.059864 -1.766683 14331 g
 3.3852515 4.5663414 -0.20021512 14335 a
 -0.05914721 -0.72720116 -0.31872234 14531 g
 -5.6283193 11.288661 1.8528129 14535 a
 -1.3012456 0.5109024 -0.22018537 14733 g
 0.52058923 8.326435 1.0806828 14736 a
 -1.1129601 4.257437 0.33375213 14930 g
 -1.0003273 9.3104515 1.1806407 14935 a
 -0.5584899 0.42062125 0.46824178 15132 g
 -4.4138603 13.591883 3.0942063 15136 a
 0.8479254 -0.09816252 3.2437302E-4 15332 g
 3.938312 12.319963 2.3262663 15336 a
 1.4782957 -1.9517226 0.4703723 15540 g
 -2.1878514 10.032304 2.6949732 15543 a
 0.4140965 1.3263624 -0.079304144 15743 g
 0.35778353 10.740988 0.9310452 15747 a
 -1.1156232 1.8081281 0.33428478 15946 g
 1.5500959 5.6521115 1.3099276 15950 a
 -0.6330584 2.5285132 0.9249739 16143 g
 -2.0316298 10.796054 0.80834234 16147 a
 -0.3334528 0.44538864 0.43441963 16342 g
 -0.8195652 7.0383544 6.890812 16346 a
 3.4876506 -6.5720406 -0.68464065 16546 g
 -0.28386253 9.752182 2.0874445 16550 a
 -0.88099873 1.4121162 -0.1283063 16745 g
 -2.491915 11.466431 2.293346 16750 a
 -0.13185151 0.59931934 -0.044416733 16945 g
 3.693505 12.782643 1.6062101 16950 a
 0.14857936 -1.2800734 0.31084895 17145 g
 -0.60109425 9.272743 0.78320324 17150 a
 -0.47353506 2.8086777 0.37716165 17344 g
 -0.8333318 10.230424 0.74070615 17349 a
 -0.8695471 1.5154468 0.1728972 17549 g
 2.394052 7.9834657 9.083302 17553 a
 3.6474404 -7.2897625 0.48155758 17747 g
 -0.022296004 7.8128786 0.79158294 17752 a
 -0.8192134 3.2164078 -0.07504308 17944 g
 -3.679439 9.922769 1.6505028 17948 a
 0.38799754 -1.0941848 0.9300339 18144 g
 -1.4151229 12.2319765 1.7773955 18148 a
 0.053504504 3.5522323 -0.23376748 18345 g
 0.07586627 7.0251865 0.13856442 18350 a
 -0.03331455 0.8398028 0.3265616 18543 g
 -1.1780969 9.258378 0.64254385 18547 a
 -0.59044784 0.2925232 0.5262987 18745 g
 -1.0218753 11.053431 1.616984 18750 a
 -0.07832197 0.6256847 -0.2292401 18946 g
 1.0550947 5.28939 1.8947114 18950 a
 0.81463593 -0.76022434 -0.29422125 19147 g
 0.7456442 8.289325 1.9066824 19154 a
 -0.49297616 2.3476846 0.08421395 19345 g
 -3.2424972 10.010756 3.6742017 19350 a
 0.16562359 -0.4086871 -0.022578811 19547 g
 0.2033575 6.9024835 -0.1050456 19551 a
 -0.0772567 4.2438555 0.27968997 19748 g
 0.35838208 7.961319 0.9011177 19752 a
 -0.52093935 1.5332899 0.41338065 19946 g
 -1.5503953 10.330381 0.9639655 19950 a
 0.110229835 -0.57619995 0.026689667 20149 g
 -0.8453028 10.606912 3.825635 20153 a
 1.1579174 -0.41747552 -0.34721816 20346 g
 -0.39100307 4.6710877 2.7721863 20357 a
 -1.7933977 2.5311763 0.47436705 20554 g
 -0.98656076 11.393407 -0.65271926 20558 a
 -0.016536633 4.45025 0.392608 20748 g
 -0.8961796 6.9862804 0.21398178 20752 a
 0.71769685 1.804666 0.8056643 20944 g
 -1.2630911 11.511322 0.9106945 20949 a
 -0.376596 0.6754858 0.19366987 21146 g
 0.7330746 7.0395517 1.5852607 21151 a
 1.1163721 -1.1037722 -0.49156147 21347 g
 0.79292965 7.653664 2.8751369 21351 a
 -0.5758005 0.5665625 -0.094217844 21546 g
 -4.2821794 10.970831 2.9128456 21550 a
 -0.5241351 0.33832958 -0.069450445 21745 g
 -0.5741595 8.910022 3.5838206 21750 a
 -0.20162633 3.3367827 -0.022578811 21948 g
 -1.5910966 10.663176 1.5762825 21952 a
 0.79519486 -3.5666635 0.57663244 22147 g
 0.1273416 12.52766 -0.67306995 22151 a
 -0.9880578 -0.7445117 -0.62179005 22347 g
 1.8224365 8.445546 1.9527707 22351 a
 0.84206647 0.4099686 -0.8473598 22550 g
 -1.012897 11.049241 1.819294 22554 a
 0.802918 -1.2459849 0.31857213 22747 g
 -0.93807817 10.702082 -2.2909517 22751 a
 0.9624414 6.3991513 -0.23163696 22947 g
 0.7360674 6.7121444 -0.17208324 22952 a
 -1.0074989 -2.9871597 0.794479 23148 g
 -1.6156372 10.312426 0.41210195 23152 a
 -0.52093935 1.2195696 -0.08889152 23347 g
 0.9156325 8.273164 2.2598271 23351 a
 0.91397184 -0.6947106 -0.21938641 23547 g
 -0.8937854 8.676587 3.0714614 23552 a
 0.71743053 -3.534173 5.9068913E-4 23749 g
 -0.43110594 16.236877 1.9090766 23753 a
 -1.2397265 2.6318438 -0.45560881 23948 g
 -0.25333646 9.496601 0.69102645 23952 a
 -1.6061774 1.1745621 0.26557523 24148 g
 -2.0908864 10.044274 0.3474585 24152 a
 -0.53425515 0.012891297 0.36810693 24349 g
 0.2662053 8.01878 1.8049288 24353 a
 2.077507 -1.8920678 -0.3368318 24547 g
 0.85458034 8.452729 1.996465 24552 a
 1.9664531 -0.49097878 0.25279203 24747 g
 -0.70763624 10.104729 0.90530753 24752 a
 -0.81575125 2.9863107 -0.7309797 24949 g
 -0.80699563 10.823587 0.19243397 24953 a
 -1.381673 1.4014635 -0.28117174 25145 g
 -0.847697 9.619304 0.81552494 25147 a
 -0.62373734 -1.1756775 0.25598782 25349 g
 -3.179051 15.109807 1.7025766 25362 a
 1.1627111 -2.0880764 -0.9749252 25551 g
 1.194557 10.044873 0.7580641 25554 a
 0.49878505 -3.9371092 -0.5352373 25740 g
 -1.7556981 9.792285 1.0938509 25744 a
 0.55630934 -0.61641365 0.6203083 25945 g
 -0.08574235 9.0554695 -0.5407903 25950 a
 -0.3281265 2.9903054 -0.36399606 26146 g
 1.2825439 6.315904 1.3033435 26151 a
 -1.2828697 2.3114655 0.84960645 26344 g
 -1.891569 10.946889 1.0082582 26348 a
 0.19838047 -1.9748921 -0.21512535 26544 g
 0.045938745 6.8665705 2.0473418 26549 a
 2.1962838 -2.1266923 -0.9791863 26747 g
 1.3280338 9.313444 1.4009073 26751 a
 0.31183112 -0.031317174 -0.62631744 26946 g
 -2.43625 11.514913 2.7548282 26951 a
 -0.8098923 -0.63692 -0.45188037 27144 g
 0.09322423 12.451046 1.777994 27149 a
 -1.5297447 4.949593 0.0019222697 27347 g
 -0.99494046 10.578181 0.8646061 27351 a
 -0.71481746 -0.50349563 0.2818205 27543 g
 -3.20838 13.101071 1.6900071 27547 a
 0.47721344 2.1279738 0.6772999 27744 g
 8.723722 7.699154 3.8477814 27748 a
 0.8439307 -8.324667 -1.3035593 27949 g
 -2.1034558 10.819996 1.5098435 27953 a
 0.15683515 1.14074 0.3726343 28159 g
 0.2805705 9.7084875 -0.31214404 28169 a
 -1.3531772 1.392675 -0.23696327 28345 g
 0.22729953 6.133945 0.48751932 28349 a
 -0.24690007 1.4219698 0.7060621 28547 g
 -1.7562966 11.137228 0.7161656 28551 a
 -0.732128 1.4725698 -0.21033166 28745 g
 0.90426004 7.5722613 2.129343 28749 a
 1.5121179 -1.3138956 -1.2761288 28947 g
 -0.44966102 9.188946 4.5510783 28952 a
 0.6633684 -5.9680357 -0.37118658 29148 g
 -2.7020063 14.880562 2.896685 29153 a
 -0.97793776 0.64885414 -0.41273192 29346 g
 -0.07855974 11.383232 2.0000563 29350 a
 -1.458372 2.0528727 -0.040954623 29546 g
 -1.2074258 9.729437 1.3374609 29550 a
 -0.45356137 -0.87766975 0.36571008 29747 g
 -1.1188403 10.118495 2.8942907 29751 a
 1.0580488 -1.374083 -0.968001 29948 g
 3.2146647 4.458602 1.9186534 29952 a
 0.15896568 -0.8542339 0.15318982 30150 g
 -1.7718589 9.90601 1.8145056 30151 a
 -0.6860553 2.6560786 -0.25081173 30343 g
 0.88630354 8.934562 0.09367314 30347 a
 -0.96728516 4.9735613 0.68235993 30552 g
 -1.1721114 8.127716 1.0256162 30565 a
 -0.7366554 1.6970744 0.76145583 30749 g
 -2.1543326 11.476605 1.1824363 30753 a
 -0.10894832 -0.17166576 -0.25107804 30951 g
 1.4842554 10.34355 3.2001498 30955 a
 1.2870808 -3.5102046 -1.3709372 31147 g
 -1.3199533 9.931747 5.8206034 31151 a
 1.7467424 -7.1102657 -0.37331712 31346 g
 1.675193 13.724761 -0.23253684 31351 a
 -1.6591743 1.6640512 -0.46120143 31550 g
 0.16445173 9.419388 2.121562 31553 a
 -1.3526446 1.5093215 0.6338904 31747 g
 -1.743727 9.742006 1.4942812 31751 a
 -0.356356 -1.3053734 0.6679789 31946 g
 -1.1296142 9.250597 0.7233482 31950 a
 0.24951316 -2.1120448 -1.3379141 32153 g
 2.4054246 3.9959226 0.2463035 32166 a
 -0.41707605 -0.10748358 0.18168564 32347 g
 -3.4268508 10.235811 0.46058455 32351 a
 0.35177854 -0.40415972 -0.390894 32547 g
 -0.3024176 6.4122705 0.49111062 32551 a
 -0.28658116 4.789537 0.53428817 32751 g
 -0.6405986 9.142858 0.5234324 32754 a
 -0.36754125 -0.5074904 0.1230961 32947 g
 -2.3728034 11.851298 0.6251859 32951 a
 0.34219116 0.6235541 0.29726684 33150 g
 0.49724576 9.660604 1.4787189 33154 a
 0.5885336 -1.8033845 -1.6769345 33348 g
 0.36496612 8.379706 1.6457144 33352 a
 -8.2398206E-4 -0.98153305 0.11270977 33549 g
 -1.6473604 12.799402 1.2105682 33553 a
 0.50677454 -2.0175028 -0.81566817 33748 g
 0.36556467 11.566987 2.3124995 33752 a
 -1.1353306 1.1055863 -0.220718 33952 g
 -0.8488941 9.857527 0.65870476 33958 a
 -0.25781903 -1.8816814 -0.0042030006 34151 g
 -1.7365444 14.598645 1.901894 34155 a
 0.69106525 -0.30908486 -0.43883088 34349 g
 4.2746973 11.397597 0.9795278 34353 a
 0.67987996 -3.7365732 0.34413847 34551 g
 -1.7365444 9.266758 1.6331449 34555 a
 -0.12572624 0.9870756 -0.12351262 34749 g
 -1.8580501 13.4608 0.5126584 34753 a
 -1.0495768 2.1897593 -0.046813577 34949 g
 1.4662989 7.6225395 1.5493478 34953 a
 -0.71641535 1.521572 0.8703791 35150 g
 -1.7305589 10.017939 0.50846857 35153 a
 -0.23784532 -0.7756707 0.4354849 35349 g
 -0.97758245 7.8206596 2.5986066 35353 a
 0.74246424 -0.60522836 -0.9320483 35550 g
 1.9852421 6.2805896 0.8245032 35570 a
 0.39172596 -2.2859492 -0.24282223 35749 g
 -3.3244987 11.337742 2.4681227 35753 a
 -1.1715496 0.004635498 -0.5940932 35950 g
 0.70015436 8.97646 0.9442133 35954 a
 -1.2344002 4.461702 0.4607849 36152 g
 -1.3103765 9.446921 1.0172365 36156 a
 -0.64237946 1.2201022 0.57024086 36354 g
 -5.207538 12.510303 1.4990696 36358 a
 -0.11480728 1.4193066 0.61285144 36550 g
 0.3314473 10.133459 3.7597945 36554 a
 1.745677 -3.4817088 -1.0715979 36767 g
 -1.0518028 8.711303 1.3578117 36771 a
 1.0146394 0.87735337 -0.01725249 36953 g
 -2.0609589 14.241909 0.44143093 36957 a
 -1.2895277 2.463266 0.11670451 37153 g
 0.91263974 8.000824 0.5880758 37157 a
 -0.42479923 -0.10854885 0.5995356 37351 g
 -0.7980174 11.139024 1.9838954 37358 a
 -0.3776613 0.32235062 -0.44202667 37550 g
 -0.41314942 6.943185 2.1796215 37554 a
 1.3773619 -2.5594559 -0.71606594 37752 g
 0.09442133 9.212888 3.5532947 37756 a
 0.18852676 -5.6788163 -0.30460757 37950 g
 -2.31235 12.248735 2.7117326 37954 a
 0.09797929 0.93354607 -0.061993595 38156 g
 0.95034844 11.051037 3.5401266 38160 a
 -0.30655488 0.7567122 0.12788978 38350 g
 -1.5450083 11.191696 1.0375872 38353 a
 -0.16593997 -0.58285785 0.32283318 38552 g
 -1.1523592 12.691663 0.6976105 38556 a
 -0.2674064 -1.0675532 -0.9272546 38754 g
 1.4333786 5.5222263 2.2017677 38758 a
 -0.09483357 -0.73865277 0.024026506 38952 g
 -2.9946973 10.684125 2.7835588 38956 a
 0.19651626 1.001723 -0.29288965 39154 g
 1.7805378 6.196194 0.4456208 39158 a
 -0.56115305 5.4782305 1.0365603 39355 g
 -0.18809447 7.965509 0.50966567 39359 a
 -0.8868577 2.6459587 0.7398842 39552 g
 -2.217779 11.027693 1.1465234 39556 a
 0.055368718 -1.550118 0.14706455 39749 g
 1.6823756 11.362283 1.9306244 39753 a
 1.2559217 -0.64704 -1.4066236 39952 g
 -0.8028058 9.19553 3.9986162 39956 a
 0.7129032 -2.3810241 -0.18130322 40155 g
 1.081431 11.885416 0.4743512 40159 a
 -1.861841 3.4353197 0.4125817 40353 g
 0.7899369 6.159084 1.2111667 40357 a
 -0.77926594 0.6794805 0.7348242 40556 g
 -1.9813515 10.280104 0.6724714 40569 a
 0.02154657 -1.473419 0.50019974 40753 g
 -0.41015667 5.325303 1.491887 40757 a
 0.65750945 -2.2441378 -1.0340474 40951 g
 1.6291046 7.207744 3.0439281 40955 a
 -0.3499644 0.7402006 -0.48836568 41158 g
 -4.0822635 11.592126 3.6975453 41163 a
 -0.41308132 0.6778826 -0.22897379 41354 g
 0.29972413 9.518148 0.8574235 41358 a
 -1.0517074 3.622806 0.24746571 41554 g
 -1.5946879 9.605537 0.79278004 41558 a
 -0.3134791 -2.5634508 -0.12084945 41753 g
 -2.280028 14.359823 5.3657055 41757 a
 1.6684453 -3.546956 -0.7898355 41954 g
 -0.3580828 10.581175 2.4244285 41958 a
 -0.92840296 -2.6489382 -1.0316505 42157 g
 0.30989948 9.889849 2.0305824 42160 a
 -0.33904544 0.84353125 -0.44202667 42357 g
 0.96710783 11.954847 0.7604583 42361 a
 0.895596 -3.3195221 -0.813804 42554 g
 -0.04504092 10.851121 1.6564883 42558 a
 0.3794754 -2.8100595 -0.61167 42754 g
 0.64927757 9.996989 1.1153988 42758 a
 0.5001166 0.16628937 -0.04601463 42957 g
 -0.88600427 11.432313 1.7516578 42960 a
 0.1030393 0.06429031 0.43681648 43156 g
 0.6193501 9.955689 -1.4661492 43160 a
 0.62342095 1.1117115 0.20378987 43355 g
 0.9533412 9.757569 1.2931682 43359 a
 -0.14942837 2.476049 -0.32431495 43558 g
 -0.9410709 9.799467 1.6397289 43562 a
 0.44152707 0.75804377 -0.308336 43752 g
 -1.3187562 12.021287 0.28042087 43756 a
 -1.5081731 4.522156 0.2533247 43957 g
 0.4433762 9.907805 1.3063363 43961 a
 -1.2631624 4.105637 0.9177834 44159 g
 -1.6647184 9.900622 1.0435727 44162 a
 -0.068734586 0.44032866 0.96039397 44356 g
 -1.8017864 7.793725 1.3937247 44360 a
 1.4298261 -4.350698 -0.6364374 44556 g
 -0.56039286 8.422203 1.3793595 44560 a
 -0.7518354 -0.5253336 -0.061993595 44759 g
 -0.99134916 10.629657 0.7652467 44762 a
 -0.30975068 -0.28485012 -0.25267592 44958 g
 -1.4558243 11.192294 1.5720927 44961 a
 -0.69484377 -1.4824736 -0.57385314 45159 g
 -0.92969847 9.569026 1.3536218 45162 a
 0.52861243 -1.5288126 -0.6308448 45358 g
 -0.50113636 10.231621 1.3326725 45362 a
 0.06122767 -1.3141619 -0.4241835 45555 g
 -1.3636475 7.9391727 1.6756419 45565 a
 0.1824015 -0.40575764 -0.28916124 45754 g
 0.21652561 10.293272 0.9148843 45758 a
 1.0753595 -4.723807 -1.2233981 45958 g
 0.5325602 9.476251 1.8833389 45962 a
 0.68627155 -2.7858248 -0.16878636 46155 g
 -2.5499744 13.505692 1.8318635 46159 a
 -0.49297616 2.719462 -0.85135454 46356 g
 1.8763059 13.451223 4.7168765 46360 a
 -1.5393322 2.8678 -0.49742043 46557 g
 -0.45205522 9.323022 1.5260043 46561 a
 0.47747976 -2.0297532 0.0354781 46755 g
 -0.89797527 12.826337 1.6271594 46758 a
 -0.11800307 -0.65423054 -0.83324504 46956 g
 -2.1130326 10.35193 1.166874 46960 a
 -0.058081944 -2.8739753 -0.012991432 47157 g
 -0.473603 9.16261 2.4621372 47161 a
 0.1922552 2.0840316 0.3167079 47358 g
 -2.7708395 13.817536 0.5150526 47362 a
 -0.85836184 -0.39803445 0.038673893 47556 g
 1.5901989 9.701305 1.1926117 47560 a
 -0.37952548 -0.025458222 0.40379328 47759 g
 -0.96920276 9.73662 0.74190325 47762 a
 0.026872894 -2.4665117 -0.31552652 47958 g
 -0.105494514 4.947019 1.5762825 47962 a
 0.7296811 -0.88938767 -0.9091451 48157 g
 2.2186768 7.571663 0.53899467 48160 a
 -0.2937717 -0.08351513 0.110579245 48361 g
 -5.8186584 11.02889 4.4146085 48365 a
 2.0892248 -4.4084888 0.4059238 48559 g
 0.40447044 5.889736 0.5928642 48562 a
 -1.417093 4.2358656 0.48954707 48759 g
 -1.060781 8.687361 0.9274539 48762 a
 -0.2887117 -1.3122977 0.06716972 48962 g
 -2.706196 11.602302 4.9036245 48967 a
 0.71024 -0.047562458 0.27569523 49158 g
 2.055871 10.787674 2.246659 49161 a
 1.0284878 -1.5876685 -1.2588181 49360 g
 -0.49155954 9.012972 3.2270846 49364 a
 0.22687629 1.4315572 0.22003517 49561 g
 -1.5246576 15.560515 0.18285716 49565 a
 -0.1731305 -0.45129767 -0.27957386 49758 g
 0.6259341 12.586917 3.9231987 49761 a
 -1.0833989 1.9817662 -0.12084945 49961 g
 -1.3169606 8.835801 0.9932944 49964 a
 0.043917123 -2.1477313 -0.016453542 50205 g
 -2.6295817 12.972981 2.2221184 50209 a
 0.48546922 0.24245578 -0.20367377 50361 g
 0.9180267 10.195109 1.2249334 50366 a
 0.86470336 -2.7421489 -0.27637807 50559 g
 -2.6140194 9.859921 3.1989527 50571 a
 1.973111 -3.5046117 0.056250755 50762 g
 0.50143564 8.367136 1.7001824 50766 a
 -1.144119 4.2635627 0.88582546 50961 g
 -0.4801871 6.4589577 1.1387422 50965 a
 -0.24104111 -1.2100322 0.12575926 51160 g
 -1.7114053 9.952697 0.86520463 51164 a
 0.762438 0.019815516 0.18701196 51363 g
 -0.31738135 6.205771 2.5507226 51367 a
 1.411983 -3.3448222 -1.2516277 51559 g
 -0.89797527 7.632715 -0.086490534 51563 a
 -0.20189264 2.5295784 0.064772874 51760 g
 -2.43206 9.516952 0.9442133 51763 a
 -0.28152117 1.4890815 0.27968997 51965 g
 -0.62802905 6.8025255 -0.21398178 51970 a
 -0.9976452 2.2896278 0.6687778 52163 g
 -0.53106385 7.043741 1.4463971 52168 a
 0.065488726 -0.6382516 0.20059408 52363 g
 -1.8562545 11.097723 0.6251859 52374 a
 0.2966511 -0.18977526 0.2767605 52560 g
 -0.16774376 7.3430166 2.092233 52564 a
 -0.063674584 0.34418854 -1.0793211 52765 g
 -0.84590137 9.122507 3.4736874 52769 a
 -0.22958952 -0.88699085 -0.10993049 52957 g
 -2.1986253 10.984597 1.9820998 52963 a
 -0.61574787 0.65631104 -0.17837374 53167 g
 -0.9757868 6.145916 0.33488896 53171 a
 -0.82693654 2.5958912 0.33827952 53362 g
 -0.6807015 7.890092 1.3141174 53367 a
 -0.08125145 -0.8616908 0.11670451 53558 g
 -1.9268835 10.213066 0.4540005 53562 a
 0.33047324 0.25177684 0.22962254 53765 g
 -0.11088146 5.291186 1.6995839 53769 a
 0.6785484 -0.7096243 -1.1440359 53953 g
 -2.1663036 10.876859 3.1576529 53959 a
 0.66896105 -1.4606358 0.045864426 54163 g
 -2.3638253 11.666347 2.6393082 54169 a
 -0.6213405 1.2712349 -0.2590675 54365 g
 0.3326444 5.725135 -0.5767033 54376 a
 -0.64477634 2.663003 0.51884186 54560 g
 -1.3373113 7.978079 0.19961657 54564 a
 -0.31853908 -0.9378572 0.37423217 54764 g
 -2.7989714 10.502765 2.0916345 54769 a
 0.35390908 -0.23105426 0.26477626 54965 g
 0.16385318 5.345654 1.8468274 54976 a
 0.5294114 0.5849383 -0.4079382 55150 g
 -1.8676269 9.277532 2.455553 55156 a
 0.79945594 -2.4763653 -0.07211361 55351 g
 -2.104653 10.368091 1.9934722 55353 a
 -0.541712 1.9362262 -0.24841487 55558 g
 -0.4436755 6.250662 0.13676877 55567 a
 -0.3616823 1.4797604 0.13880874 55768 g
 -1.6467619 8.085817 0.62219316 55779 a
 -0.14809678 1.3830876 0.887157 55965 g
 -0.027084406 11.712435 1.682226 55969 a
 -0.30975068 1.7812302 0.39953223 56165 g
 0.6241385 7.7009497 1.0764929 56169 a
 0.14058988 1.8036008 0.5326903 56364 g
 -1.3732243 9.640253 2.0299838 56368 a
 0.05217292 0.85018915 -0.033497773 56561 g
 -1.796998 9.60015 1.7618332 56565 a
 -0.28764644 2.3796425 0.22855727 56769 g
 -2.1489456 9.42238 1.2207435 56772 a
 -0.45702347 2.3751152 0.70765996 56961 g
 -3.7428854 9.489418 0.80834234 56967 a
 -0.44663715 2.4092035 0.361449 57164 g
 -1.5336359 8.616134 0.99269587 57169 a
 0.001572863 -2.2726336 -0.35281077 57367 g
 -0.9386767 12.7730665 1.8372505 57371 a
 0.057232928 -3.3703885 -1.1206001 57567 g
 1.5303438 8.486847 3.2929251 57571 a
 0.0633582 -1.1229469 -0.13549684 57766 g
 -1.3002012 14.915278 0.9448118 57770 a
 0.3837365 -1.3117651 -0.49848568 57969 g
 0.38232407 11.688493 2.9990368 57972 a
 -0.019199794 -1.9277542 -2.0899909 58165 g
 -0.9709984 8.932168 3.8807018 58169 a
 0.07667401 -0.9176172 -0.050808318 58364 g
 -3.1778538 11.122264 2.7919385 58368 a
 -0.12545992 -1.0166868 0.014705443 58568 g
 1.0796354 7.445369 -0.6048352 58571 a
 -1.09272 3.287248 0.490346 58767 g
 -1.0308535 8.364143 0.72155255 58771 a
 0.040987648 -2.612453 -0.11578945 58964 g
 -1.6952444 10.86788 1.5313913 58970 a
 0.38480175 -0.5461062 0.25971627 59168 g
 0.22909518 5.1259856 1.9372084 59172 a
 -0.5419783 0.5023803 -0.85827875 59365 g
 -1.7371429 8.9998045 2.780566 59369 a
 -0.17685893 -0.94025403 -0.09102205 59569 g
 -4.424036 10.1699705 3.3216555 59575 a
 0.2567037 0.01475551 0.17076668 59769 g
 -0.40057987 6.5960255 0.23373394 59772 a
 -0.5233362 2.7058797 0.5659798 59966 g
 -0.91114336 7.3747396 0.8538322 59972 a
 -0.04529877 -1.0318668 0.2701026 60304 g
