 0.473485 -0.90909505 -0.1331 8 g
 -0.6142624 10.197504 1.4140754 9 a
 3.3052242 1.0224956 3.7670994 123 g
 0.648679 8.145074 -0.9208698 125 a
 -2.121499 2.5338395 -0.15280738 339 g
 -3.7446811 11.582549 5.298069 342 a
 -0.29030958 1.3679076 -0.24521908 538 g
 -0.33414078 7.325659 1.4505869 541 a
 0.0798698 1.0746936 0.07329499 739 g
 -1.7090111 9.007586 1.4972739 743 a
 -0.58884996 1.1876117 0.75053686 939 g
 -2.2943933 11.568783 2.6824038 942 a
 0.63726944 -1.6848739 -0.7940966 1139 g
 3.7689223 11.219828 -0.27263972 1143 a
 1.8466109 -2.6635857 0.6772999 1338 g
 1.1987469 8.684967 3.6574423 1341 a
 -0.4096192 0.7223574 -0.042818837 1537 g
 1.7290626 13.589489 2.2179286 1541 a
 -1.0461147 -0.4813914 0.48049232 1736 g
 -0.425719 7.8607626 -1.8450317 1740 a
 -0.47033927 2.1077337 1.0607951 1939 g
 -2.0777183 9.367314 3.1624413 1942 a
 0.47561553 -0.9602277 0.15212455 2139 g
 -0.51430446 7.5584946 1.8438346 2142 a
 0.8306149 -0.8515708 -1.5155469 2335 g
 0.9581296 8.304887 1.7893665 2340 a
 -0.23358425 -2.4172432 -0.90621567 2538 g
 -2.2734442 11.39221 4.5558667 2542 a
 -0.68791956 0.60437936 -0.100343116 2736 g
 -0.37783495 10.547057 -0.5527613 2740 a
 -0.3481002 0.5428603 0.45971966 2937 g
 -1.245733 9.530719 2.804508 2942 a
 -0.34676862 0.6280815 0.7033989 3139 g
 -1.9113212 14.494497 5.572205 3142 a
 1.0655057 -1.6752865 -1.2785256 3335 g
 6.1679125 6.4541693 -0.5790975 3339 a
 0.77681905 -2.7778351 -0.08303257 3537 g
 -0.7788637 9.649231 3.2390556 3541 a
 -0.11001359 0.06482294 -0.08969047 3737 g
 1.9086276 9.431957 1.5218145 3741 a
 -0.39230865 0.6754858 0.43681648 3939 g
 -0.025887307 7.143699 0.84724814 3943 a
 -0.56381625 3.1503613 1.5087388 4137 g
 -1.9191023 9.673772 1.8570027 4141 a
 0.535004 -1.8811488 -0.05640096 4340 g
 -0.19168578 8.028955 1.230919 4344 a
 0.5792125 -1.3117651 -1.0915717 4537 g
 0.2638111 8.689755 1.9922751 4541 a
 -0.38884655 0.08160085 -0.03376409 4737 g
 -1.4905401 9.989208 2.4962544 4740 a
 0.8117065 0.6323426 -0.10487049 4940 g
 1.8056769 7.924209 0.16849194 4944 a
 0.09984351 0.2922569 0.36810693 5135 g
 -0.018704701 8.346188 1.0543466 5139 a
 -0.4192066 3.1817865 0.9558666 5341 g
 -1.1565491 9.791088 1.491887 5345 a
 0.03938975 0.40464228 0.444007 5538 g
 -0.16774376 8.576031 2.6853964 5542 a
 0.24711631 0.92475766 -0.18636322 5739 g
 -0.38322192 7.8888946 2.5878327 5742 a
 -1.180338 1.3964034 0.42190278 5941 g
 -2.8486512 9.03871 3.5748425 5944 a
 0.14032355 0.60464567 0.14280349 6126 g
 0.87193835 7.641693 0.9729437 6127 a
 0.43140706 -0.46088505 0.37849325 6338 g
 -0.24435821 6.9623384 2.0623055 6341 a
 0.1709499 -0.22865741 0.083415 6540 g
 -1.2828432 10.3639 1.9186534 6544 a
 0.14857936 -0.4816577 -0.4374993 6736 g
 1.5333365 9.391854 1.4302362 6740 a
 0.6814779 -2.1730313 -0.77225864 6938 g
 2.121113 9.926959 1.5996261 6942 a
 0.62129045 0.22541155 0.081550784 7139 g
 -1.7556981 11.077971 3.2420483 7143 a
 -1.1337327 0.46562868 -0.42311823 7338 g
 0.42541972 8.297106 -0.22834699 7342 a
 -0.34410545 -0.051823515 0.5465387 7540 g
 -0.14320318 9.840768 2.4286184 7543 a
 -0.36700863 1.9716463 1.0256414 7739 g
 -1.054197 12.361862 3.1660326 7743 a
 1.1022574 -1.4079051 -0.7605407 7938 g
 0.7767688 11.258734 0.904709 7942 a
 -0.9976452 1.6720407 -0.057466224 8139 g
 -1.2313678 10.47164 3.266589 8143 a
 1.111312 -0.62147367 -0.3131297 8339 g
 2.3916578 9.808446 1.7253217 8342 a
 -0.89031976 0.78467536 0.78542423 8540 g
 0.1794155 7.7590094 1.4942812 8544 a
 -0.3896455 2.4898975 1.0147225 8737 g
 -1.3881881 11.3323555 2.4627357 8741 a
 0.8801497 -1.9629079 -0.73257756 8939 g
 7.0423946 8.079233 1.5673043 8942 a
 0.99999195 -1.7847425 0.124694 9140 g
 0.24645314 13.596073 3.3342252 9143 a
 -0.587252 1.2107811 -0.41406348 9338 g
 -0.53944355 9.484032 4.861726 9341 a
 -0.3347844 -0.6848569 -0.65481323 9542 g
 -0.710629 9.490017 -0.057161566 9555 a
 -0.92787033 1.5253005 0.46824178 9742 g
 -1.8341081 6.3991027 1.0806828 9755 a
 0.8884055 -1.770095 0.09087185 9938 g
 2.4108114 19.02313 0.041000705 9942 a
 0.02713921 -1.6784823 -0.89263356 10142 g
 -1.0140941 7.1209545 0.27204117 10156 a
 -0.8511713 -0.57833046 -0.41646034 10340 g
 -1.9310733 10.192716 3.8088756 10349 a
 0.6343399 0.09465034 -0.30700442 10542 g
 3.088969 8.904634 1.0968436 10555 a
 -0.83146393 2.104538 0.86984646 10754 g
 0.07586627 6.803723 -0.9597756 10758 a
 0.4087702 -0.14849627 0.7718421 10963 g
 -1.7173908 10.260351 3.2181063 10967 a
 0.64632416 -2.091006 0.60672617 11126 g
 2.0379145 9.074623 4.278139 11127 a
 0.5275472 -0.18844368 -2.838339 11329 g
 1.4806641 8.169016 1.6864158 11330 a
 -0.8775366 3.225995 -0.45507616 11542 g
 -2.6804585 12.059594 3.5443163 11555 a
 -0.4508982 0.9591124 -0.023644077 11746 g
 1.5303438 9.434352 1.4338275 11756 a
 -1.3771456 4.231072 0.6970073 11946 g
 -1.3415011 9.344569 1.9126679 11956 a
 -0.22319794 -1.5945927 0.22003517 12141 g
 -1.345691 10.897209 4.311658 12153 a
 1.5073241 -3.4327066 -1.2236644 12342 g
 11.594371 6.9240313 5.552453 12354 a
 -0.3334528 1.2541907 1.2639943 12554 g
 0.8456021 8.22109 1.7253217 12558 a
 -0.08338197 0.47361815 -0.25640434 12776 g
 -3.4035075 10.875661 5.52073 12778 a
 -0.22692636 0.11728721 -0.15280738 12953 g
 0.15008652 6.261436 0.12240356 12957 a
 -0.4442403 2.1564696 0.36224797 13143 g
 -0.30541036 7.8493905 1.9168577 13156 a
 -0.22293161 0.9572482 0.73189473 13342 g
 -0.7034464 9.6845455 3.4521396 13355 a
 1.0878763 -1.9083132 -0.48090884 13542 g
 0.77257895 8.4347725 1.5631144 13557 a
 -0.8048323 1.21158 -0.29741704 13754 g
 -0.070180036 9.225458 2.371756 13758 a
 -0.07086512 -1.9408036 -0.5133994 13954 g
 -2.040608 10.271724 2.7895443 13957 a
 0.12754038 0.8978597 -0.026573554 14154 g
 1.4034511 9.428965 1.6965911 14158 a
 -0.28684747 0.8350091 0.44001228 14354 g
 0.2045546 8.289325 1.522413 14358 a
 -0.30069593 1.7175807 1.2370964 14543 g
 -1.6216227 8.986037 3.001431 14557 a
 0.48067555 -1.5152305 0.13561295 14744 g
 2.9225721 9.710882 1.9862896 14756 a
 0.6995874 0.41849074 -0.6409648 14957 g
 0.13332711 8.277952 1.8917186 14960 a
 -0.9236093 1.6688448 0.034412835 15152 g
 -0.8201637 9.356541 1.8013375 15167 a
 0.26123106 -0.4201387 -0.2223159 15342 g
 3.6091094 11.861474 1.0250176 15354 a
 -0.4258645 2.212396 0.7337589 15556 g
 1.6614263 9.421184 -0.117615156 15560 a
 -0.58884996 2.7825787 1.2725164 15743 g
 -1.3654431 7.771579 3.343802 15756 a
 0.45058182 -0.7551643 0.5462724 15955 g
 -0.23657705 14.22934 2.2005706 15959 a
 1.1962669 -1.1157564 -2.1049044 16158 g
 3.26614 6.8330517 0.9142858 16161 a
 -0.24556848 0.37108645 0.011243333 16343 g
 -0.27009588 10.266935 3.0385413 16356 a
 0.48759976 0.0027712854 -0.225778 16553 g
 1.7907132 12.142793 2.170643 16559 a
 -0.61335105 1.589749 0.7555969 16756 g
 0.43679217 7.7811556 0.005087679 16759 a
 -0.902304 3.7032335 1.6464242 16954 g
 -0.9823709 9.008782 2.8464065 16957 a
 -0.1417052 -1.0592973 0.7268347 17153 g
 -0.7615058 7.868544 2.994847 17157 a
 1.6388843 -3.4588056 -2.3352678 17356 g
 3.580379 4.285621 -1.1830349 17359 a
 -0.035711393 -2.3099177 -0.35866973 17556 g
 -4.8687587 11.179127 5.8541226 17562 a
 -0.87886816 1.151659 -0.37704554 17742 g
 1.3435961 8.083424 0.55814826 17749 a
 -0.81814814 2.4757826 0.21044779 17959 g
 -0.06419453 8.400057 0.5324106 17963 a
 -0.7497049 2.223315 1.2024753 18154 g
 -1.5491982 11.559804 3.5413237 18158 a
 0.45217973 -3.1943536 -0.52058995 18354 g
 0.8456021 12.956223 -0.8879495 18358 a
 1.2141101 -1.6555791 -1.3277941 18556 g
 -0.9494506 9.939528 3.5951931 18561 a
 0.1030393 1.347135 -0.14348632 18754 g
 1.6614263 16.85099 2.6279356 18758 a
 -1.0844642 1.2720338 0.61950934 18957 g
 0.15068507 8.76996 0.8813655 18961 a
 -1.0831326 2.8976274 1.2823701 19157 g
 -1.2409446 9.9928 2.6111763 19161 a
 -0.45143083 -0.7032327 0.78409266 19355 g
 -1.2421417 8.962694 3.8118684 19359 a
 1.5763 -1.1389259 -1.2332518 19552 g
 4.5368624 4.1515455 0.69820905 19557 a
 -0.05781563 -1.5605043 0.15824983 19748 g
 -3.5675101 9.722853 1.5469536 19751 a
 1.9446151 0.51835924 0.05731602 19947 g
 1.2981062 6.815694 0.008678981 19951 a
 -0.5289288 4.3328047 1.2589343 20147 g
 0.77377605 8.228871 2.009633 20150 a
 -0.1382431 0.61103725 0.6738378 20349 g
 -1.975366 9.910798 2.672827 20353 a
 0.509704 -2.8297668 -0.21379378 20547 g
 0.7163152 10.621277 0.34326866 20551 a
 0.24232262 -0.4630156 -1.4151458 20747 g
 -0.34730887 9.338584 2.9625254 20751 a
 0.8098422 -0.49737036 -0.4606688 20952 g
 -0.34551322 10.784681 4.572027 20956 a
 0.36163223 -2.5040622 -0.38902977 21147 g
 0.33444005 5.6359506 0.37499183 21151 a
 -0.40429288 3.7341263 0.74814 21348 g
 0.35957918 9.304466 1.8354548 21351 a
 -0.16061364 0.80065435 0.7761032 21550 g
 -1.4061446 9.845556 2.3861213 21554 a
 0.48600185 -2.1519923 -0.18556426 21748 g
 -0.058807578 7.539341 0.40132806 21752 a
 0.41622704 -0.8369234 -1.2763951 21950 g
 -0.3024176 8.51857 2.310704 21955 a
 0.46789238 -3.441495 -0.94909257 22150 g
 -0.11148002 10.33098 1.4469956 22155 a
 0.48733345 -0.82600445 -0.5040783 22348 g
 -0.8716391 9.486425 2.446575 22352 a
 -0.014938735 -3.1914241 -0.22471274 22549 g
 -1.1888708 10.07121 1.397316 22552 a
 -0.31241384 -1.1000437 0.15851614 22750 g
 -0.73576814 11.258135 1.8354548 22753 a
 -0.6623532 -0.807096 -0.8252556 22952 g
 3.9395092 9.566033 0.940622 22956 a
 0.45297867 0.06535557 -0.09155469 23148 g
 0.23567922 8.54311 1.3338696 23152 a
 1.1813532 -5.0148907 -1.05988 23347 g
 -0.05581483 9.51336 2.2083519 23351 a
 -0.26873797 0.7111721 0.12602557 23546 g
 -0.27189153 9.391854 1.4033015 23550 a
 -0.97127986 1.2861485 0.36224797 23747 g
 0.2805705 8.665215 1.0567408 23751 a
 -0.51401514 0.5407298 0.39527115 23954 g
 -0.556203 10.497976 2.098817 23958 a
 0.40637335 -1.7653013 -0.2803728 24149 g
 4.761319 9.027337 0.6180033 24153 a
 0.80664647 -1.0704826 0.26877102 24350 g
 1.532738 7.321469 1.5355811 24353 a
 -0.15715154 -1.9064488 -0.51393205 24552 g
 0.23208793 9.060258 1.9593548 24556 a
 -0.023460852 1.2954696 0.06637077 24749 g
 -2.4805427 13.265673 3.3874962 24753 a
 -0.34756756 1.4840214 0.61311775 24952 g
 1.6243162 11.733384 1.575684 24956 a
 -0.43545187 1.1284895 -0.3581371 25152 g
 -1.8538603 9.847352 1.7767969 25156 a
 0.17680886 -1.6736887 0.046130743 25350 g
 -1.357662 11.690289 2.4573488 25358 a
 0.15044357 -1.0435847 -0.18796112 25550 g
 4.4249334 7.7985134 1.1159973 25557 a
 0.07507611 1.2121128 0.118302405 25752 g
 -0.794426 8.7532015 1.8115128 25757 a
 0.47774607 -0.45742294 -0.37571397 25953 g
 -0.7459435 12.006323 3.8914757 25957 a
 -0.7132196 0.7468585 0.030151777 26148 g
 0.29314008 8.981848 0.42227733 26152 a
 -1.0282716 2.1546054 0.40512484 26354 g
 -0.122253925 8.340201 2.073678 26358 a
 -0.57926255 1.7703112 0.70712733 26551 g
 -1.7371429 10.993576 2.5267806 26555 a
 0.5619019 -0.9775383 -0.07397782 26751 g
 1.8637364 8.186374 0.58867437 26755 a
 0.8165001 -0.786057 -0.7155333 26956 g
 -1.5701474 9.1751795 1.5074493 26960 a
 -0.078588285 -0.78632337 -0.65135115 27151 g
 -2.6146178 10.755353 2.411859 27156 a
 0.016486565 -0.36927232 -0.19568428 27351 g
 0.01062427 6.993463 0.42766428 27355 a
 -0.60829103 1.851804 0.34760058 27554 g
 1.0185832 8.351574 1.2644378 27558 a
 -0.57446885 2.5000174 1.0205814 27752 g
 -2.099266 10.572795 2.635717 27756 a
 0.5493851 -2.6223066 -0.38050765 27954 g
 0.35658643 7.826047 -0.045789108 27958 a
 0.52861243 -0.66621476 -1.5930449 28163 g
 -2.0615573 9.161413 1.6600796 28167 a
 -0.19416948 -0.76741487 -0.31765705 28338 g
 -2.3027732 11.977592 4.396652 28338 a
 0.060961355 -0.31521013 -0.11072944 28538 g
 -0.48198274 8.810662 -0.43484688 28539 a
 -1.1092316 3.207353 0.557724 28751 g
 -0.6310218 9.879075 1.8474259 28755 a
 -1.0085641 1.7031996 0.6898168 28955 g
 -1.8173487 12.25532 3.179799 28959 a
 0.46070182 -2.1898093 -0.25986648 29150 g
 -0.040851068 12.1044855 1.1309611 29155 a
 0.7347411 -2.8177826 -1.733926 29354 g
 -2.1333833 10.3639 5.1657896 29358 a
 0.989073 -2.8412185 -0.41699296 29551 g
 1.8679262 10.011953 2.518401 29555 a
 -1.4823405 2.186297 0.7446779 29753 g
 1.6428713 7.5213847 1.8647839 29758 a
 -1.0780727 2.4174595 1.0136572 29955 g
 -1.6647184 10.459669 2.4262242 29959 a
 -0.17499472 -1.6718243 0.2748963 30152 g
 -1.1984476 7.9248075 3.3234513 30156 a
 1.813055 -4.495574 -2.7504547 30352 g
 3.6623805 5.4312468 1.6732477 30364 a
 -0.33425176 1.4105182 -0.25134435 30552 g
 -1.055394 12.513894 2.174833 30559 a
 -0.85356814 -1.0891248 -0.4588046 30753 g
 0.76539636 10.043676 2.5974095 30758 a
 -1.6458585 2.653948 0.7963432 30953 g
 -1.8388965 10.529699 2.0000563 30958 a
 -0.43385398 -2.10805 0.47090495 31155 g
 -1.137994 8.008006 3.7352538 31159 a
 1.4487346 -1.5469221 -1.6758692 31355 g
 6.4288807 8.742428 -0.1702876 31359 a
 0.7448611 0.35111275 0.70925784 31555 g
 -2.4099135 11.258734 3.0756514 31559 a
 1.1270248 -3.1637273 0.19846356 31758 g
 0.08125322 7.6410947 0.7628525 31761 a
 -1.5398648 5.978638 0.9563992 31956 g
 -0.010324995 8.847174 2.2137387 31959 a
 -0.08897461 -1.1519754 -0.11472418 32156 g
 -2.1842601 10.041282 4.640262 32160 a
 0.9893393 -1.5205568 -0.65321535 32357 g
 7.2381206 10.694899 1.877952 32361 a
 -0.4112171 2.9554179 1.0562677 32556 g
 -0.42990884 9.094376 3.4473512 32560 a
 -0.05222299 -0.75330013 -0.31073284 32756 g
 -2.2740426 13.156138 2.5920227 32760 a
 2.412824E-4 0.12501037 -0.4923604 32958 g
 1.4004583 11.714231 3.0122051 32962 a
 -0.5616857 2.350614 -0.03802515 33157 g
 -1.9669863 9.471462 0.9519945 33160 a
 -0.021330323 -0.013740313 0.46264914 33384 g
 -1.49473 14.122199 2.982876 33385 a
 0.23353419 0.49012977 -0.93444514 33557 g
 -0.4281132 10.331579 3.4264019 33561 a
 0.83301175 -1.0521069 -0.46679407 33757 g
 -2.4164977 9.665991 1.9425954 33760 a
 -0.08977356 0.3918591 0.0850129 33957 g
 -1.1906664 11.98298 3.0876224 33961 a
 -0.5515657 -1.822293 -0.4923604 34159 g
 0.5080197 8.831013 2.1604679 34163 a
 -0.49537298 1.3292918 0.9758403 34357 g
 -2.7804163 8.55149 1.409287 34361 a
 -0.46048558 0.81876385 0.36171532 34557 g
 -0.7884405 10.346542 3.5227685 34561 a
 0.72914845 -0.46594507 -0.45614144 34759 g
 -2.3656209 7.511808 1.6786346 34763 a
 1.0066499 -0.15169206 0.5758335 34957 g
 -2.835483 9.857527 1.7337013 34961 a
 0.10756668 2.1034727 0.44746912 35157 g
 -0.0067336923 6.5720835 1.290774 35161 a
 -0.9654209 -1.6518507 0.057049703 35360 g
 -0.33234513 7.0784574 2.1377227 35374 a
 -0.31427804 -0.09043935 0.48954707 35557 g
 -1.4510359 9.815628 1.7247231 35561 a
 -0.63998264 0.0360608 -0.27105173 35757 g
 -0.058807578 7.3867106 3.6364932 35760 a
 1.0604457 -2.0675702 -0.4888983 35960 g
 -0.06539164 6.9437833 3.671209 35964 a
 0.066553995 -0.71574956 -0.098478906 36158 g
 -1.018284 10.784083 2.6267385 36161 a
 -0.7153501 1.6973407 -0.41699296 36358 g
 -0.20425533 11.188105 2.3298576 36361 a
 -0.29270643 -0.21001528 -0.12644209 36560 g
 -2.7247512 9.705495 0.76764095 36564 a
 0.3557733 0.111694574 0.4887481 36757 g
 -2.655918 13.900137 2.6291327 36760 a
 -0.20508844 1.1495284 -0.5983542 36958 g
 -0.39698857 8.480861 2.8972833 36961 a
 0.8617739 0.048577655 0.11563925 37160 g
 -3.1694741 9.400833 3.0977976 37164 a
 -0.011476627 -2.1826186 -0.23216958 37358 g
 -0.104895964 12.0889225 3.51798 37361 a
 -0.7465091 -0.7048306 -0.78637344 37557 g
 -0.8746318 8.209119 1.5325884 37561 a
 -0.55236465 0.5380667 0.65492934 37760 g
 -3.5561378 10.05864 0.7137714 37765 a
 -0.036244024 -0.6313274 0.4472028 37975 g
 -1.7778444 10.660183 2.7530327 37979 a
 0.5930609 0.8198291 -0.4902299 38157 g
 -2.1704934 7.176021 1.7450738 38162 a
 0.45271236 -0.723739 0.46983966 38360 g
 -2.1734862 10.187927 1.6840216 38364 a
 -0.23305163 0.4049086 -0.16346003 38557 g
 0.6211457 6.879739 1.9527707 38561 a
 -1.0106946 -2.9059331 -0.3232497 38757 g
 -0.6585551 8.125322 1.2770073 38761 a
 -0.33931175 0.4363339 0.38834694 38960 g
 -3.0054712 10.574591 1.9581577 38964 a
 0.16189516 -1.0449163 0.14573297 39157 g
 1.5441104 8.373122 2.5297735 39161 a
 0.63780206 0.9932009 -0.36372975 39358 g
 -3.3394625 8.395268 1.9210476 39362 a
 0.6894674 1.0632421 0.58062714 39560 g
 -2.7002106 11.739968 1.8025346 39564 a
 -0.2570201 0.2278084 -0.101142064 39757 g
 0.6426935 8.298902 1.9168577 39761 a
 -0.55689204 -0.35462493 -0.33629918 39958 g
 -1.7586908 7.8691425 1.154903 39961 a
 -0.28817907 -0.68911797 0.17795722 40160 g
 -2.75408 11.403583 1.2207435 40163 a
 0.17174886 -2.335484 -0.24122433 40358 g
 2.483236 11.024101 3.8453872 40370 a
 0.21276154 1.2901434 0.20831725 40557 g
 -2.663699 9.510966 1.8180969 40561 a
 0.81277174 -2.504861 -0.09981048 40758 g
 -1.6826749 11.1073 2.2059577 40762 a
 -0.66528267 1.1521916 -0.27557912 40965 g
 -0.11626842 12.7257805 2.4268227 40968 a
 -0.82746917 0.82089436 -0.03376409 41146 g
 -1.2756606 9.293094 1.2841899 41147 a
 0.6204915 -0.7146843 0.23734571 41347 g
 -1.7946038 13.43207 2.355595 41347 a
 0.040987648 -0.5559599 -0.6071427 41563 g
 0.71811086 9.93893 3.8280292 41567 a
 0.89186764 -0.97700566 -0.60581106 41761 g
 -0.9374796 9.062652 1.5607202 41765 a
 0.5214219 -1.3280103 0.031749673 41962 g
 -1.773056 13.631388 3.129521 41966 a
 -0.23464952 -0.16447523 -0.91633564 42161 g
 0.5295675 10.408792 2.3154924 42165 a
 -0.7877881 1.4611183 0.23308465 42361 g
 -2.1675007 9.446921 0.7957728 42365 a
 0.46762604 -0.063275106 0.3928743 42567 g
 -1.1517607 12.91193 2.032378 42570 a
 -0.079653546 -1.0182847 -0.6497533 42762 g
 -0.12823942 8.878897 2.909853 42766 a
 0.71822953 -0.7820623 -0.3333697 42961 g
 -1.7209821 9.353547 1.7552491 42965 a
 0.36669225 -0.81694967 0.29407105 43165 g
 0.5756559 14.089278 2.7320833 43168 a
 -1.0794042 0.2858653 -0.47984356 43362 g
 -0.49275663 9.288305 1.6989853 43366 a
 -1.2181549 0.39292437 0.36224797 43565 g
 -1.4851532 8.744822 1.2811972 43569 a
 -0.5382499 -1.1224142 0.33162162 43765 g
 -2.2596774 10.653599 2.5082254 43769 a
 1.0948005 -2.568777 -1.1168717 43963 g
 3.046472 5.9442043 5.8912325 43967 a
 0.12381195 0.9106429 0.15851614 44162 g
 -1.5881039 9.045893 1.9282302 44166 a
 -0.44557187 1.2121128 0.12815611 44365 g
 -0.8075942 8.417415 1.503858 44369 a
 -0.4935088 -1.7530508 -0.7288491 44566 g
 -0.72678983 6.1519012 1.3111247 44570 a
 -0.288978 0.79106694 0.6024651 44764 g
 -2.0986674 9.615712 1.6187797 44767 a
 -0.30415803 -0.037708763 -0.16718847 44967 g
 -0.38920742 6.1824274 2.182614 44970 a
 0.67295575 -1.3780777 -0.17837374 45164 g
 -0.85428107 7.00723 2.5261822 45168 a
 0.36962172 -1.0654227 0.3246974 45363 g
 -2.5583541 11.059416 2.2388778 45391 a
 -0.50096565 1.1604474 -0.2817044 45569 g
 0.5918167 9.7803135 1.4434043 45573 a
 -0.5233362 0.54978454 -0.120050505 45765 g
 -1.1284171 9.76954 1.4841058 45768 a
 0.04551502 -0.24623427 0.11723714 45984 g
 -3.9775171 10.078991 2.342427 45988 a
 0.5800114 -1.6973908 -0.5107362 46163 g
 1.3400048 9.463082 2.7662008 46169 a
 -0.17339683 2.86274 0.3265616 46364 g
 -1.0063128 7.878121 3.0367455 46368 a
 0.037791852 -1.7546487 -0.060662016 46563 g
 -2.0184617 10.955867 2.6339211 46567 a
 -0.3235991 1.7862903 -0.28223702 46768 g
 -0.11088146 7.374141 0.52043957 46773 a
 -0.8035007 0.32314956 0.07835499 46964 g
 -0.88241297 9.4535055 1.1130046 46967 a
 -0.5651478 0.44751918 0.35239425 47165 g
 -0.92491007 11.218032 2.2071548 47169 a
 0.64845467 0.93514395 0.45465964 47364 g
 -1.1768998 7.3669586 2.0700867 47367 a
 -0.012275575 4.654515 -0.5019478 47566 g
 -2.0370166 8.702325 2.7769747 47569 a
 1.1182363 -4.985063 -0.37571397 47753 g
 -3.796755 9.72824 3.0762498 47755 a
 1.8564645 -2.942685 0.31724054 47968 g
 0.6522703 10.354922 1.1997943 47973 a
 -0.5483699 0.59319407 0.0983287 48167 g
 0.7396587 10.329783 0.90530753 48172 a
 -0.6770006 1.5380837 0.8304317 48368 g
 -1.6497546 9.07582 0.86999303 48375 a
 0.29745007 0.9665693 0.62004197 48569 g
 -2.5577557 14.161104 2.2119431 48573 a
 -0.36407915 1.0696336 -0.6308448 48767 g
 -0.06120178 8.742428 4.073435 48770 a
 0.59865355 0.42514864 0.10099186 48965 g
 -2.3955483 9.382876 2.1502924 48969 a
 -0.048494566 -1.4909958 -0.20420639 49168 g
 -1.7221792 12.602479 2.5920227 49173 a
 -0.016536633 0.57268775 -0.61220264 49369 g
 0.31648353 9.910199 2.490269 49374 a
 -0.32093593 2.039557 0.75533056 49567 g
 -2.8809729 10.046669 1.2674305 49571 a
 -0.24450321 1.2190369 0.09886133 49767 g
 -1.0871172 9.985018 2.4639328 49772 a
 0.5906641 -0.4486345 -0.115256816 49966 g
 -1.9310733 10.094553 3.7771525 49970 a
 0.69079894 -1.9762237 0.43628383 50170 g
 -1.7928082 9.59177 3.183989 50174 a
 0.24898052 1.3836203 0.3662427 50370 g
 -1.9226936 11.697471 2.0132244 50384 a
 -0.4295929 -0.7825949 -0.53177524 50567 g
 -0.21742344 9.85214 0.7730279 50572 a
 -0.97767144 -0.14157204 0.1132424 50768 g
 -1.0697592 6.079477 1.6157869 50772 a
 -0.04423351 -2.4353526 -0.700087 50970 g
 -0.08574235 10.338163 1.8246809 50975 a
 0.9049171 0.99586403 -0.5416289 51170 g
 -0.4676175 6.7187285 0.28820202 51175 a
 0.14911199 -3.828985 0.013373862 51368 g
 0.35119945 7.831434 0.9334394 51373 a
 -0.70309955 1.5956079 -0.2984823 51569 g
 0.39968204 9.040505 3.0954034 51573 a
 0.45990288 -1.6244202 -0.14029053 51768 g
 -1.2247838 10.964846 1.0070611 51773 a
 -1.8740915 2.7719262 0.46344808 51968 g
 -1.477372 9.948506 1.3751696 51973 a
 -1.2194865 3.2212014 0.84481275 52167 g
 -1.570746 9.606734 1.4428058 52172 a
 -0.60189945 -1.9413363 -0.10886523 52372 g
 -1.9197009 10.6637745 2.9242182 52376 a
 1.9078635 -0.31707436 -0.6145995 52569 g
 2.589778 12.089521 1.8983027 52573 a
 0.10490351 -2.9607944 -0.33550024 52769 g
 -2.0136733 9.862315 2.6961703 52774 a
 -0.20562106 -0.16687207 -0.28969386 52969 g
 -1.7203835 10.397419 3.2061353 52974 a
 0.5789462 -2.1226976 -0.19568428 53169 g
 -1.0039186 9.68275 1.0914567 53174 a
 -0.58884996 2.325314 0.6373525 53374 g
 -1.2547113 10.0508585 1.1572973 53378 a
 -0.73479116 1.4360846 0.4107175 53570 g
 -1.3564649 9.741408 1.2889783 53574 a
 0.25377423 -0.85316867 0.13880874 53768 g
 -1.559972 9.773131 1.652897 53772 a
 0.6047788 -2.7024677 -0.6343069 53968 g
 -1.1763012 9.674969 1.5619173 53973 a
 0.24445315 -0.7032327 -0.50727415 54170 g
 -0.9326912 10.78528 2.13473 54174 a
 -0.13238414 -0.04969299 -0.25480646 54373 g
 -1.4444518 9.396045 1.2710218 54377 a
 0.37627962 -2.113643 -0.28250334 54571 g
 -1.1966519 9.61691 1.825878 54575 a
 0.41143334 -2.3589199 -0.57917947 54770 g
 -1.4211084 8.945934 1.2901754 54775 a
 0.0154213 -0.71548325 0.07116446 54970 g
 -0.31498715 9.106346 1.6038159 54975 a
 0.0098286625 -0.7074938 -0.021779863 55170 g
 -1.4235026 10.951677 1.5978304 55175 a
 0.22660998 -0.23238584 0.024559138 55374 g
 -1.4360721 10.850522 1.9617491 55385 a
 -0.053288255 0.6666973 -0.24095802 55571 g
 -0.6286276 9.304466 1.5379753 55576 a
 -0.15954839 0.25550526 0.28901103 55774 g
 -1.4606127 9.953295 1.0465654 55778 a
 -0.24317163 0.5159624 0.17902248 55972 g
 -1.5150808 9.989208 1.1555016 55976 a
 -0.14090626 -0.28911117 -0.35733816 56171 g
 -1.0643723 9.200917 1.5445594 56176 a
 0.22581102 -0.57380307 -0.2952865 56374 g
 -0.6561609 9.697714 2.1119852 56378 a
 0.5627009 -1.3154935 -0.03216619 56572 g
 -1.3816041 9.242816 2.3711574 56576 a
 0.19145624 -2.2997978 -0.31712443 56772 g
 -0.19826983 9.530719 1.5295956 56776 a
 -0.9473114 3.274731 0.55878925 56975 g
 -1.7766473 10.327389 1.8043302 56979 a
 -0.087643035 -0.5586231 0.06930024 57172 g
 -1.7293618 9.838373 2.2580314 57176 a
 0.5640325 -2.2151093 -0.8377724 57372 g
 -1.9735703 9.7479925 2.4866776 57376 a
 0.07800558 -0.8294665 0.20325725 57576 g
 -1.2427403 9.81503 2.1993735 57579 a
 -0.376596 1.0232946 0.037608627 57773 g
 -1.2577041 9.541492 2.2179286 57777 a
 0.015687617 0.004102866 0.12282978 57973 g
 -1.1445781 9.541492 2.210746 57977 a
 0.092386656 -0.7082927 -0.25400752 58176 g
 -1.115249 9.000402 1.8731636 58179 a
 -0.21068108 0.7681638 0.22962254 58373 g
 -1.6407764 9.281721 2.2921488 58377 a
 0.24258894 -0.6339905 -0.31818968 58572 g
 -0.52148706 10.014946 2.3777416 58576 a
 -0.16167891 0.48160765 0.13321611 58776 g
 -2.4697688 9.232041 2.170643 58780 a
 0.06895084 0.06828505 -0.030568296 58974 g
 -0.73696524 9.64983 2.0593128 58978 a
 -0.07699039 0.22514524 0.07436025 59174 g
 -2.5805006 9.929952 1.9282302 59178 a
 0.12514354 -0.36367968 -0.091821 59376 g
 -0.8632594 9.657611 1.9533693 59380 a
 -0.010943994 -0.028121384 -0.17065057 59574 g
 -2.3578398 9.25359 2.0269911 59578 a
 -0.04796193 -0.49683774 -0.11578945 59775 g
 -0.40117842 9.270947 1.7654245 59778 a
 0.013557088 -0.15142573 0.0024549018 59977 g
 -1.9125183 9.7641535 2.0180128 59981 a
 0.14751409 -0.33491755 0.16517404 60315 g
