 0.53340614 -0.26700693 0.35665533 8 g
 -5.755062 1.1558008 7.4124484 11 a
 0.0633582 0.045115545 -0.04122094 112 g
 -6.338649 1.134253 7.1484876 114 a
 -0.00641662 0.10610194 -0.015654594 324 g
 -8.277952 0.5835867 10.925341 330 a
 -0.65995634 0.11409142 -0.10407154 522 g
 -6.3099184 0.98700964 7.373543 526 a
 -0.029852437 -0.034779284 0.013906495 723 g
 -6.658275 1.287482 7.299921 727 a
 -0.051157728 -0.10375515 0.10392134 922 g
 -5.803545 0.76075757 8.360553 925 a
 -0.22026846 -0.26887116 0.0916708 1122 g
 -5.363012 1.0534488 8.461109 1126 a
 0.1957173 -0.056617208 0.14173822 1321 g
 -4.496909 2.4624364 4.923077 1324 a
 0.68733686 0.12287985 0.09140448 1526 g
 -6.9228344 2.8095956 6.7468605 1531 a
 -0.15555364 0.09624824 0.18514775 1722 g
 -5.6640825 3.2615013 7.427412 1726 a
 0.13073617 -0.05501931 -0.07717361 1921 g
 -6.6624646 1.7543513 7.908048 1925 a
 -0.13424835 0.038990278 -0.22844116 2124 g
 -7.4812818 1.9596541 9.690532 2129 a
 -0.57260466 0.6595068 -0.65960693 2323 g
 -6.870162 -1.3269863 2.0739772 2327 a
 -0.12945466 2.55621 -0.54589 2522 g
 -16.005238 -1.2312182 5.221754 2527 a
 0.006899185 0.12580933 -0.2635949 2725 g
 -11.063606 -1.2264298 -0.027533319 2731 a
 0.52062297 0.3633633 0.05092443 2924 g
 -9.738416 0.260968 -0.84455466 2929 a
 0.29585215 0.6368699 -0.015121961 3124 g
 -9.639056 -0.23403321 -2.2481554 3129 a
 0.22154997 0.67228997 -0.230838 3325 g
 -9.671378 -0.5422867 -3.5631707 3331 a
 0.101175085 0.23233578 0.018433869 3522 g
 -9.3733 -0.2100912 -3.578733 3526 a
 0.13206775 -0.147431 0.1364119 3721 g
 -9.771336 0.14724341 -3.1681273 3725 a
 -0.054087203 -0.6747369 0.14999403 3924 g
 -9.566631 0.2208651 -0.8583213 3929 a
 -0.12359571 -1.1522417 0.32230055 4125 g
 -9.139865 1.3299791 2.0697873 4129 a
 -0.13078624 -0.8041665 -0.035361987 4331 g
 -8.941146 0.25019407 2.581548 4335 a
 0.016486565 0.004635498 -0.14961159 4526 g
 -10.371682 -0.7422025 0.4369418 4530 a
 0.4985187 0.24964632 0.59527457 4724 g
 -8.582615 3.0615854 2.5169046 4728 a
 -0.2639443 0.089856654 0.45252913 4923 g
 -8.27496 2.8622682 1.1821371 4927 a
 0.42448285 0.25683686 -0.30620545 5122 g
 -10.539276 1.9303252 -0.033518825 5124 a
 -0.93266404 -0.12745729 -0.2803728 5324 g
 -11.359888 0.25917232 0.24241292 5329 a
 0.48467028 -0.07179722 -0.46279934 5525 g
 -10.499771 -0.9355343 0.207697 5530 a
 -0.5683436 1.1953348 -0.57385314 5728 g
 -7.7081323 -0.0724246 -0.9295488 5732 a
 -0.6274658 0.08133454 -0.021513548 5922 g
 -9.734225 -0.47524905 -1.863886 5929 a
 -0.32786015 -1.0409216 0.12069926 6122 g
 -9.6845455 0.2765303 0.3788824 6126 a
 -0.09989358 -1.1088321 0.2389436 6322 g
 -8.725668 0.48243165 2.11827 6326 a
 5.075985E-4 -0.55569357 0.14227086 6520 g
 -8.725668 0.6799533 3.5571852 6524 a
 0.006632869 -0.0012234562 0.025624404 6721 g
 -8.872911 0.43754035 3.0142999 6725 a
 0.4455218 0.7210258 -0.17384636 6924 g
 -9.427768 -0.17776948 0.19692309 6928 a
 0.12381195 1.1993295 -0.03802515 7123 g
 -10.032902 -0.2681506 -3.1836896 7127 a
 -0.15741785 1.1207663 -0.14828001 7322 g
 -9.3104515 -0.46926352 -3.9133227 7326 a
 -0.03704297 0.78041434 -0.24921381 7523 g
 -8.926781 -1.3694834 -4.302979 7526 a
 0.05590135 0.29784954 -0.11978419 7722 g
 -8.494628 -1.1043255 -4.4394484 7726 a
 0.18746151 0.10956404 0.10818239 7922 g
 -8.268974 -1.1629834 -4.5136685 7926 a
 0.071614 0.069083996 -0.02550829 8123 g
 -8.366538 -1.2575544 -4.970961 8127 a
 0.09744666 0.062958725 -0.031100927 8315 g
 -8.103774 -1.4089876 -5.4521956 8319 a
 0.046313968 0.33300325 -0.06412412 8523 g
 -7.8787193 -1.4808137 -5.5659204 8526 a
 2.412824E-4 0.19132309 -0.102207325 8722 g
 -7.479486 -1.7369933 -5.913678 8726 a
 -0.015205052 0.30530638 -0.055069376 8923 g
 -7.195773 -1.6579847 -6.349423 8927 a
 0.01808446 0.1601641 0.0059170113 9124 g
 -7.1305313 -1.6172832 -6.706159 9128 a
 0.09451719 -0.142371 0.051723383 9324 g
 -7.3723454 -1.6178818 -5.8825536 9328 a
 0.009562346 -0.30748698 0.05119075 9523 g
 -7.386112 -1.6531962 -5.7239375 9527 a
 0.05856451 0.2757453 -0.038824096 9723 g
 -7.504027 -1.893215 -6.509236 9728 a
 -0.031184018 0.24831474 -0.009795639 9924 g
 -7.40766 -1.6699557 -6.4487824 9928 a
 0.10943089 -0.2616806 0.1960667 10124 g
 -7.785944 -1.4502877 -5.465364 10132 a
 0.045248706 -0.37619653 0.05119075 10324 g
 -7.9906483 -1.5358804 -5.1439424 10331 a
 -0.023993483 0.15430515 -0.06439044 10525 g
 -7.575853 -1.7621324 -5.8747725 10529 a
 -0.051956676 0.41236547 -0.09475048 10724 g
 -7.313089 -1.7968484 -6.5230026 10729 a
 0.060428724 0.14738093 -0.061460964 10924 g
 -7.1832037 -1.8920178 -6.7468605 10929 a
 -0.03437981 0.02434289 -0.005268265 11126 g
 -7.8410106 -1.7615339 -6.4242415 11130 a
 -0.1299873 -0.6265337 0.18781091 11325 g
 -8.914211 -1.2749124 -5.331289 11329 a
 -0.1747284 -1.3929914 0.4671765 11524 g
 -9.437943 0.25917232 -2.3026235 11529 a
 -0.32759383 -1.878752 0.36810693 11725 g
 -9.488221 0.4213795 2.285864 11729 a
 -0.098295674 -1.3945893 0.14333612 11925 g
 -8.555679 0.8822633 4.1904516 11929 a
 -0.27353168 -0.8550329 0.026689667 12127 g
 -7.9990277 0.8295909 5.063138 12132 a
 0.15310673 -0.7644854 0.10125818 12334 g
 -6.597821 1.1605892 6.7372837 12338 a
 0.20503837 -0.4813914 0.36863956 12525 g
 -5.856816 0.3854665 7.518392 12529 a
 -0.3864497 -0.18444894 -0.14375263 12725 g
 -7.233482 2.2050598 7.8948803 12730 a
 -0.93559355 -0.7130864 -0.4641309 12926 g
 -2.8862102 -1.3581109 5.4168816 12930 a
 0.6894674 -1.0667542 0.64214617 13126 g
 -10.750565 0.45250413 9.214684 13130 a
 0.55391246 0.8219596 -0.118186295 13325 g
 -6.3967085 -1.3634979 8.5473 13330 a
 0.26096475 0.13433143 0.03947284 13527 g
 -6.1303535 0.36272156 6.9437833 13531 a
 -0.18831052 -0.4454387 0.7284326 13725 g
 -5.856816 0.08678981 8.298303 13729 a
 0.48120818 -0.20895001 0.43282172 13926 g
 -3.8307228 5.0284224 7.6973586 13930 a
 1.2644439 -0.04596456 0.7896853 14128 g
 -4.344279 6.7133417 5.6377463 14131 a
 1.0713646 -0.22919004 0.4818239 14326 g
 -3.4380736 7.2262993 4.754286 14330 a
 -0.6711416 -0.19403632 -0.19168954 14527 g
 -3.7008374 4.9996915 8.733449 14531 a
 -0.11880202 0.35803697 0.04719601 14727 g
 -4.964976 4.5603557 6.787562 14731 a
 0.2734816 -0.025724538 -0.031899877 14927 g
 -3.9600096 5.5288105 8.868123 14931 a
 -0.22026846 -0.19057421 -0.07823888 15131 g
 -3.110068 5.4863133 7.699154 15137 a
 -0.0010902982 -0.13145204 -0.012725117 15330 g
 -3.6643257 5.058948 7.7386584 15334 a
 -0.029319806 -0.17006786 0.018433869 15528 g
 -2.397793 5.2564697 8.910022 15532 a
 0.36402908 0.0062333946 0.0999266 15728 g
 -4.770447 5.005079 8.350976 15731 a
 -1.0708821 -1.2230817 0.32230055 15928 g
 2.4774003 1.6130934 6.2099605 15932 a
 0.04471607 -1.276345 0.701801 16128 g
 0.4333505 6.1345434 10.745177 16132 a
 0.21329416 0.34818327 -0.34056026 16328 g
 1.8285716 3.2662897 9.831191 16332 a
 -0.52946144 0.10050929 0.36065006 16529 g
 -0.14784196 2.5480292 9.5809965 16533 a
 -0.03384718 -0.15542048 0.22616044 16728 g
 1.5711949 2.847903 9.1590185 16732 a
 -0.0887083 -0.15994786 0.026157035 16930 g
 2.1990743 3.2273839 9.009979 16934 a
 -0.005883988 -0.32985753 -0.2521433 17119 g
 3.7163997 3.318962 8.643068 17120 a
 -0.21707267 -0.26567534 -0.3067381 17328 g
 3.4727895 2.991555 8.918402 17332 a
 -0.2756622 0.09038928 -0.20873377 17529 g
 2.6168625 2.0745757 8.925584 17533 a
 -0.50655824 0.10397141 -0.52298677 17729 g
 2.8790276 0.7733272 9.791088 17733 a
 -0.49776983 0.15244094 -0.35440868 17929 g
 0.9959879 0.6799533 9.817424 17933 a
 -0.14623258 -0.16048048 -0.05560201 18130 g
 2.247557 0.019153614 8.908825 18133 a
 -0.04876088 -0.18311736 -0.06572202 18340 g
 2.1547816 1.0462662 9.59177 18344 a
 -0.23305163 -0.4417103 0.09566554 18530 g
 2.7623103 0.28491 9.409213 18533 a
 -0.2706022 -0.8427824 0.29753315 18729 g
 5.6826377 -1.3305776 8.076839 18733 a
 -0.19070737 -1.0052352 0.1313519 18930 g
 6.8288617 -0.83856916 6.619968 18934 a
 0.011959191 -0.17592682 -0.0068661617 19130 g
 6.279991 -0.6655881 7.3669586 19134 a
 0.0700161 -0.116804644 0.0437339 19329 g
 5.8143187 -0.30226797 7.391499 19333 a
 -0.18058735 0.044050284 0.16091299 19531 g
 6.261436 -1.4059949 7.131728 19535 a
 -0.09083883 -0.26034904 -0.020980915 19730 g
 7.341221 -1.1168951 6.1782374 19734 a
 -0.14303678 -0.49017984 -0.05613464 19930 g
 7.9367785 -1.423353 5.749077 19934 a
 -0.13930836 -0.36474493 0.0043191146 20132 g
 8.348581 -1.4975731 5.273828 20150 a
 -0.015471368 -0.22759214 -0.0010072076 20330 g
 8.491036 -1.4885949 4.8775873 20334 a
 -0.056750365 -0.1969658 0.00804754 20531 g
 8.720282 -1.5592239 4.43466 20535 a
 0.061760303 -0.024126641 -0.019915652 20731 g
 8.282143 -1.3066356 4.6459484 20735 a
 0.03938975 -0.10242358 0.01417281 20930 g
 8.403049 -1.1528081 4.5501804 20934 a
 -0.008280833 -0.1293215 -0.014589329 21131 g
 8.77834 -1.751957 4.2401314 21135 a
 0.12993723 -0.016137158 0.05518549 21331 g
 9.248202 -1.5077485 4.9242744 21335 a
 0.1262088 0.33619905 -0.11712103 21531 g
 8.695741 -1.0265139 4.9841294 21535 a
 0.119018264 1.2267601 -0.07877151 21731 g
 6.7085533 -1.0935516 6.83365 21735 a
 0.2801395 1.3415424 -0.25320855 21932 g
 3.7989995 -0.0676362 10.583569 21935 a
 0.32408166 1.1846821 -0.021779863 22135 g
 2.191293 0.34117374 9.794679 22139 a
 -0.010677678 1.0675031 -0.039623044 22378 g
 0.4938041 0.21667525 9.5570545 22380 a
 0.21728891 0.6845405 0.09300238 22533 g
 -0.19812019 0.8050503 9.580399 22537 a
 0.22288154 0.59559095 0.06743603 22732 g
 -1.7274165 0.8822633 9.750386 22736 a
 0.07108137 0.6935953 -0.039623044 22932 g
 -3.697246 1.0660183 8.987833 22936 a
 -0.01467242 0.558573 0.016569655 23136 g
 -3.9252937 1.1647792 9.051279 23140 a
 0.019682359 0.44219285 0.002987534 23332 g
 -4.55856 0.7703344 8.903438 23336 a
 0.1296709 0.22754207 -0.07664098 23533 g
 -4.596867 0.84335756 8.542512 23537 a
 -0.027189277 -0.19297105 -0.06998308 23733 g
 -4.115034 0.7068881 8.835203 23737 a
 0.119284585 -0.47526613 -0.16905268 23933 g
 -3.0184898 0.6781576 9.676167 23936 a
 0.011426559 -0.78951913 -0.25161067 24133 g
 -0.8158242 0.62129533 9.697714 24140 a
 -0.035977706 -0.5748683 0.12203083 24333 g
 0.3309984 1.09834 9.365519 24337 a
 -0.27805904 -0.5610199 0.1942025 24534 g
 0.97862995 0.43035775 9.7863 24538 a
 -0.18697894 -0.54876935 0.19526777 24733 g
 2.0709844 -0.12330139 9.610326 24737 a
 -0.09962726 -0.68246007 0.12096557 24934 g
 3.8953662 -0.15562311 8.94773 24938 a
 -0.07539249 -0.4963051 -0.02950303 25135 g
 4.5938745 -0.3842694 9.179369 25152 a
 -0.02079769 -0.10668463 -0.056667276 25333 g
 4.3873744 -0.2633622 8.784326 25337 a
 -0.038907185 0.0773398 -0.014323013 25535 g
 3.1358056 -0.41180268 9.040505 25539 a
 0.13366565 0.3750812 0.03654336 25734 g
 3.1860838 0.2717419 9.547478 25738 a
 -0.054619834 0.28133795 0.0354781 25934 g
 1.1659763 1.1480197 9.698911 25938 a
 0.11848564 0.007032343 0.22802465 26135 g
 3.4955344 0.24480712 9.180567 26139 a
 0.4766808 0.08612823 0.07595815 26333 g
 3.040636 1.0570401 9.375694 26337 a
 0.09212034 0.42168653 0.0735613 26534 g
 1.2922704 0.3441665 10.152613 26538 a
 -0.0788546 0.26722318 -0.1267084 26735 g
 0.014963761 0.6422446 9.573814 26739 a
 -0.035711393 0.44032866 -0.116322085 26934 g
 0.04129998 0.45370123 9.18715 26938 a
 0.010361294 0.3005127 0.04719601 27135 g
 -0.84575176 1.0348936 9.935937 27139 a
 0.0010402307 0.29172426 0.042668633 27335 g
 -0.5955577 1.1893197 9.544485 27339 a
 0.023410784 0.25923368 -0.120316826 27535 g
 -1.7657237 0.84814596 9.083003 27539 a
 0.048710816 0.4065065 -0.27424753 27734 g
 -3.341707 1.0498575 9.184157 27738 a
 0.12993723 0.21076417 -0.024975657 27934 g
 -2.8048072 0.8762778 9.802461 27938 a
 -0.07406091 -0.045698248 0.12655821 28135 g
 -2.5881321 1.5969325 9.36911 28139 a
 -0.111611485 -0.10482042 0.06131076 28334 g
 -1.9416976 1.6454151 9.583989 28338 a
 -0.093768306 -0.033980336 -0.23776223 28536 g
 -2.8191724 0.75357497 9.64983 28540 a
 0.0037033919 0.032332372 -0.1346979 28735 g
 -2.6593595 1.0283096 9.502586 28739 a
 -0.14383574 -0.056084573 -0.11259366 28935 g
 -1.7256209 1.7381904 8.474875 28939 a
 -0.9236093 0.9415356 -0.4489509 29137 g
 -3.791817 -0.01616086 8.22528 29141 a
 -0.20189264 0.8754892 -0.07584203 29335 g
 -3.650559 -0.2765303 9.464279 29339 a
 0.29851532 -0.44597134 0.10418765 29536 g
 -6.290765 1.2084733 10.173561 29540 a
 0.5957241 -0.07206354 -0.15014423 29736 g
 -4.8069587 1.6310499 8.456321 29740 a
 0.24312158 -0.44783556 0.0751592 29936 g
 -3.7600937 2.2709002 8.485051 29939 a
 -0.076724075 -0.23052162 0.004851747 30137 g
 -3.7367504 1.292869 8.763975 30148 a
 -0.0871104 0.07014926 -0.022845129 30336 g
 -4.232949 1.8351556 8.544308 30340 a
 0.02021499 0.10956404 0.026423352 30537 g
 -4.3047748 1.5508442 8.710705 30540 a
 -0.08844198 0.13166828 0.006183327 30736 g
 -4.537611 1.5071499 8.484452 30740 a
 -0.073794596 0.037392378 0.014705443 30937 g
 -4.4238863 1.578976 8.380304 30941 a
 0.015154985 0.21156311 -0.04654726 31138 g
 -4.9679685 1.5478514 8.166023 31142 a
 -0.012009258 0.33832958 0.0019222697 31337 g
 -5.345654 1.5921441 7.913435 31340 a
 -0.02825454 0.61742884 -0.057199907 31538 g
 -6.923433 0.7823054 6.9677253 31542 a
 -0.08524619 0.5697583 -0.033497773 31737 g
 -7.7709804 1.3928268 6.307524 31741 a
 0.0026381274 0.19238836 -0.07104834 31937 g
 -7.578247 1.2539631 6.257845 31941 a
 -0.03437981 -0.19057421 0.03334757 32138 g
 -7.073669 1.3269863 6.7318964 32142 a
 0.07480979 -0.33545017 0.005650695 32337 g
 -6.4146647 1.5496471 7.1586633 32341 a
 0.0050349724 -0.30988383 -0.027372502 32538 g
 -6.2207346 1.3964181 7.716512 32542 a
 0.0021054952 -0.31015015 -0.12058314 32738 g
 -5.5497594 1.6932992 7.9966335 32742 a
 0.046846602 -0.36581022 -0.043351468 32938 g
 -5.2564697 1.4993688 8.448539 32942 a
 0.030867634 -0.24623427 -0.018051438 33140 g
 -4.3783965 1.2372037 8.484452 33144 a
 -0.021596638 -0.14423521 -0.044416733 33339 g
 -4.4921207 1.3557167 8.539519 33342 a
 -0.1467652 -0.21134686 -0.036693566 33539 g
 -3.7870286 0.90261406 8.837597 33543 a
 -0.23970953 -0.21667318 0.06983288 33738 g
 -3.952827 0.62728083 9.485229 33742 a
 -0.232519 -0.35329336 0.20139304 33939 g
 -2.1745336 -0.2789245 9.83957 33943 a
 0.19332045 -0.48591876 0.41631013 34139 g
 -1.0971429 0.05865794 9.612122 34143 a
 -0.17792419 -0.22546162 -0.13709474 34339 g
 -1.7585411 0.095169514 9.441534 34343 a
 -0.020265058 0.02354394 -0.004735633 34540 g
 -1.9979613 0.37948096 9.7402115 34544 a
 0.07480979 0.16389254 0.06077813 34738 g
 -2.4133554 0.04070143 9.500193 34742 a
 -0.06127774 0.0195492 0.020031765 34939 g
 -1.9961656 0.07182605 9.46009 34943 a
 -0.04396719 0.0049018143 0.0037864824 35145 g
 -2.2026656 0.002992752 9.578603 35157 a
 0.034862377 0.07947032 -2.082592E-4 35339 g
 -1.8273745 0.35553896 9.282919 35343 a
 0.395987 0.54605615 -0.044150416 35539 g
 -5.3408656 0.17896658 9.879075 35543 a
 -0.22213267 0.22461261 -0.054270428 35740 g
 -5.5844755 -0.04129998 8.835203 35744 a
 0.050042395 -0.12958781 -0.31552652 35940 g
 -2.665345 -0.0676362 9.153033 35944 a
 0.37974173 -0.09256988 0.15372245 36141 g
 -2.6443958 0.54767364 9.276933 36144 a
 -0.03331455 -0.06860143 -0.047878843 36341 g
 -3.2267854 0.16460137 9.294291 36344 a
 -0.026656644 0.014489194 0.028287563 36554 g
 -3.714604 0.4818331 9.157822 36558 a
 -0.025058748 -0.011876101 -0.008730374 36754 g
 -3.2243912 0.5943606 9.192537 36758 a
 0.022079203 -0.06567195 -0.008996691 36957 g
 -2.7263973 0.46686932 9.17099 36960 a
 0.024209732 -0.029186647 -0.0039366847 37154 g
 -1.8764555 1.2629414 9.760562 37158 a
 0.77841693 0.7468585 -0.16079687 37356 g
 -5.266645 1.8608932 8.759187 37359 a
 -0.02692296 0.9119745 -0.1645253 37555 g
 -7.5225816 1.3940239 7.1808095 37559 a
 -0.23891059 0.96736825 -0.11445787 37753 g
 -8.284536 0.961272 5.7544637 37757 a
 -0.07406091 0.44512233 0.059446547 37953 g
 -8.792108 1.3682863 5.765238 37957 a
 0.1262088 -0.45422715 0.13321611 38157 g
 -7.6764092 1.2773066 5.976526 38160 a
 0.12088248 -1.048112 0.0586476 38359 g
 -3.4225113 1.6819267 8.000824 38364 a
 -0.15795049 -0.9599614 0.36544377 38554 g
 -3.7582982 -0.05925649 9.523536 38557 a
 0.14458461 -0.1772584 0.43441963 38758 g
 -4.271256 3.080739 10.351331 38761 a
 0.57681566 -0.06993301 0.53162503 38954 g
 0.12389994 4.337695 8.368334 38958 a
 0.9182329 -0.16154575 1.2091331 39156 g
 -0.46926352 6.0884547 7.493851 39159 a
 0.20610364 0.22727576 0.25758573 39359 g
 -2.4372973 6.001665 6.9719152 39363 a
 -0.51614565 0.47175395 -0.60634375 39554 g
 -3.721188 4.0378213 8.143877 39558 a
 -0.36407915 0.55484456 -0.61273533 39758 g
 -5.070919 4.180875 6.281188 39761 a
 0.24738263 0.4512476 -0.26466015 39955 g
 -6.393716 4.172495 6.904279 39959 a
 0.24791527 0.28666425 -0.14854634 40156 g
 -4.23235 5.5659204 5.3043537 40167 a
 0.49399135 0.7324774 -0.6185943 40356 g
 -7.6285253 1.8950106 1.8525136 40361 a
 0.8724265 1.7926818 -0.60554475 40557 g
 -11.741165 3.1316159 0.41180268 40561 a
 0.28919426 0.2573695 0.013906495 40756 g
 -8.632295 1.0941502 0.7230489 40760 a
 -1.0423863 0.584672 0.030151777 40956 g
 -9.277532 1.7220296 -1.1270704 40960 a
 -0.18884316 0.6485878 -0.2904928 41158 g
 -9.463681 1.553837 -3.3542767 41161 a
 -0.019732425 0.3452538 -0.17970532 41357 g
 -9.2787285 1.3317747 -3.5224693 41360 a
 -0.089507245 0.091720864 -0.02817145 41557 g
 -9.102755 1.7723078 -3.7307649 41560 a
 -0.017069265 0.07441032 -0.068385184 41758 g
 -9.215881 1.6328455 -3.549404 41762 a
 -0.18032104 -0.47766298 0.10099186 41955 g
 -9.57561 1.8124107 -1.8555063 41959 a
 -0.33798018 -1.1834006 0.2919405 42157 g
 -8.778939 2.8365304 0.6302736 42161 a
 0.0931856 -0.78152966 0.4469365 42357 g
 -8.804078 3.846285 1.9997569 42361 a
 0.20184258 -0.20815107 0.37476483 42556 g
 -8.636484 3.7672763 2.7389667 42560 a
 -0.03038507 -0.31068277 -0.10194101 42757 g
 -8.839992 3.774459 2.3026235 42761 a
 -0.11001359 -0.14609942 -0.03855778 42958 g
 -8.746018 3.645172 2.4474726 42962 a
 -0.23624742 -0.13651204 0.07143077 43159 g
 -8.507197 3.8043866 3.2477345 43163 a
 0.23593104 0.03259869 0.024292823 43357 g
 -8.285733 3.6128504 2.6839 43361 a
 0.3624312 0.08133454 -0.14721476 43571 g
 -8.639477 3.927688 1.4628572 43575 a
 0.25270894 0.6459247 -0.3000802 43758 g
 -9.012374 2.9352913 0.338181 43763 a
 0.065488726 0.78094697 -0.44202667 43956 g
 -9.519346 1.785476 -1.8166006 43960 a
 -0.13265045 0.92955136 -0.63004583 44160 g
 -9.710882 0.37948096 -3.5087025 44164 a
 -0.30628857 0.65204996 -0.4359014 44358 g
 -9.561843 0.2657564 -3.6948519 44363 a
 -0.005617672 -0.14316994 0.08075184 44558 g
 -9.961675 0.79966336 -3.5781345 44563 a
 -0.2109474 -0.72054327 0.4866176 44763 g
 -9.583989 1.5927427 -1.5478514 44767 a
 0.35204485 -1.5597053 0.690882 44958 g
 -8.500613 3.4153287 2.5635915 44963 a
 -0.07592513 -1.4574399 0.35372585 45159 g
 -7.2490444 3.316568 4.8704047 45170 a
 -0.09669778 -0.89604557 0.30392474 45360 g
 -6.919243 3.851672 5.6551046 45364 a
 -0.15262416 -0.75170225 0.02242861 45557 g
 -4.9679685 4.8464627 6.445191 45561 a
 0.030335002 -0.353826 0.165973 45762 g
 -6.035184 3.9175124 6.7283053 45766 a
 -0.18538104 0.05044187 -0.008996691 45962 g
 -6.2512608 3.8576574 6.64391 45966 a
 0.014622352 0.009429188 -0.016986175 46160 g
 -6.2584434 3.934272 6.441001 46164 a
 -0.003220827 0.031000793 -0.01592091 46359 g
 -6.43741 3.8630445 6.2327056 46363 a
 0.0010402307 0.06935031 -0.0039366847 46561 g
 -6.4020953 3.6858735 6.5655 46566 a
 0.17521097 0.09465034 -0.07317887 46754 g
 -6.2141504 4.1701007 5.8586116 46758 a
 0.18852676 0.46056867 -0.02470934 46947 g
 -6.415862 4.307169 4.7985787 46951 a
 0.1757436 0.7950617 -0.33097285 47153 g
 -9.131485 3.7840357 2.4025815 47157 a
 -0.3305233 1.2853496 -0.45321196 47350 g
 -9.926959 2.8592753 -0.31364042 47354 a
 -0.10308937 1.1540558 -0.30593914 47550 g
 -9.878476 2.4995465 -1.472434 47554 a
 -0.72147536 0.33326957 -0.118186295 47751 g
 -9.693524 1.6424223 3.0430303 47754 a
 0.16375937 -0.7029664 -0.8148692 47952 g
 -10.237008 -0.26276365 0.1400608 47956 a
 0.029003423 0.014489194 -0.75441545 48151 g
 -9.784504 -1.5807717 -0.7020996 48155 a
 0.17228149 0.7370048 -0.3663929 48354 g
 -9.518747 -0.96067345 -1.5622166 48358 a
 0.011160242 0.46296552 0.1049866 48552 g
 -9.484032 -0.39564183 -2.9550436 48555 a
 0.20903312 0.08213349 0.20938252 48752 g
 -9.153631 0.45130703 -2.8508956 48756 a
 0.2700195 -0.18924263 0.06610445 48956 g
 -9.308058 -0.23822308 -2.3355439 48960 a
 -0.029586121 0.26642424 -0.16266109 49150 g
 -9.233239 -0.6452374 -2.971803 49154 a
 0.059629776 0.4626992 -0.02204618 49354 g
 -9.126099 -0.7338228 -4.177882 49358 a
 -0.05035878 0.32607904 -0.050275687 49556 g
 -8.796297 -1.0905589 -4.7255554 49560 a
 0.061760303 0.2128947 -0.039889358 49753 g
 -8.628104 -1.146224 -5.12838 49757 a
 -0.008813465 -0.2201353 0.16650562 49957 g
 -8.896255 -0.55605334 -4.502895 49960 a
 0.09398455 -0.11254359 0.079686575 50155 g
 -8.738237 -0.93852705 -3.716998 50168 a
 0.024209732 0.123678796 -0.12803999 50353 g
 -8.438364 -1.3928268 -5.0014873 50357 a
 -0.0128082065 0.5583067 -0.15227476 50554 g
 -7.8452005 -1.7794905 -5.8999114 50558 a
 0.08413085 0.61396676 -0.15813372 50757 g
 -7.369353 -2.0386627 -6.5523314 50761 a
 -0.04396719 0.27361476 -0.09981048 50956 g
 -7.293337 -1.8722657 -6.50744 50960 a
 -0.11454096 -0.38605022 0.063707605 51156 g
 -8.075643 -1.763928 -5.556942 51160 a
 -0.21494213 -0.8339939 0.27755943 51358 g
 -8.820239 -0.9660604 -3.8019924 51362 a
 -0.11960097 -0.86435395 0.3611827 51554 g
 -9.466075 -0.39564183 -2.4863784 51557 a
 -0.029852437 -0.5050935 0.28128788 51754 g
 -9.288305 0.38845924 -1.2605472 51758 a
 0.09371824 -0.27020273 0.12389505 51967 g
 -9.337985 0.22744916 -1.3575124 51971 a
 -0.011476627 0.24165684 -0.083298884 52157 g
 -9.267955 -0.25677812 -2.445677 52164 a
 0.013557088 0.82355756 -0.3165918 52357 g
 -9.021352 -1.2509704 -4.7267528 52361 a
 -0.02479243 0.9354103 -0.41512877 52544 g
 -8.33242 -1.6454151 -5.6580973 52550 a
 -0.027189277 0.20357363 -0.11179471 52754 g
 -8.652046 -1.3245921 -5.391144 52758 a
 -0.19416948 -0.5610199 0.17689195 52955 g
 -9.293693 -0.98581254 -4.3436804 52959 a
 -0.56115305 -1.3314724 0.20352356 53161 g
 -10.093954 0.25498247 -1.3964181 53165 a
 -0.019998742 -1.3908609 0.20219198 53356 g
 -8.670003 1.3090298 2.4319103 53360 a
 0.2601658 -1.4332051 -0.040155675 53553 g
 -8.66282 0.3681085 4.3502645 53560 a
 -0.20642002 -0.86621815 0.061843395 53759 g
 -8.379706 -0.46986207 5.1876364 53764 a
 0.2255447 -0.76022434 0.24693309 53956 g
 -6.737882 0.98341835 7.271789 53961 a
 -0.07991987 -0.5160125 0.10818239 54160 g
 -5.719748 0.8026561 7.225701 54164 a
 0.17973834 0.16708833 0.042136002 54359 g
 -7.505822 1.4574703 6.099229 54364 a
 -0.21547477 0.83687335 -0.04894411 54559 g
 -8.363545 1.0660183 4.5579615 54564 a
 -0.08497987 1.2507286 -0.19488533 54757 g
 -9.430161 0.34476504 1.9973627 54761 a
 0.006899185 1.439813 -0.23749591 54959 g
 -9.481039 -0.23702596 -2.260725 54963 a
 0.84446335 1.8576629 -0.13895895 55156 g
 -8.59698 -0.55246204 -5.3713913 55169 a
 0.117953 1.0200988 -0.3578708 55362 g
 -7.8206596 -1.9021933 -6.278794 55367 a
 0.3030427 0.7718922 -0.26972017 55563 g
 -6.9228344 -2.0811598 -6.8881183 55569 a
 0.009029713 0.31782323 5.9068913E-4 55760 g
 -6.766014 -2.1523874 -6.9210386 55765 a
 0.029003423 -0.11041306 -0.074244134 55956 g
 -7.03177 -1.9476831 -7.2340803 55960 a
 -0.16460839 -0.21480897 0.11563925 56160 g
 -8.39886 -1.5041572 -6.6067996 56165 a
 -0.6588911 -1.6135012 0.33268687 56360 g
 -9.78989 -0.85891986 -3.2519245 56364 a
 -0.33265385 -1.9248247 0.35878587 56558 g
 -8.975264 1.6633717 2.094328 56562 a
 -0.08018618 -1.0355952 0.024026506 56761 g
 -8.634089 1.062427 3.2411506 56765 a
 0.09611508 -0.5112188 0.04906022 56958 g
 -9.147048 1.1899183 2.9418752 56963 a
 -0.15741785 -0.5407799 -0.0670536 57159 g
 -9.321824 1.1438298 3.0963013 57163 a
 -0.032249283 -0.26194692 0.09193712 57364 g
 -8.166023 0.66858083 4.3400893 57368 a
 0.08945718 -0.31840593 0.020564398 57559 g
 -8.289924 1.174356 4.5555673 57563 a
 -0.047162984 0.038457643 -0.02417671 57759 g
 -8.703522 0.9498995 4.06296 57764 a
 -0.080718815 0.048577655 0.01630334 57960 g
 -8.372523 1.0007763 4.0306387 57964 a
 -0.23358425 0.066953465 -0.022578811 58160 g
 -8.547898 -0.0688333 4.5142674 58165 a
 -0.20855054 0.12314617 -0.080369405 58362 g
 -8.863335 -0.13706805 3.8193502 58366 a
 -0.078588285 0.12074932 -0.04921042 58560 g
 -8.823232 0.22625206 3.845088 58564 a
 0.051906608 0.106634565 0.054919176 58759 g
 -8.801085 0.5081693 4.0892963 58763 a
 0.14964461 0.17694202 0.04906022 58959 g
 -8.379706 0.17896658 3.6541502 58964 a
 0.21968575 0.4776129 -0.06891782 59160 g
 -9.332 0.44951138 2.0428526 59165 a
 0.26096475 0.8909355 0.004585431 59359 g
 -9.775525 0.41000703 -0.10115502 59364 a
 0.3824049 1.2640444 -0.100343116 59560 g
 -9.428965 -0.08559271 -3.8265328 59564 a
 0.7459264 1.5023973 -0.35547394 59760 g
 -8.435969 -1.2198458 -5.873575 59765 a
 0.19811416 0.8363407 -0.30700442 59959 g
 -7.6764092 -2.0961237 -6.5044475 59964 a
 0.21276154 0.4230181 -0.179439 60308 g
