 -0.44835168 -0.86577713 0.63505554 5 g
 10.905589 -2.4067712 -0.11492168 9 a
 -1.6374531 -3.1819284 1.3900617 115 g
 8.665813 -2.7910407 -2.6168625 120 a
 0.22249858 0.26500103 0.109081216 316 g
 7.0341644 -4.895544 -5.3845596 321 a
 -0.6835088 -1.6394254 0.94131905 516 g
 6.921637 -3.70383 -7.5447283 521 a
 -0.45900434 -0.36989656 0.57113963 733 g
 8.470686 -2.493561 -6.9581485 738 a
 -0.29628518 -0.50678307 0.028387433 918 g
 7.3364325 -3.1854854 -4.9135003 924 a
 0.024093086 0.1765841 -0.15004435 1121 g
 7.904457 -3.2716765 -4.9542017 1125 a
 -0.01931644 0.13796826 -0.10130851 1322 g
 8.444349 -2.8670566 -4.4077253 1326 a
 0.017168866 0.20188412 -0.04618108 1520 g
 8.336012 -2.8604724 -4.2161894 1524 a
 -0.09361863 -0.05724145 0.015071628 1719 g
 8.245032 -2.8107927 -4.4645877 1724 a
 0.013440441 0.01519653 0.03744218 1922 g
 8.330027 -2.7611132 -4.5058875 1926 a
 -0.030768033 0.023718646 0.017468473 2122 g
 8.322245 -2.9771898 -4.4861355 2126 a
 -0.03369751 0.03916498 -0.0035705 2320 g
 8.341399 -2.8508956 -4.372411 2324 a
 -0.023577498 -0.02927826 0.018800054 2522 g
 8.262989 -2.9712043 -4.4915223 2526 a
 -0.02277855 -0.07641621 0.031583227 2734 g
 8.3072815 -2.9783869 -4.5962687 2735 a
 -0.008663796 0.031175496 -0.014223144 2921 g
 8.495226 -2.8502972 -4.247314 2925 a
 0.03527836 0.14063142 -0.051773716 3124 g
 8.787917 -2.743755 -3.7972038 3127 a
 0.2259607 0.35634747 -0.1873286 3322 g
 9.119514 -2.5390508 -3.1112652 3340 a
 0.15591955 0.37099484 -0.2515108 3521 g
 9.089587 -1.8980033 -2.284667 3525 a
 0.09759633 0.29616 0.05874747 3723 g
 9.731832 -2.231396 -1.2797008 3727 a
 0.041137315 0.25354946 -0.12607591 3921 g
 9.168595 -1.6903064 -0.59615624 3925 a
 0.08215 0.23490731 -0.201976 4122 g
 9.497798 -1.2904748 -0.40462008 4126 a
 0.041936263 0.0096038915 -0.008896822 4318 g
 9.419388 -1.3275849 -1.002572 4322 a
 0.020897292 -0.16350158 0.07685696 4522 g
 9.967062 -1.5753847 -1.8363527 4526 a
 -0.17511137 -0.30065438 0.15728442 4725 g
 9.433155 -1.8010383 -2.6581624 4728 a
 0.068035245 -0.38773975 0.25129402 4928 g
 8.417415 -3.544017 -4.5447936 4932 a
 -0.06379123 -1.0010657 0.60096705 5126 g
 6.823475 -4.264672 -5.756858 5130 a
 0.13701111 -0.883354 0.35648888 5323 g
 6.8264675 -4.2838254 -6.3859344 5327 a
 -0.36472842 -0.56856835 0.19456868 5524 g
 4.2119994 -3.8367083 -7.161656 5527 a
 -0.16845345 -0.36989656 0.52160484 5725 g
 3.9707835 -5.975329 -8.254609 5729 a
 -0.55807394 -1.749414 0.4827227 5924 g
 0.87208796 -3.934272 -9.1272955 5927 a
 -0.5455571 -0.5949337 0.4017626 6127 g
 0.8655039 -2.7766755 -9.090784 6131 a
 -0.07577545 -0.031142473 -0.06029583 6324 g
 0.93852705 -2.473809 -9.455899 6328 a
 -0.06911755 -0.0058424426 -0.024875788 6524 g
 0.9223662 -2.2307975 -9.580399 6528 a
 -0.06778597 -0.026348783 0.021463213 6724 g
 0.81761986 -2.1212628 -9.520543 6728 a
 -0.081101775 -0.055377237 0.025191639 6924 g
 0.7422025 -1.8130093 -9.719262 6927 a
 -0.015321698 -0.024750886 0.055551674 7125 g
 0.8218097 -2.328361 -9.594165 7129 a
 0.55246425 0.18776937 0.30642146 7329 g
 0.98341835 -3.6739025 -9.008782 7333 a
 0.54340947 0.20534623 0.3847184 7525 g
 0.9840169 -3.9917328 -9.053075 7528 a
 -0.21931984 -0.041262485 -0.042452652 7725 g
 1.0618285 -3.9019501 -8.922591 7729 a
 0.07123104 0.12625034 -0.056034774 7927 g
 1.3688848 -4.1539397 -8.770559 7931 a
 0.15538692 0.111869276 -0.02407684 8126 g
 1.536479 -4.292804 -8.76996 8130 a
 0.0326152 0.047687095 -0.039523173 8326 g
 1.5221137 -4.3077674 -8.688558 8338 a
 -0.022245917 0.01040284 0.005750564 8527 g
 1.5711949 -4.301183 -8.70831 8531 a
 -0.02544171 0.014397581 -0.0019726034 8725 g
 1.5837644 -4.198831 -8.792108 8728 a
 -0.07098176 0.021854432 -0.008896822 8925 g
 1.6621746 -4.1264067 -8.845977 8928 a
 0.02302782 0.015995478 -0.01661999 9127 g
 1.7836803 -4.19943 -8.728661 9131 a
 0.072029985 0.024251277 -0.058697935 9333 g
 1.821389 -4.2185836 -8.734048 9383 a
 -0.0030711573 -0.007972972 -0.025674736 9522 g
 1.8710686 -4.2419267 -8.674791 9529 a
 0.0722963 0.042094458 0.07153064 9727 g
 1.7549498 -4.313753 -8.693945 9731 a
 -0.08935758 -0.064964615 -0.015554725 9926 g
 1.7591397 -4.2479124 -8.764574 9930 a
 0.06084471 0.047687095 0.022528479 10127 g
 1.769315 -4.317344 -8.6299 10131 a
 -0.041686993 -0.028479312 0.0046852995 10329 g
 1.7609353 -4.2437224 -8.689755 10333 a
 -0.008131163 -0.0050434945 -0.011293667 10531 g
 1.7447745 -4.255095 -8.690952 10535 a
 -0.004669054 1.6511598E-5 0.002022138 10726 g
 1.7579426 -4.252701 -8.690353 10730 a
 -0.029969085 -0.008239288 -0.003304184 10929 g
 1.7687165 -4.250905 -8.72088 10934 a
 -0.004402738 -0.004244546 0.0052179317 11128 g
 1.7669208 -4.235343 -8.707711 11132 a
 -0.009462744 -0.0023803334 0.011343202 11328 g
 1.7292122 -4.244321 -8.724471 11331 a
 -0.0070658987 -0.0023803334 0.007881093 11547 g
 1.7489643 -4.24492 -8.6813755 11551 a
 0.005450958 -0.001581385 0.0028210864 11725 g
 1.7753005 -4.2461166 -8.75799 11729 a
 0.0062499065 0.003478621 0.001489506 11928 g
 1.7717092 -4.261679 -8.685565 11931 a
 0.009978332 0.01173442 0.006815828 12130 g
 1.769315 -4.291008 -8.70831 12134 a
 -0.017185912 -0.0050434945 0.006549512 12328 g
 1.7818847 -4.238934 -8.710705 12331 a
 0.0022551648 0.0053428337 0.0070821443 12530 g
 1.785476 -4.257489 -8.674791 12534 a
 1.2463593E-4 0.012799685 0.0025547703 12730 g
 1.79206 -4.256292 -8.684967 12733 a
 0.007315171 0.009870208 1.5792545E-4 12926 g
 1.8231846 -4.26946 -8.711902 12930 a
 -0.007332215 2.828277E-4 0.0033537187 13126 g
 1.816002 -4.277241 -8.695142 13130 a
 6.5726816E-4 -7.8243675E-4 6.9055764E-4 13331 g
 1.8429368 -4.2610803 -8.74542 13335 a
 -0.0060006347 -0.0058424426 0.008680041 13531 g
 1.8261774 -4.267066 -8.659229 13534 a
 -0.00972906 -0.010636133 0.011875834 13729 g
 1.8297687 -4.2904096 -8.664018 13733 a
 -0.007864847 0.001081776 0.0070821443 13930 g
 1.809418 -4.268862 -8.708909 13934 a
 -9.4062847E-4 0.001081776 0.010011622 14130 g
 1.8237832 -4.2874165 -8.681973 14134 a
 -0.0070658987 -0.0045108623 0.0105442535 14328 g
 1.8177977 -4.280833 -8.704121 14332 a
 -0.0054680025 -0.0071740234 0.010277937 14533 g
 1.7914615 -4.285621 -8.676587 14537 a
 9.235843E-4 0.0024133567 0.008147408 14729 g
 1.8201919 -4.286818 -8.67958 14733 a
 -0.007332215 0.0032123048 0.0041526672 14928 g
 1.8327614 -4.280833 -8.672397 14932 a
 -0.0014732607 0.0021470406 0.00601688 15133 g
 1.8537107 -4.2850223 -8.702325 15137 a
 -0.002272209 0.0061417823 0.008147408 15329 g
 1.8561049 -4.2904096 -8.696938 15333 a
 -1.4168017E-4 0.01040284 0.0025547703 15548 g
 1.8794483 -4.267066 -8.711902 15552 a
 -9.4062847E-4 0.00560915 0.0052179317 15734 g
 1.8525136 -4.2838254 -8.6813755 15738 a
 -0.00839748 2.828277E-4 0.005750564 15929 g
 1.8698715 -4.281431 -8.676587 15933 a
 0.002521481 -0.0031792817 0.011076886 16131 g
 1.8555063 -4.2874165 -8.674791 16135 a
 -0.0054680025 0.001081776 0.00734846 16332 g
 1.899799 -4.288614 -8.619724 16336 a
 0.018234132 0.040230244 -1.0839065E-4 16530 g
 1.9087774 -4.3047748 -8.669404 16533 a
 -0.004669054 -0.011701397 0.004418983 16732 g
 1.9213469 -4.301183 -8.614936 16736 a
 -0.006799583 -0.011435081 0.006815828 16933 g
 1.8806454 -4.295198 -8.669404 16937 a
 9.235843E-4 -0.006108759 0.012941099 17131 g
 1.8752584 -4.3077674 -8.668207 17135 a
 -0.0054680025 0.001081776 0.0054842476 17331 g
 1.8872294 -4.305373 -8.6496525 17335 a
 -0.0030711573 0.0029459887 0.005750564 17533 g
 1.8740613 -4.296395 -8.628703 17537 a
 -0.008131163 0.0024133567 0.005750564 17732 g
 1.8950106 -4.2784386 -8.670003 17736 a
 -0.0057343184 0.003478621 0.0076147765 17930 g
 1.8926164 -4.2784386 -8.641871 17934 a
 -0.004669054 0.0018807243 0.010277937 18133 g
 1.8950106 -4.2999864 -8.6334915 18137 a
 -0.0014732607 0.0069407304 0.0076147765 18331 g
 1.9147629 -4.2999864 -8.6299 18334 a
 -0.0028048411 1.6511598E-5 0.006549512 18531 g
 1.9099745 -4.3041763 -8.678383 18537 a
 -0.0014732607 -2.4980452E-4 0.0062831957 18727 g
 1.9021933 -4.2981906 -8.645462 18732 a
 -0.0065332665 -0.004244546 0.010277937 18934 g
 1.9033904 -4.2880154 -8.662222 18938 a
 -0.0065332665 -0.004777178 0.008680041 19132 g
 1.8788497 -4.288614 -8.674192 19136 a
 -0.0017395768 0.001081776 0.0070821443 19335 g
 1.8890251 -4.285621 -8.672996 19339 a
 -0.0065332665 -0.0021140173 0.011076886 19531 g
 1.8668787 -4.3059716 -8.682572 19535 a
 -9.4062847E-4 0.001081776 0.0076147765 19728 g
 1.8926164 -4.283227 -8.645462 19732 a
 -0.007864847 8.1545993E-4 0.0033537187 19935 g
 1.9033904 -4.295198 -8.670003 19939 a
 -0.0054680025 0.003478621 0.0052179317 20133 g
 1.9075803 -4.2862196 -8.638878 20137 a
 -0.0054680025 -0.001581385 0.0105442535 20332 g
 1.8782512 -4.3023806 -8.677185 20336 a
 3.9095205E-4 0.00560915 0.0049516154 20536 g
 1.8980033 -4.2718544 -8.668207 20540 a
 0.002521481 0.00560915 0.010277937 20733 g
 1.8992004 -4.293402 -8.695142 20737 a
 -0.0041364217 -0.001581385 0.008147408 20936 g
 1.8974048 -4.2778397 -8.690353 20939 a
 6.5726816E-4 -0.0013150689 0.008413725 21136 g
 1.8776526 -4.2874165 -8.677185 21140 a
 -0.0057343184 -0.0031792817 0.006815828 21332 g
 1.9033904 -4.2945995 -8.683171 21336 a
 -6.743124E-4 -0.0013150689 0.009478989 21532 g
 1.8950106 -4.2922053 -8.67958 21536 a
 -0.004669054 -0.0031792817 0.00734846 21730 g
 1.8854338 -4.259285 -8.655039 21736 a
 -4.0799627E-4 0.0013480921 0.007881093 21936 g
 1.8974048 -4.2850223 -8.643068 21940 a
 -0.0062669506 0.0026796726 0.0049516154 22135 g
 1.8908207 -4.2700586 -8.693346 22139 a
 -0.0036037895 8.1545993E-4 0.0076147765 22337 g
 1.8842367 -4.26946 -8.696339 22341 a
 -0.0060006347 0.005875466 0.0033537187 22533 g
 1.9123687 -4.2981906 -8.683769 22537 a
 -0.0030711573 0.0040112534 0.006815828 22731 g
 1.9327193 -4.291008 -8.647857 22738 a
 1.2463593E-4 0.0024133567 0.009212673 22938 g
 1.9135658 -4.2898107 -8.667608 22942 a
 -0.0033374734 -0.0023803334 0.009478989 23136 g
 1.9183542 -4.297592 -8.702923 23139 a
 -0.012924854 -0.0071740234 0.007881093 23334 g
 1.8974048 -4.299388 -8.668207 23346 a
 -0.007864847 -0.0029129656 0.007881093 23538 g
 1.9213469 -4.296395 -8.643666 23542 a
 -0.002538525 -0.0010487528 0.011609518 23732 g
 1.9003977 -4.276643 -8.68796 23736 a
 -0.008663796 -0.0050434945 0.007881093 23936 g
 1.9075803 -4.284424 -8.670003 23940 a
 -0.004402738 -0.0010487528 0.0076147765 24135 g
 1.9141643 -4.2820296 -8.688558 24139 a
 -0.010261692 -0.001581385 0.008147408 24334 g
 1.917157 -4.2898107 -8.689157 24337 a
 9.235843E-4 0.0042775692 0.009212673 24534 g
 1.899799 -4.2862196 -8.659827 24538 a
 -0.0060006347 0.0021470406 0.0052179317 24722 g
 1.9452889 -4.2796354 -8.655039 24729 a
 0.0038530615 0.012000737 0.003886351 24921 g
 1.9428947 -4.2922053 -8.661623 24922 a
 -0.002538525 2.828277E-4 0.0070821443 25136 g
 1.9255368 -4.283227 -8.63828 25140 a
 -0.0020058928 -0.0031792817 0.0076147765 25339 g
 1.9375077 -4.2969937 -8.660426 25344 a
 -0.002272209 0.0026796726 0.009212673 25535 g
 1.9369092 -4.2981906 -8.673594 25539 a
 0.0019888487 0.0045438856 0.008147408 25736 g
 1.9183542 -4.3077674 -8.661025 25741 a
 -0.0036037895 -0.0029129656 0.010011622 25938 g
 1.9387048 -4.2874165 -8.6496525 25942 a
 -0.0070658987 0.0021470406 0.005750564 26139 g
 1.9476831 -4.299388 -8.65863 26143 a
 -0.0020058928 0.00560915 0.0070821443 26335 g
 1.9375077 -4.296395 -8.649054 26339 a
 -9.4062847E-4 -0.0013150689 0.00734846 26537 g
 1.9458874 -4.3065705 -8.66701 26540 a
 -6.743124E-4 0.0021470406 0.010277937 26737 g
 1.9482816 -4.3047748 -8.662222 26740 a
 -0.0057343184 -0.0010487528 0.0076147765 26936 g
 1.9680338 -4.313154 -8.628703 26940 a
 -0.0049353703 -0.004244546 0.011343202 27143 g
 1.9476831 -4.2862196 -8.641273 27147 a
 -0.0062669506 -0.0058424426 0.008413725 27336 g
 1.9243397 -4.2916064 -8.659229 27340 a
 -0.0028048411 -2.4980452E-4 0.008680041 27534 g
 1.9476831 -4.296395 -8.67958 27538 a
 -0.004402738 -0.0026466495 0.0054842476 27738 g
 1.9321208 -4.291008 -8.625112 27742 a
 -0.008930111 8.1545993E-4 0.00734846 27936 g
 1.9321208 -4.2940006 -8.668207 27940 a
 -0.0070658987 8.1545993E-4 0.0062831957 28140 g
 1.9608512 -4.299388 -8.636484 28144 a
 -0.0065332665 0.003478621 0.00601688 28338 g
 1.9452889 -4.299388 -8.645462 28352 a
 0.0035867454 0.013066001 0.005750564 28535 g
 1.9991584 -4.3065705 -8.654441 28539 a
 -0.0012069446 0.011201788 0.004418983 28737 g
 1.9913772 -4.3077674 -8.665813 28741 a
 -0.009196428 0.006408098 4.2424156E-4 28937 g
 2.0099323 -4.3179426 -8.607155 28941 a
 0.019832028 0.0069407304 0.013207415 29141 g
 2.0015526 -4.313154 -8.635287 29144 a
 -0.0062669506 -0.001581385 0.00601688 29338 g
 2.0141222 -4.334702 -8.622718 29341 a
 -0.0020058928 0.003744937 0.0062831957 29627 g
 2.0350714 -4.3239284 -8.645462 29628 a
 0.00598359 0.013066001 0.006549512 29738 g
 2.0320787 -4.313753 -8.650849 29742 a
 -0.01106064 -0.0029129656 0.004418983 29934 g
 1.99437 -4.320337 -8.616732 29938 a
 -0.0012069446 -0.010902449 0.011875834 30143 g
 2.0015526 -4.3143516 -8.617929 30147 a
 -0.010528008 -0.0055761267 0.008680041 30339 g
 2.0009542 -4.3197384 -8.641871 30343 a
 0.013174125 0.02265338 0.0049516154 30539 g
 2.0494366 -4.326921 -8.644265 30545 a
 0.00598359 0.023186013 0.0033537187 30739 g
 2.0853498 -4.3341036 -8.613141 30743 a
 6.5726816E-4 0.012799685 0.006815828 30939 g
 2.098518 -4.3406878 -8.59698 30942 a
 -0.007598531 -0.004777178 0.00734846 31143 g
 2.071583 -4.346673 -8.546701 31147 a
 -0.015055382 -0.007972972 0.0046852995 31342 g
 2.0392613 -4.337695 -8.672996 31346 a
 -0.0028048411 -0.01969088 0.021463213 31538 g
 2.0111294 -4.32333 -8.644265 31541 a
 -0.010261692 -0.0034455978 0.012142151 31739 g
 2.007538 -4.3341036 -8.623915 31743 a
 6.5726816E-4 0.0077396785 0.0054842476 31936 g
 2.0213048 -4.322731 -8.660426 31940 a
 -0.008131163 0.0066744145 0.006815828 32143 g
 2.0380642 -4.3263226 -8.605359 32147 a
 -0.009995376 0.001081776 0.0012231899 32340 g
 2.0386627 -4.312556 -8.592192 32343 a
 -0.009196428 -0.0071740234 0.008946357 32543 g
 2.0727801 -4.321534 -8.632893 32547 a
 0.019832028 0.03090918 0.0134737305 32740 g
 2.0769699 -4.3317094 -8.59279 32744 a
 -0.004402738 0.0066744145 0.0033537187 32940 g
 2.082357 -4.3418846 -8.546103 32944 a
 -0.002538525 0.0013480921 0.009478989 33146 g
 2.1057005 -4.372411 -8.617929 33150 a
 0.005450958 0.014397581 0.006815828 33340 g
 2.134431 -4.3526587 -8.598776 33344 a
 0.007581487 0.010935472 0.011609518 33541 g
 2.1176715 -4.362834 -8.550293 33545 a
 -0.014256434 -0.00877192 0.0052179317 33743 g
 2.1362264 -4.3819876 -8.547898 33747 a
 -0.0012069446 0.0013480921 0.00734846 33940 g
 2.146402 -4.361637 -8.595184 33944 a
 -0.008930111 -0.016761404 0.009745305 34143 g
 2.1176715 -4.373009 -8.568848 34147 a
 -0.0054680025 -0.0023803334 0.006549512 34343 g
 2.1051018 -4.3436804 -8.567651 34347 a
 0.0049183257 0.001081776 0.008147408 34542 g
 2.0655975 -4.3795934 -8.566454 34546 a
 -0.008663796 -0.004777178 0.008680041 34741 g
 2.0691888 -4.370615 -8.589199 34751 a
 -0.00972906 -0.0058424426 0.0041526672 34946 g
 2.0709844 -4.3646297 -8.583812 34950 a
 -0.00972906 -0.0071740234 0.0076147765 35145 g
 2.042254 -4.347272 -8.604162 35148 a
 -0.0057343184 -0.0031792817 0.0062831957 35342 g
 2.0548236 -4.325724 -8.580819 35346 a
 -0.0070658987 0.0024133567 0.0022884542 35544 g
 2.0763714 -4.361038 -8.56825 35548 a
 -0.0030711573 -0.0023803334 0.007881093 35737 g
 2.0721815 -4.3239284 -8.603564 35741 a
 -0.0028048411 5.491438E-4 0.0052179317 35941 g
 2.0655975 -4.346673 -8.616732 35945 a
 0.0033204292 -0.00397823 0.009478989 36146 g
 2.0602105 -4.3406878 -8.618527 36150 a
 -0.0054680025 -0.0013150689 0.0105442535 36342 g
 2.0745757 -4.343082 -8.613141 36346 a
 -0.0057343184 -0.004244546 0.009212673 36542 g
 2.047641 -4.3418846 -8.612542 36546 a
 -0.002538525 8.1545993E-4 0.007881093 36745 g
 2.0410569 -4.349666 -8.5886 36749 a
 -0.0065332665 -0.0026466495 0.005750564 36943 g
 2.0524294 -4.3382936 -8.582016 36947 a
 -0.004669054 -0.003711914 0.008413725 37145 g
 2.0667946 -4.3317094 -8.637083 37149 a
 -1.4168017E-4 0.0018807243 0.008946357 37345 g
 2.0290859 -4.3676224 -8.59279 37349 a
 -0.010794325 -0.001581385 0.0070821443 37543 g
 2.054225 -4.3448777 -8.606557 37547 a
 6.5726816E-4 0.0069407304 0.0076147765 37743 g
 2.0536265 -4.3406878 -8.5538845 37747 a
 -0.023044866 -0.0071740234 -1.0839065E-4 37947 g
 2.0757728 -4.2922053 -8.652645 37950 a
 6.5726816E-4 -5.1612064E-4 4.2424156E-4 38147 g
 2.0949266 -4.367024 -8.623316 38150 a
 0.00598359 0.031175496 0.001489506 38343 g
 2.2134395 -4.390966 -8.446744 38355 a
 0.056849968 0.04955131 0.017468473 38550 g
 2.1769278 -4.3999443 -8.564059 38554 a
 -0.026506975 -0.044191964 0.007881093 38745 g
 2.1589713 -4.390966 -8.560468 38748 a
 -0.01798486 -0.020756144 0.0062831957 38944 g
 2.1547816 -4.3879733 -8.598776 38948 a
 0.009712016 0.0077396785 0.0052179317 39149 g
 2.1428106 -4.386776 -8.579621 39153 a
 -0.004669054 -5.1612064E-4 0.008413725 39344 g
 2.1799207 -4.382586 -8.523358 39348 a
 -0.0036037895 0.014663897 -0.0017062873 39544 g
 2.2170308 -4.410718 -8.5299425 39548 a
 0.013973073 0.0045438856 0.009212673 39747 g
 2.1823149 -4.385579 -8.534132 39750 a
 -0.0033374734 -7.8243675E-4 0.009478989 39944 g
 2.203264 -4.4484267 -8.576629 39948 a
 0.015837286 0.019990219 0.009478989 40149 g
 2.2481554 -4.392163 -8.524555 40152 a
 -0.0054680025 -0.0034455978 0.0049516154 40345 g
 2.235586 -4.4304705 -8.597578 40349 a
 -0.011859589 0.020789169 -3.7470675E-4 40545 g
 2.2529438 -4.4047327 -8.522759 40549 a
 0.0033204292 0.012799685 0.01427268 40762 g
 2.2056582 -4.4322658 -8.503606 40766 a
 -1.4168017E-4 -0.0018477011 0.014805311 40947 g
 2.2266076 -4.449624 -8.552687 40950 a
 -0.0134574855 -0.011168765 0.006549512 41149 g
 2.2140381 -4.4286747 -8.524555 41152 a
 -0.022245917 -0.033273 0.0017558221 41345 g
 2.2104468 -4.4125137 -8.488642 41348 a
 -0.0049353703 0.009337575 0.001489506 41548 g
 2.2296004 -4.4280763 -8.5778265 41551 a
 0.011576229 0.018126007 0.012408466 41747 g
 2.2625206 -4.459201 -8.468291 41750 a
 0.005184642 -0.0023803334 -0.0049020806 41947 g
 2.2385786 -4.4597993 -8.477868 41951 a
 0.008114119 -0.010636133 0.014538995 42152 g
 2.1817162 -4.4436383 -8.513782 42156 a
 -0.007864847 -0.0029129656 0.007881093 42345 g
 2.212841 -4.4047327 -8.531139 42349 a
 -0.0049353703 0.01173442 -0.0017062873 42545 g
 2.2331917 -4.414908 -8.486847 42549 a
 0.008646752 -0.021288777 0.023593742 42750 g
 2.2062569 -4.4562078 -8.534132 42753 a
 -0.012125905 -0.017294036 0.016403208 42950 g
 2.1763294 -4.4220905 -8.570643 42955 a
 -0.020381704 -0.010636133 0.001489506 43150 g
 2.1990743 -4.4580035 -8.500613 43154 a
 -0.017718542 -0.018891932 0.0012231899 43348 g
 2.1996727 -4.4759603 -8.458116 43361 a
 0.00598359 0.015462846 0.015870575 43546 g
 2.2523453 -4.4526167 -8.469488 43549 a
 0.008380435 0.028246019 -0.028337898 43747 g
 2.759916 -4.6495395 -8.296508 43751 a
 0.30399132 0.6514257 -0.008896822 43953 g
 2.939481 -4.5842977 -7.019201 43957 a
 -0.043551207 -0.26922908 -0.29571927 44150 g
 2.9317 -4.945224 -7.406463 44154 a
 -0.14475133 -0.33128074 -0.14631593 44346 g
 3.1884782 -4.626795 -7.36217 44350 a
 -0.09548285 -0.3427323 -0.12873907 44549 g
 3.0897174 -4.7800236 -8.238448 44553 a
 -0.22571142 -0.28014803 0.006549512 44746 g
 2.9759927 -4.8937483 -8.904634 44750 a
 -0.18150295 -0.11343415 0.04702956 44953 g
 2.961029 -5.0332108 -8.383297 44963 a
 -0.013990118 0.07937871 0.043301135 45157 g
 2.9843724 -4.9919105 -8.132504 45161 a
 -0.08562915 -0.096123606 0.009745305 45347 g
 2.8909986 -4.899135 -8.172607 45351 a
 -0.10453759 -0.1224889 0.015604259 45548 g
 2.657564 -4.957195 -8.159439 45552 a
 0.04273521 -0.047387756 0.04569798 45751 g
 2.6030958 -4.905121 -8.197148 45756 a
 0.023294138 0.03889866 -0.015821042 45951 g
 2.5863364 -4.8907557 -8.210915 45955 a
 -0.029702768 -0.06949199 -0.0120926155 46152 g
 2.5953147 -4.896741 -8.08881 46156 a
 -0.04541542 -0.06283409 0.0030874026 46351 g
 2.546832 -4.947019 -8.1720085 46356 a
 -0.044882786 -0.03886564 0.0070821443 46548 g
 2.5139117 -4.8680105 -8.169016 46552 a
 0.048061535 0.027713386 0.006549512 46749 g
 2.4851813 -4.859032 -8.194156 46752 a
 -0.01798486 -0.021555092 0.0046852995 46951 g
 2.4396915 -4.8584337 -8.261791 46958 a
 -0.0054680025 -0.033273 0.014538995 47151 g
 2.468422 -4.9996915 -7.953538 47156 a
 -0.036626987 -0.03274037 0.0105442535 47349 g
 2.461838 -4.9494133 -8.128913 47353 a
 0.07922052 0.06845975 0.02998533 47552 g
 2.4307132 -4.8883615 -8.26239 47557 a
 -0.021180652 -0.01969088 0.0025547703 47750 g
 2.385822 -4.911106 -8.218098 47754 a
 -0.0219796 -0.042061433 0.035844285 47949 g
 2.308609 -4.8524485 -8.222287 47954 a
 -0.038757514 -0.051915128 0.02386006 48153 g
 2.2756886 -4.84766 -8.297106 48160 a
 0.033680465 0.045556568 0.0033537187 48349 g
 2.3092074 -4.8297033 -8.223484 48353 a
 1.2463593E-4 0.008005994 0.00734846 48549 g
 2.3786395 -4.9027267 -8.2169 48553 a
 0.082948945 0.049018674 0.021995846 48753 g
 2.4109612 -4.973954 -8.161834 48757 a
 -0.013191169 -0.0053098104 0.011875834 48950 g
 2.3092074 -4.8859673 -8.279149 48954 a
 -0.08882494 -0.07721516 -0.013690512 49154 g
 2.268506 -4.8506527 -8.21271 49158 a
 0.018500447 0.016261794 0.007881093 49353 g
 2.2505496 -4.7842135 -8.341399 49358 a
 -0.020914337 -0.018092984 0.003886351 49551 g
 2.2421699 -4.7740383 -8.289325 49556 a
 -0.007332215 -0.012500346 0.011875834 49739 g
 2.2260091 -4.7518916 -8.304289 49741 a
 -0.017718542 2.828277E-4 -0.0017062873 49947 g
 2.2457612 -4.7536874 -8.392276 49950 a
 -0.0134574855 -0.006907707 0.0046852995 50148 g
 2.2343888 -4.7123876 -8.364742 50153 a
 -0.014256434 -0.0026466495 0.0028210864 50353 g
 2.207454 -4.734534 -8.38629 50357 a
 0.00465201 0.003744937 0.0134737305 50553 g
 2.2481554 -4.71538 -8.345589 50557 a
 -0.0014732607 0.006408098 0.003886351 50750 g
 2.2403743 -4.710592 -8.341997 50754 a
 -0.011326957 2.828277E-4 0.0022884542 50950 g
 2.2655134 -4.7638626 -8.36175 50954 a
 0.050192066 0.03916498 0.0134737305 51157 g
 2.3427265 -4.9105077 -8.207922 51161 a
 0.05312154 0.034104973 0.018267421 51356 g
 2.3582888 -4.9440265 -8.221688 51360 a
 0.03874047 0.02744707 0.0105442535 51554 g
 2.4199393 -5.021838 -8.124125 51558 a
 0.06004576 0.042893406 0.01427268 51749 g
 2.48159 -5.106832 -8.073248 51771 a
 0.0177015 0.005875466 0.012408466 51961 g
 2.461838 -5.125387 -8.125322 51965 a
 -0.008663796 -0.004777178 0.00601688 52154 g
 2.4636335 -5.097255 -8.049905 52158 a
 -0.0028048411 -0.0023803334 0.008147408 52357 g
 2.4624364 -5.1050367 -8.104373 52360 a
 -9.4062847E-4 0.0096038915 0.004418983 52553 g
 2.484583 -5.109825 -8.062474 52557 a
 -0.010794325 -0.0013150689 0.002022138 52754 g
 2.4732103 -5.122993 -8.057686 52758 a
 -0.0036037895 0.0013480921 0.0062831957 52956 g
 2.4612393 -5.0882773 -8.102577 52960 a
 -0.0060006347 -0.0026466495 0.011076886 53154 g
 2.468422 -5.083489 -8.113351 53158 a
 -0.012658537 -0.0031792817 0.0054842476 53358 g
 2.4432828 -5.093664 -8.082227 53370 a
 -0.0033374734 -0.0018477011 0.0105442535 53556 g
 2.4378958 -5.088876 -8.058883 53559 a
 -0.042219624 -0.031142473 0.0033537187 53765 g
 2.4187422 -5.0505686 -8.173804 53769 a
 -0.01106064 -0.003711914 0.006549512 53955 g
 2.3403323 -4.875193 -8.085219 53959 a
 -0.12930499 -0.09319413 -0.0120926155 54157 g
 2.285864 -4.71957 -8.374319 54161 a
 -0.029702768 0.006408098 0.0017558221 54356 g
 2.2637177 -4.755483 -8.309077 54359 a
 -0.027305923 -0.0077066557 -0.0046357643 54591 g
 2.2786815 -4.708796 -8.363545 54614 a
 -0.004669054 0.0066744145 0.0062831957 54748 g
 2.295441 -4.7309427 -8.366538 54749 a
 -0.011593273 1.6511598E-5 0.005750564 54956 g
 2.303222 -4.720767 -8.313267 54959 a
 -0.0028048411 0.003478621 0.007881093 55160 g
 2.307412 -4.7135844 -8.347384 55164 a
 -0.0012069446 -5.1612064E-4 0.01427268 55360 g
 2.308609 -4.730344 -8.372523 55364 a
 0.023826769 0.026648123 0.012941099 55556 g
 2.372654 -4.823718 -8.207323 55560 a
 0.05871418 0.034104973 0.017468473 55757 g
 2.3505075 -4.830302 -8.253412 55761 a
 -0.041420676 -0.02581615 -6.4102287E-4 55956 g
 2.3235726 -4.809353 -8.268974 55960 a
 -0.026506975 -0.024484571 0.008946357 56156 g
 2.3169887 -4.732738 -8.374918 56160 a
 -0.03289856 -0.014364558 -0.0014399712 56357 g
 2.2822728 -4.741118 -8.293514 56360 a
 -1.4168017E-4 0.001081776 0.0062831957 56556 g
 2.2810757 -4.698621 -8.313866 56559 a
 -0.0054680025 -2.4980452E-4 0.009212673 56755 g
 2.2882583 -4.698621 -8.355764 56759 a
 9.235843E-4 0.0013480921 0.011076886 56955 g
 2.2828712 -4.69084 -8.347384 56959 a
 -0.008131163 -0.004244546 0.008946357 57156 g
 2.307412 -4.677073 -8.364742 57160 a
 -0.0038701056 -0.0013150689 0.0062831957 57357 g
 2.2930467 -4.6776714 -8.373122 57361 a
 -0.0014732607 0.0045438856 0.0054842476 57555 g
 2.2822728 -4.6980224 -8.371326 57559 a
 0.0017225326 2.828277E-4 0.010011622 57756 g
 2.285864 -4.69084 -8.341997 57760 a
 -0.006799583 -0.001581385 0.008147408 57956 g
 2.2780828 -4.7099934 -8.344392 57960 a
 3.9095205E-4 -7.8243675E-4 0.008413725 58155 g
 2.2786815 -4.7147818 -8.378509 58159 a
 -0.0070658987 -0.0031792817 0.0076147765 58358 g
 2.2691047 -4.710592 -8.38629 58362 a
 -0.0017395768 0.0021470406 0.0076147765 58556 g
 2.2816741 -4.675277 -8.327033 58560 a
 -0.015588014 -0.00397823 0.0062831957 58757 g
 2.2984335 -4.7165775 -8.325836 58761 a
 0.0094457 0.015729161 0.008680041 58953 g
 2.3175871 -4.710592 -8.341399 58957 a
 0.024892034 0.021854432 0.013207415 59157 g
 2.35769 -4.754286 -8.335413 59161 a
 -0.012125905 -0.004777178 0.004418983 59356 g
 2.3463178 -4.7417164 -8.3629465 59360 a
 -0.010794325 -0.009304552 0.007881093 59558 g
 2.345719 -4.759673 -8.342596 59562 a
 -9.4062847E-4 0.010136523 0.006815828 59752 g
 2.3133974 -4.7548847 -8.336611 59756 a
 0.01903308 0.017593374 0.011875834 59966 g
 2.344522 -4.7985787 -8.277354 59970 a
 0.008380435 0.0074733626 0.009745305 60297 g
