 -0.056484047 0.9204966 0.6882189 5 g
 0.7236475 6.83365 10.380061 7 a
 -0.36807388 0.049909238 -1.7120882 110 g
 -0.08619126 5.53719 7.2861543 111 a
 0.5347377 0.50477713 -0.43483615 321 g
 -2.2547395 5.789778 6.3589997 324 a
 0.35657224 0.13805987 -0.4822404 520 g
 -2.1278467 6.169858 6.8462195 523 a
 0.26229632 -0.039040342 -0.29928124 720 g
 -3.068768 7.2083426 6.42903 723 a
 0.6021157 0.6869374 0.89887494 920 g
 -2.204461 8.033145 5.0200424 923 a
 -0.6144163 -0.44570503 0.35745427 1119 g
 -1.6017209 7.727885 6.2075663 1123 a
 -0.50282985 -0.6185442 0.35239425 1319 g
 1.3383588 2.9251158 8.10138 1323 a
 -1.4660952 -1.3780777 -0.5778479 1520 g
 1.0785879 3.390788 9.750386 1523 a
 -0.23038846 -0.235049 -0.06465676 1719 g
 0.96306765 4.26946 8.887277 1723 a
 0.16375937 0.2563042 0.04639706 1918 g
 0.6380547 4.477157 8.832211 1922 a
 -0.27486324 0.10823246 0.1910067 2120 g
 0.39205053 3.5853171 9.078215 2124 a
 -0.50655824 -0.42653027 0.0850129 2319 g
 1.6352397 1.033098 9.2494 2323 a
 0.23060471 0.08373138 0.18994144 2520 g
 1.3545196 3.5811272 9.147048 2523 a
 0.5861367 0.4065065 0.26450995 2721 g
 1.2018893 3.9360676 9.017162 2725 a
 -0.003220827 0.044316597 -0.0068661617 2919 g
 1.1300632 3.90614 8.98903 2923 a
 -0.12093255 -0.08085197 -0.027905134 3120 g
 1.1923125 3.2962172 9.087193 3124 a
 0.0071655014 -0.081917234 -0.06518939 3321 g
 1.2545617 3.755904 8.866926 3325 a
 0.02713921 0.038457643 0.045331795 3520 g
 1.1384429 3.6607344 8.9519205 3524 a
 -0.017601896 -0.0073487265 -4.745753E-4 3720 g
 1.1887212 3.6032736 8.887277 3723 a
 -0.009612413 -0.015338209 -0.0018061559 3922 g
 1.1528081 3.572149 9.07582 3926 a
 0.004236024 -0.0044192495 -0.007931426 4120 g
 1.1779473 3.6876693 9.011775 4124 a
 0.0010402307 -0.0041529336 -0.0036703686 4321 g
 1.2378023 3.5996823 9.078813 4325 a
 0.008763398 -0.0044192495 0.0043191146 4521 g
 1.192911 3.618836 8.938752 4525 a
 0.0018391791 -0.003353985 8.5700525E-4 4720 g
 1.2725182 3.657143 9.003395 4724 a
 -0.0098787295 1.0812434E-4 0.0067159594 4923 g
 1.228824 3.6170402 8.940548 4926 a
 -0.011476627 0.0062333946 0.0059170113 5113 g
 1.18094 3.5637693 8.932767 5115 a
 0.01622025 0.007831291 0.010977018 5322 g
 1.2791022 3.578733 9.142858 5325 a
 -0.038640868 -0.032648757 -0.0026051041 5521 g
 1.2808979 3.6475663 9.018359 5525 a
 -0.029586121 -0.017202422 0.00804754 5721 g
 1.2868834 3.493739 9.196728 5726 a
 0.026606577 -0.027322434 -0.015388277 5924 g
 1.353921 3.6134489 8.860342 5931 a
 -2.5033714E-5 0.012624982 -0.0015398398 6122 g
 1.1282675 4.015076 8.72088 6127 a
 0.12088248 0.10210719 -0.009795639 6322 g
 1.146224 3.6996403 8.834005 6327 a
 -0.013873471 0.007831291 0.016037023 6521 g
 1.3108255 3.5775359 9.074623 6525 a
 -0.087376714 -0.070998274 -0.005268265 6722 g
 1.3323733 3.663727 8.941146 6726 a
 0.0076981336 0.0030376015 0.016569655 6923 g
 1.3054385 3.4452562 9.059659 6929 a
 -0.01467242 -1.5819176E-4 -0.004469317 7121 g
 1.3263878 3.5757403 8.944737 7125 a
 -0.05035878 -0.012408732 0.013906495 7322 g
 1.3162124 3.525462 9.08001 7326 a
 -0.06527248 -0.021197164 0.01763492 7523 g
 1.9021933 3.141791 9.244612 7527 a
 0.03379711 0.034196585 0.06077813 7722 g
 1.1683705 3.2052376 9.270947 7727 a
 0.019682359 -0.006283462 0.07436025 7922 g
 1.3664906 3.5164838 8.8088665 7926 a
 0.101441406 0.04618081 0.039206523 8123 g
 1.5388732 3.7134068 8.823232 8128 a
 0.014356036 -0.05714984 -0.04175357 8324 g
 1.3090298 3.6703112 9.16261 8328 a
 0.15497094 0.14977777 -0.038824096 8523 g
 1.0271125 3.7499185 9.088389 8527 a
 0.17680886 0.11515668 -0.010860903 8724 g
 0.82360536 3.8684313 8.980052 8728 a
 0.058298193 0.25923368 0.08128447 8924 g
 0.8331822 3.5164838 8.881889 8927 a
 0.18479834 0.20091046 0.11111187 9123 g
 -0.23403321 5.09546 8.4904375 9128 a
 0.33260378 0.022478677 -0.042818837 9325 g
 0.31004912 4.2251673 8.549096 9329 a
 -0.13078624 0.034995534 -0.021513548 9523 g
 0.60812724 3.828927 8.788516 9527 a
 -0.3417086 -0.121864654 0.024026506 9724 g
 0.97503865 3.904943 8.513183 9726 a
 0.043384492 -0.044899296 -0.05000937 9925 g
 0.7224504 3.8480806 8.944737 9929 a
 0.01408972 0.03872396 0.022162294 10124 g
 0.6715736 3.9252937 8.931569 10133 a
 0.04764555 0.024609206 0.033880204 10325 g
 0.81283146 3.8414967 8.940548 10329 a
 -0.09270304 -0.062209845 -0.022578811 10526 g
 1.1234791 3.6978445 8.968679 10530 a
 -0.093501985 -0.04196982 -0.01858407 10725 g
 0.9032126 3.7056258 8.848371 10729 a
 -0.02559138 0.07281242 0.06317498 10926 g
 0.80924016 3.5625722 8.9040365 10929 a
 0.06122767 -0.046497196 -0.021247232 11126 g
 1.1252748 3.615843 8.990228 11129 a
 0.09664771 -0.050758254 -0.07610835 11326 g
 1.0127473 3.518878 9.148843 11329 a
 -0.082849346 0.0360608 0.03947284 11525 g
 0.7428011 3.506907 9.3343935 11529 a
 -0.1598147 -0.055551942 -0.02204618 11727 g
 1.2755109 3.7152026 9.119514 11730 a
 -0.10122515 -0.043035086 -0.018317755 11926 g
 1.1881226 3.6032736 8.911818 11929 a
 0.08226664 0.038191326 0.005384379 12126 g
 1.198298 3.7307649 8.360553 12129 a
 -0.27433062 -0.123728864 -0.08090204 12326 g
 1.1683705 3.1094694 9.377489 12330 a
 -0.017069265 -0.05688352 -0.0753094 12525 g
 1.1677719 3.1848867 9.217078 12529 a
 0.097180344 0.1303367 0.06956656 12726 g
 1.0498575 3.4859576 9.108741 12730 a
 0.021812888 0.047778707 0.025624404 12927 g
 1.2126632 3.3028011 9.164406 12931 a
 0.046313968 -0.044632982 -0.043617785 13126 g
 1.1049241 3.5553896 9.184157 13129 a
 0.017285513 -0.03850771 0.02029808 13327 g
 1.2036849 3.7882257 8.944737 13330 a
 0.035128694 -0.030251913 -0.025241973 13527 g
 1.1959038 3.8295257 8.781932 13531 a
 0.1871952 0.11888511 0.0032538502 13727 g
 1.0031705 4.0378213 8.540716 13730 a
 -0.02479243 0.027538683 0.022162294 13927 g
 0.9044097 4.226963 8.74961 13930 a
 -0.07592513 -0.025724538 -0.055335693 14127 g
 1.0109516 3.7403417 8.929175 14130 a
 0.017019197 -0.014272945 -0.026307238 14328 g
 0.90859956 3.9199066 9.032724 14331 a
 0.04764555 -0.019332951 0.018433869 14526 g
 1.1324574 3.8253357 9.009381 14530 a
 -0.16620629 -0.09416778 -0.0042030006 14734 g
 1.2276269 3.8145618 8.740033 14736 a
 0.027671842 -0.0025550367 0.01763492 14928 g
 1.1845313 4.008492 8.747216 14931 a
 0.012491823 0.0123586655 -0.0026051041 15127 g
 1.1456255 3.9677908 8.826224 15136 a
 0.03406343 0.03526185 0.010178069 15333 g
 1.1444284 3.9097314 8.900445 15338 a
 -0.01946611 -0.030251913 -0.011659852 15531 g
 1.146224 3.881001 8.903438 15535 a
 -0.021330323 0.004102866 0.0043191146 15727 g
 1.1384429 3.8468835 8.868722 15731 a
 -0.0026881949 -6.90824E-4 -0.005268265 15929 g
 1.2030864 3.8588545 8.882488 15933 a
 -0.010411362 -0.028654015 -0.007398794 16128 g
 1.1300632 3.8498764 8.958505 16131 a
 -0.038108237 -9.571401E-4 0.0037864824 16329 g
 1.3084313 3.852869 8.765771 16332 a
 -0.01467242 -0.019332951 -0.014855645 16528 g
 1.062427 3.791817 8.968679 16532 a
 -0.008014517 0.015554459 0.01763492 16737 g
 1.2934675 3.891775 8.809465 16738 a
 -0.015737684 -0.017735055 -0.009263007 16929 g
 1.2814964 3.9516299 8.37013 16932 a
 0.081467696 0.08106822 0.012042282 17130 g
 1.1031284 4.019266 8.77834 17133 a
 0.024209732 -0.007881359 -0.011393536 17329 g
 1.0229226 3.904943 8.972271 17332 a
 -0.029852437 -0.016669791 5.805691E-5 17527 g
 1.228824 3.9971197 8.917204 17531 a
 0.017818145 0.0038365498 -0.0010072076 17730 g
 1.1366472 3.9366663 8.800487 17733 a
 -0.03730929 -0.008147675 -0.005001949 17930 g
 1.1575965 3.9133227 8.853159 17933 a
 -0.009612413 -0.015071894 -0.0015398398 18129 g
 1.2114661 3.9240966 8.878299 18132 a
 -0.008014517 1.0812434E-4 -0.0031377363 18330 g
 1.1522095 3.8750155 8.887876 18333 a
 -0.0026881949 -0.0014897723 0.0011233214 18529 g
 1.1965023 3.8480806 8.889072 18532 a
 -0.012009258 -0.0044192495 -0.0018061559 18728 g
 1.18094 3.8720226 8.8645315 18731 a
 0.008230765 0.001972337 0.0011233214 18931 g
 1.1755531 3.8630445 8.910022 18936 a
 0.0071655014 3.7444045E-4 -2.082592E-4 19129 g
 1.1713632 3.846285 8.948928 19133 a
 2.412824E-4 -0.005484514 -0.004469317 19330 g
 1.1911154 3.8552632 8.88608 19334 a
 0.0050349724 0.007298659 -0.0010072076 19529 g
 1.1528081 3.8714242 8.920197 19533 a
 -0.009346098 -0.0046855654 -0.0015398398 19731 g
 1.2198458 3.8253357 8.958505 19734 a
 -0.0128082065 -0.010810836 -2.082592E-4 19930 g
 1.2096704 3.843891 8.919599 19933 a
 0.0098286625 0.0033039176 -0.0010072076 20132 g
 1.2150574 3.776853 9.028535 20144 a
 -0.036244024 -1.5819176E-4 0.002987534 20330 g
 1.1659763 3.828927 8.953716 20334 a
 0.0010402307 -0.011609784 -0.0063335295 20530 g
 1.2024878 3.791817 8.929175 20534 a
 -0.002954511 0.0022386531 0.0069822758 20732 g
 1.2120646 3.816956 8.933365 20736 a
 -2.5033714E-5 0.001706021 -4.745753E-4 20930 g
 1.1773487 3.7205894 9.013571 20934 a
 0.028204473 -0.011876101 -0.0060672136 21144 g
 1.2162545 3.9983168 8.901642 21148 a
 0.019149726 0.029669212 -0.004735633 21346 g
 1.122282 3.9845502 8.7609825 21349 a
 -0.008014517 -0.01054452 -0.012192484 21544 g
 1.2330139 3.7834373 8.301296 21547 a
 0.3264785 0.13113564 0.046663377 21765 g
 1.2970588 3.4105403 9.197925 21769 a
 -0.12332939 -0.08537935 0.006183327 21946 g
 1.6561891 3.4991257 9.0554695 21950 a
 -0.10095884 -0.04196982 0.075691834 22144 g
 1.7136499 3.2549171 9.272743 22147 a
 -0.10282305 -0.025724538 0.025624404 22343 g
 1.6136919 3.4925418 8.971672 22347 a
 -0.025058748 -0.02971928 -0.036160935 22544 g
 1.7034745 2.9921536 9.068638 22548 a
 -0.0061503043 0.0049018143 -0.0058008973 22746 g
 1.3784616 3.50571 9.152434 22750 a
 0.19118993 0.12767354 0.033613887 22942 g
 1.4628572 3.454833 9.04709 22946 a
 -0.031982966 0.024609206 -0.0042030006 23145 g
 1.2533646 3.7307649 9.337387 23149 a
 0.16375937 0.14258724 0.06637077 23344 g
 0.20350714 5.7161565 7.884106 23348 a
 2.0338311 0.2658916 0.13561295 23545 g
 0.5434838 5.6335564 7.9104424 23549 a
 -0.63518894 -0.25102797 -0.313396 23746 g
 0.55006784 5.6215854 7.8092875 23749 a
 -0.27939063 -0.0022887206 -0.02817145 23944 g
 0.4842273 5.3396683 8.075643 23948 a
 -0.18351683 -0.034779284 -0.03163356 24142 g
 0.52073884 4.9063177 8.413823 24146 a
 -0.24796534 -0.08378145 -0.02683987 24345 g
 1.0480618 4.1371803 8.763377 24349 a
 -0.78192914 -0.43265554 -0.057998855 24545 g
 1.4065934 3.2716765 9.085397 24548 a
 -0.34224123 -0.23744585 0.0059170113 24745 g
 1.5197195 3.105878 8.9998045 24749 a
 0.18533097 0.05576819 0.041070737 24946 g
 1.6304513 3.0909145 9.156026 24949 a
 -0.042369295 -0.030518228 -0.01379038 25153 g
 1.5981296 3.0220811 9.1272955 25157 a
 -0.013074523 0.0011733888 0.0067159594 25343 g
 1.6950948 2.9083564 9.120112 25349 a
 0.119018264 0.037658695 -2.082592E-4 25545 g
 1.6178818 2.9735985 9.2069025 25549 a
 -0.17073366 -0.052089833 -0.011659852 25744 g
 1.8728642 2.7659016 9.138668 25748 a
 0.08066875 -0.008946624 0.0037864824 25945 g
 1.5861586 2.8323407 9.290101 25949 a
 -0.06687038 -0.013740313 -0.0034040525 26150 g
 1.780089 2.8574798 9.281123 26155 a
 -0.01467242 -0.008680307 -0.0058008973 26343 g
 1.8177977 2.7922378 9.189545 26347 a
 0.0031707596 -0.0073487265 0.0013896375 26546 g
 1.7489643 2.7335799 9.289502 26549 a
 0.013557088 0.0022386531 -0.0031377363 26745 g
 1.7477672 2.8006175 9.230247 26749 a
 -0.0037534593 0.0011733888 -0.0010072076 26943 g
 1.7525556 2.7976246 9.190742 26947 a
 0.003969708 0.001972337 0.0013896375 27147 g
 1.7429788 2.8766334 9.181165 27151 a
 0.0026381274 0.0059670787 0.0037864824 27344 g
 1.7669208 2.8281507 9.205706 27348 a
 0.001572863 -0.0028213528 -0.0034040525 27546 g
 1.7316064 2.8377275 9.209297 27549 a
 -0.010145046 -0.006017146 0.0011233214 27744 g
 1.7621324 2.842516 9.14226 27748 a
 0.011426559 0.0027712854 -0.002338788 27945 g
 1.7328035 2.866458 9.192537 27948 a
 0.011959191 0.0025049692 -7.408914E-4 28142 g
 1.7034745 3.1495724 9.31105 28146 a
 0.10916457 0.06775241 0.01630334 28346 g
 1.690905 2.8700492 9.205107 28349 a
 0.13286671 0.112759836 0.0011233214 28546 g
 1.6101006 3.1429882 9.22426 28550 a
 0.0050349724 0.0509745 0.0059170113 28744 g
 2.3918076 2.6952724 10.1699705 28747 a
 -0.030917702 -0.10535306 -0.032698825 28946 g
 1.8644845 2.7670987 9.068638 28949 a
 -0.01121031 -0.005484514 0.0064496435 29146 g
 1.8028339 2.6024973 9.279327 29150 a
 -0.023993483 -0.011343468 -0.0026051041 29345 g
 1.822586 2.645593 9.19553 29349 a
 -0.037575606 0.004635498 -0.002072472 29547 g
 1.8459295 2.6701334 9.249998 29550 a
 -0.023727167 -0.012408732 -0.010860903 29747 g
 1.875857 2.693477 9.180567 29750 a
 0.012225507 0.017951304 0.008846489 29946 g
 1.8650831 2.6862943 9.273342 29950 a
 0.024476048 -0.008680307 -0.0031377363 30147 g
 1.8351556 2.710835 9.235035 30160 a
 0.001572863 0.0011733888 8.5700525E-4 30348 g
 1.8423382 2.753332 9.284714 30352 a
 0.018617094 0.007032343 -0.0031377363 30545 g
 1.8309658 2.6868927 9.283517 30548 a
 -0.01467242 -0.0036203011 -0.0010072076 30747 g
 1.851915 2.6940753 9.322423 30751 a
 -0.0061503043 6.4075657E-4 -0.0015398398 30946 g
 1.8800468 2.6593595 9.241618 30950 a
 -0.0010902982 -0.0022887206 -7.408914E-4 31146 g
 1.922544 2.6856956 9.218874 31150 a
 0.0053012883 0.007032343 0.0037864824 31338 g
 1.905186 2.7024553 9.188348 31342 a
 0.0058339206 0.007831291 0.0013896375 31546 g
 1.8237832 2.6210523 9.338584 31549 a
 0.0010402307 -0.0065497784 -0.012725117 31740 g
 1.8381484 2.630629 9.247005 31743 a
 0.0010402307 0.0030376015 0.0144391265 31940 g
 1.8746599 2.7114334 9.241618 31944 a
 -0.009612413 -0.003087669 -0.013257748 32138 g
 1.8752584 2.6240451 9.216479 32142 a
 0.010893927 1.0812434E-4 0.0043191146 32342 g
 1.9021933 2.6426 9.260772 32346 a
 0.0013065469 -0.005484514 -0.0034040525 32545 g
 1.8710686 2.6408045 9.22067 32549 a
 0.0013065469 -0.0028213528 5.9068913E-4 32744 g
 1.9177556 2.6138697 9.236232 32748 a
 -0.007215569 -0.0012234562 -0.0031377363 32943 g
 1.8968062 2.6497827 9.275736 32947 a
 0.003969708 -0.0041529336 -0.0039366847 33144 g
 1.8579005 2.6497827 9.2308445 33148 a
 7.739146E-4 1.0812434E-4 0.002721218 33348 g
 1.8938135 2.593519 9.217078 33351 a
 0.015154985 0.004369182 -7.408914E-4 33547 g
 1.9189527 2.7006595 9.100361 33550 a
 -0.00854715 0.008097608 0.0013896375 33743 g
 1.8974048 2.5929205 9.279327 33747 a
 -0.005617672 -0.00575083 -0.0028714202 33946 g
 1.929128 2.6138697 9.225458 33949 a
 2.412824E-4 -0.013207681 -7.408914E-4 34144 g
 1.8914193 2.5659857 9.316438 34148 a
 -0.027721908 -0.003353985 -0.0010072076 34343 g
 1.8968062 2.6366146 9.197326 34346 a
 0.008230765 0.0038365498 -0.0031377363 34549 g
 1.899799 2.529474 9.2547865 34553 a
 0.0018391791 0.004102866 0.0035201663 34786 g
 1.9333179 2.5929205 9.268554 34788 a
 0.010361294 -0.0028213528 -0.0058008973 34934 g
 1.8896236 2.581548 9.279327 34935 a
 0.017285513 0.008363924 -0.0028714202 35147 g
 1.9141643 2.64679 9.187749 35166 a
 0.0074318172 0.001706021 0.005384379 35344 g
 1.8830396 2.6072857 9.259575 35348 a
 -0.007748201 -0.01054452 -0.002338788 35548 g
 1.9273324 2.6479871 9.251794 35552 a
 -0.00641662 0.001706021 -0.002072472 35748 g
 1.9303252 2.6384103 9.211093 35752 a
 0.013557088 0.0022386531 -0.0055345814 35945 g
 1.9123687 2.6497827 9.225458 35949 a
 -0.0016229304 -0.0020224045 -0.002338788 36146 g
 1.9375077 2.6916811 9.263166 36150 a
 0.004768656 0.008363924 -0.005268265 36344 g
 1.8842367 2.6569653 9.208099 36348 a
 0.021280255 0.0038365498 0.0064496435 36549 g
 1.8980033 2.6491842 9.266758 36553 a
 -0.00854715 -0.0036203011 -0.002072472 36745 g
 1.8800468 2.6731262 9.180567 36749 a
 0.011160242 -0.0025550367 0.0037864824 36946 g
 1.8842367 2.6270378 9.258977 36950 a
 -0.009079781 0.0011733888 -0.002072472 37147 g
 1.8950106 2.6647465 9.221268 37151 a
 -0.009346098 -0.0014897723 -0.0036703686 37346 g
 1.9183542 2.669535 9.217676 37350 a
 0.0023718113 0.001706021 8.5700525E-4 37550 g
 1.8602947 2.6527755 9.297882 37555 a
 0.01622025 -0.007881359 -0.0068661617 37746 g
 2.0853498 2.657564 9.105149 37750 a
 -0.025325064 -0.0041529336 -0.004469317 37947 g
 1.8794483 2.3906105 9.231443 37951 a
 -0.03730929 0.009429188 0.013373862 38149 g
 1.9847932 2.5600002 9.149442 38153 a
 0.03672659 -0.0041529336 -0.016187226 38347 g
 1.9416976 2.6982653 9.258378 38350 a
 0.017285513 0.021147097 0.005650695 38549 g
 1.9764135 2.669535 9.171588 38553 a
 0.04817818 -0.016403474 -0.019915652 38747 g
 1.8914193 2.7072437 9.1590185 38751 a
 -0.029852437 0.012624982 0.013373862 38944 g
 2.0039468 2.7335799 9.2494 38948 a
 -0.029319806 -0.020398216 -0.01592091 39148 g
 1.9488802 2.6318262 9.202114 39152 a
 0.006899185 -0.0070824106 -0.008464059 39348 g
 1.9339164 2.7299886 9.238626 39351 a
 -0.01121031 0.00516813 -0.006599846 39547 g
 2.0404584 2.517503 9.2069025 39551 a
 -0.010943994 -0.03105086 -0.011659852 39736 g
 1.8471266 2.7090392 9.165004 39738 a
 -0.009079781 0.007032343 0.012308598 39939 g
 2.010531 2.6001031 9.159617 39940 a
 0.039123435 0.016886039 -0.0063335295 40146 g
 1.95307 2.6671407 9.1033535 40169 a
 0.018350778 -0.020131899 -0.01592091 40348 g
 1.9961656 2.6833014 9.197925 40351 a
 0.05989609 -0.01880032 -0.01858407 40551 g
 1.9865888 2.8574798 9.106346 40565 a
 0.17494465 -0.11573938 -0.037492514 40749 g
 2.4666264 3.0903158 9.22426 40753 a
 0.066287674 -0.058481418 -0.041487254 40966 g
 2.284667 3.103484 9.050681 40968 a
 -0.13398203 0.051240817 0.07089814 41150 g
 2.160767 2.9616275 9.078813 41154 a
 -0.072729334 0.031000793 0.032282304 41349 g
 2.179322 2.9125464 9.093777 41353 a
 0.025274996 -0.0068160943 -0.0068661617 41552 g
 2.2002714 2.8431146 9.013571 41557 a
 -0.027189277 -0.003353985 0.004585431 41749 g
 2.2732944 2.944868 8.999206 41753 a
 -0.01946611 0.008363924 -0.0026051041 41948 g
 2.12246 2.8760347 9.027337 41952 a
 -0.0407714 -0.012941365 0.008313856 42150 g
 2.0069396 2.9855695 9.12131 42155 a
 0.0034370758 -0.012941365 0.0189665 42350 g
 2.156577 2.8083985 9.167996 42354 a
 0.22154997 0.11675458 0.08794237 42553 g
 2.1960814 3.9258924 8.817844 42557 a
 0.10357193 0.16149569 -0.14668211 42748 g
 2.8281507 2.9083564 10.869676 42752 a
 -0.76435226 0.40597388 -0.54535735 42949 g
 -0.40521863 0.66498953 9.709685 42953 a
 -0.9387893 0.38413596 -0.518992 43149 g
 -0.31244332 0.8846575 9.3978405 43153 a
 1.1760269 -0.79191595 -0.8343103 43350 g
 0.14724341 1.809418 9.250597 43355 a
 -0.2937717 -0.016403474 -0.5016815 43556 g
 1.1450269 2.219425 9.653421 43560 a
 -0.11480728 -0.019865584 -0.5959574 43751 g
 0.41000703 1.3030443 10.1861315 43756 a
 -0.55076677 0.01342393 0.25492257 43950 g
 2.5139117 -1.2240356 9.402629 43955 a
 -1.1747454 -0.31654173 0.55852294 44155 g
 0.7529764 1.733402 11.057621 44159 a
 1.6897507 -0.1985637 -0.22391379 44354 g
 -0.19812019 2.4774003 8.774749 44358 a
 0.5757504 0.31010008 -0.20527166 44554 g
 0.15741876 4.3299136 8.703522 44558 a
 0.40584072 0.36123276 -0.016187226 44752 g
 -1.1001357 3.6218286 8.696339 44757 a
 -0.10175779 -0.06886775 -0.03509567 44952 g
 -0.16460137 3.590704 9.387665 44957 a
 -0.18191893 -0.12958781 0.40299433 45152 g
 -0.33638534 4.337695 8.554482 45165 a
 -0.6407816 -0.12506044 0.07808868 45360 g
 1.560421 2.295441 9.648633 45363 a
 -0.27166745 -0.19563422 -0.4393635 45548 g
 0.142455 2.492364 9.589975 45551 a
 -0.20748529 0.18173571 0.34653533 45753 g
 -0.050278235 2.528277 9.937134 45757 a
 -0.104420945 -0.030251913 0.099393964 45955 g
 0.39205053 1.6136919 9.070433 45958 a
 -0.72120905 0.1055693 0.24506888 46153 g
 0.23582886 0.3393781 9.988011 46157 a
 0.21302785 0.1684199 -0.062259912 46352 g
 0.2621651 3.8313212 9.180567 46359 a
 1.2750965 -0.027322434 -0.19541797 46552 g
 0.15562311 4.1264067 8.7370405 46556 a
 0.59226197 0.26296213 -0.10273996 46754 g
 -0.30526072 5.499481 7.409456 46758 a
 1.6551296 -0.10721727 0.18008775 46953 g
 -0.6386533 10.819996 4.111443 46957 a
 1.0846804 -0.05688352 -0.65108484 47157 g
 -0.24121583 9.161413 4.43466 47160 a
 0.13792671 9.070727E-4 0.32709423 47354 g
 0.973243 7.9289975 5.3247046 47357 a
 -0.33664858 -0.043567717 0.18488143 47554 g
 0.86849666 7.541735 5.657499 47558 a
 -0.07778934 0.10636825 0.16011404 47757 g
 0.59495914 7.9888525 5.567716 47761 a
 0.18053728 0.044582915 0.029885462 47954 g
 0.6326678 8.290522 5.370793 47958 a
 0.09345192 0.016619723 -0.051873583 48153 g
 0.52073884 8.147469 5.336077 48157 a
 -0.06687038 0.019815516 -7.408914E-4 48355 g
 0.6476316 8.057087 5.421071 48359 a
 -0.04476614 -0.027056118 0.021895979 48555 g
 0.6584055 7.9996266 5.509058 48558 a
 0.012491823 0.006766027 -0.0063335295 48754 g
 0.59855044 8.076839 5.395932 48758 a
 0.01808446 0.0054344465 -0.0081977425 48950 g
 0.6278794 8.091804 5.429451 48955 a
 -0.012541891 1.0812434E-4 0.0011233214 49155 g
 0.59136784 8.055291 5.3887496 49159 a
 0.004236024 0.004635498 0.0019222697 49354 g
 0.60094464 8.075643 5.369596 49358 a
 0.018883409 0.001706021 -0.013257748 49558 g
 0.6631939 8.531737 4.7279496 49561 a
 0.20530468 -0.10668463 -0.25480646 49754 g
 0.25917232 8.241441 5.565322 49758 a
 -0.06181037 -0.019599268 -0.074510455 49956 g
 0.44232875 6.725911 4.961983 49959 a
 -0.6775332 0.10956404 0.05252233 50158 g
 0.12749124 7.697957 5.295376 50173 a
 -0.029586121 0.045914494 -0.37491503 50354 g
 1.1851299 10.221446 6.4380083 50358 a
 0.46656078 -0.57140625 -0.30487388 50556 g
 0.14425065 6.0040593 6.8641763 50560 a
 -1.2655592 0.32900852 -1.1096811 50758 g
 -0.81343 7.523779 5.486912 50761 a
 -0.12599255 -0.55809045 -0.11179471 50956 g
 0.62129533 9.419987 6.8049197 50960 a
 0.13552986 0.77748483 0.69168097 51156 g
 -0.40222588 6.0902505 5.773019 51160 a
 -0.07432723 1.6438111 0.47729653 51359 g
 0.52373165 9.466075 5.035006 51362 a
 0.57681566 0.011027085 0.5928777 51555 g
 2.456451 8.881291 3.4757824 51559 a
 -0.25196007 0.19052415 0.20325725 51756 g
 1.8303672 8.286332 5.3474493 51760 a
 0.19944572 -0.034779284 0.08448026 51958 g
 0.8265981 8.563461 4.7698483 51962 a
 -0.22239898 0.09811245 0.13428138 52156 g
 1.8004397 7.0700774 5.5150437 52160 a
 0.06415715 -0.18498157 -0.15094317 52355 g
 1.9249382 7.739856 5.577293 52359 a
 0.3262122 -0.0014897723 -0.1067347 52558 g
 1.1504139 8.331821 4.4460325 52562 a
 0.03459606 -0.008680307 -0.2026085 52755 g
 0.79248077 8.799889 4.173094 52759 a
 -0.071930386 -0.064340375 -0.08649468 52954 g
 0.90740246 9.127894 4.1665096 52958 a
 -0.1417052 0.010494453 0.12868874 53159 g
 1.0630256 8.641273 4.548983 53162 a
 -0.00508504 -0.0022887206 0.13374874 53356 g
 1.2575544 8.483255 4.685453 53360 a
 0.24099104 0.049909238 -0.04601463 53556 g
 0.83617496 8.503007 4.155137 53560 a
 0.045781337 -0.023594009 -0.1232463 53758 g
 1.033098 9.48882 3.9234982 53762 a
 0.025807628 -0.013207681 -0.007132478 53956 g
 0.81043726 8.845977 4.282628 53960 a
 -0.3566223 0.028071316 -0.14535053 54156 g
 0.8110358 8.629301 4.5807066 54160 a
 -0.08524619 0.02913658 0.032282304 54357 g
 0.8523358 8.849568 4.660912 54361 a
 0.18959203 -0.08724356 -0.04201989 54556 g
 1.1073183 8.15525 4.672883 54560 a
 0.15816674 -0.013740313 0.03334757 54756 g
 2.7503393 9.379285 7.183802 54760 a
 0.98374665 -1.451581 1.1609299 54958 g
 4.575918 7.9750857 -0.90500826 54961 a
 -1.056501 0.15190831 -0.0039366847 55156 g
 -2.8083985 7.948151 6.6905966 55168 a
 3.9326649 1.0190336 0.887157 55356 g
 0.27832595 8.043321 4.2143936 55359 a
 -0.78592384 1.6094563 -1.8516378 55559 g
 -1.1839328 8.08462 5.3408656 55562 a
 -0.11667149 -0.2648764 -0.13443157 55756 g
 -2.7431567 7.621941 7.2089415 55760 a
 0.05856451 -0.5540957 0.50685763 55955 g
 1.6352397 9.098565 5.864597 55959 a
 -0.12279676 1.2025254 1.6994212 56157 g
 4.644751 7.617751 3.4201171 56161 a
 0.18160255 -0.79431283 1.0112603 56357 g
 3.4823663 6.5487404 7.2580223 56361 a
 -0.19763158 0.9900051 -0.023377761 56558 g
 4.829105 5.443816 5.5587378 56562 a
 -0.29643485 -0.028920332 -0.14721476 56761 g
 0.5327099 4.146757 10.802638 56765 a
 2.1488795 4.645726 0.8844938 56958 g
 0.7823054 12.149975 4.4520183 56962 a
 1.2378123 0.02354394 0.08208342 57158 g
 -0.4830302 8.38629 5.3043537 57162 a
 -0.105486214 0.12793985 -0.1514758 57361 g
 -1.086369 7.843405 5.6880245 57365 a
 0.67801577 0.09145455 0.48475337 57558 g
 -0.0700304 7.629722 5.728726 57562 a
 -0.13265045 -0.045165613 0.2701026 57758 g
 -5.985504E-4 7.920019 5.3163247 57761 a
 0.43114075 0.1055693 0.048793904 57963 g
 -0.3878607 7.9708962 5.1355624 57966 a
 0.12993723 0.037126064 0.04293495 58159 g
 0.008978256 8.192958 5.2822075 58162 a
 -0.04343456 0.011559717 -0.0015398398 58358 g
 -0.062249243 8.177995 5.253477 58361 a
 0.008230765 3.7444045E-4 -0.0026051041 58560 g
 -0.10354923 8.163031 5.333084 58564 a
 0.019149726 0.011293401 -0.010860903 58758 g
 -0.11372458 8.188768 5.3007627 58761 a
 0.010627611 0.0049018143 0.0019222697 58959 g
 -0.14784196 8.181585 5.305551 58963 a
 -0.01733558 0.007831291 0.0032538502 59165 g
 -0.092176765 8.1642275 5.3181205 59169 a
 0.0029044435 -0.0036203011 0.002721218 59359 g
 -0.092775315 8.174403 5.295376 59362 a
 0.0154213 -0.003353985 -0.0060672136 59560 g
 -0.10235212 8.181585 5.269638 59564 a
 -0.0053513558 -0.0073487265 3.2437302E-4 59759 g
 -0.12330139 8.175002 5.309741 59763 a
 0.0055676047 -0.0036203011 -0.002072472 59958 g
 -0.12330139 8.191162 5.313332 59961 a
 -0.00854715 0.0022386531 3.2437302E-4 60306 g
