 0.2734816 0.080002956 0.26184678 7 g
 7.9360304 -4.2521024 4.321833 8 a
 0.4303418 -0.16287734 0.5715724 74 g
 7.1184106 -4.4873323 4.8461637 76 a
 0.24205631 0.20650311 0.35505742 284 g
 6.7742443 -4.9877205 5.2854996 289 a
 0.026073946 0.13007039 0.4573228 493 g
 6.2714615 -5.2319293 4.2631755 504 a
 -0.23544848 0.10104193 -0.053205166 683 g
 6.9125094 -4.7698483 5.0215387 693 a
 -0.14277047 -0.11813623 -0.3381634 894 g
 6.907721 -4.5016975 5.1711764 900 a
 -0.030651387 -0.020131899 -0.05693359 1092 g
 7.325509 -4.9242744 4.7833157 1097 a
 0.004236024 -0.006017146 0.078621306 1287 g
 6.9621887 -4.7638626 5.070021 1297 a
 -0.026124012 0.10050929 0.03601073 1478 g
 6.8418803 -4.5076833 4.588188 1479 a
 -0.51854247 0.102906145 0.08714342 1692 g
 6.4995093 -5.490503 5.0365024 1703 a
 0.056167666 0.007831291 0.018700184 1897 g
 7.402722 -5.4234653 4.318242 1907 a
 0.23246893 -0.17805736 0.1148403 2090 g
 7.6343613 -5.6616883 3.9968204 2094 a
 -0.1813863 0.06002925 -0.07397782 2291 g
 7.2081933 -4.5076833 4.3565493 2294 a
 0.19491835 0.1500441 0.039206523 2487 g
 8.371177 -4.583699 3.2252889 2491 a
 0.13206775 -0.0664709 0.15558666 2688 g
 5.6579475 -5.9867015 5.9325323 2692 a
 0.18586361 -0.8782024 0.17582668 2891 g
 7.647529 -7.36217 9.592669 2897 a
 -0.78432596 -0.36794072 -0.3615992 3089 g
 7.9342346 -6.2404866 9.738714 3093 a
 -0.665549 0.04298502 -0.2175222 3291 g
 7.2423105 -4.1299977 4.609736 3295 a
 -0.7387859 0.7868059 -0.2622633 3491 g
 7.7175593 -4.0958805 4.5612535 3494 a
 -0.21867056 1.1977316 -0.34775078 3689 g
 7.4260654 -0.5614403 0.4043208 3693 a
 0.5619019 1.4904131 -0.47638145 3891 g
 7.045986 -1.1623849 -0.7137714 3895 a
 0.05989609 0.22115049 -0.12138209 4089 g
 6.901137 -5.1744685 4.5307274 4093 a
 0.0037033919 -1.5700916 -0.0686515 4314 g
 8.658481 -8.074445 6.6376247 4318 a
 -0.4359845 -0.956233 -0.19515166 4493 g
 9.680805 -5.749077 5.753566 4496 a
 -0.057282995 0.41209915 -0.23057169 4692 g
 8.677634 -2.7934349 4.728249 4696 a
 0.011959191 1.0099788 -0.22684327 4890 g
 8.4442 0.11192893 1.7785926 4894 a
 0.25004578 1.1138421 -0.22684327 5091 g
 5.9638066 0.7978677 3.4683003 5094 a
 0.5395314 0.22008523 -0.026307238 5293 g
 8.393922 -4.8662148 7.114071 5297 a
 0.3938565 -1.2569039 -0.029769348 5489 g
 11.195138 -4.6112323 8.12203 5493 a
 -0.24130742 -0.754898 0.14440139 5693 g
 9.053524 -2.4145525 5.11192 5697 a
 -0.4905793 0.20064415 0.1960667 5894 g
 8.528595 -1.9458874 5.4650645 5898 a
 -0.2988317 0.027538683 -0.5035457 6087 g
 7.1010528 -0.1376666 3.80289 6091 a
 -0.18697894 0.30956745 -0.10060943 6288 g
 6.718579 0.635062 2.5650878 6292 a
 0.17361307 0.78414273 0.053587593 6488 g
 6.470779 1.8052281 1.1890204 6492 a
 0.2700195 0.9071808 0.10179081 6688 g
 5.298817 0.38486794 1.6804303 6692 a
 0.06761926 -0.29843223 0.4043259 6889 g
 7.861212 -3.9480386 5.0939636 6892 a
 0.2138268 -1.5487864 0.14653191 7089 g
 9.449166 -5.903503 7.2732854 7092 a
 0.37681225 -1.9408036 -0.23829485 7288 g
 12.431144 -5.703587 9.787796 7292 a
 0.24232262 -1.2531755 -0.37544766 7528 g
 13.071593 -4.0174704 8.179491 7538 a
 -0.26660746 -0.513882 -0.06172728 7695 g
 10.191967 -2.7036524 6.8076134 7699 a
 -0.34463808 0.0022386531 -0.08995679 7889 g
 10.160842 -2.2421699 5.125088 7893 a
 -0.34596965 0.60011834 -0.21645693 8089 g
 10.093206 -2.2930467 6.256947 8093 a
 -0.15608627 0.32607904 -0.12191472 8290 g
 10.227282 -2.0452468 5.3950343 8294 a
 -0.09669778 0.36735803 -0.020448284 8489 g
 10.584018 -2.2691047 5.324405 8492 a
 -0.13211782 0.3700212 0.107383445 8689 g
 10.886884 -2.4432828 5.9672484 8693 a
 -0.07805565 0.35617277 8.5700525E-4 8891 g
 11.712884 -3.4566288 5.3890486 8894 a
 0.046313968 0.004102866 -0.059330434 9089 g
 9.770588 -1.5717934 4.48823 9093 a
 -0.17819051 0.3702875 0.061044447 9289 g
 9.573665 -1.9405005 4.9808373 9293 a
 -0.1947021 0.23473261 0.031483356 9490 g
 8.705767 -1.1198878 4.3816886 9493 a
 -0.0021555626 0.2563042 -0.01592091 9699 g
 8.112004 -0.47524905 3.950732 9703 a
 -0.12785676 0.29199058 0.0013896375 9889 g
 8.080281 0.40222588 2.9254153 9892 a
 -0.018134529 -4.245079E-4 0.011243333 10090 g
 9.494058 -2.111686 5.2154694 10097 a
 0.08279928 -0.47872823 -0.20021166 10292 g
 10.227282 -1.6998832 4.9132013 10296 a
 0.21356048 -0.39830077 -0.50008357 10490 g
 10.894665 -0.62728083 4.103961 10494 a
 -0.11054622 0.14631566 -0.2635949 10690 g
 9.014618 -0.90021986 3.3701382 10693 a
 -0.22692636 -0.2747301 0.07728973 10891 g
 10.150068 -0.53809685 2.7278936 10895 a
 -0.1632768 -0.16767102 0.034679152 11091 g
 8.641722 -1.1965023 3.0523078 11094 a
 0.18213518 0.29412112 0.1230961 11291 g
 8.86917 -0.66139823 3.7172973 11295 a
 0.13126881 0.39585385 -0.16638951 11490 g
 8.681226 -0.27712885 4.7192707 11494 a
 -0.10095884 0.025141839 0.017102288 11691 g
 8.791359 -1.0235212 4.3110595 11695 a
 0.006366553 0.099976666 0.018433869 11892 g
 7.3099465 -0.39863458 4.792294 11895 a
 -0.50123197 -0.54184514 0.40006486 12092 g
 7.4404306 -2.345719 4.1153336 12095 a
 -0.120399915 0.21449259 0.09912765 12292 g
 9.423429 -0.84335756 3.9752727 12295 a
 0.024209732 -0.10375515 0.0354781 12491 g
 8.618378 -2.3989902 3.4150295 12495 a
 -0.54410887 -0.74238116 -0.37171924 12692 g
 10.314072 -3.3877954 6.708254 12696 a
 0.37548068 0.9926683 -0.04867779 12893 g
 10.691756 -1.6280571 1.9970635 12897 a
 0.5121008 0.20170942 -0.3482834 13092 g
 8.122778 -1.4041992 4.9670706 13095 a
 -0.015205052 0.25843474 0.273831 13291 g
 9.466524 -1.0923545 4.684555 13295 a
 -0.48125824 0.2938548 0.1148403 13492 g
 8.599823 -2.690484 5.292682 13495 a
 -0.6522332 -0.54237777 -0.26146436 13694 g
 9.986066 -1.1947067 3.170821 13697 a
 -0.51800984 -0.6265337 0.04000547 13893 g
 8.872762 -5.035605 1.3087305 13897 a
 -0.014938735 -0.19297105 0.9758403 14092 g
 7.7977653 -1.1629834 2.4220343 14096 a
 1.2282249 0.635272 -0.94776094 14293 g
 8.014441 -2.1811178 3.7406409 14297 a
 0.19624993 0.18359992 -0.647889 14492 g
 8.298154 -0.80684596 4.619313 14496 a
 0.006899185 -0.09390146 0.11111187 14693 g
 8.576479 -0.94092125 5.6224833 14697 a
 -0.27486324 0.118618794 -0.03296514 14895 g
 7.757064 -2.2691047 5.7834935 14898 a
 -0.35129598 -0.051024567 0.2522594 15094 g
 7.7923784 -2.3744495 3.8094742 15106 a
 -0.023194535 -0.06673722 0.04772864 15294 g
 8.533383 -2.930503 4.676175 15300 a
 0.1509762 0.18679571 -0.17571057 15494 g
 8.037186 -1.541866 5.2573676 15497 a
 0.18666255 0.44964972 -0.6324427 15694 g
 7.8121305 -0.7386112 6.364686 15698 a
 -0.08497987 0.8805492 -0.9695989 15894 g
 8.670452 -0.9020155 6.5448494 15898 a
 0.119284585 -0.4880493 -0.3232497 16094 g
 8.185027 -0.09876082 5.5039706 16098 a
 0.16136253 -0.047828775 0.020830713 16294 g
 7.590667 -0.22924481 5.8894367 16298 a
 -0.017069265 0.027804999 -0.04175357 16494 g
 6.952612 -3.2094274 5.0125604 16498 a
 -0.46714348 -0.047828775 0.57503456 16695 g
 7.764845 -1.929128 5.3232083 16699 a
 0.12594248 -0.06593827 -0.102207325 16895 g
 8.765621 1.1845313 8.7570915 16899 a
 -0.26793903 0.73966795 -0.3400276 17095 g
 6.807164 -0.53091425 7.0643916 17099 a
 -0.06926722 0.21901996 -0.007132478 17295 g
 7.679252 -1.2880806 5.191527 17299 a
 0.05164029 -0.89125186 0.80220217 17495 g
 9.212738 -1.7034745 4.7593737 17499 a
 -0.017069265 0.46669394 0.59980196 17694 g
 6.820931 -3.8983588 4.8916535 17698 a
 -0.039173502 -0.11920149 0.15105928 17895 g
 6.766463 -3.043629 5.5135474 17896 a
 -0.26660746 -0.6805959 0.04080442 18095 g
 8.9781065 -3.0771477 4.1530423 18098 a
 -0.18857683 -0.4185408 -0.12191472 18296 g
 8.717138 -3.1196449 4.349965 18299 a
 0.046047654 -0.19829738 0.050125483 18496 g
 8.389731 -2.9370868 3.5945945 18499 a
 -0.09137146 -0.12798992 0.10285608 18696 g
 8.645911 -3.318962 3.695151 18700 a
 0.047911864 0.23366734 0.03627705 18897 g
 8.350227 -3.1196449 3.736451 18900 a
 0.10783299 0.07867137 -0.06439044 19097 g
 8.346038 -3.0897174 3.8394017 19100 a
 0.024476048 0.03179974 -0.024443025 19295 g
 8.689606 -3.1040826 3.3874962 19299 a
 0.019416042 -0.16101313 0.035744414 19495 g
 8.39871 -3.1244333 3.5904047 19499 a
 -0.0136071555 -0.061410896 -0.002072472 19696 g
 8.463952 -3.3770216 3.404854 19700 a
 -0.003220827 0.0922535 0.033880204 19897 g
 8.343044 -3.9151182 3.766977 19901 a
 -0.062076688 -0.042236138 0.015504391 20096 g
 8.416666 -3.264494 3.817854 20108 a
 -0.1547547 -0.098961465 -0.021247232 20296 g
 7.7834 -3.7475243 4.5199537 20300 a
 0.013823404 0.04351765 0.0069822758 20497 g
 8.405294 -3.448249 3.468899 20501 a
 -0.2988317 -0.20229211 -0.015654594 20696 g
 8.307731 -3.442862 4.093187 20700 a
 0.32488063 0.20330732 0.039739158 20898 g
 7.719355 -3.7325604 4.5331216 20902 a
 -0.073794596 0.0195492 -0.018317755 21098 g
 8.310124 -3.345897 3.404854 21101 a
 -0.3054896 -0.11973412 -0.035894617 21297 g
 8.443003 -3.567959 3.9130235 21301 a
 0.39359018 0.20783469 0.056517072 21498 g
 8.077289 -4.0318356 4.303877 21502 a
 -0.05515247 -0.09656462 0.0024549018 21698 g
 8.425046 -3.4183214 3.3294368 21702 a
 -0.39630342 -0.19643316 -0.03163356 21898 g
 8.513632 -3.6373909 3.5844193 21902 a
 0.39838386 0.21076417 0.045864426 22099 g
 8.040777 -4.000711 3.9992146 22102 a
 -0.030118754 -0.03797508 0.009379121 22297 g
 8.346038 -3.5272577 3.2552166 22301 a
 -0.36114967 -0.13518046 -0.0060672136 22498 g
 8.430433 -3.684078 3.612551 22502 a
 0.36296383 0.17374623 0.042136002 22699 g
 7.892935 -3.8744168 4.179977 22702 a
 0.046047654 0.11489037 -0.01725249 22901 g
 8.202385 -3.8444893 3.6748004 22918 a
 -0.07432723 0.15563673 -0.109397866 23097 g
 8.02282 -3.083732 4.3792944 23101 a
 0.09797929 0.31116533 -0.0207146 23299 g
 5.902755 -3.3075895 4.584597 23303 a
 0.13899197 0.11249352 0.008580172 23499 g
 8.081478 -3.3267434 4.9700637 23503 a
 0.004768656 0.08825876 -0.01592091 23699 g
 7.273435 -3.4638114 5.0849853 23703 a
 -0.08231671 0.08612823 -0.096082054 23900 g
 7.5697174 -3.071761 4.849755 23904 a
 -0.14569995 -0.4702061 0.0999266 24102 g
 8.053945 -2.891597 3.6730046 24106 a
 -0.07592513 -0.1737963 0.22669306 24299 g
 8.705168 -3.9438488 3.5814264 24302 a
 -0.047695618 -0.19962895 0.13694453 24501 g
 7.9611697 -3.8827965 3.914819 24505 a
 -0.07432723 0.009695504 0.020830713 24699 g
 8.313716 -3.819949 3.5706525 24703 a
 0.05909714 0.045914494 0.005384379 24898 g
 8.2532625 -3.7373488 3.4455554 24902 a
 0.055368718 -1.5819176E-4 -0.014323013 25103 g
 8.331673 -3.9223008 3.1792006 25117 a
 -0.032249283 -0.061410896 0.028820196 25300 g
 8.346038 -3.9606082 3.373131 25304 a
 -0.046364035 -0.09656462 0.058381286 25500 g
 8.338855 -4.1018662 3.4683003 25505 a
 -0.06527248 -0.0020224045 -0.0063335295 25700 g
 8.27062 -4.050989 3.5203743 25704 a
 0.029536054 0.044582915 0.012042282 25900 g
 8.3203 -3.867833 3.2576108 25905 a
 0.056167666 0.009695504 5.9068913E-4 26100 g
 8.244284 -3.8426938 2.976292 26104 a
 -0.012009258 -0.036110867 -0.023644077 26302 g
 8.282591 -4.0557775 3.2498295 26306 a
 -0.048494566 -0.013473997 -0.013524065 26501 g
 8.146122 -4.016872 3.541922 26505 a
 -0.013074523 0.076008216 0.013373862 26701 g
 8.177845 -4.0557775 3.5664628 26705 a
 -0.0013566143 0.041919753 0.013640178 26902 g
 8.326285 -4.000711 3.4042556 26906 a
 0.004236024 -0.0012234562 -0.0031377363 27100 g
 8.254459 -3.9713821 3.333028 27104 a
 0.015154985 0.020081833 0.0051180627 27300 g
 8.258649 -3.9875429 3.3545759 27304 a
 -0.012541891 -0.03584455 -0.006599846 27502 g
 8.288577 -3.9612067 3.368941 27506 a
 -0.022661902 -0.120799385 0.013373862 27700 g
 8.229321 -3.9390604 3.28275 27704 a
 -0.09669778 -0.01800137 0.037342314 27902 g
 8.323293 -3.9665937 3.1738136 27906 a
 0.062292933 0.09038928 0.052256014 28102 g
 8.152107 -4.085107 3.3803136 28106 a
 0.12194774 0.08453033 0.06344129 28303 g
 8.168866 -4.1317935 3.3551743 28307 a
 -0.1795221 -0.18870999 -0.022578811 28501 g
 8.07669 -4.203021 3.4204164 28507 a
 0.11156142 0.13646197 -0.03163356 28702 g
 8.20059 -4.187459 3.302502 28707 a
 0.05803188 -0.003353985 0.011243333 28902 g
 8.234707 -4.147356 3.2127194 28906 a
 -0.049027197 -0.0073487265 0.006183327 29102 g
 8.094048 -4.197036 3.452738 29107 a
 0.19971205 0.111694574 -0.009263007 29303 g
 8.128165 -4.3035774 3.4365773 29307 a
 -0.035977706 -0.056084573 0.007781224 29503 g
 8.243686 -4.1880574 2.7703907 29507 a
 -0.015737684 -0.068335116 -0.010328271 29703 g
 8.191013 -4.184466 3.0900166 29707 a
 0.017818145 -0.08537935 -0.009529323 29904 g
 8.227525 -4.2610803 3.283947 29908 a
 -0.041836664 -0.061943527 -0.015121961 30103 g
 8.071302 -3.9067385 3.3126774 30107 a
 -0.039173502 -0.092836194 -0.031367242 30302 g
 8.370578 -4.3089647 2.809895 30306 a
 -0.09270304 -0.2036237 0.015238075 30504 g
 8.406491 -4.2503066 2.519598 30508 a
 -0.1731305 -0.18338367 0.007514908 30703 g
 8.52261 -4.329315 2.0353708 30707 a
 0.008497082 -0.011077153 -0.043617785 30902 g
 8.51842 -4.234744 2.4190416 30907 a
 0.077472955 0.102906145 -0.026573554 31104 g
 8.70816 -4.1641154 2.740463 31107 a
 0.21249522 0.4909287 0.041603368 31317 g
 7.861212 -4.189853 3.8208466 31322 a
 0.1890594 0.26669055 -0.020448284 31494 g
 7.9162784 -4.0066967 3.9477394 31495 a
 -0.0772567 -0.089107774 -0.02950303 31694 g
 8.386739 -3.9348705 3.4222121 31695 a
 -0.10894832 -0.1969658 0.015238075 31905 g
 8.155699 -3.989937 3.2522237 31909 a
 0.06788557 0.024609206 0.007514908 32103 g
 8.003667 -4.107253 3.4413657 32107 a
 0.103305615 0.0509745 -0.0010072076 32304 g
 8.244284 -4.280234 3.4964323 32308 a
 0.04897713 -0.015338209 0.0035201663 32504 g
 8.273014 -4.3915644 3.4760816 32508 a
 -0.0128082065 -0.07259617 0.013373862 32705 g
 8.246079 -4.26946 3.018789 32709 a
 -0.07352828 -0.11334254 0.04293495 32906 g
 8.197597 -4.144363 2.8182747 32910 a
 -0.057549313 -0.037176132 0.04692969 33105 g
 8.290372 -4.0174704 3.0726585 33109 a
 0.015154985 0.09038928 0.006183327 33304 g
 8.590844 -4.18686 3.084031 33308 a
 0.001572863 0.11222721 -0.32777706 33504 g
 8.54296 -3.6870706 3.2606034 33508 a
 -0.0788546 -0.066204585 -0.2558717 33705 g
 8.908675 -3.0585926 3.1420906 33709 a
 0.016486565 0.49518976 -0.5016815 33906 g
 5.2497363 0.15801731 6.0953383 33910 a
 0.65324837 -0.047029827 -0.31472757 34106 g
 8.027609 0.10654198 5.4560866 34110 a
 -0.18671262 -0.1258594 -0.30913493 34306 g
 8.420856 1.1198878 6.34254 34310 a
 -0.11587254 0.43047497 -0.20367377 34506 g
 7.5421844 0.22744916 6.01633 34510 a
 -0.065805115 0.11915142 -0.068385184 34707 g
 8.341249 1.7280151 7.670723 34710 a
 -2.228292 -0.3607502 1.3806407 34906 g
 6.60665 -3.6481647 4.3691187 34910 a
 0.11688774 -0.2201353 1.0940846 35106 g
 7.776816 -3.2369606 4.475661 35120 a
 0.19864678 0.25896737 0.123362415 35308 g
 7.8893437 -3.289633 4.86831 35312 a
 0.08173401 0.22035155 0.13614559 35508 g
 7.2488947 -3.3859997 4.746804 35513 a
 0.45777234 0.33566642 -0.21192956 35706 g
 9.1457 0.45190558 7.9179244 35710 a
 1.3773619 -0.8403855 0.6903494 35908 g
 7.8241014 -0.43634325 5.3357778 35912 a
 0.042585544 -0.19483526 0.27116784 36108 g
 9.679607 -1.3467385 4.966472 36111 a
 -0.013074523 -0.38285443 0.23628044 36306 g
 8.431031 -1.6172832 4.5426984 36310 a
 0.026872894 0.15270725 0.6259009 36503 g
 8.868572 -2.6431987 4.912004 36507 a
 -0.11613885 -0.15328996 0.25731942 36716 g
 8.195802 -2.677316 4.3535566 36720 a
 -0.042901926 -0.23638058 0.023227558 36918 g
 9.090035 -2.8658595 3.7316625 36922 a
 -0.08098513 -0.31734067 -0.15840003 37120 g
 8.7075615 -2.545635 3.664625 37124 a
 -2.5033714E-5 -0.058747735 0.021097029 37319 g
 8.660875 -2.4732103 3.7358525 37324 a
 -0.07592513 0.06269241 0.03627705 37518 g
 8.706964 -2.5701754 3.805883 37523 a
 0.030068686 0.10157456 -0.017518805 37715 g
 8.702175 -2.420538 3.8531682 37719 a
 -0.003220827 0.04005554 0.010710701 37918 g
 8.689007 -2.4911668 3.1612442 37922 a
 0.058298193 0.026739735 0.017368603 38119 g
 8.652495 -2.6497827 3.551499 38123 a
 0.050042395 -0.11547307 0.052788645 38326 g
 8.916456 -2.5270798 3.4964323 38330 a
 -0.0871104 -0.13464783 -0.02550829 38522 g
 8.825477 -2.393603 3.3461962 38525 a
 -0.03704297 0.038990278 0.023227558 38722 g
 8.963143 -2.486977 3.509002 38726 a
 0.04205291 0.10743351 0.09539922 38927 g
 8.743475 -2.4462755 3.546112 38930 a
 -0.0061503043 -0.0896404 -0.043351468 39122 g
 8.832061 -2.521693 3.3605614 39126 a
 -0.10894832 -0.067269854 -0.09208731 39324 g
 8.892514 -2.4265234 3.3120787 39328 a
 0.009562346 -0.013740313 -0.029769348 39525 g
 8.901492 -2.2840683 3.2139165 39529 a
 0.019948674 -0.030518228 -0.0010072076 39723 g
 8.975114 -2.3756466 3.0151978 39727 a
 0.038324486 0.08426402 0.009112804 39925 g
 8.821885 -2.2762873 3.492841 39929 a
 0.044449758 0.022478677 0.010444385 40125 g
 8.833856 -2.3708582 3.5185788 40137 a
 -0.074593544 -0.05635089 -0.016719857 40329 g
 9.427019 -2.1110873 3.3922846 40332 a
 -0.12759045 0.53673506 -0.6675964 40525 g
 9.74485 -1.7884687 5.163994 40528 a
 -0.007215569 1.2896107 -0.86280614 40725 g
 6.2481184 -0.26036942 5.736208 40729 a
 -0.18404946 0.16895254 -0.25986648 40922 g
 7.792977 0.5057751 5.584775 40926 a
 0.10650141 -0.029186647 -0.06492307 41123 g
 7.9827175 -0.021547815 5.8517284 41127 a
 0.042851858 -0.19669949 -0.056667276 41325 g
 8.1138 -1.3293805 3.4060512 41331 a
 -0.66288584 -0.6132179 0.77716845 41524 g
 8.129961 -2.7449522 5.278317 41528 a
 -0.19124 0.5559098 -0.5261826 41723 g
 7.084892 -2.5540147 5.674557 41727 a
 0.1576341 0.21209575 -0.3000802 41927 g
 7.542783 -2.4343045 6.080973 41930 a
 -0.35608968 -0.24090795 -0.13949159 42123 g
 7.3009686 -2.0512323 6.474819 42127 a
 -0.07991987 -0.0014897723 -0.076374665 42324 g
 7.6511207 -1.9991584 6.1348424 42327 a
 0.0058339206 0.1849315 -0.04894411 42527 g
 7.095067 -2.1212628 5.5512557 42531 a
 0.26123106 0.14604935 -0.37384975 42725 g
 6.999299 0.06464344 7.6354084 42729 a
 0.19971205 0.39079386 0.5233692 42926 g
 5.701043 -0.33638534 6.139631 42930 a
 0.395987 -0.11547307 0.7308295 43129 g
 9.286959 0.7835025 6.736386 43131 a
 -0.26181376 0.5039782 -0.23776223 43325 g
 2.885462 -0.9187749 7.355287 43329 a
 -1.1987138 -0.79191595 -1.1094148 43525 g
 6.373215 -0.29328972 5.59914 43529 a
 -0.069799855 1.2384781 0.016569655 43724 g
 7.0860887 0.4309563 5.6877255 43728 a
 0.3560396 0.4525792 -0.32458127 43927 g
 7.6846395 0.6332663 6.8195844 43930 a
 0.105169825 -0.15222469 0.33215424 44125 g
 8.120384 0.5315128 6.2641296 44129 a
 -0.12972097 -0.54370934 0.0067159594 44327 g
 9.043947 0.7350199 5.904401 44330 a
 0.12700775 0.1369946 0.18381616 44527 g
 4.061015 0.093373865 7.0757637 44530 a
 -0.1020241 0.7655006 -0.1711832 44727 g
 6.5156703 0.7835025 6.770503 44730 a
 0.10010982 -0.10242358 0.22110042 44928 g
 6.8586397 0.3812766 6.7728972 44932 a
 0.038324486 -0.33198807 0.26477626 45123 g
 6.622811 0.4782418 5.952285 45127 a
 -0.080718815 -0.17273103 0.16464141 45325 g
 7.78759 1.3724761 5.5464673 45331 a
 -0.04423351 -0.55542725 0.38009113 45526 g
 7.089082 -0.2681506 4.566042 45530 a
 -0.03304823 -0.39084393 0.17902248 45726 g
 8.760833 -1.9405005 4.286519 45730 a
 -0.20535475 -0.7197443 0.0900729 45928 g
 8.302942 -0.12808979 4.333804 45932 a
 -0.04529877 -0.044100348 0.15665193 46125 g
 9.297134 -1.3162124 3.9878423 46129 a
 0.13073617 0.39558753 0.054919176 46328 g
 8.838046 -3.9402575 4.1428666 46331 a
 -0.08684409 -0.25289217 0.07302867 46528 g
 8.194006 -1.3395559 3.9501336 46532 a
 0.0551024 -0.05235615 0.19313723 46727 g
 8.944588 -1.1336545 3.4030585 46731 a
 0.094250865 0.15989779 0.34760058 46921 g
 8.666861 -2.7790697 4.1608233 46925 a
 -0.097496726 -0.10082568 -0.14082317 47118 g
 9.094824 -2.380435 3.5024178 47123 a
 -0.10149147 -0.18151946 -0.47824568 47319 g
 9.068488 -0.9295488 3.2773628 47324 a
 -0.0069492524 0.28746322 -0.40367717 47521 g
 8.8266735 -0.4902128 4.0566754 47525 a
 0.010094978 -0.023327693 -0.0670536 47720 g
 8.758439 -0.8996213 3.5509005 47724 a
 -0.0018892465 -0.22919004 0.21497515 47923 g
 8.842236 -1.4580688 3.3252468 47927 a
 0.035395008 0.004369182 0.32523003 48120 g
 9.351603 -2.0679917 3.4503438 48124 a
 -0.03730929 -0.0994941 0.29460368 48321 g
 9.0732765 -1.4239515 3.048118 48324 a
 0.18772782 0.45417708 -0.04468305 48523 g
 8.706964 -2.5139117 3.2169092 48527 a
 0.037791852 -0.13890888 -0.2622633 48721 g
 8.321497 -2.1098902 3.0289645 48725 a
 -0.20269158 -0.36288074 -0.10886523 48919 g
 9.664644 -1.3742718 1.9785085 48924 a
 -0.069533534 -0.30162802 -0.030035663 49124 g
 9.533562 -2.5761611 1.0483611 49128 a
 -0.17046735 -0.42306817 0.05092443 49321 g
 9.416844 -2.1637597 0.63176996 49325 a
 0.08200033 0.15989779 0.028287563 49521 g
 9.668236 -2.2679076 1.1884218 49525 a
 0.103305615 0.14391883 0.08794237 49723 g
 8.899098 -2.5121162 1.9156606 49727 a
 0.21915312 0.63180995 -0.02683987 49922 g
 10.758794 -1.7980455 3.4473512 49925 a
 0.17734149 0.7918659 -0.094217844 50121 g
 7.874978 -2.223615 5.05805 50125 a
 0.08120138 0.4363339 -0.009795639 50324 g
 6.6820674 -1.9662381 5.680543 50335 a
 0.011692875 0.33140537 -0.1248442 50520 g
 7.8217072 -1.2210429 5.384859 50525 a
 -0.007748201 -0.20761845 -0.036959883 50719 g
 7.325509 -1.6460136 4.6151233 50724 a
 -0.035445075 -0.5050935 -0.02550829 50921 g
 8.999056 -1.8381484 3.4665048 50925 a
 -0.12732413 -0.47926086 0.124694 51120 g
 9.293543 -1.9841946 2.4250271 51125 a
 -0.19896317 -0.14636573 -0.09208731 51321 g
 9.717317 -2.3026235 1.5750854 51325 a
 -0.10974727 -0.23398374 -0.039356727 51525 g
 9.651476 -2.0883424 1.588852 51529 a
 0.019416042 0.3039748 -0.1530737 51719 g
 9.908254 -1.7950528 2.245462 51724 a
 0.105169825 0.39691913 -0.033231456 51920 g
 8.965537 -2.0919337 2.934992 51924 a
 0.1741457 0.22727576 0.1497277 52127 g
 8.519617 -2.0626047 3.6933553 52131 a
 0.02500868 0.16735464 0.16730458 52323 g
 8.580669 -2.3122003 3.8729205 52327 a
 0.068418205 -0.027588751 0.06823498 52525 g
 8.879945 -2.1613655 3.2246904 52529 a
 -0.12945466 -0.25875112 -0.08649468 52726 g
 9.139715 -2.1853075 2.9499557 52730 a
 0.0055676047 -0.08138461 0.013373862 52922 g
 8.788366 -2.3343468 3.1456819 52926 a
 0.101441406 0.15537041 0.085545525 53121 g
 8.82787 -2.6120741 3.3306339 53125 a
 0.035395008 0.02301131 0.024026506 53325 g
 9.094824 -2.3493104 3.0493152 53329 a
 -0.021064006 -0.12053307 -0.15760107 53527 g
 9.082853 -1.8962077 2.8811226 53531 a
 -0.045831405 -0.03850771 -0.14082317 53723 g
 9.0637 -1.7597382 2.7656024 53726 a
 0.0018391791 -0.015604526 0.15026034 53925 g
 8.989479 -2.4289176 2.9517515 53929 a
 0.071614 0.13459776 0.21683937 54122 g
 8.806921 -2.5971103 3.2336686 54125 a
 -0.039173502 -0.10242358 -0.03775883 54322 g
 8.979902 -2.1212628 2.8918965 54326 a
 -0.041037716 -0.09576567 -0.16053055 54531 g
 9.38153 -2.1942859 2.3909097 54534 a
 -0.08178408 -0.07952039 0.086610794 54723 g
 9.160066 -2.4139538 2.4800937 54727 a
 -0.013340839 0.084796645 0.08394763 54923 g
 9.29474 -2.3600843 2.887108 54927 a
 0.029536054 0.18253466 0.074892886 55121 g
 8.689606 -2.545635 3.4228106 55125 a
 0.088125594 0.10370509 -0.002072472 55323 g
 8.6752405 -2.7072437 3.5509005 55327 a
 -0.018933477 -0.08857514 0.013640178 55523 g
 8.939799 -2.393603 2.9409776 55529 a
 -0.03677666 -0.15222469 -0.029769348 55726 g
 9.066093 -2.248754 2.6841993 55730 a
 -0.10149147 -0.18524788 0.0354781 55922 g
 8.990078 -2.3092074 2.4627357 55926 a
 -0.08790935 -0.13810994 -0.0012735237 56122 g
 9.294142 -2.509722 2.4058735 56126 a
 0.0071655014 -0.025458222 0.002987534 56326 g
 9.064298 -2.6246436 2.5531168 56330 a
 0.019416042 0.014489194 0.029885462 56517 g
 9.155876 -2.432509 2.3579893 56522 a
 0.006899185 0.13992408 0.064772874 56721 g
 9.124153 -2.408567 2.58065 56725 a
 -0.02479243 0.11515668 0.059180234 56922 g
 8.594436 -2.790442 3.1019876 56925 a
 0.070548736 0.10423772 -0.051340953 57122 g
 8.800936 -2.7389667 2.892495 57125 a
 0.05297187 -0.14050677 -0.0018061559 57321 g
 8.853009 -2.7988217 2.8901007 57325 a
 -0.0871104 -0.30828592 -0.084364146 57525 g
 9.395296 -2.0308816 1.9396026 57529 a
 -0.03730929 -0.3642123 -0.12750736 57723 g
 9.512612 -2.348712 1.0453683 57727 a
 -0.2506285 -0.41268185 -0.0207146 57921 g
 9.653871 -2.3756466 0.5210382 57925 a
 -0.013074523 -0.0065497784 -0.012991432 58122 g
 9.708937 -2.3864205 0.71436995 58126 a
 0.061493985 0.14098935 0.101524495 58324 g
 9.731083 -2.7114334 1.4015058 58328 a
 0.39092702 0.9053166 0.07702341 58523 g
 12.906992 -2.4762032 3.1462803 58527 a
 0.33500063 0.95112294 -0.33416864 58727 g
 4.6033015 -2.4193408 6.6717424 58730 a
 0.0074318172 0.76656586 -0.37331712 58923 g
 7.027431 -0.2741361 6.3491235 58927 a
 -0.049826145 -0.0022887206 -0.11685471 59124 g
 10.175806 -0.66259533 7.155371 59128 a
 -0.17073366 -1.0864615 -0.32298338 59328 g
 7.943213 -1.1073183 6.0175266 59332 a
 -0.29483697 -0.1823184 -0.36399606 59526 g
 7.9468045 -0.45908818 5.436334 59530 a
 -0.034646127 0.016619723 -0.20926641 59728 g
 7.5272207 -0.35314476 5.808034 59731 a
 0.086261384 0.5111687 -0.17411268 59928 g
 6.422895 -0.018555064 7.801207 59932 a
 0.4106344 1.1825516 0.974775 60269 g
