 0.1906573 0.17587675 0.52922815 2 g
 -0.5057751 7.878121 6.791153 4 a
 0.9624414 0.14232093 0.8187138 95 g
 -1.1797429 11.538856 2.1751323 97 a
 -0.43385398 -0.2283911 -0.6209911 302 g
 2.8329391 6.4745197 5.9124813 311 a
 0.38347015 -0.30189434 0.27542892 502 g
 1.8171991 6.531981 5.1463366 507 a
 0.55657566 -0.88459396 0.5617187 701 g
 2.8724434 8.309675 5.8203044 706 a
 -0.33984438 0.017152356 -0.2356317 906 g
 3.0508115 7.7470384 5.5701103 910 a
 -0.17499472 0.3250138 -0.64203006 1103 g
 2.0697873 8.219295 5.473145 1107 a
 -0.13611257 0.017684987 -0.2622633 1303 g
 1.4814123 8.2995 5.835268 1307 a
 -0.09802936 0.35484117 0.15798351 1504 g
 0.6619968 7.543531 6.6486983 1507 a
 -0.04343456 0.010494453 -0.11206102 1703 g
 2.260725 7.317279 6.0399723 1707 a
 0.32567957 -0.3295912 0.12575926 1905 g
 1.590947 8.264186 6.054936 1909 a
 0.022611836 -0.15595311 -0.03829146 2103 g
 1.6274586 7.8876977 5.5018754 2107 a
 0.03938975 0.2890611 0.15052666 2304 g
 1.4957775 8.198944 5.5940523 2308 a
 0.6702926 0.058697667 -0.1362958 2504 g
 0.5805939 8.479065 4.8039656 2508 a
 0.10090877 0.038457643 -0.22338116 2704 g
 0.7733272 8.347384 4.5980644 2708 a
 0.06282557 -0.06380774 0.20991515 2911 g
 1.887828 8.616134 4.582502 2915 a
 -0.06687038 -0.0025550367 0.4011301 3103 g
 1.7812861 7.8966756 4.5992613 3107 a
 0.008497082 0.08666086 0.22882359 3304 g
 2.1505916 8.093599 4.4544125 3308 a
 0.19278783 -0.1144078 -0.016453542 3505 g
 2.3959973 8.480861 4.301782 3509 a
 0.06202662 -0.06061195 -0.15174213 3704 g
 2.119467 8.385093 4.598663 3708 a
 -0.16780418 0.06482294 0.06424024 3904 g
 2.15538 8.225879 5.0122614 3910 a
 -0.29829907 0.151642 0.21710569 4106 g
 2.6013002 8.046912 5.1726727 4109 a
 -0.016004 0.0054344465 0.0735613 4313 g
 2.7569232 7.824251 5.21936 4314 a
 0.62102413 -0.77433914 -0.17917268 4507 g
 3.554791 7.723695 5.433042 4511 a
 0.618361 -0.3722018 -0.13523053 4705 g
 2.8526914 7.7614036 4.5394063 4709 a
 -0.14729784 1.0059841 0.14599928 4906 g
 2.2272062 7.9750857 2.9532478 4910 a
 0.68627155 0.48533607 0.08474658 5097 g
 1.5634137 6.4457893 3.1322143 5104 a
 1.2463343 -0.45396084 -0.019915652 5307 g
 2.15957 8.067263 3.2561142 5310 a
 0.5011819 0.04484923 -0.040421993 5505 g
 1.287482 7.3226657 3.8109705 5509 a
 0.67268944 0.37907594 -0.036160935 5705 g
 2.6431987 8.004415 5.0691237 5709 a
 0.23459946 0.16788727 -0.0036703686 5906 g
 2.8030117 8.176199 5.2061915 5910 a
 -0.09430093 -0.05368773 0.0040527987 6105 g
 2.6078842 8.351574 5.005079 6109 a
 -0.21148002 -0.040904555 -0.10273996 6306 g
 2.2852654 7.7733746 5.3366756 6310 a
 0.20743522 -0.08644461 -0.008730374 6507 g
 1.8614918 7.307702 4.96737 6511 a
 0.12540986 0.028870264 0.12842242 6706 g
 2.1936872 7.992444 4.1611223 6710 a
 0.15070988 0.1404567 0.11297609 6907 g
 2.6431987 8.580819 4.0378213 6911 a
 0.24152367 -0.16314365 -0.06092833 7107 g
 2.582745 8.832211 3.7774518 7111 a
 0.096381396 -0.066204585 -0.07371151 7306 g
 2.5450363 8.701726 3.7086184 7310 a
 -0.069533534 -0.011343468 0.0051180627 7507 g
 2.2649148 8.401853 3.9234982 7511 a
 -0.22905688 0.07813875 0.054919176 7707 g
 2.3355439 8.057087 4.501099 7711 a
 -0.23624742 0.119684055 0.09326869 7907 g
 2.3942018 8.0606785 4.673482 7911 a
 -0.01467242 -0.04942667 0.071697086 8106 g
 2.509722 8.1642275 4.329315 8110 a
 0.066287674 -0.07792249 0.016569655 8307 g
 1.7962499 8.626308 3.5075054 8310 a
 -0.16966839 0.0922535 -0.022312496 8507 g
 2.6090813 7.893683 3.4626143 8510 a
 -0.062076688 0.15270725 0.39660275 8707 g
 3.1705215 7.8116817 3.426701 8711 a
 0.16988464 -0.019599268 0.27276576 8910 g
 3.8953662 8.22528 3.5889084 8914 a
 -0.521472 0.22674313 0.047994956 9107 g
 4.5567646 7.9146323 3.833117 9111 a
 0.12833934 -0.11733728 0.021363346 9307 g
 3.6373909 9.121908 3.1381998 9311 a
 0.08945718 0.013690245 0.01630334 9507 g
 4.0539823 8.081029 3.1693244 9511 a
 -0.33877912 0.2379284 0.03894021 9707 g
 4.189853 8.383297 3.276465 9711 a
 -0.07592513 0.038191326 0.013640178 9907 g
 4.347272 8.100183 3.8127663 9911 a
 -0.07832197 0.0027712854 -0.054803062 10108 g
 3.8654387 7.973889 3.645172 10115 a
 0.38879648 -0.19883001 -0.09315258 10310 g
 3.846285 8.276755 3.0945058 10314 a
 -0.08018618 0.056833453 0.03254862 10509 g
 4.320337 8.100781 3.3979707 10512 a
 0.036460273 -0.09736357 -0.0015398398 10709 g
 4.1102457 8.118139 3.436278 10712 a
 -0.29616854 0.19771467 -0.032432508 10910 g
 3.8480806 8.316858 3.2704794 10914 a
 -0.15901574 0.085861914 0.025358086 11108 g
 4.110844 8.147469 3.6613328 11112 a
 -0.08604514 0.0025049692 0.01417281 11309 g
 4.127005 8.695142 3.57993 11313 a
 -0.21148002 0.092786126 -0.12191472 11508 g
 4.1557355 7.356185 4.350863 11512 a
 0.1938531 1.0812434E-4 -0.20340745 11708 g
 2.734777 8.553286 4.261679 11712 a
 -0.14490099 0.04218607 -0.4324393 11909 g
 1.7375919 8.828619 3.3800142 11913 a
 -0.29670116 0.20570415 -0.29954755 12109 g
 0.25079262 8.7609825 6.4727244 12113 a
 0.13952461 0.693329 0.14173822 12309 g
 -1.0324994 7.902063 4.3329067 12313 a
 0.24179 -0.30509013 -0.07477677 12509 g
 -0.047285482 8.860342 4.471172 12512 a
 -0.107350424 -0.2595501 -0.627649 12743 g
 2.367267 11.082161 7.893683 12745 a
 -1.2394602 0.30344218 -0.46333197 12912 g
 1.7112557 5.662287 0.40581718 12915 a
 1.7358234 -0.523203 0.1345477 13110 g
 -0.88645315 6.203377 3.2800562 13114 a
 -0.11267675 0.8262207 0.57396924 13310 g
 0.10414778 9.317036 3.0544028 13313 a
 0.8636381 0.7838764 1.1319015 13510 g
 2.1817162 9.985617 0.8050503 13514 a
 -0.08604514 -0.20468897 -0.107267335 13709 g
 1.9554642 9.48044 3.639785 13713 a
 -1.4831394 0.8877397 -0.0063335295 13909 g
 2.40318 9.694721 3.5110967 13913 a
 -0.96408933 0.3138285 0.0272223 14109 g
 1.929128 8.681973 3.6284127 14113 a
 -0.40562448 0.3748149 0.10125818 14310 g
 1.0127473 7.854179 3.2477345 14314 a
 -0.1433031 0.2379284 0.12069926 14510 g
 1.3162124 7.74225 3.7421372 14514 a
 0.39545438 -0.006283462 0.085811846 14710 g
 1.2419921 7.6255326 3.517681 14714 a
 0.37521437 -0.1788563 -0.07504308 14911 g
 1.7250223 8.2115135 3.4021606 14918 a
 0.5456567 -0.1540889 -0.09554943 15111 g
 1.2964603 8.030751 3.57993 15123 a
 0.29611847 -0.02279506 0.0059170113 15310 g
 1.775899 8.110957 4.1282024 15317 a
 0.32328272 -0.068335116 0.14786349 15512 g
 2.296638 8.620323 4.4143095 15517 a
 -0.12492729 0.16389254 0.09140448 15711 g
 2.2948422 8.446744 4.256292 15716 a
 0.012225507 -0.0038866173 0.024559138 15911 g
 2.2349873 8.521563 4.231153 15915 a
 0.040987648 -0.04623088 -0.030568296 16112 g
 2.2613235 8.53892 4.147356 16117 a
 -0.07485986 0.017684987 -0.11046313 16312 g
 1.8531121 8.593389 4.1335893 16316 a
 0.05936346 -0.017735055 -0.13762736 16513 g
 1.6968905 8.614338 4.2945995 16517 a
 -0.09030619 0.058165036 -0.071580976 16713 g
 1.4796166 9.153631 3.9522285 16718 a
 -0.10761674 0.104770355 -0.07024939 16913 g
 1.8698715 8.412626 3.5871127 16921 a
 0.022345519 -0.15781733 0.17316353 17112 g
 2.27928 8.738836 4.1437645 17116 a
 -0.18351683 0.20517153 0.009112804 17312 g
 1.8531121 8.71669 4.0120835 17316 a
 0.038857117 -0.013740313 -0.046813577 17514 g
 2.006341 8.7053175 3.9588125 17519 a
 -0.0098787295 -0.012941365 -0.011926168 17718 g
 1.9069817 8.660426 3.968988 17730 a
 -0.0407714 0.049376603 -0.015388277 17903 g
 2.0207062 8.857349 3.8349125 17904 a
 0.15976463 -0.10215726 0.0144391265 18114 g
 2.0973208 8.671799 4.128801 18118 a
 0.14005724 -0.038241394 0.009112804 18313 g
 1.7788919 8.492832 4.349666 18317 a
 0.030068686 -0.049959302 -0.020980915 18515 g
 1.8339585 8.623915 4.3161473 18519 a
 -0.050625093 0.034196585 0.013373862 18713 g
 1.8405426 8.483255 4.4262805 18718 a
 -0.002954511 0.0038365498 0.008580172 18912 g
 1.99437 8.695142 4.3394904 18916 a
 0.2551058 -0.13198467 0.028820196 19117 g
 1.7711107 8.54311 4.35625 19121 a
 0.032731846 -0.04596456 -0.018850386 19314 g
 1.9111716 8.458116 4.4556093 19319 a
 0.026340261 -0.008147675 0.009911753 19513 g
 1.8423382 8.371924 4.6202106 19518 a
 -0.0242598 0.0035702337 0.002987534 19715 g
 1.7232267 8.09719 4.446631 19719 a
 -0.035711393 -0.026789803 -0.080369405 19914 g
 1.762731 8.631097 4.2521024 19919 a
 -0.11933465 0.0773398 0.015238075 20117 g
 2.0021513 8.446145 4.4544125 20132 a
 -0.009079781 -0.04543193 0.04985917 20315 g
 1.8441339 8.590994 4.0773253 20318 a
 0.0023718113 0.0195492 -0.0039366847 20514 g
 1.9129672 8.634089 4.3179426 20518 a
 0.09371824 -0.048095092 -0.034030404 20715 g
 1.8106151 8.672397 4.1946416 20719 a
 -0.010943994 0.012092349 0.024559138 20917 g
 1.9644425 8.545505 4.232949 20924 a
 0.097180344 -0.04196982 -2.082592E-4 21118 g
 1.8130093 8.646061 4.2359414 21122 a
 -0.3121475 0.15590304 -0.06572202 21319 g
 1.8644845 8.521563 4.277241 21323 a
 -0.009612413 0.00516813 0.0032538502 21518 g
 1.8974048 8.632893 4.19524 21522 a
 0.06682031 -0.032648757 0.030950725 21721 g
 2.0787656 8.546103 4.231153 21726 a
 -0.027189277 -0.020930849 0.015504391 21919 g
 1.7657237 8.374319 4.607043 21923 a
 -0.03331455 -0.033181388 -0.04814516 22119 g
 1.7190368 8.511986 4.368221 22123 a
 -0.015205052 0.024076574 0.042668633 22320 g
 1.8561049 8.429385 4.408922 22323 a
 -0.14197151 0.06562189 -7.408914E-4 22520 g
 1.7351977 8.496424 4.3819876 22523 a
 -0.17819051 0.08053559 -0.05906412 22717 g
 1.7890673 8.499416 4.4280763 22721 a
 -0.13131887 0.10849878 0.004585431 22923 g
 1.9674352 8.618527 4.283227 22927 a
 -0.042901926 -0.018534003 0.020031765 23120 g
 1.8429368 8.540117 4.4244847 23123 a
 -0.10149147 0.054702926 -0.052406218 23320 g
 1.9081788 8.541314 4.392163 23323 a
 0.21036468 -0.11254359 -0.009529323 23522 g
 1.6891093 8.6334915 4.405331 23526 a
 0.20210889 -0.05022562 0.07089814 23716 g
 1.8956091 8.537724 4.3903675 23721 a
 0.1725478 -0.0912383 0.015504391 23921 g
 1.7088615 8.495226 4.3795934 23925 a
 -0.11374201 0.04484923 -0.022845129 24119 g
 1.9087774 8.744224 4.185663 24123 a
 -0.06181037 0.05443661 0.031483356 24317 g
 1.8614918 8.550293 4.3777976 24322 a
 -0.025857696 -0.014539261 -0.018317755 24521 g
 1.8579005 8.497621 4.3478703 24525 a
 0.13233407 -0.052622464 0.033081256 24718 g
 1.7926586 8.604761 4.256891 24722 a
 -0.04796193 0.038457643 -0.002072472 24921 g
 1.9536686 8.604761 4.268862 24927 a
 -0.0136071555 0.0057007624 -0.026040921 25120 g
 1.8668787 8.599973 4.3155484 25123 a
 0.0037033919 -0.04196982 -0.023377761 25316 g
 1.8471266 8.497022 4.4047327 25321 a
 0.05030871 -0.01880032 3.2437302E-4 25521 g
 1.8130093 8.523358 4.3861775 25524 a
 0.022079203 -0.013207681 0.0072485916 25720 g
 1.785476 8.455722 4.4526167 25724 a
 0.004236024 0.022212362 0.010444385 25917 g
 1.774702 8.443152 4.4262805 25921 a
 -0.03384718 0.004102866 -0.004735633 26121 g
 1.7040731 8.402451 4.5238442 26125 a
 0.16615622 -0.070998274 0.05119075 26321 g
 1.7872716 8.558074 4.425083 26325 a
 0.13845934 -0.051557202 0.0072485916 26519 g
 1.9512744 8.6299 4.2820296 26523 a
 0.05803188 -0.036909815 0.021895979 26721 g
 1.8992004 8.46889 4.3478703 26724 a
 0.0127581395 -0.019066636 -7.408914E-4 26918 g
 1.8614918 8.595184 4.2580876 26922 a
 -0.030118754 0.038191326 -0.013257748 27121 g
 1.9213469 8.500014 4.2784386 27125 a
 -2.9134983E-4 -0.01746874 -0.004735633 27321 g
 1.8620903 8.529344 4.2078094 27325 a
 -0.034646127 0.030734478 -0.019915652 27520 g
 1.7537527 8.579023 4.233547 27524 a
 -0.05914721 0.023277625 -0.002338788 27720 g
 1.9339164 8.582615 4.262876 27724 a
 0.02847079 0.018750252 0.010178069 27919 g
 1.726818 8.234857 4.633379 27923 a
 -0.035711393 0.013690245 -0.070515715 28119 g
 1.543063 8.449138 4.4436383 28123 a
 -0.2873801 0.17188202 -0.023377761 28321 g
 1.8130093 8.357559 4.4723687 28324 a
 0.18692887 -0.03531192 0.09380133 28519 g
 1.8327614 8.385093 4.378995 28523 a
 -0.25488955 0.16655569 -0.030035663 28721 g
 1.965041 8.491036 4.420295 28725 a
 -0.016802948 -0.003087669 -0.0060672136 28920 g
 1.9075803 8.574833 4.268263 28924 a
 0.26575845 -0.056617208 0.004585431 29119 g
 1.875857 8.890868 4.0539823 29123 a
 0.035128694 0.026207102 3.2437302E-4 29319 g
 2.2876596 8.656835 3.8600516 29323 a
 0.34831643 -0.12239728 0.051457066 29536 g
 2.2930467 8.57184 4.1760864 29540 a
 0.3112985 0.052572396 -0.009795639 29721 g
 1.7669208 8.316858 3.9851487 29724 a
 0.25244263 -0.08564566 -0.010594588 29921 g
 1.9422961 8.654441 4.2275615 29925 a
 0.079603486 -0.00575083 0.01683597 30121 g
 2.018312 8.494628 4.377199 30125 a
 -0.038374554 0.008097608 0.010444385 30321 g
 2.0332758 8.730456 4.345476 30329 a
 -0.04689667 -0.013740313 -0.034829352 30521 g
 1.8974048 8.605359 4.4382515 30528 a
 -0.13078624 0.06322504 0.0067159594 30722 g
 1.9734207 8.690952 4.5005007 30725 a
 -0.09483357 0.0360608 0.007514908 30922 g
 1.7274165 8.294113 4.7722425 30925 a
 0.08572875 -0.15648575 -0.120316826 31135 g
 1.8477252 8.474875 4.184466 31139 a
 0.06788557 -0.033181388 -0.01112722 31323 g
 1.8441339 8.739435 3.6535518 31336 a
 0.072412945 -0.22705951 -0.11445787 31535 g
 2.4115596 7.237672 3.3446999 31539 a
 -0.83572495 0.3748149 -0.63297534 31737 g
 0.9504981 8.04392 5.1678843 31741 a
 -0.21041475 0.029402897 0.032282304 31924 g
 -0.30645782 8.341399 5.7095723 31937 a
 -0.111345164 -0.016669791 -0.22764221 32127 g
 -0.08020575 7.472902 5.7041855 32137 a
 -0.45489293 0.06642084 -0.019116703 32337 g
 -0.053869538 8.572439 5.5222263 32341 a
 0.20583732 -0.09683094 -0.11951788 32537 g
 0.062249243 7.152079 5.7879825 32540 a
 -0.2626127 0.14125566 -0.3117981 32738 g
 -0.59256494 7.5908165 6.161478 32741 a
 0.084397174 0.037925012 -0.07610835 32939 g
 -0.7230489 7.4788876 6.26383 32943 a
 0.03326448 -0.052622464 0.0024549018 33135 g
 -0.45669398 7.064092 6.4140663 33139 a
 0.26096475 -0.01800137 0.2008604 33339 g
 -0.034117375 7.466318 5.7766104 33343 a
 0.24205631 0.01608709 0.21151304 33538 g
 0.23283611 10.8708725 4.3676224 33542 a
 0.6319431 0.15696831 -0.13203473 33738 g
 0.9151836 8.355764 5.075109 33742 a
 -0.028520858 -0.028121384 0.19207197 33937 g
 0.8098387 8.220491 5.145738 33941 a
 0.07880454 0.19052415 0.31484368 34140 g
 1.4239515 8.215105 5.3504424 34144 a
 0.3658933 -0.1969658 0.2533247 34340 g
 1.7088615 8.395268 4.7937903 34344 a
 0.15417199 -0.0680688 0.08261605 34540 g
 1.6454151 8.376115 4.5992613 34543 a
 -0.07086512 0.017684987 0.11217714 34740 g
 1.8668787 8.157643 5.130774 34745 a
 -0.13051993 0.0576324 0.253591 34940 g
 2.542642 7.744644 4.8147397 34944 a
 0.10996352 -0.07206354 0.0032538502 35138 g
 2.1470003 8.356961 4.4484267 35148 a
 0.06389083 -0.070998274 0.08634447 35345 g
 2.544438 8.272566 4.4358573 35349 a
 -0.011742942 -0.020664532 0.12842242 35543 g
 2.943671 7.98586 4.7560816 35546 a
 0.046580285 0.047246076 -0.022845129 35739 g
 2.3894134 7.77936 3.9612067 35743 a
 0.08599507 -0.10482042 0.007781224 35941 g
 2.837129 8.511387 4.3185415 35945 a
 0.113159314 -0.020131899 -0.04921042 36137 g
 2.6557682 8.306085 4.1641154 36141 a
 0.12381195 0.03206606 0.0653055 36341 g
 2.3989902 7.805696 3.852869 36347 a
 0.5254167 0.0059670787 0.1430698 36541 g
 1.8525136 7.8452005 3.477578 36545 a
 0.566163 -0.14769731 0.08874132 36740 g
 2.4510639 8.168418 3.6481647 36744 a
 0.5113019 -0.17459524 -0.10487049 36941 g
 2.7617116 8.534132 4.19943 36945 a
 0.19172256 0.034462903 0.020031765 37138 g
 2.6461914 8.2593975 4.534618 37141 a
 0.051906608 -0.09816252 -0.035361987 37338 g
 2.5623944 8.329428 4.293402 37341 a
 -0.0098787295 0.040854488 0.006183327 37537 g
 2.653374 8.476671 4.2197804 37541 a
 0.027405525 -0.03850771 3.2437302E-4 37743 g
 2.6330233 8.385093 4.1802764 37748 a
 0.027938157 -0.017735055 0.0040527987 37940 g
 2.6539726 8.456919 4.1341877 37944 a
 0.023410784 -0.023061376 3.2437302E-4 38140 g
 2.6635494 8.45213 4.160524 38144 a
 0.028737105 -0.009479255 0.0019222697 38343 g
 2.689287 8.483853 4.0797195 38346 a
 0.013557088 -0.00575083 -0.002072472 38541 g
 2.5330653 8.335413 3.989937 38545 a
 0.12754038 -0.0041529336 0.006183327 38741 g
 2.5103204 8.612542 3.9618053 38745 a
 -0.05035878 0.009429188 0.04027179 38944 g
 2.7365725 8.624513 3.964798 38948 a
 -0.071664065 0.027272368 0.0354781 39141 g
 2.9322984 8.479065 4.0186677 39144 a
 0.030867634 -0.03184981 0.009645437 39352 g
 2.6276364 8.341399 4.028843 39357 a
 -0.012275575 0.033663955 -0.002072472 39552 g
 2.80361 8.370728 4.034828 39557 a
 -0.07432723 0.022478677 0.016569655 39717 g
 2.743755 8.459313 4.0545807 39717 a
 0.0649561 -0.030518228 -0.0031377363 39917 g
 2.806603 8.286931 3.9474401 39918 a
 0.16109622 -0.036909815 0.051457066 40141 g
 3.2860417 8.265982 3.5733461 40145 a
 0.21755522 -0.08564566 0.31724054 40337 g
 3.1561563 8.303091 3.3423057 40340 a
 0.21329416 -0.024126641 0.033081256 40540 g
 3.402759 8.365341 2.9334955 40544 a
 -0.5217383 0.30530638 0.020830713 40742 g
 3.4003649 8.802282 3.3500867 40747 a
 -0.15581995 0.052572396 0.048261274 40945 g
 3.755904 8.119336 3.526659 40949 a
 0.0798698 -0.051024567 -0.0068661617 41137 g
 3.527856 8.428787 3.4141316 41141 a
 -0.03384718 0.026207102 -0.010328271 41336 g
 3.4727895 8.431181 3.433884 41340 a
 0.075342424 -0.045698248 5.805691E-5 41535 g
 3.4356794 8.422802 3.2477345 41539 a
 0.24764894 -0.1144078 -0.015121961 41731 g
 3.5182793 8.413225 2.944868 41735 a
 0.076407686 -0.030784544 -7.408914E-4 41931 g
 3.5685577 8.626907 2.7030537 41935 a
 -0.010943994 0.021946045 -0.01858407 42131 g
 3.5482068 8.672397 2.6258407 42135 a
 0.022345519 -0.008680307 8.5700525E-4 42333 g
 3.2674868 9.502586 3.4853592 42337 a
 -0.7811302 0.3436559 -0.22604431 42540 g
 3.1800983 8.592192 3.5464113 42544 a
 -0.076457754 0.016886039 -0.16026424 42732 g
 2.6366146 8.837597 3.7672763 42737 a
 -0.09723041 0.049909238 -0.44548878 42934 g
 1.435324 8.221688 4.309563 42939 a
 -0.12599255 0.08612823 -0.06918413 43133 g
 2.2176294 8.97287 3.7816415 43138 a
 0.5435261 -0.21560793 0.46451336 43334 g
 2.0931308 7.9972324 4.4077253 43339 a
 -0.34650227 0.10050929 0.20112672 43534 g
 2.6330233 8.058285 4.582502 43539 a
 0.1030393 -0.04196982 0.01284123 43737 g
 2.5923219 8.494029 4.1120415 43742 a
 0.07267927 0.025408154 -0.047079895 43935 g
 2.7593174 8.557475 3.8959646 43940 a
 0.04072133 -0.011343468 0.019232817 44135 g
 2.7329812 8.437765 4.0258503 44140 a
 -0.08231671 0.024609206 0.026157035 44338 g
 2.731784 8.416816 4.0779243 44342 a
 0.0029044435 -0.032116126 -0.0042030006 44535 g
 2.6910827 8.46889 4.07134 44539 a
 0.017019197 0.004635498 5.9068913E-4 44769 g
 2.743755 8.425795 4.060566 44770 a
 -0.017069265 0.015021826 0.0051180627 44935 g
 2.7263973 8.474277 4.0264487 44940 a
 0.024476048 -0.015338209 -0.0036703686 45135 g
 2.7455509 8.472482 4.008492 45139 a
 0.023943417 -0.012941365 -0.0015398398 45336 g
 2.7311857 8.4234 4.0019083 45350 a
 0.02154657 -0.010810836 0.004585431 45538 g
 2.7629087 8.467693 3.9803603 45542 a
 -0.034113497 0.020348148 -0.0028714202 45734 g
 2.7551277 8.451532 3.9845502 45738 a
 0.015154985 -0.007881359 -0.002072472 45935 g
 2.7593174 8.452729 3.9947255 45939 a
 0.017019197 -0.01054452 -0.0018061559 46138 g
 2.778471 8.425795 3.9737763 46142 a
 -0.0016229304 0.0011733888 -0.0031377363 46336 g
 2.7814639 8.514978 3.915717 46340 a
 0.003969708 -0.006283462 0.0051180627 46537 g
 2.7766755 8.471284 3.9594111 46540 a
 0.0074318172 -0.0046855654 -2.082592E-4 46738 g
 2.7760768 8.485051 3.9630024 46742 a
 -0.015471368 0.004635498 0.0013896375 46937 g
 2.7928362 8.484452 3.9522285 46941 a
 0.0023718113 -0.0068160943 -0.0026051041 47137 g
 2.7712884 8.419808 3.99293 47140 a
 -0.016802948 0.010494453 -0.0031377363 47339 g
 2.7808652 8.480861 3.9653966 47343 a
 0.0018391791 1.0812434E-4 -0.0015398398 47537 g
 2.7712884 8.470686 3.9588125 47540 a
 0.015687617 -0.0036203011 0.0035201663 47723 g
 2.7766755 8.441357 3.9845502 47724 a
 -0.00641662 0.0059670787 -0.002338788 47932 g
 2.7850552 8.480861 3.9636009 47933 a
 -0.007215569 0.0054344465 -0.0026051041 48137 g
 2.7880478 8.4647 3.942053 48141 a
 0.0055676047 0.001972337 -2.082592E-4 48337 g
 2.765303 8.454525 3.913921 48341 a
 0.004236024 0.0035702337 -0.0034040525 48538 g
 2.7736826 8.453926 3.9558198 48541 a
 0.024209732 -0.0102782035 0.0072485916 48737 g
 2.8455088 8.475474 3.946243 48741 a
 0.011426559 0.001706021 0.006183327 48938 g
 2.5941176 8.444948 3.8420951 48942 a
 -0.10015989 0.04751239 0.03894021 49141 g
 2.9005754 8.572439 4.0282445 49146 a
 -0.3166749 0.113558784 0.09566554 49339 g
 2.7724855 8.678383 4.097078 49342 a
 -0.60909 0.16815358 0.08714342 49538 g
 3.116652 8.696938 4.3897686 49541 a
 -0.61521524 0.1484462 0.089540266 49735 g
 3.1124623 8.6813755 4.293402 49739 a
 -0.6759353 0.21182942 0.06903393 49939 g
 2.8616695 8.428787 4.270657 49943 a
 -0.45702347 0.13779356 0.058913916 50139 g
 2.4774003 8.426393 4.099472 50142 a
 -0.25648746 -0.1258594 -0.096082054 50341 g
 2.4504654 8.606557 3.3943794 50362 a
 -0.21733898 -0.342907 -0.25667068 50539 g
 2.1589713 8.595184 3.875614 50542 a
 0.08865823 -0.5301272 -0.28889492 50738 g
 2.3463178 7.203554 5.445612 50742 a
 -1.1497116 0.50530976 -1.1797223 50942 g
 -0.90740246 7.565677 5.0637364 50945 a
 0.27081844 0.3801412 -0.09794627 51139 g
 0.25318682 7.477092 4.305373 51142 a
 0.35737118 0.1700178 0.73455787 51339 g
 1.1378443 9.216479 2.9532478 51342 a
 0.20636995 -0.31414488 0.9052665 51540 g
 1.377863 9.927557 3.550601 51544 a
 -0.13930836 -0.4848535 0.16863616 51738 g
 2.4073699 8.327033 3.946243 51742 a
 -0.36727494 -0.17246471 -0.23856117 51939 g
 2.565387 8.517971 3.567959 51943 a
 0.19252151 0.25523895 0.22349727 52141 g
 1.7154455 8.882488 4.040814 52145 a
 -0.12332939 0.115423 0.107383445 52338 g
 3.6152446 8.510789 4.0839095 52341 a
 0.38506806 -0.76821387 0.21417621 52538 g
 2.8215668 7.8787193 4.8524485 52542 a
 -0.861824 0.31915483 -0.2590675 52740 g
 1.6992847 8.738836 3.2004492 52745 a
 -0.011476627 0.17774096 -0.22631064 52938 g
 2.2140381 9.615712 4.76925 52942 a
 -0.41840765 -0.033447705 -0.23296854 53139 g
 1.5334862 8.180388 5.7029886 53143 a
 -0.25435692 0.5628341 0.28874472 53341 g
 1.5526398 8.340201 3.7295678 53345 a
 -0.24556848 0.30770323 0.1840825 53541 g
 1.6579847 7.81647 5.0062757 53544 a
 0.0700161 -0.04942667 -0.01858407 53728 g
 1.8405426 8.434174 4.683657 53730 a
 0.035927642 -6.90824E-4 -0.015121961 53941 g
 1.9021933 8.210915 4.8027687 53945 a
 -0.021596638 0.0011733888 0.020031765 54141 g
 1.9722236 8.243237 4.8338933 54145 a
 -0.0048187235 -0.003353985 0.0072485916 54339 g
 1.9327193 8.278551 4.7638626 54343 a
 0.008763398 0.0057007624 -7.408914E-4 54543 g
 1.9153614 8.276755 4.793192 54547 a
 0.001572863 -0.0020224045 -0.0015398398 54758 g
 1.9590555 8.240244 4.8243165 54771 a
 -0.002954511 -0.0041529336 0.0035201663 54942 g
 1.9213469 8.286931 4.832696 54945 a
 0.0055676047 0.008097608 -0.0028714202 55143 g
 1.9255368 8.267179 4.830302 55147 a
 -0.0040197754 9.070727E-4 -0.0031377363 55341 g
 1.917157 8.274361 4.824915 55356 a
 0.006366553 -0.003087669 -4.745753E-4 55540 g
 1.9333179 8.307879 4.8225207 55549 a
 -0.0066829366 0.004102866 -0.0031377363 55743 g
 1.9261353 8.286332 4.8380833 55753 a
 0.0050349724 -0.0022887206 -2.082592E-4 55941 g
 1.9249382 8.262989 4.820725 55948 a
 0.0018391791 -0.00575083 -0.0039366847 56139 g
 1.9327193 8.27077 4.8099513 56143 a
 0.0034370758 -0.003353985 -0.0015398398 56342 g
 1.927931 8.282143 4.780622 56346 a
 0.0013065469 -0.003353985 5.9068913E-4 56542 g
 1.9405005 8.309077 4.8416743 56546 a
 0.00929603 -0.0025550367 -0.0015398398 56740 g
 1.9165585 8.286931 4.8015714 56745 a
 0.006632869 -9.571401E-4 -0.002338788 56946 g
 1.9195513 8.297705 4.8081555 56950 a
 0.0154213 -0.0038866173 -2.082592E-4 57140 g
 1.9403509 8.41502 4.753987 57144 a
 0.008763398 6.4075657E-4 0.0011233214 57342 g
 1.9217957 8.400057 4.7264533 57346 a
 7.739146E-4 6.4075657E-4 0.0024549018 57546 g
 1.9583074 8.426393 4.73603 57550 a
 0.0029044435 0.0011733888 -0.0012735237 57742 g
 1.941548 8.413225 4.727052 57746 a
 -2.9134983E-4 3.7444045E-4 0.0024549018 57945 g
 1.9457378 8.432379 4.7557826 57948 a
 0.0055676047 -1.5819176E-4 -0.0042030006 58145 g
 1.9451393 8.472482 4.6612115 58149 a
 -0.04050508 0.015554459 0.02029808 58345 g
 2.046893 8.4347725 4.756381 58349 a
 -0.09003988 0.020348148 -0.09767996 58544 g
 2.245013 8.39048 4.9820347 58548 a
 -0.38911286 -0.07339512 -0.5211226 58748 g
 2.1522377 7.4387846 6.036082 58751 a
 0.030867634 0.23579788 -1.1781244 58947 g
 2.2533927 8.550891 4.1913495 58950 a
 0.6521831 0.04484923 0.06290866 59145 g
 1.1358991 8.963891 3.7963061 59149 a
 1.6599233 2.486169 0.71431786 59348 g
 0.08364742 9.569026 4.5025954 59351 a
 -0.6005679 -0.92054665 -1.5946428 59545 g
 -0.52028996 7.929596 5.2441998 59549 a
 -0.7502375 0.01475551 -0.5618689 59746 g
 0.14829087 6.884527 6.16477 59749 a
 0.3874649 -1.8667678 -0.29262334 59948 g
 -0.13302784 10.757747 4.944326 59953 a
 0.8473928 -1.9719627 -0.25001276 60288 g
