 0.617745 0.680937 -2.070741 4 g
 2.0935798 12.781296 2.2501006 6 a
 0.3414048 -0.61778474 -0.34416494 8 r
 0.29310563 2.7704532 -1.4073474 88 g
 -1.7449241 8.84463 -2.1456537 89 a
 0.5495483 -0.47627038 -0.35690603 90 r
 0.52240384 0.26734808 -1.8060226 288 g
 -1.2415432 13.977798 -3.6737528 289 a
 0.6765886 -0.35304642 -0.35731307 290 r
 0.83426 1.5483285 -0.20706077 494 g
 -2.5787048 10.468497 -2.0091841 498 a
 0.77880853 -0.21296805 -0.3206437 503 r
 -0.89226735 -0.7089668 1.0832407 693 g
 -2.1974282 8.788965 -0.3966893 697 a
 0.709051 -0.22839624 -0.31655607 702 r
 -0.03233264 -0.48392966 0.8637963 896 g
 1.3675381 9.776573 1.5575778 900 a
 0.63848996 -0.28941607 -0.29551414 907 r
 -0.32181826 -0.009354353 -0.83343625 1094 g
 -3.7327101 4.168754 2.135179 1098 a
 0.6076333 -0.31661344 -0.32530555 1102 r
 0.098961204 0.14830478 -0.8885637 1294 g
 -0.31857845 9.733478 -2.0792146 1298 a
 0.63751763 -0.3065462 -0.3174812 1302 r
 0.5793955 -0.6775415 -0.013715279 1494 g
 -0.40596682 10.044125 -1.2580034 1498 a
 0.6899689 -0.23904634 -0.27232996 1502 r
 0.36634257 -0.24104936 -0.34953988 1695 g
 0.8037036 9.935787 -2.261174 1699 a
 0.71372676 -0.2636472 -0.26879933 1703 r
 0.32026988 -0.21335249 -0.21531658 1895 g
 -2.0651486 9.819669 -0.9826702 1899 a
 0.7421756 -0.25567633 -0.2709714 1905 r
 -2.2331688 -4.295446 1.7519605 2094 g
 -0.29104513 8.7231245 0.8488941 2098 a
 0.6247413 -0.34019965 -0.3448291 2102 r
 0.70323247 0.330465 0.70081085 2295 g
 3.255366 8.126968 0.72080433 2299 a
 0.40878075 -0.5688758 -0.47852662 2304 r
 0.32479727 0.028196217 -0.44168526 2495 g
 -2.3410804 4.152593 -1.2675802 2498 a
 0.30173415 -0.6444715 -0.5453153 2503 r
 -0.5489859 -0.9276123 -0.971388 2695 g
 -3.3286886 10.70672 -3.5103486 2699 a
 0.30193496 -0.66280305 -0.5964095 2703 r
 0.26354456 -1.9747672 -0.7578025 2896 g
 -0.95603466 10.21531 -1.1353005 2899 a
 0.36354047 -0.6263782 -0.63120145 2904 r
 0.5783302 0.056425724 -0.30107036 3095 g
 -0.44487262 9.535357 -1.3998598 3098 a
 0.3358787 -0.67393816 -0.6255831 3103 r
 0.32000357 0.00822251 -0.4075968 3296 g
 -2.4284687 9.091831 3.7267246 3299 a
 0.3935294 -0.66700697 -0.5961011 3304 r
 -0.5223543 -0.57314557 1.0864365 3496 g
 -0.5460276 11.4142065 -0.014814123 3499 a
 0.40732074 -0.6562873 -0.5841151 3504 r
 -0.26376134 -0.24930516 0.5705823 3695 g
 2.6424506 9.221717 -0.041150343 3699 a
 0.20336264 -0.646932 -0.68377453 3704 r
 0.26487613 -0.15662716 0.59987706 3896 g
 4.676325 9.790938 -1.2933178 3899 a
 0.23377088 -0.66027784 -0.6105043 3904 r
 0.44543844 0.1815943 -1.4654044 4096 g
 -1.7353473 12.497583 -2.2605753 4100 a
 0.2842425 -0.65472543 -0.597521 4104 r
 -0.40970257 2.3139873 -0.2371545 4297 g
 -0.72678983 9.242067 -1.7775451 4302 a
 0.38650984 -0.61372054 -0.5949829 4305 r
 0.4827227 0.32141024 0.3415504 4496 g
 -0.4364929 10.288334 0.05581483 4499 a
 0.5014834 -0.5240123 -0.5503594 4504 r
 0.07712328 0.12992898 -0.4472779 4696 g
 1.1873744 11.406425 -2.3533506 4700 a
 0.57698065 -0.49423134 -0.49581292 4704 r
 0.21853714 0.2047638 0.30240193 4896 g
 -2.449418 11.226262 -1.0323498 4900 a
 0.6071756 -0.47257382 -0.48231235 4905 r
 -1.3535268 -4.008357 1.214801 5093 g
 -2.9522004 8.148516 1.613243 5095 a
 0.47094128 -0.51532364 -0.53960305 5096 r
 0.009212673 1.123288 0.68642974 5297 g
 3.1021373 7.939622 -0.15248072 5301 a
 0.3967009 -0.5784272 -0.55044574 5305 r
 0.643045 -0.04930177 -0.50240535 5497 g
 -4.7789764 4.782867 -1.7613842 5501 a
 0.3815638 -0.59938025 -0.5448162 5505 r
 -0.582808 -0.54065496 -1.197224 5697 g
 -2.4763527 10.510396 -1.7236756 5702 a
 0.44715428 -0.5647259 -0.57702345 5705 r
 0.3437057 -0.5694171 0.21531658 5898 g
 -1.2343606 9.74066 -0.7779659 5903 a
 0.575672 -0.45488763 -0.5152871 5906 r
 0.42413318 0.57893795 -0.36445358 6097 g
 -0.8309376 9.561693 -1.5411177 6101 a
 0.58873796 -0.48362148 -0.50740165 6105 r
 0.18231814 -0.2695452 -0.3559315 6294 g
 -6.085612 9.124153 1.3959693 6296 a
 0.60939246 -0.47999424 -0.5124374 6297 r
 -1.8542011 -2.4442825 1.027847 6498 g
 -2.2040124 10.029759 -0.86595285 6503 a
 0.5798307 -0.4897874 -0.5159591 6506 r
 0.76981145 1.0804112 0.6012086 6697 g
 0.79412675 8.712949 0.038456865 6702 a
 0.36365363 -0.57385635 -0.63372916 6706 r
 -0.05630109 -0.6839331 0.37191045 6898 g
 3.0231285 10.53793 1.3492823 6903 a
 0.31864762 -0.6266893 -0.59903747 6906 r
 0.5684765 -0.2546315 -0.98390484 7098 g
 -2.153734 9.395296 -1.3058873 7103 a
 0.33045155 -0.6482103 -0.60516816 7106 r
 0.0062831957 0.92514884 -0.6374276 7298 g
 -2.098069 9.613169 -1.918803 7303 a
 0.36323878 -0.62338436 -0.6407022 7306 r
 0.34157518 -0.20909144 0.083490096 7498 g
 -1.8215386 9.616161 -1.5967829 7503 a
 0.43663982 -0.5740899 -0.6343679 7506 r
 0.08884119 0.0114183035 -0.22090921 7699 g
 -1.8275241 9.3204775 -0.8192659 7704 a
 0.45743266 -0.60615504 -0.5991375 7707 r
 0.25901717 -0.32041156 -0.14607438 7899 g
 -2.2141876 9.335442 2.5781064 7904 a
 0.47844756 -0.60622203 -0.58935136 7907 r
 0.16314338 -0.39604533 0.8890963 8099 g
 -0.11626842 11.184363 2.1489456 8103 a
 0.46010482 -0.618063 -0.5907232 8106 r
 0.09043909 -2.745486 0.91919005 8299 g
 0.40207624 8.569297 0.3772364 8304 a
 0.22936429 -0.6417769 -0.7029802 8308 r
 -0.31702456 -0.205363 0.16152072 8499 g
 1.6380829 10.390686 2.2812252 8504 a
 0.11946181 -0.65056074 -0.72916216 8507 r
 0.24596769 0.7123623 -0.6028065 8699 g
 -1.7772459 6.6856585 -0.38232407 8704 a
 0.118357174 -0.66455436 -0.72789913 8707 r
 -0.1045043 0.4891894 -0.5146559 8900 g
 -3.0078654 9.677813 -1.9523219 8904 a
 0.11846956 -0.65937686 -0.74139804 8908 r
 0.32586253 -1.3678328 -0.026498452 9100 g
 -2.080711 9.684995 -0.64808047 9105 a
 0.1660171 -0.68068016 -0.71336335 9108 r
 0.5365186 -0.024268055 -0.26591665 9299 g
 -1.0105027 9.647884 -1.0898107 9304 a
 -0.17656259 0.7121928 0.6793851 9308 r
 0.07099801 0.20529643 -0.37137783 9501 g
 -4.3641806 8.87755 1.4061446 9505 a
 -0.21232028 0.7190747 0.66148144 9508 r
 -0.20304127 -0.77527946 0.9133311 9700 g
 -2.1399674 10.52955 -0.08903438 9704 a
 0.2341877 -0.7197547 -0.653104 9708 r
 0.4955059 -0.8660933 0.8528773 9901 g
 0.689979 9.682601 0.15098435 9905 a
 0.074266076 -0.66533124 -0.74228936 9908 r
 0.31307936 0.66362643 0.58096856 10101 g
 4.282479 9.321076 -2.7807157 10105 a
 0.06535451 -0.69280076 -0.7046127 10108 r
 0.6805956 0.15043531 -0.9769806 10301 g
 -4.5287824 4.076577 -1.5680525 10305 a
 0.09199977 -0.72107077 -0.6698225 10309 r
 -0.75058717 -1.5292203 -0.58070225 10501 g
 -0.53704935 9.480889 -0.9617209 10505 a
 0.17891769 -0.696651 -0.68869907 10509 r
 0.5093543 1.3453957 -0.31758195 10702 g
 -2.223166 9.628133 -1.6967409 10706 a
 0.3051973 -0.6564541 -0.6731556 10709 r
 0.21454239 0.20023642 -0.50240535 10902 g
 0.25184008 12.72623 -1.6404771 10906 a
 0.35898754 -0.67158926 -0.6306552 10909 r
 0.31627515 1.6615129 0.86779106 11101 g
 -2.9887118 10.229675 -2.0672436 11105 a
 0.42035922 -0.66024256 -0.5954514 11109 r
 -0.5487196 -1.5491941 0.8723184 11302 g
 -1.3618518 8.375965 0.96800566 11306 a
 0.20374925 -0.67137885 -0.6928471 11309 r
 -0.081867434 0.50863045 0.4472779 11502 g
 1.6745944 8.9302225 0.18809447 11506 a
 0.1447462 -0.66898024 -0.69314796 11509 r
 0.69311243 0.14271215 -0.9311743 11702 g
 -3.619584 10.10817 -2.0642507 11706 a
 0.20011254 -0.6798897 -0.6630178 11709 r
 -0.41476256 1.3864083 -0.6821687 11903 g
 0.2817676 9.550321 -0.4014777 11907 a
 0.15524489 -0.6797967 -0.70911497 11911 r
 1.2065699 0.4545683 0.20679446 12102 g
 -0.8201637 9.679607 -0.91623104 12106 a
 0.3186888 -0.65799236 -0.65622765 12110 r
 0.38312048 0.2574944 -0.3977431 12303 g
 -1.5390228 9.479094 -0.25004444 12306 a
 0.2853337 -0.70609295 -0.6387381 12310 r
 0.34770045 -0.54837817 -0.20972393 12513 g
 -2.481141 8.432229 -2.3252187 12517 a
 0.32339063 -0.6952392 -0.6333038 12554 r
 -1.160714 -3.073321 1.3090768 12706 g
 -2.254889 9.5431385 -0.09561843 12711 a
 0.2500919 -0.70907724 -0.6506122 12715 r
 0.26807192 0.41249037 0.31784827 12904 g
 -0.7507319 9.275586 -0.47928926 12907 a
 0.20282604 -0.6840751 -0.68450695 12911 r
 -0.12873907 -0.22134197 0.7418235 13104 g
 0.19797055 9.166052 0.7728782 13107 a
 0.17800565 -0.67706335 -0.685754 13111 r
 0.25156033 0.57867163 -0.63023704 13303 g
 0.31588498 9.228301 -0.5337573 13307 a
 0.20765603 -0.66653323 -0.67665917 13311 r
 -0.25870132 -0.8597017 -0.058456384 13504 g
 -2.4655788 8.188619 -0.5804443 13507 a
 0.27868834 -0.6603533 -0.6665098 13511 r
 -0.03978949 -1.1196262 -0.11598066 13704 g
 -0.9231144 9.623942 -0.94915134 13708 a
 0.33379784 -0.6592864 -0.6381629 13711 r
 0.19483499 1.4780211 -9.321064E-4 13904 g
 -2.2752397 9.726893 -1.3872902 13908 a
 0.47275555 -0.5558268 -0.58945006 13911 r
 0.39057735 0.17733324 -0.24035029 14104 g
 -1.1852795 9.50124 -1.4531308 14108 a
 0.6442219 -0.3917787 -0.4461681 14111 r
 0.12958755 0.08918261 -0.40999365 14305 g
 -6.9289694 8.022222 11.523442 14308 a
 0.74818957 -0.17911968 -0.30795392 14312 r
 0.926938 -3.5255258 1.0890998 14504 g
 -0.65795654 9.578453 1.2624925 14508 a
 0.7484956 -0.12585187 -0.26041755 14511 r
 -0.33140564 -0.24424516 0.74794877 14704 g
 0.197372 8.689007 0.76090723 14708 a
 0.3984976 -0.5237038 -0.6311253 14712 r
 -0.16016437 0.24790701 0.32237566 14905 g
 1.2370541 10.208128 2.0705357 14909 a
 0.016716449 -0.62760353 -0.7776471 14913 r
 0.8273358 0.66176224 -0.64168864 15107 g
 -2.9138932 9.703549 -1.7739538 15114 a
 0.16999884 0.6372404 0.717053 15118 r
 -0.38307095 1.0945259 -0.5668538 15305 g
 -2.034024 9.927407 -1.747019 15308 a
 0.15305659 0.65018356 0.7012879 15315 r
 0.5279964 -1.1470568 0.15353124 15505 g
 -2.041805 9.467122 -1.1556512 15509 a
 0.19698161 -0.6765647 -0.70803505 15513 r
 0.29443723 -0.19950405 -0.051532168 15705 g
 -1.4785691 9.597008 -1.0407295 15709 a
 0.3546344 -0.63543296 -0.65597266 15713 r
 0.28644773 -0.16621454 -0.20066918 15905 g
 0.03995324 10.799496 -2.2162826 15909 a
 0.47764176 -0.5695368 -0.5985611 15913 r
 -0.23633078 0.9696237 -0.3231746 16108 g
 -0.7639 9.302521 2.3225253 16112 a
 0.55353665 -0.52012146 -0.559563 16115 r
 -1.1836171 3.2330441 0.1892176 16311 g
 -1.1481694 9.467122 1.8011879 16315 a
 0.5045955 -0.57204485 -0.56354946 16335 r
 -0.13406539 -0.50709915 0.723714 16505 g
 0.11716624 8.182633 0.30421326 16509 a
 0.22165047 -0.628379 -0.7222187 16513 r
 -0.24938026 0.4066314 0.38016623 16706 g
 1.9888334 10.792313 2.46917 16710 a
 0.03661069 -0.6465895 -0.75834113 16714 r
 0.4840543 0.38426086 -0.41398838 16906 g
 -1.9849428 10.43019 -1.8966566 16910 a
 0.028290603 -0.6743314 -0.7378821 16914 r
 0.034512702 2.1515346 -0.38788942 17106 g
 -1.5809213 9.858575 -2.0564697 17109 a
 0.09937372 -0.66814816 -0.736983 17119 r
 0.55116594 0.17094165 0.22809975 17306 g
 -1.94484 9.450363 -1.4860511 17311 a
 0.31205973 -0.63257945 -0.6821473 17314 r
 0.31441092 0.50889677 -0.20546287 17506 g
 -1.203236 9.544335 -1.3920786 17509 a
 0.40061495 -0.62055755 -0.62470657 17513 r
 0.12426123 -0.39258322 -0.3034672 17706 g
 0.45654434 10.572645 -1.9008465 17710 a
 0.4599454 -0.5960046 -0.5990606 17714 r
 0.1253265 1.7810888 0.0131826475 17907 g
 -1.98195 11.861922 0.8099884 17912 a
 0.5305101 -0.55577576 -0.56239134 17915 r
 -1.8795011 -0.7087005 0.78842884 18106 g
 -1.489343 8.736293 -0.3338415 18110 a
 0.5066666 -0.53839004 -0.5662375 18116 r
 -0.25870132 -1.2141684 0.84941524 18307 g
 0.13751696 9.206155 0.43230304 18311 a
 0.3668713 -0.56068015 -0.6347608 18315 r
 -0.13832645 0.5597632 0.12636699 18507 g
 0.94196874 9.930999 0.9326912 18512 a
 0.37308052 -0.5560322 -0.600488 18515 r
 0.72746724 0.43539354 -0.50719905 18707 g
 -3.565116 9.994446 -1.1029788 18711 a
 0.44156778 -0.5420983 -0.5614373 18715 r
 0.08750961 1.2620387 -0.49308428 18907 g
 -1.6701053 11.262176 -2.0115783 18912 a
 0.4885111 -0.5067214 -0.56695443 18915 r
 0.1319844 1.6420718 -0.0818922 19108 g
 -2.3584383 9.351004 -1.5441104 19112 a
 0.54806334 -0.43868643 -0.5439946 19116 r
 0.25715297 -0.062084943 -0.046205845 19307 g
 -0.7471406 9.555109 -1.7925088 19312 a
 0.6193821 -0.40762472 -0.47808382 19315 r
 -0.09971061 0.5299358 -0.65979815 19505 g
 -4.0768766 9.617957 -1.1562498 19506 a
 0.654329 -0.39112067 -0.46652755 19508 r
 0.21534134 -1.5891415 0.589757 19708 g
 -1.939453 10.454731 -1.3346179 19712 a
 0.7156218 -0.30918038 -0.38770792 19716 r
 -0.17161596 0.66043067 0.6707171 19908 g
 -1.7580923 10.221296 2.0771196 19912 a
 0.58166087 -0.33834577 -0.44294313 19916 r
 -0.35510775 1.397061 0.66246134 20108 g
 1.2645874 8.056937 -0.18899229 20121 a
 0.5874566 -0.35295594 -0.37864664 20125 r
 0.5255996 0.86922246 -0.23821975 20308 g
 0.87792385 17.712753 7.2054996 20315 a
 0.5990273 -0.32552564 -0.3065003 20319 r
 0.25582138 0.003695136 -0.22943133 20508 g
 -1.6653169 8.562713 -0.66962826 20512 a
 0.6538983 -0.27983105 -0.32261124 20516 r
 -0.4451226 1.862049 -0.49628007 20708 g
 -1.5378257 9.731083 -1.1221324 20712 a
 0.6666419 -0.20456114 -0.308008 20716 r
 1.1064351 1.5664381 -0.101333275 20910 g
 -2.0986674 9.251644 -1.3615526 20913 a
 0.6895892 -0.17324838 -0.2890977 20917 r
 0.059013784 -0.14118083 -0.090148 21109 g
 -1.1140519 9.721506 -1.9026421 21112 a
 0.7299139 -0.19399762 -0.29453346 21116 r
 0.059013784 0.14138056 -0.42277682 21309 g
 -2.6834512 7.9563813 -1.2789526 21313 a
 0.7357643 -0.16221794 -0.30360273 21317 r
 0.35116255 -1.2804811 0.37457362 21509 g
 -4.0170217 11.051485 -1.0437223 21513 a
 0.74670297 -0.17302597 -0.30187204 21517 r
 -2.255273 -2.6466827 1.116264 21709 g
 -0.7818565 9.461137 -0.49006316 21713 a
 0.6688122 -0.24762258 -0.34751025 21717 r
 0.3221341 0.15869111 1.1847072 21910 g
 1.3412019 7.2919903 -0.07646482 21914 a
 0.5188266 -0.4670968 -0.46654066 21917 r
 0.12825598 0.3799998 -0.28615665 22110 g
 -1.0033201 12.772917 2.4506152 22114 a
 0.43122128 -0.52566874 -0.48933497 22117 r
 0.99058753 1.1869376 -0.7444867 22310 g
 -1.1948563 9.287558 -0.6211457 22313 a
 0.5134306 -0.5100088 -0.53958136 22317 r
 -0.53407216 2.1059945 -0.49388322 22510 g
 -2.5954642 8.7470665 -2.5484781 22514 a
 0.5116781 -0.49930584 -0.570641 22517 r
 0.22386345 -1.3968613 0.0035952674 22711 g
 -1.9286791 9.6945715 -1.4028525 22714 a
 0.5819753 -0.41738695 -0.52476627 22718 r
 1.0451823 1.0705575 -0.084555365 22911 g
 -1.9915268 9.683798 -1.794903 22914 a
 0.66853046 -0.35446107 -0.42996243 22918 r
 -0.43580154 -0.2716757 -0.22543658 23110 g
 -2.2836194 10.338014 -1.3872902 23114 a
 0.712439 -0.27054828 -0.36876228 23117 r
 -0.0581653 -0.14517556 0.12530173 23311 g
 -3.2047887 8.769812 -1.7332524 23315 a
 0.70629656 -0.25310135 -0.38475952 23319 r
 0.59936917 -0.07353654 0.04460795 23511 g
 -3.1377509 8.921843 -1.3412019 23514 a
 0.6763325 -0.3231501 -0.42927495 23518 r
 0.4512974 -0.30869365 0.23928502 23711 g
 -2.7977743 9.566482 -0.39010525 23714 a
 0.6342336 -0.4034539 -0.4803346 23718 r
 -0.035262115 -0.054361776 -0.034487937 23912 g
 -2.6553192 9.421633 -0.52896893 23916 a
 0.5685302 -0.4845628 -0.5405225 23920 r
 -0.089856915 -0.1736714 0.009187906 24111 g
 -2.2489035 9.500641 0.019303251 24115 a
 0.5198171 -0.5085566 -0.5904713 24119 r
 -0.2613645 0.06308363 -0.014514227 24311 g
 -2.0064907 10.182989 1.4540286 24315 a
 0.49153504 -0.5149696 -0.6190104 24319 r
 -0.59479225 0.19277957 -0.062717445 24512 g
 -2.3769934 9.27379 0.08574235 24516 a
 0.47664294 -0.4985971 -0.63774806 24520 r
 0.25954983 -0.51855075 0.6677876 24712 g
 -0.27548283 9.944766 0.27608138 24715 a
 0.37575108 -0.51324296 -0.69310147 24719 r
 0.42573106 0.3602924 0.85980153 24912 g
 -0.5777508 8.243087 0.65915364 24916 a
 0.33969417 -0.578519 -0.6466934 24920 r
 0.42013842 0.7690876 0.23156185 25113 g
 0.99045134 9.60838 -1.2089223 25125 a
 0.37158877 -0.584147 -0.57136375 25129 r
 0.62839764 0.45696515 -0.98896486 25312 g
 -1.0063128 9.3761425 -1.9618987 25315 a
 0.54326767 -0.4946522 -0.44511035 25319 r
 -0.6597734 0.085720494 -0.2872219 25512 g
 -1.7832314 9.278579 -1.2328643 25516 a
 0.68416697 -0.30823708 -0.33578882 25520 r
 0.11201069 -0.116147116 -0.24035029 25713 g
 -2.7858033 9.354595 -1.6267104 25717 a
 0.72366035 -0.16567722 -0.25670817 25721 r
 -0.49439108 -0.06235126 -0.17643443 25913 g
 -1.7353473 9.660454 -1.5500959 25917 a
 0.73730123 -0.05658438 -0.19082172 25921 r
 0.75463146 0.6444517 -0.07470167 26113 g
 -1.838298 9.479692 -1.2514193 26116 a
 0.7446184 -0.00799338 -0.15260352 26121 r
 0.27845827 -0.30895996 -0.11624698 26313 g
 -1.4719851 11.19394 -2.3766942 26317 a
 0.77354556 -0.032856002 -0.17667265 26322 r
 -0.27601188 0.17973009 -6.657903E-4 26514 g
 -3.4908957 8.911069 -1.7266684 26517 a
 0.7628429 -0.028976787 -0.20479675 26521 r
 0.6094892 2.1195767 -0.16817862 26713 g
 -3.9290347 9.766397 0.70524204 26717 a
 0.76215124 -0.10463452 -0.25101033 26721 r
 -1.2376794 -1.2485232 0.30453247 26914 g
 -2.0142717 9.333047 0.90396076 26918 a
 0.73464006 -0.09501591 -0.2565501 26923 r
 -0.14365277 -1.0842061 0.4358263 27113 g
 -2.1483471 8.493281 1.2211925 27117 a
 0.64160633 -0.21491244 -0.34471163 27122 r
 0.14530021 -0.5225455 0.30266824 27314 g
 -0.8016087 11.913398 1.1888708 27317 a
 0.6286131 -0.25805897 -0.32917252 27322 r
 0.49683747 0.38985348 -0.61479074 27514 g
 -2.0370166 10.780941 -1.5147815 27518 a
 0.6561714 -0.2619335 -0.33918664 27523 r
 0.13438125 1.334743 -0.6294381 27714 g
 -2.7486932 9.332449 -1.4441526 27718 a
 0.677757 -0.2629239 -0.37023738 27722 r
 -0.010761035 -0.18831877 -0.05526059 27914 g
 -1.939453 9.370157 -1.697938 27918 a
 0.6950388 -0.25832152 -0.37700787 27923 r
 0.30136144 0.6023737 -0.010519486 28115 g
 -2.2291515 9.574263 -1.9738697 28119 a
 0.6904003 -0.26333052 -0.39250746 28123 r
 -0.07813901 0.024467792 0.011851067 28315 g
 -2.1896472 9.522788 -0.80430216 28319 a
 0.70930344 -0.2657864 -0.37698403 28323 r
 0.67313874 -1.0644988 0.2986735 28515 g
 -1.9675848 9.434202 -2.04809 28518 a
 0.71597874 -0.26515627 -0.35458574 28523 r
 -0.55511117 -0.18672088 -0.21664815 28715 g
 -2.5805006 9.534759 -1.4351742 28719 a
 0.6881329 -0.27664512 -0.39896283 28724 r
 -0.09651482 -0.33212948 0.08828379 28915 g
 -2.7858033 9.3522005 -0.5457283 28919 a
 0.66258353 -0.32175708 -0.44295022 28923 r
 -0.2616308 -0.44238433 0.11571435 29115 g
 -2.9599814 9.246258 1.9939212 29119 a
 0.6331577 -0.33902824 -0.47334865 29123 r
 -0.48746687 -1.1300125 0.02676477 29316 g
 -1.8269255 9.285163 1.647959 29323 a
 0.5741172 -0.33826143 -0.52976686 29326 r
 0.4313237 -0.6530404 0.08801747 29515 g
 -0.5873276 10.136302 1.4785691 29519 a
 0.5247712 -0.39750564 -0.5826579 29524 r
 0.6291966 -1.6916732 0.34288198 29715 g
 -1.5096939 10.141688 0.5077204 29719 a
 0.45041376 -0.5330571 -0.60923225 29724 r
 -0.41183308 -0.028262798 -0.066712186 29917 g
 -1.7568952 8.626159 1.2295722 29921 a
 0.41737378 -0.55567384 -0.62967104 29925 r
 -0.34871617 0.2532333 -0.06804377 30116 g
 -0.56637836 11.323227 0.39758712 30127 a
 0.38698483 -0.54459 -0.66234475 30131 r
 0.6856556 -0.058090203 0.032623723 30319 g
 -2.2345383 8.746468 -1.3777134 30323 a
 0.45660615 -0.51905274 -0.6319248 30326 r
 -0.23446657 -0.04237755 -0.2273008 30518 g
 -1.6120459 9.681403 -1.4896424 30522 a
 0.51987576 -0.5049174 -0.5782098 30526 r
 -0.110895894 -0.11827764 0.28242823 30718 g
 -2.2764368 9.5910225 -1.3633482 30722 a
 0.5922254 -0.4019553 -0.51987475 30726 r
 0.43691635 -0.04530703 0.07044061 30918 g
 -1.6485575 9.571869 -1.6356887 30922 a
 0.59750915 -0.44005334 -0.49133143 30926 r
 -0.43766576 0.7176886 -0.17696705 31116 g
 -1.4504373 9.635315 -1.2101194 31121 a
 0.63718826 -0.37537986 -0.4466218 31124 r
 0.1618118 0.16907744 -0.09068064 31323 g
 -1.5875053 9.802909 -0.4679168 31327 a
 0.6796178 -0.30139518 -0.38880095 31330 r
 0.06141063 -0.41948116 0.06724482 31521 g
 -2.9138932 10.053701 -0.68459207 31525 a
 0.6997878 -0.23887557 -0.3595685 31529 r
 0.38897943 0.9192899 0.052331116 31719 g
 -2.5403976 9.651476 0.5957073 31723 a
 0.7038828 -0.23706695 -0.34174708 31726 r
 -0.65418077 -0.14490925 -0.084555365 31918 g
 -2.642151 8.929625 0.28266543 31922 a
 0.69120663 -0.19331574 -0.34520552 31926 r
 -0.34365618 -1.0064418 0.47577372 32118 g
 -0.32336688 11.480047 2.645144 32123 a
 0.6072542 -0.25063038 -0.41890398 32126 r
 0.013207415 -0.096173406 0.5996107 32319 g
 -0.14739305 8.684817 0.3143886 32325 a
 0.56320316 -0.3441983 -0.45804074 32328 r
 0.04782851 0.4660199 0.24088292 32518 g
 -0.8590695 8.098238 0.99613756 32523 a
 0.52923125 -0.38856292 -0.44987032 32526 r
 0.47180375 0.57201374 -0.30266824 32718 g
 -0.8764275 9.611972 0.6166566 32722 a
 0.5573373 -0.36661732 -0.42968234 32726 r
 -0.17667598 0.24737437 -0.30080405 32919 g
 -2.2620716 8.795548 -0.30989948 32923 a
 0.63874304 -0.2842697 -0.3811845 32926 r
 -0.1242117 0.5640242 -0.18335864 33118 g
 -2.4015338 9.370157 -1.455525 33122 a
 0.68128425 -0.218532 -0.33480498 33126 r
 -0.14072329 0.5307347 -0.20865867 33319 g
 -1.477372 9.631723 -1.2741642 33323 a
 0.71716315 -0.13412383 -0.27134684 33326 r
 0.3455699 0.56775266 -0.02676477 33518 g
 -1.7975966 9.3522005 -1.3681366 33523 a
 0.73270553 -0.08336738 -0.22744896 33526 r
 0.35169518 -0.091113396 0.030226879 33718 g
 -1.7335516 9.590424 -1.4459482 33724 a
 0.7539138 -0.059195794 -0.20001148 33728 r
 0.1335823 0.045506764 -0.2555303 33918 g
 -2.497302 9.020005 -0.82584995 33922 a
 0.76994056 -0.03445059 -0.19007428 33926 r
 0.2113466 -1.5244267 0.3231746 34118 g
 -2.3728034 10.806678 0.6645406 34123 a
 0.76969165 0.024921339 -0.13890956 34126 r
 -0.003304184 2.2391524 0.32104406 34319 g
 -0.8333318 10.069264 1.5270518 34323 a
 0.75523305 -0.052951403 -0.18431593 34326 r
 -0.008630506 -0.59098876 0.54954326 34519 g
 -0.0175076 9.22052 0.9793781 34523 a
 0.651747 -0.16153279 -0.25972936 34526 r
 -0.20810127 -0.1241366 0.29920614 34720 g
 -0.11806407 9.15408 1.8191444 34724 a
 0.610719 -0.21707293 -0.2727528 34727 r
 0.52293646 0.66202855 -0.36418727 34935 g
 -2.8025627 7.6086235 -2.4664767 34939 a
 0.6272834 -0.209456 -0.27125385 34943 r
 -0.017418938 -0.7715511 -0.06351639 35116 g
 -3.007267 9.811289 -0.8228572 35122 a
 0.686477 -0.124914065 -0.22965576 35123 r
 0.365011 0.5754758 -0.28242823 35321 g
 -1.5623662 9.498846 -1.278354 35324 a
 0.7272977 0.010551486 -0.14797194 35328 r
 0.1748613 0.3307313 0.029694246 35520 g
 -2.0585647 9.225906 -1.4070424 35524 a
 0.7383589 0.038008243 -0.119545095 35528 r
 0.52426803 -0.23039672 0.012916331 35721 g
 -1.1972505 9.572467 -1.1484686 35724 a
 0.75713587 0.02744126 -0.12754221 35728 r
 0.22705925 0.052430984 -0.2635198 35922 g
 -3.6243725 9.060108 -0.6157588 35925 a
 0.776126 0.005842136 -0.16495834 35929 r
 -0.1359296 -2.4520056 0.5783054 36121 g
 -2.0645502 10.022577 -2.607136 36125 a
 0.7723685 0.018124651 -0.14127187 36128 r
 -0.99985904 0.28678915 0.34767568 36321 g
 -2.2255602 9.336638 1.4007577 36325 a
 0.6532461 -0.15258262 -0.27070698 36328 r
 -0.51676166 0.38985348 0.53116745 36522 g
 0.6349124 8.358008 0.20964229 36526 a
 0.6473759 -0.17130926 -0.2226802 36529 r
 0.48645115 0.57387793 -0.20013656 36721 g
 -1.4498388 12.431144 2.7373207 36725 a
 0.63722533 -0.18759248 -0.2039666 36729 r
 0.7988399 1.3445967 -0.46485478 36922 g
 -0.5597943 9.737667 -0.91024554 36926 a
 0.7033422 -0.13900247 -0.19896607 36929 r
 -0.07121479 0.7720171 -0.15379755 37122 g
 -2.783409 9.301923 -2.0157683 37126 a
 0.71505195 -0.11141738 -0.20890848 37130 r
 -0.15776752 0.07533417 -0.22996396 37322 g
 -1.6868647 10.026169 -1.2316672 37326 a
 0.7186818 -0.09932974 -0.23257516 37329 r
 0.46727636 -0.8546417 0.057657436 37522 g
 -1.7999908 9.374347 -1.5692496 37526 a
 0.7437915 -0.07847041 -0.21431647 37529 r
 0.35276046 -0.24770726 -0.26618296 37723 g
 -0.6525696 11.656021 -2.8980315 37727 a
 0.7537886 -0.15860984 -0.27503642 37730 r
 0.034512702 0.34378082 -0.21052288 37923 g
 -2.3315036 11.0317335 -1.7434278 37926 a
 0.77507234 -0.14295262 -0.2764397 37930 r
 -1.9801687 -1.3065801 1.3535516 38123 g
 -2.2758384 8.007258 -1.7715596 38126 a
 0.7377535 -0.21542898 -0.28777596 38130 r
 0.06220958 0.24204805 0.8606005 38323 g
 -1.008707 7.9569798 0.7842507 38327 a
 0.63144195 -0.26765597 -0.32818744 38330 r
 -0.14764751 -0.14517556 0.06298376 38523 g
 -0.6130653 11.906216 1.148768 38526 a
 0.6173219 -0.2597915 -0.28319314 38530 r
 0.75276726 0.26255438 -0.64195496 38723 g
 -2.0483892 10.779145 -2.1564276 38727 a
 0.6658706 -0.22565961 -0.27282563 38730 r
 0.4528953 0.5938516 -0.58336544 38924 g
 -2.7642555 9.379734 -2.7064953 38927 a
 0.7040688 -0.19790396 -0.27371565 38931 r
 0.30349198 -0.5313339 -0.08269115 39123 g
 -1.9047371 9.69517 -1.402254 39127 a
 0.7347958 -0.08424918 -0.21213458 39131 r
 0.3303899 -0.51375705 0.037950046 39323 g
 -1.522862 9.396494 -1.7009307 39327 a
 0.76160353 -0.05180362 -0.18689685 39331 r
 0.23851085 -0.011218566 -0.32077774 39524 g
 -0.040252518 11.33041 -2.6478374 39527 a
 0.7765717 -0.05747039 -0.20187192 39531 r
 -0.30237716 1.1035807 -0.06990798 39723 g
 -1.8933647 9.115773 -5.395184 39727 a
 0.7941069 -0.02868376 -0.19225104 39730 r
 -2.5042787 -0.80271006 1.115465 39924 g
 -4.070891 7.959374 -0.8539818 39928 a
 0.7578312 -0.13016668 -0.21517514 39942 r
 -0.34765092 1.1880028 0.6544718 40124 g
 -0.8279449 8.483704 0.33593643 40136 a
 0.68951875 -0.20932782 -0.23442875 40139 r
 -0.23526551 0.09157945 0.14074807 40328 g
 0.5995979 11.565042 0.022296004 40339 a
 0.68951875 -0.20932782 -0.23442875 40345 r
 0.6273323 0.12806475 -0.976448 40527 g
 -2.0747254 11.517756 -3.378069 40533 a
 0.71248925 -0.19592312 -0.20022006 40543 r
 -0.29811612 1.5627096 -0.6566024 40729 g
 -1.7676691 9.525781 -1.7649755 40743 a
 0.736409 -0.15917459 -0.23311515 40747 r
 -0.26029924 0.7243465 -0.16551547 40929 g
 -1.5940894 9.645491 -1.4531308 40942 a
 0.73710567 -0.024028055 -0.17694871 40946 r
 0.58978176 0.1517669 0.00545948 41129 g
 -1.3109751 9.316886 -1.8900726 41142 a
 0.7753389 -0.01199208 -0.15640886 41146 r
 0.046763245 0.1783985 -0.4504737 41341 g
 -3.3981204 8.293963 -2.007987 41344 a
 0.7937396 0.02177487 -0.13827015 41348 r
 -0.27601188 -2.2962108 0.63769394 41529 g
 0.1213561 10.976666 2.0436008 41543 a
 0.7835421 0.09892358 -0.072694756 41546 r
 0.24463612 0.5387242 1.0211891 41729 g
 -0.21383214 10.139894 1.3744214 41743 a
 0.6991072 0.020199966 -0.06944922 41746 r
 -0.32980773 -0.3507716 0.48136637 41941 g
 0.1297358 9.765201 0.9374796 41945 a
 0.6856683 -0.05552928 -0.026339406 41949 r
 0.50003326 0.8955878 -0.5210475 42129 g
 -1.4731822 5.352687 -4.1855135 42143 a
 0.68427384 -0.05355128 -0.021336677 42147 r
 -0.7135692 -1.5798204 -0.40147153 42329 g
 -2.6720788 9.677214 -1.7901146 42343 a
 0.71915984 0.025409147 -0.034485545 42347 r
 0.18791078 0.22660172 -0.29334718 42526 g
 -1.2020389 9.900473 -0.93358904 42539 a
 0.7250009 0.13870218 -0.0020876175 42546 r
 0.60549444 0.31475234 -0.012383699 42729 g
 -1.8885763 9.363573 -1.7877204 42742 a
 0.7450574 0.15979508 0.00748581 42745 r
 0.31014988 -0.2716757 -0.37457362 42941 g
 0.55470663 11.044901 0.029478608 42945 a
 0.76940656 0.17875963 6.816183E-4 42949 r
 -0.4712216 1.9035943 0.44115263 43141 g
 -2.6098294 9.161861 -4.9552493 43145 a
 0.7517183 0.26852798 0.093483485 43149 r
 -0.97642326 0.0055593485 0.28668928 43333 g
 -0.65915364 8.881142 1.90354 43343 a
 0.6861921 0.15485072 0.071689986 43347 r
 -0.6840082 0.24604279 0.39667785 43530 g
 1.265186 9.914838 4.4258313 43543 a
 0.6578856 0.14913106 0.16683413 43547 r
 0.81535155 0.6907907 -0.100268014 43742 g
 -3.6028247 12.75077 -2.255787 43746 a
 0.6315209 0.2112999 0.2530118 43749 r
 0.2608814 0.5280715 -1.6678046 43929 g
 -0.8764275 9.070882 -1.7757494 43942 a
 0.6485678 0.24717581 0.22819854 43946 r
 0.28644773 0.096639454 -0.21425131 44142 g
 -1.5946879 9.594614 -1.5435119 44146 a
 0.6727888 0.31123638 0.17656691 44149 r
 0.55649227 0.3219429 -0.1231712 44343 g
 -0.8788217 9.297732 -0.9946412 44346 a
 0.69362074 0.33631802 0.1549127 44350 r
 0.26354456 0.72940654 -0.42517367 44533 g
 -3.3304842 10.043527 -4.481796 44544 a
 0.7351276 0.31409115 0.09134839 44548 r
 -3.1913743 -1.7651764 1.470198 44741 g
 -2.7008092 7.8145247 -1.9223943 44744 a
 0.7388451 0.2282562 0.08647653 44748 r
 -0.042452652 -0.08179233 1.1812451 44943 g
 -0.85188687 7.8665986 0.0947206 44947 a
 0.7005011 0.10415815 0.08184337 44950 r
 -0.14258751 0.44711146 0.01771002 45128 g
 -5.1506763 19.649063 -1.3519758 45146 a
 0.68933517 0.11083335 0.13656075 45150 r
 0.38764787 0.29797444 -0.8797753 45342 g
 -1.7114053 7.049577 -2.4616883 45346 a
 0.6874975 0.21380061 0.10684172 45350 r
 -0.41263205 2.2247715 -0.688294 45543 g
 -0.6795044 9.361179 -0.6983587 45547 a
 0.6874975 0.21380061 0.10684172 45551 r
 0.7125535 0.7464508 -0.06990798 45741 g
 -2.2447138 9.631723 -1.1364976 45745 a
 0.6545533 0.36699647 0.19244422 45748 r
 0.7042977 -0.23811989 -0.17963022 45941 g
 0.27997196 11.582998 -0.31349078 45945 a
 0.70583856 0.36814833 0.14674674 45949 r
 -0.76363665 2.0386164 0.40733048 46144 g
 -3.3747768 9.840618 -5.1635447 46147 a
 0.66015756 0.4458967 0.23222475 46151 r
 -1.078156 -1.0077734 0.48083374 46344 g
 -2.4865282 7.4302554 1.3079823 46347 a
 0.6382533 0.26195228 0.30705568 46351 r
 -0.24405394 0.17067534 0.08695221 46541 g
 0.4571429 9.828049 0.7818565 46544 a
 0.6382533 0.26195228 0.30705568 46548 r
 0.8326621 0.6987802 -0.41984734 46742 g
 -1.3881881 6.3744125 -3.154211 46746 a
 0.63511133 0.29730624 0.30540648 46749 r
 -0.48001 -1.6834174 -0.12689963 46942 g
 -3.2155626 9.406071 -1.5536872 46946 a
 0.63109815 0.38561273 0.29698524 46949 r
 -0.2613645 -0.27513784 -0.43556 47142 g
 -1.4031519 9.866954 -0.7504326 47145 a
 0.57613355 0.4655015 0.31968352 47149 r
 0.76981145 0.018342521 -0.10612697 47344 g
 -1.6114473 9.453356 -1.2687773 47348 a
 0.61277056 0.50616527 0.25281003 47351 r
 0.5208059 -0.68766147 -0.2736398 47542 g
 -0.058807578 11.328614 -0.7199065 47545 a
 0.61277056 0.50616527 0.25281003 47549 r
 -0.36442882 1.2878714 0.34341463 47743 g
 -2.5942671 10.495432 -2.7872996 47746 a
 0.6031922 0.5185659 0.267333 47750 r
 -1.4070563 -1.7944713 0.5862949 47943 g
 -2.757073 9.726893 0.98416656 47947 a
 0.58422667 0.39215738 0.29243013 47951 r
 -0.31063297 1.3645705 0.48056743 48143 g
 -0.8961796 6.880786 -0.10339958 48146 a
 0.60787404 0.35773128 0.33060214 48150 r
 0.43851423 0.7805392 -0.10266486 48344 g
 -0.5538088 15.119234 6.118532 48348 a
 0.6020277 0.38785607 0.41171703 48351 r
 0.8694137 0.7954529 -0.43848947 48545 g
 -2.4057238 9.398289 -2.2426188 48549 a
 0.6020277 0.38785607 0.41171703 48553 r
 -0.90824634 2.5893583 -1.1482219 48743 g
 -1.0266637 9.668236 -0.036361936 48747 a
 0.5560619 0.4779241 0.37515965 48750 r
 0.6097555 0.7259444 0.004394216 48943 g
 -1.404349 9.555109 -1.3687352 48947 a
 0.47737306 0.57613254 0.42932376 48951 r
 0.5213385 -0.42640537 -0.3577957 49144 g
 0.69057757 11.816433 -1.3160627 49148 a
 0.5296712 0.6008624 0.35196516 49151 r
 -0.40624046 1.45352 0.4832306 49344 g
 -3.4962826 10.589404 -4.008941 49348 a
 0.5362539 0.5901103 0.35750028 49352 r
 -1.588684 -1.6365458 0.43848947 49548 g
 -2.8863597 7.21358 1.4378678 49552 a
 0.5362539 0.5901103 0.35750028 49556 r
 -0.5604375 0.52647364 0.20945762 49744 g
 1.4273931 8.726117 2.1142297 49747 a
 0.50217247 0.42266417 0.47969648 49751 r
 0.7061619 1.0583069 -0.44195157 49943 g
 -1.7886183 4.644003 -3.3247979 49947 a
 0.50217247 0.42266417 0.47969648 49950 r
 -0.6880029 -2.1907496 -0.316783 50141 g
 -1.9675848 9.467122 -0.5822399 50156 a
 0.48351493 0.50946045 0.46266213 50161 r
 0.7080261 0.81942135 -0.043276366 50343 g
 -1.2906244 9.095423 -1.5075989 50347 a
 0.35417384 0.6251408 0.5163321 50351 r
 0.6108208 0.47107992 -0.09520801 50534 g
 -1.2050316 9.956737 -1.936161 50538 a
 0.35417384 0.6251408 0.5163321 50544 r
 -0.07547585 0.43725777 -0.44621265 50736 g
 -2.9270613 9.173833 0.5172972 50740 a
 0.3446864 0.7092843 0.47757176 50744 r
 -0.3990499 -0.52334446 0.6795055 50938 g
 -0.31259295 9.916634 1.7413328 50943 a
 0.27420795 0.73365855 0.5368826 50947 r
 0.08644434 1.4095778 0.81346256 51136 g
 0.9461586 10.038738 0.19048867 51140 a
 0.3155455 0.57826793 0.63961214 51144 r
 -0.5029132 0.26867965 0.1644502 51339 g
 1.0562918 8.162283 1.9472342 51343 a
 0.31179333 0.5693886 0.68549734 51347 r
 0.6132176 0.4511062 -0.4158526 51539 g
 -2.9306526 9.286959 -4.058022 51543 a
 0.26838788 0.6147839 0.68242115 51547 r
 -0.42594784 0.16215321 -0.46592003 51736 g
 -1.6419735 10.115952 -1.5099931 51740 a
 0.25455174 0.648698 0.6376278 51744 r
 0.6608882 -1.5156382 0.41372207 51937 g
 -1.7413328 9.601796 -1.7530046 51941 a
 0.1459363 0.7176448 0.63445896 51945 r
 0.53971434 -0.32360736 0.019574234 52139 g
 -0.8279449 9.167249 -1.3412019 52143 a
 0.19326487 0.7418866 0.58690673 52147 r
 0.029186381 0.19997011 -0.2669819 52339 g
 0.13931261 12.224046 -3.1236851 52344 a
 0.22651863 0.7487893 0.5511456 52348 r
 -0.5689596 2.1512682 0.09440906 52537 g
 -4.1822214 12.59814 -3.6821325 52541 a
 0.23706013 0.75713086 0.52945477 52545 r
 -2.2435553 -1.627491 0.43769053 52737 g
 -3.5166333 6.955006 -0.08125322 52741 a
 0.28151196 0.6438831 0.62517565 52744 r
 -0.10503694 1.1778829 0.33755568 52936 g
 0.30211833 7.7283335 0.1575684 52940 a
 0.34313303 0.6095551 0.64443356 52944 r
 0.5146806 0.3501724 -0.43129894 53136 g
 -3.2766147 13.394212 1.9615993 53140 a
 0.31130925 0.61182654 0.67125386 53144 r
 0.86861473 1.9139806 -0.78390145 53337 g
 -0.8638579 8.941595 -0.5918167 53341 a
 0.22041859 0.6905302 0.6367077 53345 r
 -0.20570442 2.4876254 -0.48003477 53538 g
 -0.995539 8.686014 -1.3064859 53543 a
 0.13722093 0.7163161 0.6427843 53546 r
 0.11440753 -0.4069643 0.38655782 53738 g
 -2.4314616 9.127146 -2.0397103 53742 a
 0.024707623 0.720706 0.67611474 53746 r
 0.8001715 0.15549532 -0.18948391 53942 g
 0.22370823 11.628488 -2.2749405 53945 a
 0.059452698 0.7695513 0.6157455 53949 r
 -0.34658563 0.608499 -0.32131037 54138 g
 -3.541174 7.942016 0.60229135 54143 a
 -0.018114673 0.78073514 0.6109367 54146 r
 -0.24751605 1.5952002 0.17430389 54342 g
 -1.4749779 9.334843 0.9757868 54345 a
 -0.020452797 0.7695006 0.6251567 54349 r
 0.073927484 0.6031727 0.3828294 54540 g
 -0.94526076 10.398467 0.7423522 54544 a
 0.014481661 0.6846199 0.7159423 54548 r
 -0.070149526 0.70463914 0.22090921 54739 g
 -1.2259809 10.345795 -0.019003976 54743 a
 -0.012743867 0.67779994 0.7295942 54747 r
 0.15621917 1.3421999 0.24754082 54939 g
 -1.6820763 9.768193 0.5969044 54944 a
 0.08522743 -0.68234074 -0.7259299 54947 r
 0.57433546 1.3097093 -0.29441246 55142 g
 -0.6950667 9.438392 -0.4894646 55154 a
 0.19819684 -0.6887039 -0.6823451 55158 r
 -0.015288409 1.3469936 -0.38842204 55342 g
 -2.235137 9.686192 -1.539322 55346 a
 0.3453008 -0.632004 -0.64234847 55350 r
 -0.21981917 1.308644 -0.37457362 55540 g
 -1.1212345 9.748441 -1.532738 55544 a
 0.5404216 -0.4945569 -0.532947 55548 r
 0.0012231899 1.3432652 -0.22090921 55743 g
 -1.8682255 9.56289 -1.8158524 55747 a
 0.71003455 -0.20351943 -0.30044797 55750 r
 -0.16708858 0.15283215 0.1066596 55940 g
 -1.9442414 9.728689 -1.1089643 55944 a
 0.7461456 0.050523147 -0.06821477 55948 r
 0.2608814 1.144327 -0.13568805 56140 g
 -0.65316814 9.310302 -1.2831424 56144 a
 0.71304053 0.2342886 0.101997845 56147 r
 -0.3622983 0.8164919 -0.37830204 56346 g
 -0.5280711 10.849175 -2.6616042 56350 a
 0.6603251 0.37196678 0.21080701 56354 r
 -0.5724217 1.4125073 -0.3119893 56542 g
 -2.931251 11.152041 0.59391165 56546 a
 0.58495545 0.47121197 0.28735712 56550 r
 -3.3397124 -1.8631808 0.53116745 56741 g
 -0.99254626 9.198972 0.22041619 56745 a
 0.47897828 0.56205547 0.41915753 56749 r
 -0.13939172 -0.19178088 0.6653908 56944 g
 -0.57356095 9.148095 0.8572738 56948 a
 -0.011325108 0.66886365 0.74296266 56951 r
 -0.03632738 0.7014433 -0.17563547 57141 g
 -3.4322379 9.956138 -0.535553 57145 a
 0.47217995 -0.47488087 -0.5358034 57149 r
 -0.18786125 1.0412627 -0.21265341 57344 g
 -1.5779285 9.595212 -0.83422965 57348 a
 0.67188877 -0.16476819 -0.23295785 57371 r
 0.24383716 0.8101003 -0.33409357 57544 g
 -1.1930606 9.887903 -1.2490251 57548 a
 0.7096441 0.04299386 -0.057503622 57552 r
 0.15249074 0.49851045 -0.11757856 57742 g
 -1.8359038 9.574862 -1.669806 57746 a
 0.73368746 0.050007306 -0.07390738 57749 r
 -0.02407684 -0.19657458 -0.03741741 57942 g
 -0.89677817 9.730485 -1.4136264 57946 a
 0.7368919 -0.0054878686 -0.12882935 57949 r
 -0.1343317 1.2889366 -0.37723675 58145 g
 -0.61725515 9.566482 -1.3956699 58148 a
 0.7475101 -0.025367513 -0.15678199 58152 r
 -0.11995064 0.943791 -0.21345235 58345 g
 -1.6593314 8.821286 -1.1353005 58349 a
 0.7507301 -0.13207343 -0.2405322 58353 r
 -0.01661999 0.57254636 -0.26751453 58544 g
 -1.958008 8.92723 -1.8601451 58548 a
 0.7457091 -0.11861524 -0.24180518 58551 r
 0.26061508 0.17759955 0.04434163 58745 g
 -2.0238485 11.21908 -0.28715456 58749 a
 0.7605902 -0.07704598 -0.22612454 58753 r
 -1.7000041 -0.38512638 0.52078116 58943 g
 -1.1745056 8.948778 -0.6163573 58947 a
 0.7397312 -0.03214793 -0.17538352 58950 r
 0.23664662 0.14750583 0.67098343 59143 g
 -0.31139585 8.378359 0.13602059 59147 a
 0.6755062 0.0022476772 -0.04747564 59150 r
 0.21720555 0.3025018 -1.3315806E-4 59346 g
 -2.5894787 19.649063 -0.44936174 59350 a
 0.6656883 0.1162958 0.14726128 59354 r
 0.74291354 -0.104961835 -0.80680466 59543 g
 -1.4085388 8.764424 -1.55668 59547 a
 0.68153626 0.24802998 0.19579925 59551 r
 0.42945948 2.543552 -0.16338493 59743 g
 -1.3606547 10.209325 -1.6889597 59747 a
 0.6478558 0.3126455 0.23208694 59751 r
 0.68485665 -0.17526929 0.03422162 59945 g
 -1.3450924 9.373749 -1.4525323 59950 a
 0.6540338 0.31873196 0.18918689 59955 r
 0.6361208 -1.5049856 0.15912387 60228 g
