 -0.5303438 2.104663 -0.14740597 2 g
 -1.9627964 8.294562 -1.3866917 5 a
 0.68357843 -0.24736163 -0.33931097 6 r
 0.5370512 -0.3076284 -0.03688478 103 g
 -1.5324388 9.978285 -1.7685668 105 a
 0.7289916 -0.08776313 -0.22262616 109 r
 1.100576 0.1634848 -0.37670413 309 g
 -2.2213702 9.632322 2.0436008 313 a
 0.78400636 -0.055261984 -0.19780935 316 r
 -0.7228903 -0.79285634 0.9295764 507 g
 -2.235137 11.300483 1.714398 511 a
 0.79386383 0.030159745 -0.118084185 515 r
 -0.22887392 1.1573765 0.8574047 712 g
 0.88271224 7.9067016 -0.86355865 721 a
 0.6417135 -0.22368464 -0.2871202 725 r
 0.27073509 -0.0048269792 -0.49974218 908 g
 -5.5726542 17.682226 -0.097414084 911 a
 0.5370097 -0.36920947 -0.40380272 915 r
 0.9937833 -0.26421887 -0.8123973 1106 g
 -2.3488615 9.396494 -1.9828479 1110 a
 0.56415737 -0.4121945 -0.49399033 1114 r
 -0.33326983 3.2439632 -0.8158594 1307 g
 -1.3265374 9.299528 -1.3986627 1310 a
 0.5535389 -0.43856198 -0.5295659 1315 r
 0.68166083 -0.21521671 -0.108257495 1507 g
 -0.95603466 9.518598 -0.90665424 1511 a
 0.6148691 -0.41664082 -0.4893805 1515 r
 0.637985 0.12833108 -0.44887578 1707 g
 -5.246444 10.306889 2.3099558 1710 a
 0.6840982 -0.39891416 -0.43848303 1714 r
 -0.8637715 -1.24586 1.6113456 1907 g
 -0.3131915 9.382129 -1.3537714 1911 a
 0.70546526 -0.3099451 -0.379356 1915 r
 -0.64752287 -0.053829145 0.6137255 2108 g
 1.8852842 9.265411 0.5005378 2112 a
 0.5551451 -0.3639158 -0.45779905 2116 r
 -0.2781424 -0.4780707 -0.07390272 2307 g
 -0.12943652 9.850195 1.2014403 2311 a
 0.51596874 -0.4151705 -0.44461206 2314 r
 0.7626209 0.22287329 -1.321061 2507 g
 -3.828478 12.7753105 -3.4882023 2512 a
 0.530929 -0.44633704 -0.49440458 2515 r
 0.31520987 0.46735147 -0.3830957 2709 g
 -1.0931027 9.926809 -0.8593688 2713 a
 0.5384152 -0.465096 -0.5369033 2717 r
 1.2648932 1.4165021 -0.1841576 2907 g
 -1.9238907 10.131514 -1.2879308 2911 a
 0.59766406 -0.43082362 -0.50310284 2914 r
 0.34050992 0.58266634 -0.3559315 3108 g
 1.2256817 12.711864 -1.3675381 3112 a
 0.6713116 -0.4079649 -0.4417431 3116 r
 -0.78680617 2.4250412 0.43103263 3309 g
 -3.9535751 9.079861 -5.1599536 3313 a
 0.7213236 -0.31394386 -0.36980626 3317 r
 -1.5000007 -2.2330937 0.5117264 3508 g
 -2.3225253 8.368782 2.2016182 3512 a
 0.5577635 -0.40592045 -0.4814265 3516 r
 -0.20384021 -0.3028347 0.1050617 3709 g
 0.47330374 9.468918 0.3131915 3713 a
 0.56585544 -0.38723767 -0.4285917 3717 r
 0.75010407 0.70224226 -0.52051485 3909 g
 -2.7840075 2.5652375 -2.1133318 3913 a
 0.5861455 -0.39845824 -0.409462 3917 r
 -0.45897105 -2.597947 -0.14927018 4108 g
 -2.5894787 8.901492 -1.5177742 4113 a
 0.6474424 -0.3498996 -0.3995228 4116 r
 0.14929494 0.9914616 -0.2637861 4312 g
 -1.3325229 9.717317 -1.5093945 4316 a
 0.66788834 -0.29803556 -0.40906814 4320 r
 0.78286093 -0.7222826 0.08402273 4509 g
 -1.0212767 10.091411 -1.4184148 4513 a
 0.71589893 -0.31671536 -0.3725609 4517 r
 0.005750564 0.68706226 -0.5095959 4709 g
 -5.847987 12.629264 -0.83303255 4713 a
 0.7339911 -0.33268064 -0.38333377 4717 r
 -1.7242389 -2.098338 1.8030932 4909 g
 -0.40776247 8.987683 -0.98686004 4913 a
 0.6971919 -0.36077124 -0.39212218 4917 r
 -0.78201246 -0.26421887 0.33089775 5106 g
 0.6642413 8.844031 1.2750621 5108 a
 0.50531495 -0.4625296 -0.54255885 5109 r
 -0.04804529 -0.2200104 -0.16871126 5309 g
 -4.4306197 19.649063 3.1784525 5313 a
 0.42558217 -0.5247215 -0.59213704 5317 r
 0.83745575 0.789594 -0.62144864 5509 g
 -1.7395371 6.9837365 -1.7727567 5514 a
 0.473159 -0.539415 -0.5886137 5517 r
 -0.4448563 1.8420752 -0.78549933 5711 g
 -1.6455648 9.292944 -1.6482582 5715 a
 0.48392993 -0.539268 -0.5954115 5719 r
 0.81055784 -0.3289337 -0.032091092 5910 g
 -2.11004 9.823858 -1.3980641 5914 a
 0.54000866 -0.51107717 -0.5619802 5918 r
 0.6766008 0.06334995 -0.25606292 6110 g
 -0.17911622 11.317242 1.915511 6114 a
 0.5878469 -0.52203095 -0.51923376 6118 r
 -0.61556494 1.221825 0.8504805 6311 g
 -3.030012 8.344242 -4.636222 6314 a
 0.62712586 -0.47948444 -0.4764934 6318 r
 -0.45817208 -0.8258795 0.6408897 6510 g
 -0.0037409402 8.25027 -0.99045134 6514 a
 0.39127848 -0.5690874 -0.6314623 6518 r
 0.09123804 -0.76356155 0.11837751 6711 g
 1.3268367 10.282947 1.8317139 6715 a
 0.29569983 -0.6030146 -0.66662186 6718 r
 0.23345083 0.9160941 -0.4177168 6911 g
 -1.1242273 5.258116 -2.1648073 6915 a
 0.26047745 -0.6477866 -0.6775982 6918 r
 -0.13806014 -1.0605041 0.054994278 7111 g
 -2.3261166 9.4240265 -1.9726726 7114 a
 0.26641375 -0.67400265 -0.67139286 7118 r
 0.98659277 0.8433898 0.014514227 7311 g
 -1.5623662 9.486276 -2.00679 7314 a
 0.25161502 -0.6708566 -0.6898771 7318 r
 0.8044326 -0.8269448 0.038482677 7512 g
 -0.69087684 9.894487 -1.591396 7515 a
 0.28691977 -0.7342546 -0.60793227 7519 r
 -0.1753444 0.8436561 -0.50426954 7712 g
 -4.759224 9.555109 0.6076783 7715 a
 0.32649797 -0.7296096 -0.5942995 7719 r
 0.41374683 -1.8189723 0.8824384 7911 g
 -1.8257284 10.374525 1.4743793 7915 a
 0.35292268 -0.71365607 -0.58686453 7918 r
 1.545324 1.1981229 0.78629833 8112 g
 -0.011522096 9.496451 0.32216978 8116 a
 0.20311457 -0.6538489 -0.71747667 8120 r
 -0.248315 -0.5286708 0.26911244 8312 g
 1.1981484 10.077643 2.028637 8316 a
 0.16478343 -0.6542398 -0.7216956 8325 r
 0.40735525 0.14111425 -0.3516704 8512 g
 -2.181866 5.832724 -1.3711294 8515 a
 0.17639917 -0.6730907 -0.70508665 8519 r
 -0.17987177 -1.0434598 -0.11251856 8713 g
 -1.9657892 9.413852 -2.973449 8717 a
 0.2386604 -0.6804197 -0.68157727 8720 r
 -0.20011179 1.003712 0.025699504 8912 g
 -1.9220951 9.676017 -1.6416742 8916 a
 0.31402975 -0.6383753 -0.68416053 8920 r
 0.8694137 -0.2234725 -0.124236465 9112 g
 -0.45265377 9.683199 -1.6805799 9116 a
 0.38673005 -0.66937685 -0.6056896 9120 r
 -0.06695373 0.88200563 -0.43822315 9313 g
 -6.5345244 10.606164 -0.9886557 9317 a
 0.43149203 -0.6788744 -0.5687645 9320 r
 -3.0382426 -1.7545238 0.96712697 9513 g
 -1.5737387 8.460959 -2.109142 9516 a
 0.46120903 -0.63054717 -0.56433266 9520 r
 -0.6416639 -0.7600995 0.80360883 9713 g
 -0.6076783 7.8564234 0.26231474 9717 a
 0.3299399 -0.59183013 -0.6737525 9721 r
 0.20788449 -0.0977713 0.09653959 9913 g
 -5.2368674 19.649063 -0.38112697 9917 a
 0.30949792 -0.6018733 -0.65778965 9921 r
 0.66168714 1.5121095 -0.66938555 10113 g
 -1.9921255 7.0519714 -2.0899885 10121 a
 0.3995018 -0.6055763 -0.6204639 10125 r
 -0.6935955 1.057508 -0.89389 10315 g
 -0.847697 9.729886 -1.0299556 10320 a
 0.42279568 -0.5842321 -0.6318132 10324 r
 0.9197475 0.6228801 -0.102398545 10514 g
 -2.1393688 9.896283 -1.9128175 10518 a
 0.55744934 -0.50073254 -0.5505459 10523 r
 0.5386491 0.024201477 -0.37750307 10714 g
 -1.6641198 9.818472 0.9081506 10718 a
 0.616622 -0.5034623 -0.49698123 10723 r
 -0.66030604 0.57414424 0.73463297 10914 g
 -0.8387188 8.862587 0.2551321 10917 a
 0.6812289 -0.40949142 -0.42709288 10922 r
 -0.66696393 -0.33159685 0.4704474 11114 g
 -0.34730887 10.849175 1.4785691 11119 a
 0.47568366 -0.4649557 -0.586912 11123 r
 -0.29918137 -0.028529113 0.29654297 11314 g
 1.7542017 9.066093 2.0011036 11318 a
 0.4190735 -0.50710046 -0.5935324 11323 r
 0.42200264 0.51289153 -0.45952845 11514 g
 -2.18845 4.0616136 -2.917185 11518 a
 0.4120995 -0.54110694 -0.58733815 11523 r
 -0.41636047 -2.4972794 -0.09600696 11715 g
 -2.7361236 9.020604 -1.8721161 11720 a
 0.48237878 -0.5269139 -0.57431215 11724 r
 0.11760333 -0.124669224 -0.0033289513 11914 g
 -1.6192285 9.772383 -1.0622773 11919 a
 0.5590785 -0.448461 -0.5449938 11923 r
 0.83559155 0.50490206 -0.16205335 12115 g
 -2.0382137 10.114754 -1.8834885 12120 a
 0.59858775 -0.46670187 -0.5030493 12123 r
 0.16980128 -0.31295472 -0.23449133 12315 g
 -0.8273463 8.88593 -0.6223428 12320 a
 0.6269223 -0.47550088 -0.4873124 12324 r
 0.21454239 0.8838699 0.4289021 12515 g
 -3.955371 11.69792 -4.906168 12519 a
 0.664063 -0.42562246 -0.44422337 12524 r
 -2.2456858 -2.3691814 0.23688817 12715 g
 -3.9613564 8.745271 1.398962 12720 a
 0.47793877 -0.5034764 -0.60393864 12724 r
 -0.27707714 0.85377616 0.5351622 12915 g
 1.1843816 8.3203 0.27069443 12920 a
 0.32892385 -0.605155 -0.66284996 12924 r
 0.28777933 0.7355318 0.057657436 13115 g
 -4.3725605 14.799608 -2.6580129 13120 a
 0.21147229 -0.6436125 -0.69380075 13124 r
 0.7977747 0.7863982 -1.5711318 13315 g
 -2.584092 11.436354 -3.2469864 13320 a
 0.22963336 -0.68858385 -0.6692042 13324 r
 0.43718266 2.2492726 -0.677375 13516 g
 -2.032827 8.727913 -0.99763393 13520 a
 0.2852811 -0.6935148 -0.6493657 13525 r
 -0.37774464 -0.0141480435 -0.10399644 13712 g
 -2.2387283 9.457545 -1.811064 13713 a
 0.45195466 -0.5862807 -0.61891633 13714 r
 0.7961768 -0.3425158 -0.14287859 13913 g
 0.7600094 12.334778 -2.37011 13914 a
 0.56070966 -0.5536759 -0.5299333 13915 r
 -0.10317273 0.98799944 -0.13329121 14117 g
 -6.327426 12.43713 -2.7465982 14121 a
 0.6472664 -0.5072274 -0.4569451 14125 r
 -2.4435587 -3.0048778 0.52450955 14319 g
 -5.928193 5.3975782 -0.27518356 14320 a
 0.5552976 -0.46931905 -0.5253504 14321 r
 -0.029669479 0.14617425 0.74342144 14516 g
 0.33683425 9.670031 1.7054198 14521 a
 0.49149102 -0.47558796 -0.5441851 14524 r
 0.87207687 0.8630972 -0.58789283 14718 g
 -2.596063 5.1467853 -3.0566473 14723 a
 0.5091658 -0.4586485 -0.52754265 14726 r
 -0.3191551 -2.1260347 -0.20812604 14917 g
 -2.87798 9.4952545 -1.3747207 14921 a
 0.60112756 -0.40785158 -0.48376474 14925 r
 0.4329216 0.9541773 -0.12823121 15120 g
 -1.4199113 9.353398 -1.2843395 15133 a
 0.64199173 -0.35698897 -0.47011194 15137 r
 0.64411026 0.23885226 -0.1330249 15317 g
 -0.7495348 10.308684 -1.9200001 15322 a
 0.70517313 -0.33624214 -0.40686485 15326 r
 0.030784277 0.618619 -0.42677155 15517 g
 -3.795558 10.800693 -1.7123032 15522 a
 0.73615783 -0.32850915 -0.39618918 15526 r
 -3.9109604 0.022603579 1.2635368 15718 g
 0.82704705 9.1690445 -1.4890438 15723 a
 0.7026112 -0.3288365 -0.382965 15727 r
 -0.5753512 0.32647026 0.8294415 15918 g
 -0.44846392 7.9372277 -0.2697966 15923 a
 0.5610079 -0.4135912 -0.46985385 15926 r
 0.04489903 0.114482634 -0.05952165 16119 g
 -6.7583823 19.020586 -3.1254807 16123 a
 0.5382144 -0.44533604 -0.4578502 16130 r
 0.29843196 1.341401 -0.59721386 16317 g
 -1.7287632 7.145345 -3.382259 16321 a
 0.6061523 -0.42859733 -0.45698848 16325 r
 -1.0097127 2.1683125 -0.98204064 16520 g
 -1.2062287 9.504831 -0.114772044 16524 a
 0.6221395 -0.39897823 -0.4786792 16528 r
 1.2379951 -0.30017155 0.28083032 16718 g
 -1.7155951 10.621128 -1.1819874 16722 a
 0.7203581 -0.29806262 -0.36676994 16726 r
 0.22572766 1.2002534 -0.44141895 16918 g
 -2.4123077 11.16521 -3.3511343 16922 a
 0.75586456 -0.3198368 -0.3547332 16926 r
 -3.726936 -0.2447778 1.2970926 17118 g
 -2.1483471 8.602816 -0.4122516 17124 a
 0.71123147 -0.31602818 -0.34977326 17128 r
 -0.94419897 0.5371263 0.79748356 17318 g
 2.998588 9.206155 2.444031 17322 a
 0.6087767 -0.3330707 -0.3877119 17326 r
 0.39031103 0.45430198 -0.2920156 17518 g
 -3.791368 5.268291 -1.6177322 17522 a
 0.6083886 -0.3129493 -0.36592337 17526 r
 -0.6885355 -0.6844657 -0.14873755 17719 g
 -2.931251 10.745626 -1.1101614 17724 a
 0.6826275 -0.2676502 -0.33163103 17727 r
 0.0041526672 1.3520536 -0.4012052 17919 g
 -1.8095676 9.603592 -1.6410756 17923 a
 0.7137195 -0.15774152 -0.29519013 17926 r
 0.88992006 0.42953458 -0.13888384 18119 g
 -0.8722376 10.235063 -1.7500118 18123 a
 0.7772707 -0.05192124 -0.18656395 18127 r
 0.30988356 0.47241148 -0.28908613 18320 g
 -3.2418988 11.954698 -3.8102224 18324 a
 0.82202965 0.0029410366 -0.155488 18327 r
 -3.1799228 -0.27353993 0.8411594 18520 g
 -2.5822961 7.5020814 -0.8420108 18524 a
 0.77409637 -0.011327779 -0.10886208 18527 r
 -0.6102386 0.22100908 0.60200757 18720 g
 2.7088895 12.305449 3.463961 18723 a
 0.68010575 -0.10079023 -0.14918546 18727 r
 0.65556186 0.8732172 -0.43635893 18920 g
 -3.2766147 4.611083 -1.8487726 18923 a
 0.6897086 -0.09676464 -0.15974475 18927 r
 -0.22088444 -1.2099074 -0.26298717 19119 g
 -0.9093477 9.527576 -1.1736077 19124 a
 0.7093434 -0.083327085 -0.1791841 19131 r
 1.0691508 1.3256882 0.110388026 19319 g
 -2.06874 9.366566 -1.4273931 19322 a
 0.7462502 0.017595623 -0.12297449 19325 r
 0.22279818 0.6247443 -0.16631441 19520 g
 -1.1170447 10.09201 -2.519149 19524 a
 0.79126155 0.023528311 -0.12030334 19527 r
 0.021196898 0.23192804 -0.46432212 19720 g
 -3.8560114 9.362975 -0.08065467 19724 a
 0.8003956 0.06089963 -0.113277994 19728 r
 0.30642146 -2.321777 0.8371647 19920 g
 -1.024868 11.954698 2.3757963 19924 a
 0.79453397 0.08542085 -0.07925952 19927 r
 0.8566305 -0.50976235 1.043027 20121 g
 1.2981062 8.789563 0.018704701 20139 a
 0.6899958 -0.019894179 -0.077122025 20143 r
 0.63878393 -0.93746597 0.07736483 20321 g
 -4.1834188 19.157055 -0.88510644 20324 a
 0.67838615 -0.07210001 -0.043936457 20340 r
 0.5255996 -0.49538124 -1.188702 20520 g
 -2.083105 7.943213 -3.2870893 20524 a
 0.7343705 -0.027128968 -0.06511093 20528 r
 -0.46962368 1.216765 -0.87657946 20722 g
 -0.9943419 9.623344 -0.81507605 20726 a
 0.7383316 -0.0015046578 -0.10557672 20730 r
 0.4246658 -0.19977038 -0.028362665 20921 g
 -2.1944356 10.022577 -1.9541175 20926 a
 0.7543269 0.10599649 -0.046013813 20930 r
 0.73172826 -0.4104264 -0.2536661 21121 g
 -1.9574095 10.596587 10.455628 21125 a
 0.78988594 0.072659 -0.08843473 21129 r
 -0.47255316 0.46894938 0.76153094 21322 g
 -2.2698529 10.774357 4.975301 21326 a
 0.77581006 0.11158517 -0.037997168 21329 r
 0.27180037 -1.0823419 0.6651245 21522 g
 1.1155484 7.825299 -0.07347207 21526 a
 0.6451658 -0.10375443 -0.17936842 21530 r
 0.12346228 -0.08179233 -0.088550106 21723 g
 -1.4516344 9.531766 0.9769839 21726 a
 0.57671046 -0.22021562 -0.24270393 21730 r
 1.2017761 0.3352587 -1.0012155 21923 g
 -4.0128317 11.667993 -3.744382 21926 a
 0.63204545 -0.21218464 -0.2678779 21930 r
 0.530127 0.65696853 -0.45260423 22122 g
 -1.2385504 9.650279 -0.64209497 22126 a
 0.6620876 -0.24645528 -0.32773802 22130 r
 0.8771369 1.1954597 -0.16152072 22322 g
 -2.06874 9.57127 -1.6985365 22326 a
 0.714067 -0.18489432 -0.29201755 22330 r
 0.64384395 -0.6053698 -0.3151851 22523 g
 0.81268185 12.920758 -2.7747302 22527 a
 0.7610989 -0.16500482 -0.2657828 22530 r
 -1.3692394 1.4015884 0.5647233 22723 g
 -2.9958944 7.879168 -5.464616 22727 a
 0.7850943 -0.12558058 -0.23034476 22730 r
 -0.4381984 -1.3619739 0.79961413 22956 g
 -2.610428 7.803152 1.7251719 22957 a
 0.63441306 -0.2265062 -0.28547552 22959 r
 0.007881093 0.7778761 -0.5143896 23124 g
 5.9697924 11.091588 -0.3326444 23127 a
 0.64725876 -0.23132575 -0.23010601 23131 r
 0.7130861 0.46708515 -0.7103982 23323 g
 -5.4373817 9.996241 -2.0265422 23327 a
 0.68028873 -0.2155182 -0.19866516 23330 r
 0.09283593 -0.035719648 -0.3679157 23523 g
 -0.25932196 9.218724 -0.94436294 23527 a
 0.7191365 -0.11730935 -0.19064926 23531 r
 0.23584768 1.5691012 -0.0022636869 23725 g
 -2.79538 8.897303 -2.1815667 23728 a
 0.7246529 0.06596047 -0.08460904 23732 r
 0.50642484 0.8316719 -0.21638183 23924 g
 1.8553567 12.856713 -2.61791 23927 a
 0.76781154 0.054571733 -0.08741515 23931 r
 -0.2762782 1.3744241 -0.14713965 24124 g
 -3.992481 12.400618 -3.7731123 24125 a
 0.7853739 0.11559749 -0.044872243 24127 r
 -2.167389 -0.93480283 0.48243162 24325 g
 -4.662259 6.570737 -0.41943422 24329 a
 0.69553506 0.106907874 0.015650587 24332 r
 -0.16655596 1.6175708 0.59694755 24524 g
 -0.04683657 8.44839 0.9470564 24528 a
 0.67293984 0.059955984 0.06776612 24531 r
 0.7740725 0.62128216 -0.34980622 24725 g
 -2.0759225 8.413075 1.505504 24728 a
 0.6722379 0.07550892 0.09936767 24732 r
 -0.2517771 0.21408486 -0.15060176 24925 g
 -3.019238 11.094581 -2.2085013 24929 a
 0.7069892 0.17811906 0.1009829 24932 r
 0.13091913 1.5656391 -0.71252877 25125 g
 -1.7401357 9.402479 -1.5638627 25138 a
 0.68320894 0.25648803 0.098662056 25142 r
 0.55143225 -0.29857364 0.031292144 25324 g
 -1.3540707 10.317662 -1.0963948 25328 a
 0.7033744 0.27996963 0.1003932 25334 r
 0.46381426 0.53632736 -0.24434502 25525 g
 -5.2069397 10.658836 -2.1115363 25529 a
 0.73236096 0.29106545 0.070697255 25533 r
 -3.9152215 -1.9289608 1.4571486 25725 g
 0.08783727 8.280197 -3.2152631 25729 a
 0.738982 0.2341952 0.065227844 25733 r
 -0.7601746 -0.06900916 1.0563428 25925 g
 0.89588034 8.329278 -0.008828619 25929 a
 0.67710257 0.11854756 0.101293765 25933 r
 -0.10556957 -0.05196493 -0.46911582 26126 g
 -5.1464863 15.056386 -0.19437926 26129 a
 0.6522959 0.13231999 0.16037013 26133 r
 1.0707487 1.5312843 -0.44860947 26325 g
 -1.4384663 7.4553943 -1.6123452 26329 a
 0.6723246 0.2432077 0.16037859 26333 r
 -0.74179876 1.6436697 -1.0534134 26529 g
 -1.3929765 9.486875 -1.0167875 26542 a
 0.6723246 0.2432077 0.16037859 26546 r
 0.9873917 -0.20882511 0.008122642 26744 g
 -1.5881039 9.403077 -1.7476176 26747 a
 0.63384914 0.39852035 0.20565493 26751 r
 0.3554236 0.22580276 -0.4257063 26930 g
 -1.4618098 9.374347 1.7634792 26944 a
 0.6566416 0.4477018 0.19553526 26948 r
 -0.74579346 1.2404672 0.8060057 27128 g
 -0.57356095 9.835231 2.1561282 27133 a
 0.6456669 0.4546454 0.23543029 27137 r
 0.6853893 0.81542665 0.31731564 27341 g
 -0.1707365 9.584438 1.2116157 27345 a
 0.6161081 0.2605508 0.21100281 27349 r
 -0.026207369 0.03085938 0.15592808 27530 g
 -1.1290157 12.489802 0.912939 27544 a
 0.62925804 0.21273386 0.25489846 27547 r
 0.6382513 -0.38113165 -1.2004199 27730 g
 -1.9472342 10.841394 -3.3870473 27742 a
 0.65051305 0.24395955 0.21729751 27746 r
 0.8526358 1.804791 -0.40333575 27942 g
 -0.45863926 8.536377 -1.2095208 27946 a
 0.68716973 0.22486103 0.12042435 27949 r
 0.23318452 -0.090048134 -0.13595438 28131 g
 -1.3367127 10.061483 -1.4232032 28144 a
 0.66917896 0.31437898 0.1578177 28147 r
 0.86248946 -0.090048134 -0.45153895 28331 g
 -1.7215806 9.928605 3.490297 28344 a
 0.71468467 0.33153778 0.11899311 28347 r
 -0.3124972 -2.1590579 1.0784471 28543 g
 -1.9304748 10.988638 -0.7163152 28546 a
 0.709477 0.345645 0.14061506 28550 r
 0.38951206 0.9557752 0.57244647 28743 g
 0.25962123 10.6660185 2.221969 28746 a
 0.6312728 0.20432332 0.17565276 28750 r
 -0.47495002 0.30782813 -0.27204192 28930 g
 -4.515614 19.649063 1.726369 28941 a
 0.61795217 0.19736552 0.25090858 28945 r
 0.9248074 1.8527279 -0.91705954 29143 g
 -0.8949825 7.293786 -1.8846856 29146 a
 0.62093496 0.30516505 0.24672125 29150 r
 -0.56336695 1.2684304 -0.42357576 29335 g
 -1.0284593 9.072678 -1.72188 29345 a
 0.6147138 0.3335954 0.2342894 29348 r
 0.87660426 -0.16355138 0.19960392 29541 g
 -0.23537995 10.350583 -1.1341034 29545 a
 0.5677084 0.48017472 0.31414327 29549 r
 0.10828227 1.5725633 -0.7242467 29734 g
 -2.1776762 10.447548 -4.56679 29744 a
 0.59512347 0.52909195 0.27736297 29748 r
 -4.0686197 1.0820091 0.610796 29942 g
 -3.7201405 7.3380785 -1.4782699 29945 a
 0.56112915 0.5027616 0.3523042 29949 r
 -0.33646563 1.6601813 1.0520818 30144 g
 1.1059716 8.630349 2.8785787 30154 a
 0.5250497 0.41379207 0.44534948 30157 r
 0.5056259 0.59465057 -0.43289682 30345 g
 -2.6206033 2.0265422 -0.31708208 30349 a
 0.4801834 0.4469986 0.49262103 30352 r
 -0.2680224 -1.4639729 -0.5596633 30542 g
 -0.63281745 10.653449 -0.8581717 30546 a
 0.4964026 0.47982365 0.4378945 30549 r
 0.24783191 2.7861657 -0.088550106 30744 g
 -2.1788733 9.447371 -1.7553988 30748 a
 0.4083271 0.58483946 0.47194192 30752 r
 0.8028347 -0.44078645 -0.23369238 30944 g
 1.5261539 12.188731 5.9168205 30948 a
 0.40835482 0.6275536 0.4452385 30952 r
 0.503229 0.07267101 -0.42490736 31142 g
 -6.147861 9.993847 -3.9700353 31146 a
 0.4042549 0.68082225 0.4226173 31149 r
 -2.481908 -2.4703815 0.36045885 31342 g
 -5.2763715 5.717204 -0.43559507 31345 a
 0.36830577 0.600119 0.52756006 31349 r
 -0.090123236 0.67134964 0.6390255 31541 g
 1.8463784 11.8200245 3.0982466 31545 a
 0.37076733 0.53197396 0.59515864 31549 r
 0.92613906 0.6159559 -0.22383869 31731 g
 -2.3566427 1.7452234 -2.1181204 31744 a
 0.36462596 0.55895805 0.59641844 31747 r
 0.1303865 -3.156412 -0.2123871 31944 g
 -2.1734862 9.765201 -1.5225626 31948 a
 0.3547581 0.61054623 0.54660565 31952 r
 0.46487954 2.5603297 -0.30772826 32143 g
 -1.6982372 9.964518 -1.146673 32147 a
 0.3299574 0.6277963 0.52716 32150 r
 1.1314688 -1.1611716 0.016644757 32343 g
 0.24106619 11.802667 -2.4497173 32347 a
 0.33740556 0.6953609 0.47719887 32350 r
 -0.42994258 0.8146277 -0.13355753 32543 g
 -4.7131357 12.286295 -3.8886325 32547 a
 0.36710978 0.7147634 0.43054608 32551 r
 -2.9671361 -3.7801242 0.4225105 32744 g
 -5.3110876 6.844873 0.09053075 32748 a
 0.38103124 0.58046746 0.5267859 32752 r
 -0.055502143 0.8428572 0.49042112 32945 g
 -0.04683657 8.549544 0.63042325 32948 a
 0.38935265 0.5542246 0.56721336 32952 r
 0.8406516 0.1072921 -0.33249566 33143 g
 -2.154931 10.308085 2.0663457 33147 a
 0.38935265 0.5542246 0.56721336 33151 r
 -0.064290576 0.6559033 0.09600696 33342 g
 -2.9246671 9.814281 -1.9870378 33345 a
 0.3724152 0.63067293 0.5130401 33349 r
 -0.6770839 1.1802797 -0.68935925 33544 g
 -2.0334253 9.739463 -1.5812206 33548 a
 0.36317325 0.61598253 0.5040625 33551 r
 1.157834 0.39677772 -0.12716594 33731 g
 -1.6156372 10.037541 -1.508796 33743 a
 0.33924147 0.6580496 0.4951919 33747 r
 0.42653 -0.10522815 -0.43209788 33946 g
 -2.8815713 8.79914 5.3446064 33949 a
 0.35793418 0.7120811 0.42742583 33953 r
 -0.61583126 -0.116946064 0.8885637 34144 g
 -1.386991 8.834455 1.4312837 34148 a
 0.35793418 0.7120811 0.42742583 34152 r
 -0.03712633 0.05456151 0.46778426 34347 g
 0.21233577 9.640103 0.34970307 34351 a
 0.35295665 0.5401337 0.61938375 34357 r
 0.08031908 -0.34810844 0.29973876 34545 g
 -0.5777508 11.4537115 0.88361007 34549 a
 0.3364236 0.59462357 0.5947338 34552 r
 0.46887428 0.6415222 -0.6190518 34744 g
 -2.5655367 12.244995 -2.9806316 34747 a
 0.3364236 0.59462357 0.5947338 34751 r
 0.23025504 1.1722902 -0.27230823 34945 g
 -1.4935329 8.34484 -2.186355 34949 a
 0.29085645 0.6419337 0.56258625 34952 r
 0.4859185 0.098769985 -0.09707222 35145 g
 -1.2140099 9.670031 -0.75103116 35157 a
 0.311666 0.70991004 0.49553606 35161 r
 1.0121591 -0.5039034 0.038748994 35341 g
 -1.0529999 9.368361 -1.3771149 35344 a
 0.311666 0.70991004 0.49553606 35348 r
 -0.13885908 0.670018 -0.5133243 35545 g
 -7.7370124 9.896882 11.090092 35548 a
 0.30960214 0.7094755 0.5075243 35552 r
 1.26729 -4.168413 1.411076 35744 g
 2.4928129 9.82745 -0.9545383 35748 a
 0.3112073 0.5620184 0.62227744 35752 r
 1.117354 -1.7894112 1.2177304 35945 g
 -0.7860463 9.198373 1.0278608 35949 a
 0.32156217 0.56316435 0.6222425 35953 r
 -0.51569635 1.4889401 -0.20413129 36145 g
 1.2657845 13.0225115 3.3346741 36149 a
 0.32156217 0.56316435 0.6222425 36153 r
 0.69337875 -0.44744435 0.053929012 36345 g
 -1.2642882 8.719533 -2.9123967 36349 a
 0.11542758 0.6605704 0.7004058 36353 r
 -0.8107746 2.980044 -0.857671 36544 g
 -2.2752397 9.151687 -2.097171 36548 a
 -0.16437416 0.7154769 0.67621845 36552 r
 0.26487613 1.4021211 -0.1628523 36738 g
 -1.6874633 9.133131 -2.3575404 36741 a
 -0.16437416 0.7154769 0.67621845 36745 r
 0.117869645 1.2215587 -0.4371579 36943 g
 1.165228 11.870302 -2.660407 36947 a
 0.28886452 -0.7099738 -0.64092916 36951 r
 -0.7343419 1.5704328 -0.1498028 37137 g
 -2.5900774 10.763582 -2.6065376 37142 a
 0.3754368 -0.68815196 -0.6126792 37146 r
 -3.0435688 -1.5742278 0.0768322 37338 g
 -1.8299183 8.23351 -2.4024317 37342 a
 0.42443767 -0.6308545 -0.6203807 37346 r
 0.19243816 0.737396 0.81133205 37540 g
 -3.2023945 7.98152 0.45025957 37545 a
 0.33233595 -0.59547627 -0.6926568 37549 r
 -0.1721486 0.93207306 0.62464446 37737 g
 2.6340709 10.267385 -2.0415058 37740 a
 0.37400448 -0.588205 -0.6181633 37744 r
 0.5783302 0.5080978 -0.93250585 37941 g
 -3.1377509 8.984093 -3.79466 37945 a
 0.4477257 -0.58144116 -0.5687186 37949 r
 -0.37268463 0.45563358 -0.37803572 38141 g
 -1.9280806 9.203161 -1.7242742 38145 a
 0.51458985 -0.5527277 -0.55241984 38149 r
 -0.26908767 0.2412491 0.17510284 38337 g
 -1.3438953 9.779566 -1.3352164 38341 a
 0.60468835 -0.42614114 -0.50487775 38345 r
 0.62866396 0.40130508 -0.11305119 38537 g
 -0.6962638 9.833435 -2.1636102 38541 a
 0.6473453 -0.4337827 -0.44901928 38544 r
 -0.1375275 0.7445865 -0.5551359 38738 g
 -4.0846577 9.030181 -0.5936124 38742 a
 0.68412876 -0.40994275 -0.42502764 38755 r
 0.45715636 -0.43546012 0.26964507 38932 g
 -0.1707365 9.574862 -0.36197338 38933 a
 0.7116235 -0.36607105 -0.3810154 38934 r
 0.679264 1.6250275 0.43023366 39135 g
 0.31289223 11.761366 0.8548796 39137 a
 0.57476276 -0.36825418 -0.4697087 39138 r
 0.14263704 0.861233 0.6291718 39340 g
 2.565836 9.389311 0.008529344 39345 a
 0.5891973 -0.36844164 -0.3922663 39348 r
 0.8608916 0.09211209 -0.24780713 39538 g
 -3.0934582 3.676147 -1.2262802 39542 a
 0.60709274 -0.386666 -0.3391396 39546 r
 -0.4730858 -2.7649271 0.33888724 39739 g
 -2.646341 10.624719 -0.9605238 39743 a
 0.6985647 -0.30229825 -0.29947308 39747 r
 -0.38759834 -0.37447375 -0.2488724 39939 g
 -1.8556559 9.661652 -2.2881086 39944 a
 0.710643 -0.21350375 -0.29300287 39947 r
 1.2126951 0.8497814 -0.16231966 40142 g
 -0.79861593 9.983073 -1.0503063 40155 a
 0.6960711 -0.2877531 -0.35114083 40158 r
 1.0678192 -0.88793117 -0.07922904 40338 g
 -4.8609776 11.392659 2.268057 40343 a
 0.7666968 -0.28613645 -0.31105152 40347 r
 -1.7655178 -3.0624022 1.4643391 40540 g
 -0.5172972 9.144504 -2.3228245 40544 a
 0.7277068 -0.2977603 -0.33412305 40548 r
 -1.223032 -1.1529157 0.9380985 40742 g
 1.8673277 10.059688 0.06778584 40747 a
 0.5656197 -0.3746571 -0.41738966 40750 r
 0.17938867 0.24178174 -0.6523413 40942 g
 -2.408118 16.703 5.7246857 40946 a
 0.5516624 -0.38893515 -0.4027094 40950 r
 1.0957824 2.0500681 -0.22170816 41144 g
 -3.9607577 7.9503956 -2.441936 41147 a
 0.6292108 -0.35061753 -0.39199612 41151 r
 -0.4712216 -0.65570354 -0.63290024 41340 g
 -0.19527708 9.409661 1.5144823 41345 a
 0.608212 -0.35618275 -0.46503934 41349 r
 1.1293383 1.1336744 0.22117552 41540 g
 3.3337762 14.102896 -2.629881 41544 a
 0.7038135 -0.24037996 -0.33337513 41548 r
 -1.7039988 1.8055899 -0.1463407 41739 g
 -6.469881 8.7470665 -3.4289458 41743 a
 0.72707164 -0.33397436 -0.3663198 41747 r
 -1.3631142 -3.5106122 0.90134686 41942 g
 -1.980753 5.437681 -0.13153146 41946 a
 0.6117174 -0.31344914 -0.4098684 41950 r
 0.2528919 -0.5180181 0.043809 42145 g
 -0.8129811 10.274567 2.9599814 42149 a
 0.52122283 -0.38081658 -0.44525793 42153 r
 0.803101 0.732336 -0.3647199 42343 g
 -5.0435357 11.269358 -2.8728924 42346 a
 0.572543 -0.38094258 -0.4423637 42350 r
 0.5796618 -1.5955331 -0.10905644 42543 g
 -1.3361142 9.045144 -1.8254292 42547 a
 0.5631489 -0.45648277 -0.5013154 42550 r
 0.57140595 -0.38299584 0.23049659 42743 g
 -0.60229135 10.244639 -0.5409399 42747 a
 0.5969479 -0.43175304 -0.49799576 42750 r
 1.260632 -0.61975086 -0.1892176 42944 g
 2.656217 12.805837 0.92131877 42947 a
 0.612717 -0.5108191 -0.47429934 42951 r
 -2.0507424 -1.307379 0.51572114 43146 g
 -4.107403 10.272771 -1.1766005 43149 a
 0.5592296 -0.5986905 -0.5056202 43154 r
 -0.04724634 -1.4192318 1.1343734 43344 g
 -2.9408278 6.826318 0.17971477 43347 a
 0.40283054 -0.5663086 -0.60356945 43351 r
 0.3554236 0.2971755 -0.7064035 43544 g
 -2.9958944 18.724901 4.6095862 43548 a
 0.3868097 -0.5710405 -0.57998234 43552 r
 0.99591386 2.3502064 -0.3974768 43743 g
 -3.9487867 7.4224744 -2.965069 43747 a
 0.45377663 -0.5545138 -0.5772988 43751 r
 -0.40171307 -1.0099039 -0.7351656 43940 g
 0.04833295 9.703549 0.45863926 43942 a
 0.4418005 -0.55543303 -0.6215249 43943 r
 0.8893874 0.2612228 -0.011052119 44148 g
 -1.3151649 9.962722 -1.6464626 44152 a
 0.5731103 -0.48163217 -0.5256148 44156 r
 0.47153744 0.87135303 -0.23981765 44344 g
 -3.3568203 12.229433 -4.260332 44348 a
 0.57476026 -0.56158364 -0.51099044 44352 r
 -3.0329163 -0.120940804 0.83796364 44544 g
 -4.1487026 7.0202484 -0.93239194 44548 a
 0.5170101 -0.5400765 -0.54560906 44552 r
 -0.70051974 0.21568276 0.9333048 44746 g
 4.098724 11.134684 4.1504984 44750 a
 0.39688873 -0.5325593 -0.6124334 44755 r
 0.95037377 1.1283481 -0.8371647 44943 g
 -2.7145758 2.9141924 0.14260463 44946 a
 0.40717366 -0.5370126 -0.60521 44950 r
 -0.24778236 -1.7979333 -0.7037403 45145 g
 -3.803339 10.193164 -1.2011411 45158 a
 0.44308075 -0.5557109 -0.595488 45165 r
 0.14530021 2.0620522 -0.41345575 45347 g
 -1.488146 9.392902 -1.5662569 45350 a
 0.480974 -0.52352595 -0.6076289 45356 r
 1.28247 -1.7891449 0.15965651 45545 g
 0.80310506 12.587964 -1.6536452 45549 a
 0.5146379 -0.57123494 -0.5551978 45553 r
 -0.13885908 0.09104682 0.075500615 45745 g
 -6.2496147 10.937162 -2.4305637 45748 a
 0.5024554 -0.62395775 -0.54343444 45752 r
 -1.7394189 -2.6661239 0.5277054 45947 g
 -2.4464252 5.774665 -0.33803135 45952 a
 0.35948685 -0.6099223 -0.6565893 45957 r
 0.033713754 -0.7337342 0.3149188 46148 g
 0.8372224 11.030536 1.7497126 46152 a
 0.2370236 -0.6220288 -0.70405763 46157 r
 0.7090914 0.28838706 -0.25659558 46346 g
 -4.009839 11.393258 -3.2248402 46350 a
 0.2552463 -0.6565274 -0.6783932 46355 r
 0.23478241 -1.0482535 -0.36205676 46548 g
 0.6534674 9.085846 -1.9864392 46551 a
 0.1972791 -0.6966183 -0.68385166 46556 r
 0.76315355 0.46202517 -0.06724482 46746 g
 -0.91473466 9.813085 -1.7009307 46750 a
 0.33280817 -0.6703819 -0.64350325 46754 r
 1.1320014 0.5733453 -0.36418727 46946 g
 -8.601918 14.053216 0.14380173 46950 a
 0.32677686 -0.74724436 -0.5715527 46955 r
 -1.243272 -2.126301 1.3500896 47147 g
 -1.2624925 10.139295 -0.5331588 47150 a
 0.3303715 -0.7111845 -0.6044554 47155 r
 -0.96976537 0.3634882 0.5053348 47347 g
 0.07526772 9.291148 1.7018285 47350 a
 0.18151397 -0.63511443 -0.7394889 47355 r
 0.40202892 0.37653768 -0.6835003 47546 g
 -2.7391164 5.9518356 -1.454328 47550 a
 0.16960657 -0.6479423 -0.73029035 47555 r
 -0.37002146 -0.6458498 0.28136298 47749 g
 -3.6309564 9.655067 -2.2839189 47753 a
 0.2277716 -0.69527674 -0.67257816 47757 r
 -0.3191551 2.723049 -0.7064035 47946 g
 -1.357662 9.614366 -0.4134487 47950 a
 0.18799168 -0.67507374 -0.71287924 47955 r
 1.365028 -1.1398662 0.08988169 48146 g
 -0.2287959 10.700735 -1.7565958 48150 a
 0.3150381 -0.70588624 -0.6271948 48154 r
 -0.30397508 0.4862599 -0.27417243 48349 g
 -5.0106153 11.15264 -2.6747723 48355 a
 0.28168157 -0.7599168 -0.58482033 48358 r
 -3.1160069 -2.0011325 0.16578178 48547 g
 -2.8277018 7.2381206 -0.20934302 48551 a
 0.23233993 -0.69506633 -0.6744948 48556 r
 0.17299707 -0.14357767 0.7644604 48747 g
 1.7685668 9.811888 2.6912324 48751 a
 0.12541166 -0.6481465 -0.7467981 48756 r
 0.8225421 0.56961685 -0.61692125 48950 g
 -2.8690019 4.5410523 -1.9696798 48955 a
 0.12529364 -0.6600208 -0.73638684 48959 r
 -0.10716747 -3.3564153 -0.038482677 49139 g
 -1.2241852 9.746047 -1.2645874 49141 a
 0.1570171 -0.7081491 -0.6870168 49143 r
 0.18791078 2.3267705 -0.044075314 49339 g
 -1.5647604 10.349984 -1.1257237 49340 a
 0.20634405 -0.67940915 -0.7022503 49341 r
 1.1588993 0.1304616 -0.25659558 49545 g
 0.30511108 11.797279 -0.64808047 49548 a
 0.22156695 -0.73921657 -0.634782 49552 r
 0.27739298 -0.2431799 -0.19001654 49747 g
 -6.6877537 11.505785 -3.134459 49751 a
 0.21673813 -0.78138936 -0.5851669 49756 r
 -2.2960196 -3.244296 0.3593936 49948 g
 -2.670283 6.292411 -0.02498948 49952 a
 0.15067036 -0.70329654 -0.69421476 49956 r
 -0.2547066 -0.98194075 0.5937518 50150 g
 1.4046482 11.1694 2.4703672 50164 a
 0.06447089 -0.636261 -0.76874834 50168 r
 1.0025717 0.015413045 -0.22783343 50348 g
 -3.2556653 10.913818 -3.4002154 50352 a
 -0.09376753 0.67656016 0.7303428 50356 r
 -0.31835613 0.040713076 -0.23688817 50549 g
 -0.9698013 8.923638 -0.4559458 50556 a
 -0.047974654 0.72143567 0.68815774 50560 r
 1.0060339 1.670035 -0.19853866 50750 g
 -1.5372272 9.6413 -1.2508208 50755 a
 0.17397246 -0.7217592 -0.66988343 50759 r
 0.998577 -0.83599955 -0.08375642 50948 g
 1.6560394 12.526912 -1.8996494 50953 a
 -0.13109513 0.7829691 0.6062322 50957 r
 -1.0003917 1.123288 0.5716475 51147 g
 -3.2478843 9.626337 -2.3760955 51151 a
 -0.13687798 0.7965895 0.588052 51159 r
 -0.30157822 -1.1273494 0.7444867 51347 g
 -1.0577883 7.251289 0.0025438394 51351 a
 0.036116973 0.68151116 0.72531 51355 r
 -0.05363793 0.22234066 -0.45500106 51548 g
 -0.72918403 9.509021 1.3786112 51555 a
 0.034700956 0.66425717 0.7456023 51559 r
 0.8861916 0.50490206 -0.19987024 51748 g
 -2.2237644 11.292701 -3.5516486 51752 a
 -0.03827801 0.6918583 0.7197316 51756 r
 -0.51356584 0.3371229 -0.31145668 51950 g
 -1.3157635 9.0654955 -1.1299136 51955 a
 -0.05247099 0.73132336 0.67791325 51959 r
 1.1008424 0.7147592 -0.04807006 52147 g
 -1.6707039 9.684396 -1.2615947 52152 a
 -0.113848686 0.72988737 0.67343277 52157 r
 1.2632952 -0.6810036 -0.066712186 52348 g
 1.4854525 12.883648 -1.9768624 52351 a
 -0.11659976 0.80260575 0.5833648 52356 r
 -0.9708306 1.2407335 0.41292313 52550 g
 -4.1038113 9.394099 -3.1129112 52556 a
 -0.13521568 0.8047526 0.5777704 52559 r
 -0.90158844 -2.2807643 0.67790765 52748 g
 -1.018284 5.9500403 -1.4645033 52752 a
 0.0148180155 0.7029139 0.7064995 52757 r
 0.31307936 -0.47247806 -0.14074807 52947 g
 -3.4460044 14.649971 1.2343606 52952 a
 0.07348749 0.6624888 0.74156684 52957 r
 1.3197542 1.0572417 -0.26431873 53150 g
 -1.7485155 7.9462056 -2.0893898 53155 a
 0.018917214 0.7154368 0.69098336 53159 r
 -0.18466546 0.7467171 -0.80414146 53348 g
 -0.9362825 9.732879 -1.3723265 53352 a
 0.07208502 0.7315438 0.6549695 53356 r
 0.8664842 -0.5323992 -0.056592174 53548 g
 -1.4504373 9.966912 -1.3950714 53552 a
 -0.004396159 0.76372075 0.6317391 53556 r
 1.0355949 -0.6863299 -0.23848607 53753 g
 -4.5006504 9.160066 3.5950434 53757 a
 0.021915315 0.81128144 0.56081086 53761 r
 -0.81769884 -1.3252223 1.2899021 53947 g
 -1.5557822 9.026589 0.49335518 53952 a
 0.016254406 0.80492437 0.5734094 53956 r
 -0.1524412 0.6050369 0.5303685 54147 g
 0.31169513 8.328081 0.28865093 54150 a
 0.102861725 0.6689756 0.70721954 54158 r
 0.2923067 0.12140685 -0.5002748 54354 g
 -5.323657 13.713838 4.2624273 54358 a
 0.13661301 0.65415394 0.72164136 54361 r
 1.020415 0.3504387 0.50000846 54551 g
 -1.6288054 9.0499325 -4.178331 54555 a
 0.10211104 0.7151679 0.66317827 54558 r
 -0.97775483 1.4327474 -0.79721725 54753 g
 -1.7239748 9.528174 -0.45534724 54757 a
 0.15955293 0.68805754 0.6451065 54761 r
 1.5676945 -0.73479944 0.10479539 54953 g
 0.40566754 9.719112 -1.2711715 54957 a
 0.034316603 0.7591311 0.6221898 54961 r
 -0.118885376 1.0500511 -0.21824604 55150 g
 -5.708525 12.006772 -2.6382606 55163 a
 0.056466468 0.7997922 0.5624004 55167 r
 -2.908813 -0.85384274 -0.21478394 55349 g
 -4.8903065 5.818958 -0.4397849 55355 a
 0.07088269 0.71930444 0.66318077 55359 r
 -0.37987515 -0.6437193 0.7415572 55553 g
 2.3898623 10.857555 2.5302222 55558 a
 0.145931 0.6291038 0.7266837 55561 r
 1.2134941 -0.14464293 -0.3897536 55752 g
 -3.281403 3.9921818 -0.79711956 55757 a
 0.17570496 0.65550923 0.6886886 55760 r
 -0.17081702 -3.592105 -0.22170816 55950 g
 -2.2979846 9.835231 -1.3418005 55955 a
 0.19811238 0.6938746 0.6285289 55959 r
 -0.17161596 1.7379457 -0.34927356 56152 g
 -1.6491561 9.8932905 -1.0772412 56157 a
 0.13981353 0.7005509 0.6292607 56160 r
 1.1082993 -0.76382786 -0.022237394 56352 g
 -0.70045364 10.029161 -0.85218614 56357 a
 0.16978627 0.7488979 0.5706391 56360 r
 -0.13113591 0.36774924 -0.18522285 56548 g
 -4.662259 8.8266735 -4.441693 56552 a
 0.18517685 0.7781693 0.52148694 56557 r
 -3.545042 -2.592088 0.8688563 56757 g
 -3.915268 7.621193 -0.39609075 56760 a
 0.22495629 0.7273834 0.56472796 56765 r
 -0.35856986 -0.7494468 0.68083715 56952 g
 2.0780175 9.47191 2.3524528 56957 a
 0.27569473 0.60977983 0.6264486 56961 r
 1.1812699 -0.25116938 -0.025166873 57154 g
 -3.6285622 9.144504 3.583671 57156 a
 0.3188358 0.5944636 0.60907775 57157 r
 1.1692857 0.8774783 -0.15273228 57357 g
 -3.6590884 9.48029 -3.3481414 57360 a
 0.3115188 0.666644 0.55624646 57364 r
 -0.45897105 -0.5180181 -0.47231162 57555 g
 -1.072752 10.182989 -1.3525743 57559 a
 0.35445437 0.6092644 0.511553 57562 r
 1.3013784 -0.16514927 0.09494169 57756 g
 -1.2864345 9.554511 -1.3836989 57760 a
 0.36196262 0.6569042 0.4810004 57764 r
 0.5128164 -0.37127793 0.032623723 57957 g
 -7.56463 10.572645 4.783166 57961 a
 0.44190386 0.6710229 0.38561407 57965 r
 0.5322575 -4.5388584 1.1932293 58155 g
 -1.380407 10.206332 0.35389295 58159 a
 0.4360901 0.63798654 0.416514 58163 r
 -0.16282754 -0.8959207 0.8158594 58355 g
 1.3896844 8.729709 -0.044143096 58369 a
 0.46234974 0.45549858 0.46261093 58374 r
 0.07232959 -0.3507716 -0.07922904 58557 g
 -4.6604633 19.388695 -0.32007483 58561 a
 0.48928472 0.41418082 0.47936693 58565 r
 0.8566305 0.40609878 -1.1506188 58757 g
 -0.8626608 8.152706 -1.9984102 58761 a
 0.49720964 0.48843896 0.4270049 58765 r
 -0.8192967 2.0268986 -0.86965525 58956 g
 -1.2529156 9.357588 -0.94795424 58959 a
 0.50550497 0.49832058 0.3928375 58963 r
 0.5889828 0.26388597 -0.019574234 59157 g
 -1.036839 9.403077 -1.2909236 59162 a
 0.4417404 0.5669545 0.4257516 59166 r
 1.0739444 -0.044241764 -0.22037658 59356 g
 -5.3272486 11.732038 1.0386347 59360 a
 0.506666 0.60410285 0.34475508 59363 r
 -1.6027987 -1.4546518 1.481117 59556 g
 -1.1493665 8.96853 -2.1139305 59560 a
 0.4962017 0.58766985 0.3856819 59563 r
 -1.448868 -0.11454921 0.60174125 59760 g
 0.52537763 9.191191 1.8029835 59764 a
 0.46397018 0.4397167 0.46215948 59767 r
 -0.1473812 0.46335673 -0.54048854 59956 g
 -3.1144075 9.385719 2.0441992 59960 a
 0.4600077 0.43419796 0.49586514 59964 r
 -0.090123236 0.3139534 0.1761681 60304 g
