 0.016394952 0.019349463 0.014847123 6 g
 -8.853309 -2.430414 3.415179 11 a
 -0.41539165 0.40716976 0.41347685 12 r
 -0.023552464 0.04571476 -0.057058226 97 g
 -8.697087 -1.8228853 3.14224 98 a
 -0.41776386 0.4035346 0.41698274 99 r
 0.008938101 -0.0379085 -0.0104529075 304 g
 -8.979005 -2.122759 3.4840124 308 a
 -0.41770238 0.40467614 0.4221004 316 r
 0.018791797 0.0017726 -0.009387643 506 g
 -8.966435 -1.9773114 3.6665702 510 a
 -0.41903728 0.401569 0.42415133 516 r
 -0.018492458 0.0033704967 -0.007789746 704 g
 -9.106496 -2.2322938 2.9554923 708 a
 -0.41893893 0.40140957 0.42629233 715 r
 0.010802314 0.007098922 0.0039281626 917 g
 -9.072378 -2.0156186 3.2757168 922 a
 -0.42130876 0.40234584 0.42621115 926 r
 0.037433926 -0.019266373 -0.0061918497 1104 g
 -9.136423 -1.8953099 3.3361704 1108 a
 -0.4190727 0.40169907 0.4282144 1114 r
 0.016128637 0.022545256 0.0031292143 1302 g
 -9.068189 -2.045546 3.2948704 1309 a
 -0.41761357 0.40232491 0.428529 1313 r
 -0.005975601 -0.018467424 -0.0056592175 1504 g
 -9.084948 -2.25863 3.2523735 1508 a
 -0.4179334 0.4029913 0.42713198 1514 r
 0.010269682 0.020148411 -0.0067244815 1704 g
 -8.94369 -2.13473 3.2936733 1708 a
 -0.41822216 0.40295178 0.42475936 1712 r
 -0.0054429686 -0.01394005 0.0015313176 1903 g
 -9.080159 -2.1957822 3.223643 1906 a
 -0.4164749 0.40422368 0.4251803 1911 r
 0.008671785 0.002038916 0.0020639498 2104 g
 -8.931719 -2.1939867 3.3337762 2108 a
 -0.41589922 0.4053086 0.42384186 2113 r
 -0.0025134913 0.004169445 1.9973709E-4 2303 g
 -9.025691 -2.218527 3.2709284 2307 a
 -0.41437763 0.40460736 0.42413035 2311 r
 -9.1559475E-4 -0.004885303 0.0033955304 2504 g
 -9.013122 -2.2484546 3.2613516 2507 a
 -0.41450286 0.4054479 0.4236662 2513 r
 0.0044107274 -9.161274E-5 -0.0064581656 2704 g
 -8.982595 -2.1891983 3.2811038 2708 a
 -0.4141514 0.40525776 0.42336473 2712 r
 9.48618E-4 9.736517E-4 0.0028628982 2904 g
 -8.97661 -2.182614 3.3086371 2907 a
 -0.41361156 0.40567172 0.42354503 2912 r
 -6.492787E-4 -0.0016895094 0.0017976337 3104 g
 -9.02629 -2.209549 3.2918777 3108 a
 -0.41331846 0.40560043 0.4239023 3114 r
 0.0052096755 0.006299974 0.0028628982 3304 g
 -8.987384 -2.198775 3.3128269 3309 a
 -0.41329652 0.4054724 0.4242384 3314 r
 -1.1664646E-4 9.736517E-4 0.0047271107 3504 g
 -8.967033 -2.2011693 3.3008559 3508 a
 -0.41324583 0.4052832 0.42488787 3512 r
 6.823019E-4 1.7470337E-4 -5.9921126E-4 3703 g
 -9.002348 -2.1999722 3.3008559 3707 a
 -0.41341114 0.40491277 0.42586663 3711 r
 0.0022801985 0.004435761 0.0017976337 3904 g
 -8.979005 -2.1880012 3.2697313 3908 a
 -0.4134322 0.40472472 0.4264033 3912 r
 6.823019E-4 0.0015062839 0.0036618465 4105 g
 -8.971224 -2.1915925 3.2757168 4110 a
 -0.41344157 0.40467185 0.426841 4114 r
 0.001214934 -8.905611E-4 -0.0032623722 4328 g
 -8.990377 -2.186804 3.255366 4334 a
 -0.4131169 0.4048314 0.42656794 4335 r
 -0.001448227 1.7470337E-4 -0.002197108 4505 g
 -9.02629 -2.149694 3.247585 4509 a
 -0.41293117 0.40501487 0.42633972 4512 r
 0.0020138824 0.0052347095 0.0055260593 4704 g
 -8.996961 -2.1891983 3.2535706 4708 a
 -0.41263145 0.40528113 0.42626157 4711 r
 9.48618E-4 4.4101948E-4 0.002330266 4904 g
 -8.968829 -2.2239141 3.279308 4908 a
 -0.41264388 0.40523863 0.42630705 4911 r
 0.0020138824 -9.161274E-5 -0.0011318434 5106 g
 -8.984391 -2.2119431 3.3104327 5110 a
 -0.41237855 0.40535223 0.4260631 5114 r
 9.48618E-4 -9.161274E-5 0.0012650015 5304 g
 -9.005341 -2.1909938 3.2811038 5308 a
 -0.41242793 0.40513414 0.42654225 5313 r
 1.4966965E-4 0.0015062839 -0.0043276367 5505 g
 -9.0059395 -2.21733 3.2990603 5509 a
 -0.4126016 0.40495926 0.42719916 5514 r
 -0.0030461235 -9.161274E-5 -6.657903E-5 5706 g
 -8.99337 -2.209549 3.2751184 5710 a
 -0.41211155 0.40523815 0.42674688 5714 r
 0.0020138824 -6.24245E-4 0.0036618465 5905 g
 -8.9897785 -2.1790228 3.2631474 5909 a
 -0.41168824 0.4056536 0.42632493 5913 r
 6.823019E-4 -0.0024884576 1.9973709E-4 6106 g
 -9.002947 -2.218527 3.243395 6110 a
 -0.41148204 0.40578157 0.42634746 6114 r
 0.0017475663 0.0012399678 -8.6552737E-4 6306 g
 -8.996961 -2.193388 3.2523735 6310 a
 -0.41151947 0.40585607 0.42634866 6314 r
 0.0014812502 0.004435761 -8.6552737E-4 6506 g
 -8.972421 -2.1784244 3.2852936 6510 a
 -0.41143125 0.40588784 0.4264715 6514 r
 0.0014812502 -0.0016895094 -3.3289514E-4 6706 g
 -8.995764 -2.1909938 3.2523735 6709 a
 -0.41120854 0.4059804 0.42649034 6713 r
 -9.1559475E-4 -0.0016895094 4.660532E-4 6907 g
 -8.9897785 -2.193388 3.2828994 6911 a
 -0.41096643 0.40617132 0.42631373 6915 r
 -6.492787E-4 0.0025715483 -8.6552737E-4 7107 g
 -8.990377 -2.1880012 3.2805052 7111 a
 -0.41078255 0.40635556 0.42625913 7115 r
 -0.0017145431 -0.0011568771 -0.0019307918 7306 g
 -8.996961 -2.1838112 3.2679358 7310 a
 -0.41034567 0.40668446 0.4258614 7314 r
 -0.0017145431 -3.5792886E-4 -3.3289514E-4 7507 g
 -8.973618 -2.1862054 3.2787097 7511 a
 -0.41019765 0.40680128 0.4257441 7515 r
 6.823019E-4 -0.0024884576 -0.0016644757 7706 g
 -9.001749 -2.242469 3.2966661 7710 a
 -0.410474 0.40633297 0.4263853 7714 r
 0.0028128307 4.4101948E-4 -0.004061321 7907 g
 -9.023896 -2.2059577 3.2392054 7911 a
 -0.4108385 0.4059602 0.42676422 7916 r
 -0.0027798074 0.0023052322 0.0017976337 8108 g
 -8.995166 -2.2071548 3.2727242 8112 a
 -0.41126287 0.40569323 0.4272206 8116 r
 0.0020138824 0.0036368128 -3.3289514E-4 8307 g
 -9.004743 -2.2221184 3.291279 8312 a
 -0.4113756 0.40553206 0.4272103 8316 r
 -0.001980859 0.0028378644 -0.0013981595 8507 g
 -8.987983 -2.2089503 3.26614 8511 a
 -0.41107062 0.40581125 0.4268376 8515 r
 -0.0025134913 -0.0011568771 0.0028628982 8708 g
 -8.980801 -2.1880012 3.218256 8711 a
 -0.41062194 0.40623027 0.4261982 8715 r
 0.001214934 -3.5792886E-4 0.0039281626 8907 g
 -8.990377 -2.210746 3.2362125 8911 a
 -0.4104663 0.40663737 0.42605856 8916 r
 6.823019E-4 0.0012399678 0.0028628982 9108 g
 -8.974216 -2.234688 3.2368112 9112 a
 -0.4102863 0.40678596 0.4258819 9116 r
 0.0057423078 0.0015062839 0.0012650015 9308 g
 -9.019108 -2.2101474 3.2218473 9312 a
 -0.41007954 0.40699327 0.42546782 9316 r
 -9.1559475E-4 -0.0016895094 0.0047271107 9508 g
 -8.982595 -2.1963809 3.2709284 9514 a
 -0.40990344 0.40745437 0.42514208 9519 r
 -0.0022471752 -0.0011568771 0.0028628982 9708 g
 -9.010129 -2.2011693 3.231424 9712 a
 -0.4096987 0.40756768 0.42508504 9716 r
 -0.0033124397 0.002038916 4.660532E-4 9905 g
 -9.010728 -2.1718402 3.2338183 9906 a
 -0.40964988 0.4076535 0.42497227 9908 r
 0.0022801985 0.004169445 0.0039281626 10109 g
 -8.987983 -2.2089503 3.2685342 10117 a
 -0.40939957 0.40804297 0.4246975 10120 r
 -0.005975601 0.0025715483 0.004993427 10308 g
 -8.999355 -2.1927896 3.271527 10312 a
 -0.40938896 0.40802628 0.42484257 10319 r
 -0.001980859 -3.5792886E-4 1.9973709E-4 10509 g
 -8.996363 -2.1969793 3.258359 10514 a
 -0.40944374 0.40792793 0.4250429 10517 r
 4.1598576E-4 7.073356E-4 -0.0011318434 10715 g
 -9.020305 -2.1461027 3.2451909 10725 a
 -0.40944374 0.40792793 0.4250429 10728 r
 0.0038780952 0.0036368128 0.0036618465 10911 g
 -8.999355 -2.1897967 3.282301 10924 a
 -0.40983137 0.4075337 0.42578396 10928 r
 -3.8296255E-4 -6.24245E-4 0.0012650015 11125 g
 -8.982595 -2.2263083 3.2685342 11129 a
 -0.41000322 0.40731502 0.42603585 11134 r
 6.823019E-4 -0.0019558256 -0.004061321 11323 g
 -8.962844 -2.2077532 3.27033 11327 a
 -0.41076013 0.40647787 0.4270412 11332 r
 -0.0036037895 0.0015145397 0.0015313176 11525 g
 -8.959851 -2.2119431 3.2619503 11528 a
 -0.41103604 0.40603697 0.42751017 11533 r
 6.5726816E-4 -0.0016812535 -0.0019307918 11725 g
 -9.004743 -2.1820157 3.2445922 11729 a
 -0.41129774 0.40586597 0.42800632 11733 r
 0.0014562164 9.819075E-4 -0.0037950044 11918 g
 -9.001151 -2.2143373 3.26614 11935 a
 -0.41117242 0.4059158 0.4279475 11938 r
 -0.0012069446 -0.002746518 1.9973709E-4 12123 g
 -8.959252 -2.1951838 3.2918777 12127 a
 -0.41100758 0.4060216 0.42767748 12131 r
 -0.0020058928 -0.002746518 -5.9921126E-4 12325 g
 -9.009531 -2.2023664 3.2733226 12329 a
 -0.41065797 0.40616482 0.4272566 12333 r
 -9.4062847E-4 0.0015145397 -0.0013981595 12525 g
 -9.019108 -2.2119431 3.2655416 12529 a
 -0.4107418 0.4064088 0.42698833 12533 r
 -0.0014732607 0.002313488 1.9973709E-4 12723 g
 -8.978406 -2.2221184 3.2308257 12728 a
 -0.4108048 0.40642315 0.42685977 12732 r
 -0.0014732607 -0.0014149374 9.986854E-4 12922 g
 -9.018509 -2.193388 3.2445922 12925 a
 -0.41055912 0.40659493 0.4265035 12929 r
 -0.0030711573 -8.8230526E-4 0.0015313176 13124 g
 -9.008932 -2.2298996 3.246388 13128 a
 -0.41075712 0.4065312 0.42675212 13132 r
 0.0011899003 0.0017808558 7.323693E-4 13323 g
 -8.9897785 -2.2221184 3.2374096 13328 a
 -0.4112923 0.40621495 0.427272 13332 r
 6.5726816E-4 -0.0011486213 -5.9921126E-4 13526 g
 -8.996363 -2.197578 3.2601545 13529 a
 -0.41125455 0.40596485 0.42732367 13533 r
 0.0062499065 -0.0062086275 -0.0024634239 13721 g
 -8.998756 -2.265214 3.2272344 13725 a
 -0.41125455 0.40596485 0.42732367 13728 r
 0.0019888487 0.0060419133 -0.002197108 13926 g
 -8.983793 -2.2017677 3.259556 13930 a
 -0.41100705 0.40601355 0.4267572 13937 r
 0.0033204292 -0.0048770467 0.0036618465 14126 g
 -9.019108 -2.197578 3.2493806 14129 a
 -0.4109756 0.40591305 0.42685184 14133 r
 9.235843E-4 -0.0016812535 -0.0019307918 14324 g
 -9.0059395 -2.2275054 3.2427967 14329 a
 -0.41106611 0.40590954 0.4269208 14333 r
 -6.743124E-4 0.0031124363 0.002330266 14525 g
 -8.955661 -2.1993735 3.295469 14530 a
 -0.4114611 0.40541053 0.42751786 14534 r
 -0.0036037895 -0.0030128341 0.004993427 14725 g
 -8.962844 -2.2059577 3.2870893 14729 a
 -0.4114505 0.4052875 0.42784384 14733 r
 3.9095205E-4 -0.0019475697 0.0017976337 14923 g
 -8.983793 -2.2245126 3.2613516 14926 a
 -0.41113192 0.40549076 0.42767295 14935 r
 -0.0028048411 -8.335694E-5 4.660532E-4 15130 g
 -8.990975 -2.2149358 3.2499793 15135 a
 -0.41101336 0.40551776 0.4274977 15138 r
 3.9095205E-4 1.8295916E-4 0.0015313176 15326 g
 -8.970026 -2.2119431 3.2643445 15330 a
 -0.4107301 0.40582627 0.4270331 15334 r
 -0.0028048411 -8.335694E-5 -0.0019307918 15526 g
 -9.020903 -2.2131402 3.2643445 15530 a
 -0.41052955 0.4060182 0.42675313 15534 r
 0.0019888487 7.1559136E-4 -0.002197108 15725 g
 -8.9897785 -2.2113445 3.252972 15729 a
 -0.41052955 0.4060182 0.42675313 15733 r
 -1.4168017E-4 -8.8230526E-4 1.9973709E-4 15926 g
 -8.991574 -2.2101474 3.255366 15929 a
 -0.4105085 0.40600002 0.4269221 15934 r
 -0.0014732607 -0.0016812535 0.0017976337 16126 g
 -9.000552 -2.2089503 3.2392054 16130 a
 -0.4105085 0.40600002 0.4269221 16134 r
 0.0017225326 -3.4967304E-4 -5.9921126E-4 16326 g
 -9.017312 -2.2119431 3.2362125 16329 a
 -0.4106827 0.405887 0.42719737 16333 r
 0.0035867454 -6.1598915E-4 9.986854E-4 16527 g
 -8.991574 -2.1999722 3.2811038 16531 a
 -0.41088197 0.40583456 0.4273744 16535 r
 0.0017225326 -0.0011486213 4.660532E-4 16725 g
 -9.031078 -2.1993735 3.243395 16728 a
 -0.41088197 0.40583456 0.4273744 16733 r
 0.0011899003 0.0015145397 1.9973709E-4 16923 g
 -8.991574 -2.2269068 3.2613516 16927 a
 -0.41066763 0.40601337 0.42713913 16931 r
 -0.004402738 -0.002746518 0.0015313176 17126 g
 -8.999355 -2.1963809 3.2691329 17131 a
 -0.41067562 0.4059376 0.42718586 17135 r
 -9.4062847E-4 1.8295916E-4 9.986854E-4 17325 g
 -8.992771 -2.2083519 3.223643 17329 a
 -0.41066712 0.40590513 0.4272876 17333 r
 -0.0012069446 -0.0032791502 -6.657903E-5 17526 g
 -8.99337 -2.170643 3.2493806 17530 a
 -0.41072556 0.40580845 0.42726246 17534 r
 0.0022551648 0.0015145397 -0.0024634239 17727 g
 -8.992771 -2.2257097 3.254169 17731 a
 -0.41071093 0.40585673 0.4273434 17735 r
 -3.4141724E-4 0.0020722055 0.0040695765 17910 g
 -8.986786 -2.2155344 3.26614 17911 a
 -0.41071093 0.40585673 0.4273434 17923 r
 0.0020554278 -0.0013899037 -9.904295E-4 18110 g
 -9.026889 -2.1969793 3.276914 18111 a
 -0.41077992 0.40588576 0.4271402 18120 r
 -3.4141724E-4 0.0018058895 0.0016727315 18310 g
 -8.973019 -2.197578 3.242198 18311 a
 -0.41078982 0.4058537 0.42715612 18312 r
 1.9121496E-4 2.0799288E-4 0.0011400993 18521 g
 -8.996363 -2.2011693 3.2445922 18536 a
 -0.410981 0.4057305 0.42747822 18539 r
 -8.7404944E-4 2.0799288E-4 -0.002055694 18726 g
 -9.001151 -2.2179286 3.242198 18730 a
 -0.41120803 0.4055795 0.42783633 18734 r
 4.5753107E-4 -0.0013899037 -0.0015230618 18926 g
 -8.978406 -2.198775 3.2625487 18930 a
 -0.41118732 0.4057346 0.42755547 18934 r
 -0.0014066817 0.0015395734 8.7378314E-4 19127 g
 -8.96823 -2.218527 3.2811038 19131 a
 -0.41118732 0.4057346 0.42755547 19135 r
 -0.0019393138 0.0012732573 -0.0012567457 19326 g
 -9.031677 -2.2167315 3.217059 19330 a
 -0.41157997 0.40520918 0.4283552 19334 r
 -6.077334E-4 -0.0013899037 -7.241135E-4 19525 g
 -8.983793 -2.2113445 3.247585 19529 a
 -0.41195032 0.4051087 0.42843917 19533 r
 0.0015227955 0.0015395734 7.4834825E-5 19726 g
 -8.983793 -2.1598692 3.2386067 19730 a
 -0.41245267 0.40471458 0.4290525 19734 r
 -0.0019393138 -0.0013899037 0.0046022087 19927 g
 -8.990377 -2.2029648 3.2805052 19931 a
 -0.41245267 0.40471458 0.4290525 19935 r
 0.0017891116 -0.0011235876 6.07467E-4 20127 g
 -9.005341 -2.2119431 3.2308257 20142 a
 -0.41271955 0.40440845 0.42947653 20146 r
 9.901633E-4 -0.0016562198 -0.0036535906 20325 g
 -8.992172 -2.2143373 3.2894835 20328 a
 -0.4129063 0.40429378 0.42949316 20335 r
 0.0017891116 4.74309E-4 0.002737996 20526 g
 -8.981399 -2.2017677 3.3002574 20530 a
 -0.41316032 0.4039358 0.43005142 20534 r
 0.0033870083 -0.0035204326 -0.004186223 20727 g
 -8.973019 -2.233491 3.2757168 20732 a
 -0.41333756 0.40368253 0.43018577 20735 r
 -0.0030045784 -0.0035204326 -0.003919907 20919 g
 -8.9897785 -2.2245126 3.2577603 20922 a
 -0.41333756 0.40368253 0.43018577 20926 r
 0.0023217439 -3.2463935E-4 -0.0012567457 21119 g
 -8.99756 -2.2077532 3.2876878 21123 a
 -0.41352686 0.40342534 0.43011984 21127 r
 0.0031206922 -0.0011235876 8.7378314E-4 21323 g
 -8.987983 -2.2119431 3.2745197 21327 a
 -0.41356137 0.40337247 0.43042907 21331 r
 0.0012564794 -0.0011235876 -0.0028546425 21520 g
 -9.020305 -2.2257097 3.2709284 21525 a
 -0.4136915 0.40321577 0.43068752 21531 r
 -7.510114E-5 0.0018058895 -4.5779737E-4 21724 g
 -8.973618 -2.2035635 3.3080385 21727 a
 -0.413495 0.40347463 0.43030325 21731 r
 9.901633E-4 -5.832323E-5 0.0016727315 21924 g
 -8.985589 -2.2047606 3.2517748 21927 a
 -0.41335005 0.40347022 0.4302173 21931 r
 -0.00220563 -0.001922536 0.0011400993 22122 g
 -9.008333 -2.2388778 3.2709284 22126 a
 -0.412998 0.40390462 0.42962703 22130 r
 -0.0014066817 7.406251E-4 -7.241135E-4 22321 g
 -8.99756 -2.2131402 3.282301 22325 a
 -0.41295004 0.40394086 0.429517 22329 r
 0.0015227955 0.0012732573 0.0011400993 22524 g
 -8.980202 -2.194585 3.2559648 22528 a
 -0.41360608 0.4032343 0.4307792 22532 r
 -0.0019393138 -3.2463935E-4 0.0011400993 22724 g
 -9.001749 -2.1957822 3.2805052 22729 a
 -0.41390276 0.402973 0.43139872 22733 r
 -0.0024719462 0.0018058895 3.4115094E-4 22918 g
 -9.003545 -2.2131402 3.2415996 22920 a
 -0.4139992 0.40278727 0.431704 22921 r
 -0.0011403656 7.406251E-4 0.0011400993 23125 g
 -8.990975 -2.194585 3.2266357 23128 a
 -0.4139407 0.40298986 0.4315016 23132 r
 -0.0016729978 0.0020722055 0.0022053637 23320 g
 -8.994567 -2.2119431 3.2350154 23324 a
 -0.41348293 0.4035884 0.43070397 23328 r
 1.9121496E-4 -0.0011235876 -0.0017893779 23522 g
 -9.003545 -2.2442648 3.2679358 23526 a
 -0.41304228 0.40412134 0.42977592 23530 r
 -0.0014066817 2.0799288E-4 -0.0023220102 23727 g
 -8.98918 -2.2191257 3.2481835 23732 a
 -0.4121803 0.4049297 0.4281467 23735 r
 -0.0035372106 -0.0016562198 0.0011400993 23922 g
 -8.981399 -2.1820157 3.2745197 23928 a
 -0.41146356 0.40573692 0.42673787 23932 r
 -6.077334E-4 0.0010069412 -0.0017893779 24122 g
 -8.9897785 -2.2221184 3.2667387 24127 a
 -0.41077578 0.40644687 0.42567167 24132 r
 -7.076019E-4 -9.904295E-4 -0.003561978 24326 g
 -8.972421 -2.1885996 3.2733226 24329 a
 -0.41041613 0.40672982 0.42484227 24333 r
 -0.003370763 -1.9148127E-4 0.0012317119 24523 g
 -8.967632 -2.193388 3.243395 24527 a
 -0.41024306 0.40690446 0.42467687 24530 r
 0.0030208237 -0.0028546425 -6.3250074E-4 24726 g
 -8.987983 -2.2209213 3.2763155 24730 a
 -0.41084164 0.4062354 0.42568251 24734 r
 6.239786E-4 -1.9148127E-4 -0.003561978 24926 g
 -9.001151 -2.2047606 3.264943 24930 a
 -0.411771 0.4052971 0.4272394 24934 r
 -0.0015065502 0.0011400993 9.653959E-4 25124 g
 -8.992771 -2.2233155 3.2559648 25140 a
 -0.41234246 0.40467125 0.42837945 25151 r
 -9.73918E-4 -4.5779737E-4 -0.003828294 25323 g
 -8.990975 -2.269404 3.2481835 25327 a
 -0.4126649 0.40443558 0.4288744 25331 r
 -0.003370763 8.7378314E-4 -0.0027630297 25526 g
 -8.992172 -2.204162 3.2691329 25530 a
 -0.41314983 0.40394545 0.42946187 25534 r
 0.0043524043 -7.241135E-4 -3.6618466E-4 25726 g
 -8.981399 -2.2442648 3.283498 25730 a
 -0.41319752 0.40388262 0.42969665 25734 r
 9.1346425E-5 -0.0031209586 -0.0016977652 25920 g
 -8.990975 -2.2131402 3.2404025 25925 a
 -0.41348892 0.40350115 0.43014142 25929 r
 0.0030208237 -4.5779737E-4 4.3276369E-4 26126 g
 -9.007136 -2.2113445 3.2571619 26129 a
 -0.41383028 0.40319288 0.43074825 26133 r
 -0.0015065502 7.4834825E-5 0.0017643442 26324 g
 -8.98499 -2.2125416 3.2505777 26328 a
 -0.41414458 0.40297574 0.43130067 26332 r
 8.9029473E-4 -1.9148127E-4 -0.0014314491 26523 g
 -9.024494 -2.1874025 3.2338183 26527 a
 -0.4144486 0.40256006 0.43195018 26530 r
 0.001689243 0.0040695765 0.005759086 26729 g
 -8.992771 -2.1897967 3.2308257 26734 a
 -0.41451228 0.40265846 0.43218687 26737 r
 0.0019555592 0.0022053637 1.6644757E-4 26925 g
 -9.01791 -2.2113445 3.243395 26928 a
 -0.41407096 0.40320396 0.43150255 26932 r
 0.004086088 -0.0012567457 -0.0019640813 27125 g
 -9.005341 -2.2203228 3.2362125 27129 a
 -0.41374183 0.40362412 0.43080172 27133 r
 0.005950301 -0.004186223 -0.0019640813 27328 g
 -8.990975 -2.2257097 3.2739213 27332 a
 -0.41339982 0.40399772 0.42998174 27335 r
 0.0027545076 -0.0025883263 -0.0032956619 27525 g
 -8.981399 -2.2191257 3.2565632 27529 a
 -0.413158 0.40423632 0.42951283 27533 r
 3.5766253E-4 -9.904295E-4 -0.004627242 27728 g
 -8.998756 -2.2017677 3.2523735 27732 a
 -0.41308826 0.40422636 0.429211 27735 r
 0.001689243 7.4834825E-5 -6.3250074E-4 27927 g
 -8.987384 -2.2161329 3.2625487 27931 a
 -0.4129324 0.40444374 0.4288256 27936 r
 0.0024881915 -0.0023220102 -8.9881686E-4 28126 g
 -8.990377 -2.2556372 3.2481835 28130 a
 -0.41263655 0.40468806 0.4281803 28135 r
 0.004086088 -0.0017893779 -0.0030293458 28326 g
 -8.967632 -2.2239141 3.3080385 28330 a
 -0.4125014 0.40486014 0.42767164 28334 r
 0.0048850365 0.0024716798 0.001498028 28528 g
 -8.995166 -2.1981764 3.290082 28532 a
 -0.41206354 0.40521437 0.4270964 28537 r
 3.5766253E-4 -9.904295E-4 0.0036285568 28728 g
 -9.011326 -2.2388778 3.3170168 28732 a
 -0.41167182 0.40539366 0.42681214 28736 r
 0.0038197718 0.005401157 1.6644757E-4 28926 g
 -8.985589 -2.2113445 3.264943 28930 a
 -0.41130665 0.4055962 0.42633763 28934 r
 6.239786E-4 0.002737996 0.0046938215 29127 g
 -8.993968 -2.2281039 3.2757168 29130 a
 -0.4109301 0.40601248 0.42589793 29134 r
 -9.73918E-4 -0.0015230618 -0.001165133 29327 g
 -8.979005 -2.2191257 3.2679358 29330 a
 -0.41056317 0.40640497 0.42528775 29334 r
 0.001689243 -0.0012567457 -0.0024967135 29526 g
 -9.004144 -2.1874025 3.2427967 29529 a
 -0.41049218 0.40641534 0.42528704 29535 r
 6.239786E-4 0.005401157 -6.3250074E-4 29728 g
 -8.987983 -2.2143373 3.2709284 29732 a
 -0.41062903 0.40636098 0.42562714 29735 r
 -1.7496968E-4 0.0011400993 0.0020306604 29929 g
 -8.992172 -2.2143373 3.2733226 29933 a
 -0.41058517 0.40634727 0.42579392 29937 r
 6.239786E-4 -0.0012567457 -0.0014314491 30131 g
 -8.985589 -2.2017677 3.255366 30152 a
 -0.41099524 0.40593916 0.42649582 30157 r
 -1.7496968E-4 3.4115094E-4 1.6644757E-4 30329 g
 -9.0221 -2.197578 3.2457893 30333 a
 -0.41093212 0.40594828 0.42648694 30337 r
 -9.73918E-4 0.0032706282 -0.001165133 30529 g
 -9.001151 -2.1951838 3.2547677 30533 a
 -0.41082287 0.4061945 0.4262677 30537 r
 -0.0020972393 0.001081776 4.825648E-4 30728 g
 -9.020903 -2.1927896 3.2775126 30732 a
 -0.4110097 0.40598142 0.42672166 30735 r
 -0.001298291 -7.8243675E-4 -0.0011153319 30928 g
 -8.99337 -2.2263083 3.243395 30933 a
 -0.41117486 0.4058438 0.4270257 30936 r
 5.659217E-4 -0.0013150689 -0.0032458608 31130 g
 -9.013122 -2.1915925 3.2278328 31136 a
 -0.41177553 0.4052118 0.4278616 31140 r
 -0.0010319749 0.0026796726 0.0050099385 31328 g
 -8.970625 -2.1891983 3.2392054 31332 a
 -0.41224587 0.4050184 0.4284368 31336 r
 3.3289514E-5 2.828277E-4 2.1624868E-4 31530 g
 -8.97661 -2.230498 3.2457893 31535 a
 -0.41230363 0.4048996 0.4285523 31539 r
 -7.656588E-4 -7.8243675E-4 -0.0027132286 31727 g
 -9.0059395 -2.2251112 3.2601545 31732 a
 -0.41244295 0.40481573 0.4285172 31736 r
 8.322378E-4 -0.0018477011 0.0015478292 31930 g
 -8.987384 -2.2328923 3.264943 31935 a
 -0.41225314 0.40494508 0.42807975 31938 r
 -0.0052930326 -0.004244546 -0.0019142802 32135 g
 -9.0059395 -2.2257097 3.2733226 32139 a
 -0.41200292 0.40524858 0.4276469 32164 r
 -0.0026298715 5.491438E-4 -0.0027132286 32328 g
 -8.999954 -2.2316952 3.2828994 32332 a
 -0.41201568 0.4052295 0.4276453 32336 r
 -0.0015646071 2.828277E-4 0.0028794098 32528 g
 -8.992172 -2.2298996 3.243395 32533 a
 -0.41201645 0.40515125 0.42771724 32536 r
 -0.001298291 0.0021470406 -8.490158E-4 32731 g
 -9.020903 -2.2406735 3.2278328 32736 a
 -0.4123218 0.40485638 0.42829648 32739 r
 0.0016311861 -5.1612064E-4 -0.0011153319 32927 g
 -8.996363 -2.2209213 3.2445922 32932 a
 -0.4127234 0.40471208 0.42868212 32935 r
 -4.993427E-4 1.6511598E-5 0.003412042 33130 g
 -8.983793 -2.2125416 3.2840965 33135 a
 -0.41300768 0.40450054 0.42923394 33138 r
 8.322378E-4 -5.1612064E-4 7.488809E-4 33331 g
 -8.98918 -2.2257097 3.2505777 33336 a
 -0.41315264 0.40421063 0.42965773 33339 r
 0.0018975022 0.0048102015 -3.1638352E-4 33529 g
 -8.99337 -2.22152 3.2326212 33534 a
 -0.41336918 0.40402794 0.42996165 33537 r
 2.9960563E-4 0.001081776 0.0012815131 33729 g
 -8.990975 -2.2077532 3.2368112 33734 a
 -0.4132865 0.40424347 0.4297984 33737 r
 -4.993427E-4 8.1545993E-4 -0.001381648 33931 g
 -8.998756 -2.2035635 3.2601545 33936 a
 -0.41284898 0.40474278 0.42910656 33940 r
 8.322378E-4 -0.0021140173 7.488809E-4 34129 g
 -8.993968 -2.2035635 3.2637458 34133 a
 -0.41246513 0.4051053 0.42849872 34137 r
 -0.0020972393 2.828277E-4 0.0018141454 34328 g
 -8.993968 -2.2352865 3.264943 34332 a
 -0.41212603 0.40544432 0.42791882 34336 r
 -0.0020972393 8.1545993E-4 0.003145726 34532 g
 -8.981399 -2.2191257 3.2727242 34536 a
 -0.4119091 0.40564233 0.42759565 34539 r
 -0.0026298715 -0.001581385 -5.8269966E-4 34728 g
 -8.98499 -2.2400749 3.2332199 34732 a
 -0.41212294 0.40540093 0.42790732 34736 r
 -0.0018309233 1.6511598E-5 -5.8269966E-4 34929 g
 -8.967632 -2.2113445 3.267337 34934 a
 -0.41243148 0.40507817 0.42821255 34938 r
 -0.0018309233 -0.0021140173 -0.0029795447 35135 g
 -8.987384 -2.2364836 3.2811038 35147 a
 -0.41269493 0.40480858 0.42868927 35151 r
 0.001098554 -5.1612064E-4 -0.003778493 35330 g
 -9.010129 -2.2263083 3.2308257 35335 a
 -0.41267377 0.40470314 0.4285862 35338 r
 -0.0020972393 -0.0021140173 4.825648E-4 35530 g
 -8.993968 -2.2281039 3.2308257 35535 a
 -0.41242662 0.4050836 0.42785326 35539 r
 0.0024301345 -7.8243675E-4 -8.490158E-4 35734 g
 -8.988582 -2.2448633 3.2505777 35737 a
 -0.41211277 0.40548176 0.42720863 35741 r
 -0.0020972393 -5.1612064E-4 -0.0024469125 35930 g
 -9.010129 -2.2263083 3.22903 35935 a
 -0.41203704 0.40565115 0.4268562 35939 r
 -4.993427E-4 1.6511598E-5 0.0020804615 36133 g
 -8.991574 -2.218527 3.2380083 36137 a
 -0.41162586 0.40613616 0.42612228 36140 r
 5.659217E-4 5.491438E-4 7.488809E-4 36334 g
 -8.998158 -2.2526445 3.2978632 36338 a
 -0.41144615 0.4064263 0.42579082 36341 r
 -0.0010319749 -0.0021140173 -0.001381648 36531 g
 -8.992172 -2.2233155 3.26614 36536 a
 -0.41149002 0.40621978 0.4259701 36539 r
 5.659217E-4 -2.4980452E-4 0.0042109904 36731 g
 -8.983793 -2.2125416 3.2308257 36736 a
 -0.41169277 0.40606934 0.42626193 36739 r
 -7.656588E-4 -7.8243675E-4 0.0028794098 36935 g
 -8.99337 -2.2245126 3.247585 36939 a
 -0.41178113 0.40607405 0.42647758 36943 r
 7.323693E-4 -1.6777914E-5 6.3250074E-4 37134 g
 -8.996961 -2.210746 3.2613516 37138 a
 -0.4117047 0.40613103 0.42631438 37141 r
 1.9973709E-4 0.0031790154 0.0019640813 37331 g
 -8.969428 -2.2257097 3.2655416 37336 a
 -0.4115607 0.40627486 0.42609182 37340 r
 -0.0011318434 0.0013148027 0.0019640813 37535 g
 -8.977807 -2.2209213 3.30325 37539 a
 -0.41145912 0.40636003 0.42596778 37542 r
 4.660532E-4 -0.0021473067 -0.0017643442 37732 g
 -8.976012 -2.2388778 3.2637458 37736 a
 -0.41160947 0.4060666 0.4263465 37740 r
 -8.6552737E-4 -1.6777914E-5 -6.9907977E-4 37932 g
 -8.961198 -2.2140381 3.2326212 37937 a
 -0.41181865 0.40575713 0.42657456 37940 r
 4.660532E-4 -0.0010820423 6.3250074E-4 38137 g
 -8.949226 -2.231396 3.2882864 38140 a
 -0.41177857 0.40591103 0.4264883 38144 r
 -0.0056592175 -0.0024136228 -4.3276369E-4 38333 g
 -9.007286 -2.2337902 3.2386067 38337 a
 -0.41189575 0.4055969 0.4266866 38340 r
 1.9973709E-4 0.0010484866 -0.0017643442 38533 g
 -8.997709 -2.231396 3.2828994 38537 a
 -0.4119447 0.40567058 0.42649928 38541 r
 -0.0013981595 -0.0010820423 0.0016977652 38736 g
 -8.991125 -2.224812 3.2481835 38739 a
 -0.41201672 0.40546829 0.42678443 38743 r
 0.0020639498 0.0015811187 -0.0033622407 38933 g
 -9.007885 -2.224812 3.267337 38938 a
 -0.41201264 0.4055913 0.42677185 38941 r
 -8.6552737E-4 -1.6777914E-5 0.0014314491 39135 g
 -9.007885 -2.2242134 3.2451909 39139 a
 -0.41205657 0.4055345 0.42695352 39142 r
 -0.002197108 0.0018474348 0.0014314491 39335 g
 -9.004891 -2.2254105 3.2511764 39338 a
 -0.4122448 0.40542758 0.42733565 39342 r
 0.0012650015 0.0013148027 0.0019640813 39533 g
 -8.966584 -2.208651 3.2577603 39537 a
 -0.41222677 0.40548396 0.42730787 39540 r
 -3.3289514E-4 -0.0016146746 -0.0012317119 39734 g
 -9.001301 -2.2319946 3.2775126 39738 a
 -0.41193923 0.40580416 0.42696288 39741 r
 -0.002197108 -8.1572623E-4 -0.001498028 39931 g
 -9.000702 -2.2122424 3.2152631 39936 a
 -0.4117243 0.40592504 0.42671296 39940 r
 0.0036618465 -5.494101E-4 0.0019640813 40136 g
 -8.995315 -2.2331917 3.2906806 40147 a
 -0.41164726 0.40619665 0.4264877 40151 r
 -0.0019307918 5.158543E-4 6.3250074E-4 40334 g
 -8.967782 -2.2218192 3.2218473 40338 a
 -0.41151735 0.4062239 0.42634287 40342 r
 -5.9921126E-4 5.158543E-4 3.6618466E-4 40537 g
 -8.975563 -2.224812 3.2571619 40541 a
 -0.4112997 0.40660882 0.42580596 40545 r
 0.0017976337 5.158543E-4 -0.0017643442 40735 g
 -9.006687 -2.220622 3.26614 40738 a
 -0.41117463 0.4067201 0.4255555 40743 r
 0.0020639498 -0.0010820423 -0.001498028 40935 g
 -8.987534 -2.2122424 3.2122705 40938 a
 -0.41097394 0.40694928 0.4251431 40942 r
 0.0028628982 0.002113751 -0.0017643442 41138 g
 -8.980351 -2.1978772 3.279308 41142 a
 -0.4110037 0.40698534 0.42512313 41146 r
 -3.3289514E-4 0.0013148027 0.0048935586 41335 g
 -8.962395 -2.2122424 3.2535706 41339 a
 -0.41091484 0.4070109 0.42511222 41343 r
 -3.3289514E-4 -0.0010820423 0.0016977652 41535 g
 -8.991125 -2.2266076 3.2427967 41539 a
 -0.41116 0.40666068 0.42559603 41543 r
 -6.657903E-5 7.821704E-4 -0.0012317119 41737 g
 -8.984541 -2.2254105 3.2697313 41742 a
 -0.41144517 0.40643477 0.4259229 41746 r
 0.0017976337 0.0010484866 0.0016977652 41935 g
 -9.011476 -2.212841 3.2068834 41939 a
 -0.41176882 0.40597034 0.42661324 41943 r
 4.660532E-4 0.0058421763 0.0070240875 42137 g
 -8.989928 -2.2242134 3.259556 42141 a
 -0.41220152 0.405788 0.42721733 42145 r
 7.323693E-4 0.002113751 0.0027630297 42336 g
 -8.996512 -2.203264 3.2296286 42340 a
 -0.41235754 0.4055621 0.4276031 42344 r
 0.0017976337 5.158543E-4 -1.6644757E-4 42534 g
 -8.987534 -2.2373815 3.2577603 42538 a
 -0.41246733 0.40558767 0.42771807 42542 r
 -8.6552737E-4 0.002380067 -9.653959E-4 42736 g
 -9.036615 -2.202067 3.2487822 42740 a
 -0.41293538 0.40507972 0.42840144 42744 r
 0.0041944785 0.0039779637 0.0024967135 42938 g
 -8.99711 -2.1972785 3.243395 42941 a
 -0.4130204 0.40505517 0.42860553 42946 r
 0.0015313176 0.0031790154 0.0027630297 43138 g
 -8.992921 -2.2164323 3.259556 43141 a
 -0.41303527 0.40506864 0.42882177 43145 r
 0.0015313176 0.002380067 8.9881686E-4 43337 g
 -8.977359 -2.211644 3.2296286 43341 a
 -0.4132297 0.40487581 0.42916778 43345 r
 -6.1598915E-4 0.0026463831 -0.0037452034 43538 g
 -9.046192 -2.202067 3.2296286 43543 a
 -0.41362247 0.40449512 0.4296848 43547 r
 0.0012482236 0.0018474348 0.0015811187 43737 g
 -8.966584 -2.2260091 3.2278328 43740 a
 -0.41405213 0.40421832 0.43023244 43744 r
 -0.0016812535 0.005309544 0.0013148027 43937 g
 -9.001301 -2.2242134 3.2631474 43940 a
 -0.41444945 0.40374237 0.43074504 43944 r
 -6.1598915E-4 0.0010484866 -0.002946255 44139 g
 -9.01387 -2.2403743 3.2775126 44143 a
 -0.41454008 0.4035862 0.43072227 44146 r
 0.005242965 -0.0018809907 -0.0018809907 44337 g
 -9.004891 -2.1885996 3.2758665 44341 a
 -0.41485158 0.40309715 0.43118897 44345 r
 -3.4967304E-4 -0.0010820423 0.0018474348 44536 g
 -8.96838 -2.2101474 3.2932243 44540 a
 -0.4146622 0.40325308 0.43111387 44544 r
 -6.1598915E-4 -0.0024136228 0.0029126992 44733 g
 -8.9959135 -2.2370822 3.2704794 44737 a
 -0.41406998 0.40357578 0.43035522 44740 r
 0.0012482236 -0.004810468 -0.0016146746 44936 g
 -8.981548 -2.2322938 3.2746694 44938 a
 -0.41396153 0.40359622 0.43015197 44940 r
 -3.4967304E-4 -8.1572623E-4 -2.8309404E-4 45138 g
 -9.004891 -2.2197242 3.268684 45153 a
 -0.41413587 0.4032792 0.4305083 45157 r
 -0.0019475697 0.002380067 0.006641125 45339 g
 -8.983943 -2.2155344 3.2758665 45343 a
 -0.4138396 0.40358198 0.4301375 45347 r
 7.1559136E-4 -0.0013483585 -1.6777914E-5 45537 g
 -8.992322 -2.2400749 3.2632968 45541 a
 -0.41337523 0.40390617 0.42957196 45546 r
 -0.0014149374 0.0010484866 -8.1572623E-4 45737 g
 -8.997709 -2.2077532 3.2124202 45741 a
 -0.4130383 0.40423578 0.42886057 45746 r
 0.002313488 -0.0021473067 -0.0013483585 45940 g
 -9.00968 -2.2478561 3.2435448 45944 a
 -0.4124877 0.40487248 0.4278845 45949 r
 0.0020471718 0.0015811187 0.0013148027 46139 g
 -9.001301 -2.2197242 3.2848446 46144 a
 -0.41220546 0.40521258 0.42718747 46148 r
 1.8295916E-4 -0.0016146746 -0.0010820423 46338 g
 -8.957606 -2.2155344 3.2680852 46341 a
 -0.41204518 0.4052918 0.42698857 46346 r
 -6.1598915E-4 -8.1572623E-4 -0.0024136228 46541 g
 -8.982745 -2.2520459 3.2770636 46545 a
 -0.4121279 0.40505475 0.42717573 46549 r
 -0.0030128341 -5.494101E-4 -0.002679939 46738 g
 -8.991125 -2.1820157 3.2237926 46742 a
 -0.4120905 0.4049117 0.42695293 46746 r
 -0.0016812535 0.0042442796 0.0031790154 46938 g
 -8.966584 -2.233491 3.293823 46942 a
 -0.41152835 0.40563643 0.4258912 46946 r
 -0.002746518 -2.8309404E-4 0.002113751 47144 g
 -8.987534 -2.2358851 3.2543187 47147 a
 -0.41107544 0.4058581 0.42513004 47151 r
 -0.004610731 -0.0024136228 -0.005076784 47337 g
 -9.007286 -2.2298996 3.2626984 47341 a
 -0.4110194 0.40592498 0.424718 47344 r
 -0.0032791502 -0.0010820423 7.821704E-4 47539 g
 -8.982147 -2.2125416 3.240552 47543 a
 -0.41086856 0.40610862 0.42452654 47547 r
 -0.0022138858 0.0013148027 0.0055758604 47741 g
 -8.960001 -2.185607 3.2758665 47746 a
 -0.41093633 0.406026 0.4246957 47750 r
 -0.0016812535 -5.494101E-4 0.0026463831 47935 g
 -8.998308 -2.2269068 3.2680852 47940 a
 -0.4107954 0.40606618 0.42481235 47944 r
 -0.0022138858 -1.6777914E-5 -0.0018809907 48141 g
 -9.000702 -2.2179286 3.232771 48145 a
 -0.41125804 0.40560663 0.4255564 48149 r
 -8.335694E-5 -5.494101E-4 0.0018474348 48343 g
 -9.009082 -2.1951838 3.2615013 48346 a
 -0.41162187 0.40521413 0.42632172 48350 r
 0.005242965 0.0039779637 0.0042442796 48538 g
 -8.982147 -2.2023664 3.280655 48542 a
 -0.41148186 0.4054351 0.42620566 48546 r
 9.819075E-4 0.0013148027 0.0013148027 48738 g
 -8.982147 -2.2298996 3.293823 48742 a
 -0.41164628 0.4051882 0.42674622 48746 r
 9.819075E-4 -8.1572623E-4 0.0013148027 48938 g
 -9.003097 -2.2167315 3.2243912 48942 a
 -0.4119877 0.40469086 0.42737523 48946 r
 0.0031124363 2.495382E-4 5.158543E-4 49141 g
 -9.140164 -2.459743 3.2638955 49146 a
 -0.41210055 0.40470767 0.4274923 49150 r
 -0.005409679 0.026614834 0.010103234 49341 g
 -9.175479 -2.2047606 3.193865 49347 a
 -0.41270193 0.40453786 0.42665187 49351 r
 0.0049766493 -0.0016146746 -0.022121014 49543 g
 -8.884583 -2.1760302 3.317765 49547 a
 -0.41302386 0.40629786 0.42676857 49551 r
 -0.015796008 -5.494101E-4 -0.004544152 49744 g
 -9.090485 -2.2406735 3.2315738 49746 a
 -0.4120955 0.4054296 0.42718658 49748 r
 -0.0030128341 -0.0069409967 0.006641125 49940 g
 -9.010878 -2.2526445 3.2315738 49945 a
 -0.41281065 0.4057753 0.42657474 49949 r
 -0.013931794 0.0069074407 -8.1572623E-4 50145 g
 -8.988132 -2.2382793 3.2680852 50157 a
 -0.41283685 0.4059046 0.4264709 50161 r
 -0.0043444145 0.002113751 0.0058421763 50340 g
 -8.9959135 -2.218527 3.2321723 50347 a
 -0.41278782 0.40589893 0.42648098 50351 r
 7.1559136E-4 0.0026463831 -0.0066746804 50541 g
 -9.031827 -2.2089503 3.180697 50545 a
 -0.41241866 0.40640777 0.42572948 50549 r
 -0.0048770467 0.004776912 0.002113751 50745 g
 -8.9998045 -2.1956327 3.2047887 50749 a
 -0.41249907 0.40730685 0.4249842 50752 r
 -8.335694E-5 -8.1572623E-4 -0.0021473067 50941 g
 -9.020754 -2.2165818 3.2329204 50945 a
 -0.41194504 0.40757984 0.4245638 50951 r
 -0.005409679 -5.494101E-4 0.0031790154 51145 g
 -8.979453 -2.2357354 3.2113726 51149 a
 -0.41172823 0.40796906 0.42395362 51153 r
 7.1559136E-4 -0.0013483585 0.0039779637 51345 g
 -8.988432 -2.224363 3.216161 51349 a
 -0.41087636 0.40865552 0.42300782 51355 r
 4.4927528E-4 0.0010484866 0.0018474348 51542 g
 -8.990228 -2.2082021 3.2407017 51546 a
 -0.4109238 0.4086486 0.4232138 51550 r
 -0.0019475697 -8.1572623E-4 -0.0053431 51742 g
 -8.968081 -2.2303486 3.24549 51746 a
 -0.41104308 0.40864378 0.42357406 51750 r
 0.0017808558 0.0029126992 -0.002679939 51945 g
 -9.027337 -2.1986253 3.2407017 51949 a
 -0.41108465 0.40826446 0.42361686 51953 r
 0.0017808558 -0.0024136228 -0.004544152 52144 g
 -8.9998045 -2.2016182 3.2496798 52148 a
 -0.4113394 0.4081236 0.42385224 52152 r
 -0.0019475697 -0.0037452034 7.821704E-4 52343 g
 -9.036914 -2.1974282 3.2077813 52347 a
 -0.41140223 0.4079014 0.42417702 52351 r
 7.1559136E-4 0.0015811187 -0.0042778356 52546 g
 -9.030331 -2.2088008 3.20838 52550 a
 -0.41154674 0.40792757 0.42442873 52553 r
 1.8295916E-4 5.158543E-4 0.002380067 52743 g
 -9.009979 -2.1914427 3.1874306 52747 a
 -0.41181457 0.40750527 0.425059 52751 r
 -0.0022138858 -0.0024136228 0.0010484866 52942 g
 -9.035119 -2.1639094 3.20419 52946 a
 -0.41208366 0.40713358 0.42562255 52950 r
 0.0017808558 -0.0034788873 0.0018474348 53147 g
 -8.98903 -2.27105 3.2245407 53151 a
 -0.41237244 0.4069085 0.42655608 53155 r
 0.003911385 -0.0064083645 -0.0024136228 53345 g
 -9.099164 -2.1806688 3.173664 53349 a
 -0.4127329 0.40633512 0.42703316 53352 r
 -0.0035454663 -0.0093378415 0.0010484866 53544 g
 -8.987235 -2.1854572 3.250877 53549 a
 -0.41317403 0.4072907 0.42722055 53552 r
 -0.0062086275 0.0034453315 0.0013148027 53746 g
 -9.027337 -2.1944356 3.1916206 53750 a
 -0.41261214 0.40667975 0.42753223 53754 r
 7.1559136E-4 -0.002679939 -5.494101E-4 53944 g
 -9.012972 -2.1932385 3.2137668 53947 a
 -0.4129204 0.40694106 0.42765895 53951 r
 -0.0022138858 0.0010484866 -0.0018809907 54140 g
 -9.016563 -2.1836617 3.2005987 54144 a
 -0.41289198 0.4068247 0.42786136 54147 r
 0.0028461202 0.0015811187 2.495382E-4 54348 g
 -9.040505 -2.186056 3.185635 54353 a
 -0.41281167 0.40710294 0.42769262 54356 r
 -0.0016812535 -0.0032125711 -0.0034788873 54541 g
 -8.986037 -2.1968298 3.1946132 54545 a
 -0.41250637 0.40738213 0.42697605 54549 r
 -0.0043444145 -0.0032125711 -0.0016146746 54745 g
 -9.027936 -2.2411225 3.221548 54749 a
 -0.41259658 0.40730274 0.42682698 54752 r
 4.4927528E-4 0.004776912 -0.0024136228 54947 g
 -9.005191 -2.2088008 3.1988032 54951 a
 -0.41278088 0.40711087 0.42683783 54955 r
 -8.335694E-5 0.005043228 0.0037116476 55146 g
 -9.041104 -2.1740847 3.1940148 55150 a
 -0.41274327 0.4072281 0.42656478 55154 r
 0.0012482236 -0.002679939 -0.006142048 55344 g
 -8.985439 -2.2105963 3.269432 55347 a
 -0.41281524 0.40721983 0.4267101 55351 r
 -0.011002317 -0.0032125711 -0.005076784 55548 g
 -9.057265 -2.1902456 3.152116 55552 a
 -0.41299647 0.4067663 0.42716214 55556 r
 0.0071071777 -0.0013483585 7.821704E-4 55745 g
 -9.0081835 -2.2453122 3.250877 55749 a
 -0.41329902 0.40666223 0.42758313 55753 r
 -0.0040780986 0.0039779637 0.004510596 55945 g
 -9.025542 -2.232144 3.1778538 55949 a
 -0.41330132 0.40622354 0.42778066 55953 r
 -6.1598915E-4 -0.005609416 -0.007473629 56148 g
 -9.000402 -2.1962311 3.221548 56153 a
 -0.4136712 0.40630817 0.4279109 56157 r
 -0.0022138858 2.495382E-4 -0.005076784 56345 g
 -8.992023 -2.2267573 3.2233436 56349 a
 -0.41353214 0.406179 0.42799047 56353 r
 0.0015145397 -0.0072073126 -0.0143978475 56547 g
 -8.995614 -2.1405659 3.192219 56552 a
 -0.4137732 0.4055472 0.42811444 56556 r
 0.0012482236 -0.005609416 -0.007739945 56748 g
 -8.98484 -2.193837 3.2778118 56752 a
 -0.41390678 0.40507573 0.42942318 56756 r
 0.0036450685 -0.0053431 0.016761137 56946 g
 -9.081805 -2.2291515 3.264045 56950 a
 -0.4131243 0.4046209 0.42957768 56954 r
 0.0017808558 0.00903797 -0.007739945 57148 g
 -9.044097 -2.1827638 3.1929672 57152 a
 -0.412972 0.40500957 0.42915663 57155 r
 0.002579804 0.012766395 -2.8309404E-4 57363 g
 -8.987235 -2.1217117 3.238457 57367 a
 -0.41239905 0.40626353 0.4292458 57371 r
 0.0063082296 -0.0040115197 5.158543E-4 57549 g
 -8.996213 -2.1935377 3.2240918 57553 a
 -0.4116919 0.4065416 0.429175 57557 r
 -0.002480202 -8.1572623E-4 0.0031790154 57747 g
 -9.063251 -2.1779754 3.183989 57751 a
 -0.41165194 0.40664744 0.4286333 57754 r
 1.8295916E-4 -0.0042778356 -8.1572623E-4 57947 g
 -9.011177 -2.1779754 3.202544 57952 a
 -0.41136986 0.40707225 0.42794505 57955 r
 0.0017808558 -0.0037452034 -0.0024136228 58148 g
 -8.998607 -2.1564276 3.2378585 58152 a
 -0.4115434 0.40719992 0.42786428 58156 r
 -8.8230526E-4 0.0013148027 5.158543E-4 58347 g
 -9.063251 -2.3270144 3.2606034 58351 a
 -0.41170818 0.4069816 0.42810473 58355 r
 0.0020471718 -0.012001003 -0.04369262 58551 g
 -8.962095 -2.1785738 3.2606034 58556 a
 -0.41290188 0.4054619 0.42722854 58559 r
 -0.010736002 0.006641125 0.0029126992 58748 g
 -8.985439 -2.2114942 3.2456396 58752 a
 -0.41296035 0.4054311 0.42804328 58756 r
 -0.0019475697 -0.013332583 0.0042442796 58948 g
 -9.030929 -2.1642087 3.2175078 58952 a
 -0.4129167 0.40534073 0.4281586 58956 r
 -0.0032791502 0.0069074407 0.005043228 59149 g
 -8.979453 -2.2551885 3.2402527 59153 a
 -0.41297016 0.40545976 0.42837843 59157 r
 -6.1598915E-4 -0.016794693 -0.019990485 59347 g
 -8.986636 -2.2486043 3.2402527 59351 a
 -0.41357982 0.4042645 0.42746928 59355 r
 -0.0019475697 0.014097976 0.011967447 59548 g
 -8.991425 -2.1636102 3.2378585 59552 a
 -0.41345897 0.4040929 0.42712942 59556 r
 -0.002746518 -0.0040115197 -5.494101E-4 59750 g
 -8.987833 -2.245013 3.2163107 59754 a
 -0.41297662 0.40518147 0.42700335 59758 r
 -8.335694E-5 -0.0066746804 -1.6777914E-5 59946 g
 -8.977658 -2.2120926 3.2348657 59950 a
 -0.4132573 0.4045058 0.4271253 59954 r
 -0.0040780986 0.0031790154 -0.0013483585 60303 g
