 -1.5409883 2.0343719 0.25830984 9 g
 -9.8198185 -0.9772832 0.3498527 12 a
 -0.5250686 0.44811815 0.49816522 13 r
 -0.031774975 0.4330132 0.24552667 81 g
 -9.259575 -0.7127239 0.6952163 82 a
 -0.5478589 0.46240717 0.49780402 83 r
 0.75119436 0.04871907 0.34299836 290 g
 -9.836577 0.11507132 -1.6080058 296 a
 -0.54420006 0.48286694 0.5166462 300 r
 0.62789005 0.21942769 -0.5078816 489 g
 -9.846154 -0.92161804 -0.65750766 497 a
 -0.52640826 0.5368942 0.4534507 501 r
 -0.29569423 -0.106809534 -0.09162952 689 g
 -9.505579 -0.80669636 -1.4942812 697 a
 -0.5190924 0.5523182 0.40713271 700 r
 0.21137163 1.0521982 -0.11959271 888 g
 -8.965088 -0.050128598 -3.3587656 895 a
 -0.5129376 0.5877894 0.36475977 898 r
 0.12934627 0.16137078 0.24206457 1091 g
 -8.837597 -0.5906196 -3.974674 1097 a
 -0.49628183 0.65575814 0.30998126 1100 r
 -0.397427 0.3286173 0.15125076 1288 g
 -8.811859 0.18869302 -4.622306 1293 a
 -0.48146367 0.6786114 0.3046148 1297 r
 -0.073586605 -0.0285126 0.17628449 1488 g
 -9.331401 0.58792615 -4.4331636 1493 a
 -0.46889475 0.7029395 0.3074431 1497 r
 0.2920654 0.37948367 0.025283253 1693 g
 -7.9451585 0.03546411 -4.1674075 1697 a
 -0.46684146 0.7083101 0.30501673 1701 r
 0.37462342 0.8247642 -0.012799951 1888 g
 -7.93199 -0.035763387 -6.2599397 1892 a
 -0.46860653 0.7251781 0.2757019 1897 r
 -0.051482365 0.33420995 -0.10467901 2088 g
 -7.3484035 -0.31827918 -6.7262106 2091 a
 -0.47852853 0.76024985 0.22212352 2096 r
 -0.033639185 0.8910769 0.020755878 2289 g
 -5.5270147 -0.21832126 -8.24174 2294 a
 -0.49348402 0.774011 0.19926895 2297 r
 -0.035769716 1.0322244 0.055909604 2488 g
 -5.355231 -0.08484452 -8.19625 2492 a
 -0.51050764 0.8093449 0.14758848 2497 r
 0.0020471718 0.0058421763 0.034870632 2689 g
 -6.5325794 -0.19078794 -7.9376764 2695 a
 -0.5147927 0.8091521 0.14841627 2699 r
 -0.0056759953 -0.9773969 0.13766865 2889 g
 -7.957728 0.19587563 -6.7196264 2895 a
 -0.50625443 0.79188454 0.18163045 2898 r
 -0.30102056 -1.1539645 0.07828016 3089 g
 -8.874707 0.6166566 -4.190152 3094 a
 -0.49017438 0.7575867 0.24603482 3098 r
 -0.34576166 -1.2141519 -0.024784176 3289 g
 -9.500791 0.96920276 -2.0862474 3294 a
 -0.47164378 0.6979352 0.3350093 3297 r
 -0.53511244 -1.1750034 -0.0143978475 3489 g
 -9.371504 0.8285434 -1.4410101 3495 a
 -0.44190875 0.6260568 0.42051545 3498 r
 -1.1511016 0.019424299 -0.085237935 3690 g
 -9.698313 -0.25483283 -0.055365913 3695 a
 -0.47056904 0.55661094 0.4903417 3699 r
 0.13866733 -1.4346616 -0.7539577 3889 g
 -8.075643 -2.4886231 4.2206783 3895 a
 -0.52234006 0.42852503 0.56472844 3898 r
 -0.32392374 -0.96701056 -0.74809873 4093 g
 -8.2833395 -2.4521115 4.5145664 4097 a
 -0.51791584 0.27253407 0.62710994 4101 r
 0.09232833 -0.11533165 -0.19948754 4317 g
 -8.059482 -2.5867853 4.4002433 4321 a
 -0.506333 0.1993374 0.66543764 4325 r
 0.016161926 0.015695872 -0.08124319 4491 g
 -8.048109 -2.5377042 4.6755767 4496 a
 -0.4999145 0.1664736 0.6870726 4500 r
 -0.028312864 0.19226345 0.08254121 4697 g
 -8.511387 -2.4634838 4.074632 4701 a
 -0.5017712 0.15249604 0.7021542 4705 r
 0.059038818 0.4127732 0.17734975 4894 g
 -9.002797 -1.6931496 3.1606455 4898 a
 -0.5197936 0.17273068 0.695129 4902 r
 0.0206893 0.6298208 0.36483628 5094 g
 -9.654019 -1.0945991 2.032378 5098 a
 -0.54038566 0.21964014 0.6772316 5101 r
 -0.045889728 0.87376636 0.5091796 5294 g
 -9.949704 -0.250643 0.46776715 5298 a
 -0.5535497 0.31386834 0.62491864 5302 r
 0.33600757 0.76297885 0.36723313 5495 g
 -9.548077 0.425719 -1.1477205 5498 a
 -0.5565317 0.4152956 0.5694799 5502 r
 0.6739627 0.7483315 0.19279608 5697 g
 -9.331401 0.55321026 -2.8033109 5700 a
 -0.5471917 0.50939333 0.5007519 5704 r
 0.64307004 1.0218381 0.15551183 5896 g
 -8.461707 0.32995093 -5.5632267 5900 a
 -0.53052163 0.6027285 0.41159102 5904 r
 0.1660979 0.8114484 0.112634934 6095 g
 -7.8583684 0.4364929 -5.8259907 6098 a
 -0.5136992 0.6866212 0.32414874 6102 r
 0.052913547 0.6588493 2.495382E-4 6290 g
 -7.147889 0.32695818 -6.884826 6295 a
 -0.5257517 0.72076726 0.28135118 6296 r
 -0.14202984 0.34725943 -0.0066746804 6498 g
 -6.7265096 0.55919576 -7.3756375 6502 a
 -0.52347386 0.75092804 0.24525423 6506 r
 0.1860716 0.3635047 0.08706859 6697 g
 -6.1848216 0.40895957 -7.4582376 6701 a
 -0.52527887 0.76881516 0.22185098 6704 r
 -0.033106554 0.23540667 -0.014131531 6895 g
 -5.8382607 0.3167828 -8.065167 6899 a
 -0.5216398 0.7812669 0.20322977 6902 r
 0.15091787 0.59253657 0.10224861 7097 g
 -4.896741 0.15098435 -8.651747 7101 a
 -0.5291401 0.79180956 0.18060876 7105 r
 -0.016861271 0.44206795 -0.02105575 7295 g
 -4.534618 0.25213936 -8.754099 7299 a
 -0.5369435 0.80282724 0.15098985 7303 r
 0.010036655 0.105710715 0.0063748085 7495 g
 -4.6926355 0.35389295 -8.804976 7499 a
 -0.5432375 0.80337536 0.14587553 7503 r
 -0.0048770467 -0.13051167 0.038865373 7700 g
 -5.3516393 0.13961188 -8.139388 7704 a
 -0.54401493 0.8021265 0.14885883 7708 r
 -0.088500306 -0.43091625 0.051382232 7896 g
 -6.078878 0.4712088 -7.9298954 7899 a
 -0.5378791 0.7918799 0.17712675 7903 r
 -0.050949734 -0.65568703 0.04206117 8096 g
 -7.1227503 0.50592476 -6.8417306 8099 a
 -0.5288211 0.7821369 0.20271267 8103 r
 0.0063082296 -0.7659419 0.03566958 8298 g
 -8.363545 0.72678983 -5.5117517 8302 a
 -0.5091883 0.7623782 0.24641536 8306 r
 -0.14442669 -1.2213424 -0.0013483585 8496 g
 -9.270947 0.88720137 -3.351583 8500 a
 -0.4792723 0.73196113 0.29603836 8504 r
 -0.2818458 -1.2644856 0.007972705 8693 g
 -9.862315 0.84709847 -2.0132244 8698 a
 -0.44907695 0.67692745 0.36347649 8702 r
 -0.6016914 -0.7923072 -0.106809534 8898 g
 -9.809045 0.63281745 -0.44382513 8903 a
 -0.442358 0.6046401 0.43807468 8906 r
 -1.4230103 -0.07565055 -0.26473498 9095 g
 -9.791686 0.09831191 0.032022446 9099 a
 -0.49268028 0.51872003 0.5129344 9103 r
 -0.37186065 -0.7771272 -0.5198658 9297 g
 -8.847773 -1.5411177 2.3789387 9301 a
 -0.5362625 0.3992135 0.5901962 9305 r
 0.08993149 -0.50149 -0.47379312 9499 g
 -8.70831 -1.8308161 3.5233672 9503 a
 -0.55187094 0.2817362 0.6456643 9507 r
 0.21483374 -0.4303836 -0.3611414 9697 g
 -7.98167 -2.5203462 4.497807 9701 a
 -0.5360229 0.21958497 0.6743608 9704 r
 0.15304841 -0.31986243 -0.18510647 9899 g
 -8.179192 -2.4987984 4.457704 9903 a
 -0.5201167 0.15742058 0.70964545 9906 r
 0.07954516 -0.07005791 -0.05594316 10098 g
 -8.393473 -2.5754128 4.3230305 10102 a
 -0.51251715 0.14242676 0.7182122 10105 r
 -0.01286653 0.14432655 0.059904344 10298 g
 -8.45213 -2.5400984 3.8591537 10302 a
 -0.51553357 0.14776647 0.7147129 10305 r
 0.047587227 0.5706986 0.19785608 10498 g
 -9.035717 -1.6434698 2.7584198 10501 a
 -0.52922857 0.18319017 0.6934888 10505 r
 -0.019524433 0.69107354 0.3483247 10700 g
 -9.97604 -1.1287165 1.166874 10704 a
 -0.5362088 0.27883732 0.6303778 10708 r
 0.0033787524 1.1403488 0.56723654 10898 g
 -9.5253315 -0.059705406 -0.9316437 10902 a
 -0.5451809 0.39750785 0.558752 10906 r
 0.43534347 0.85832006 0.31317097 11097 g
 -9.660006 0.7483377 -3.226486 11100 a
 -0.5388444 0.5111927 0.48899266 11104 r
 0.82336605 1.4181165 0.16936027 11300 g
 -7.9876556 -0.08783727 -6.7836714 11316 a
 -0.52065915 0.6160518 0.39431444 11320 r
 0.06995778 0.9850865 0.08334016 11498 g
 -7.6865845 0.23777416 -6.6968813 11502 a
 -0.5030494 0.72291005 0.2720568 11506 r
 -0.09089715 0.38587525 0.018891666 11698 g
 -7.015011 0.2287959 -7.0554132 11702 a
 -0.51454705 0.746169 0.24743803 11706 r
 0.064897776 0.5304849 0.0178264 11901 g
 -6.306926 0.16774376 -7.6126637 11905 a
 -0.51721036 0.7662512 0.2218122 11909 r
 0.11682942 0.47988483 0.05404539 12098 g
 -5.590461 0.11806407 -8.147169 12103 a
 -0.52189213 0.7837491 0.19153233 12106 r
 0.035603 0.35231942 -0.009071525 12298 g
 -4.811148 0.11566987 -8.633192 12305 a
 -0.52541584 0.7969477 0.16528372 12309 r
 -0.115131915 0.5438007 0.011168499 12499 g
 -4.268263 0.18031332 -9.04679 12503 a
 -0.5322247 0.80838656 0.13985778 12507 r
 -0.07198871 0.023152724 -0.03277366 12699 g
 -4.1695023 0.3556886 -8.958205 12703 a
 -0.5400176 0.81408715 0.1286063 12707 r
 1.8295916E-4 -0.15155064 0.02954431 12901 g
 -4.868609 0.32396543 -8.734945 12906 a
 -0.53951 0.8132812 0.13335843 12910 r
 -0.008605473 -0.552889 0.045789592 13099 g
 -5.3995233 0.44427404 -8.629003 13104 a
 -0.53214633 0.8082267 0.15063943 13107 r
 0.048386175 -0.3723267 0.061768558 13299 g
 -6.0651116 0.32875383 -7.7156143 13303 a
 -0.52238977 0.80465126 0.16606592 13307 r
 0.0206893 -0.33477613 0.044458013 13498 g
 -6.8743515 0.35748425 -7.161955 13502 a
 -0.511453 0.79431903 0.19211893 13505 r
 -0.06985818 -0.7630124 0.007440073 13700 g
 -7.9062524 0.47420156 -6.190508 13703 a
 -0.49896288 0.7800648 0.22044365 13707 r
 -0.04961815 -0.79816616 0.018891666 13902 g
 -8.803479 0.54662615 -4.4571056 13906 a
 -0.48164758 0.7547302 0.2616749 13909 r
 -0.16999303 -1.0615528 -0.04369262 14129 g
 -9.558251 0.91234046 -3.0445268 14134 a
 -0.45944116 0.71157324 0.31675908 14138 r
 -0.18037936 -0.8849852 -0.016794693 14299 g
 -9.475652 0.4568436 -1.3536218 14302 a
 -0.43630284 0.66521347 0.36553302 14306 r
 -1.051233 -0.5507585 -0.10867375 14500 g
 -9.8198185 0.34252048 0.9669582 14504 a
 -0.43951124 0.5922686 0.43877402 14508 r
 -0.6730642 -0.5678027 -0.3792509 14700 g
 -9.792884 -0.64688337 2.1676505 14704 a
 -0.4860074 0.5202656 0.49667224 14708 r
 -0.5335145 -0.7161408 -0.5507585 14906 g
 -9.083601 -2.2444146 3.2193034 14910 a
 -0.48139703 0.43402505 0.5308245 14914 r
 0.048386175 -0.4980279 -0.4154699 15100 g
 -8.321647 -2.3389854 3.7663786 15105 a
 -0.4719362 0.36410743 0.54153806 15108 r
 0.3064465 -0.347293 -0.31054136 15300 g
 -8.718486 -2.2521956 4.095581 15305 a
 -0.4518442 0.33031648 0.53171307 15308 r
 0.23534009 -0.072188444 -0.16140434 15501 g
 -8.336012 -2.2432175 4.2452188 15505 a
 -0.43462572 0.32775098 0.5124969 15509 r
 -0.07704871 0.0015811187 0.026881149 15701 g
 -8.239645 -2.5436897 4.175787 15705 a
 -0.42666933 0.32477635 0.5077813 15709 r
 -0.028046548 0.18533923 0.08760122 15899 g
 -8.294712 -1.9666871 3.4772787 15903 a
 -0.4308787 0.32872748 0.5088696 15907 r
 0.04678828 0.4758901 0.22049296 16105 g
 -9.066842 -1.2304701 2.1999722 16108 a
 -0.4388047 0.3582645 0.5033894 16113 r
 0.020422984 0.8183726 0.39386475 16302 g
 -9.464279 -0.56428343 0.3354875 16314 a
 -0.45715177 0.41756016 0.49069038 16318 r
 0.09712202 1.0300939 0.47029746 16502 g
 -9.388264 0.44846392 -1.7809868 16506 a
 -0.4842615 0.49599338 0.47017017 16509 r
 0.696067 0.92543167 0.19572556 16705 g
 -9.052477 0.07616554 -5.282507 16708 a
 -0.49840516 0.56878006 0.42978212 16713 r
 0.9980694 1.9084045 0.22954771 16899 g
 -7.6788034 -0.45834 -6.9033813 16903 a
 -0.49189797 0.68309677 0.3073388 16907 r
 0.04678828 1.4026701 -0.006142048 17103 g
 -5.3761797 -0.3302502 -8.686463 17106 a
 -0.52344406 0.7502084 0.21332522 17111 r
 -0.46986496 1.31665 0.08014437 17304 g
 -3.5661635 0.3084031 -9.196428 17308 a
 -0.54587495 0.79121614 0.14686482 17313 r
 -0.16519934 0.6194345 0.018891666 17503 g
 -3.168726 0.47719434 -9.277232 17506 a
 -0.56126505 0.806188 0.12279076 17510 r
 -0.014730743 0.09825387 -0.00880521 17703 g
 -3.1597476 0.49993923 -9.336489 17707 a
 -0.5655695 0.80760837 0.11532874 17711 r
 0.010036655 -0.044491567 0.0031790154 17900 g
 -3.25372 0.4664204 -9.353249 17905 a
 -0.56549543 0.8077481 0.11512498 17908 r
 0.015362977 -0.1145327 0.0029126992 18103 g
 -3.6834793 0.48796824 -9.334095 18107 a
 -0.5645781 0.8072492 0.117212035 18112 r
 0.030542996 -0.28710553 -0.013332583 18303 g
 -4.613028 0.28266543 -8.697237 18306 a
 -0.56155986 0.80506575 0.12698777 18310 r
 0.11203572 -0.58351535 0.020489562 18506 g
 -5.868787 -0.1285387 -9.890746 18510 a
 -0.5527454 0.7968291 0.15380023 18514 r
 0.38181394 -0.6682039 -0.13796853 18704 g
 -5.7203465 -0.630124 -8.19625 18707 a
 -0.54144984 0.7899442 0.16032194 18712 r
 0.22362217 0.0031790154 -0.07005791 18903 g
 -6.183026 -1.1131542 -7.706636 18906 a
 -0.5398124 0.7853434 0.1402163 18911 r
 0.10591045 -0.48098367 -0.2202602 19107 g
 -7.4962454 -2.097171 -6.404789 19111 a
 -0.54162925 0.77099335 0.1452503 19115 r
 0.21163794 -0.9723369 -0.3992246 19304 g
 -9.292496 -2.8902504 -4.4026375 19307 a
 -0.5551296 0.7187648 0.1695811 19311 r
 0.29046753 -1.5686187 -0.66713864 19504 g
 -8.176797 -3.358317 -0.79278004 19508 a
 -0.5683298 0.6132822 0.21366061 19512 r
 0.33840442 -1.274872 -0.33823824 19707 g
 -7.5668745 -4.2411785 0.49111062 19711 a
 -0.54440373 0.51250756 0.25439468 19715 r
 -0.72393054 -0.51027846 0.28653935 19904 g
 -8.128315 -4.6978726 0.952593 19908 a
 -0.54101026 0.44329137 0.3114784 19912 r
 0.32402334 -0.43704152 -0.2865729 20105 g
 -8.1343 -4.6398134 2.0688896 20109 a
 -0.54093033 0.38130242 0.33758494 20113 r
 0.08886623 -0.24236444 -0.22265704 20306 g
 -7.839813 -5.2096334 2.7171197 20311 a
 -0.52714026 0.3469295 0.33308116 20315 r
 0.13866733 -0.25568023 -0.12145692 20505 g
 -7.741651 -5.352687 2.9104514 20509 a
 -0.51332146 0.32196897 0.33170953 20513 r
 0.11363362 -0.015995745 -0.028778918 20705 g
 -7.715315 -5.172523 3.096002 20709 a
 -0.50206786 0.3128029 0.33215615 20713 r
 -0.014464427 0.025549568 -0.0034788873 20907 g
 -7.603386 -5.2018523 3.045724 20912 a
 -0.49774295 0.3107043 0.33145455 20915 r
 -0.13350773 0.20424768 0.09532439 21105 g
 -7.9649105 -5.0097175 2.5219922 21109 a
 -0.50349134 0.31639493 0.33269355 21114 r
 -0.13537194 0.36723313 0.19972031 21297 g
 -8.355764 -4.5859437 1.345242 21299 a
 -0.51717705 0.33967507 0.33185014 21300 r
 -0.11273507 0.6117113 0.20025294 21507 g
 -8.497621 -4.4153566 0.28341362 21512 a
 -0.5362104 0.3779605 0.32156757 21516 r
 -0.028312864 0.68627983 0.22954771 21705 g
 -8.613739 -3.9269397 -1.2560581 21710 a
 -0.5532658 0.43488276 0.30377135 21715 r
 -0.027780233 0.565905 0.20318241 21907 g
 -8.847174 -3.378069 -3.321057 21911 a
 -0.5631249 0.4813518 0.28431526 21915 r
 -0.2589426 1.1659151 0.25511405 22107 g
 -8.066066 -2.6544216 -5.320814 22112 a
 -0.5811207 0.5439534 0.257062 22116 r
 -0.47998497 1.2553973 0.34246573 22305 g
 -6.576872 -1.6297032 -7.117064 22308 a
 -0.6091426 0.6161239 0.21514301 22313 r
 -0.5217966 1.2918826 0.30278462 22505 g
 -4.4184995 -0.3254618 -8.897153 22509 a
 -0.63290423 0.6795919 0.18183978 22514 r
 -0.40861225 1.472445 0.19199714 22707 g
 -2.0751743 -0.064493805 -9.746496 22713 a
 -0.6484046 0.7244514 0.13574393 22716 r
 -0.08317398 0.8673748 0.03966432 22907 g
 -1.3060371 0.06120178 -9.735722 22911 a
 -0.6591866 0.7443197 0.067163624 22915 r
 -0.02245391 0.17095816 0.021554826 23105 g
 -1.0696096 0.09531915 -9.76924 23109 a
 -0.6593256 0.7488209 0.04446731 23114 r
 -0.015263375 0.06975804 0.014630608 23307 g
 -0.9828198 0.10729016 -9.749489 23312 a
 -0.6582454 0.7507291 0.03831133 23315 r
 -0.01632864 0.027413782 0.011701131 23505 g
 -0.93613285 0.13362639 -9.763854 23509 a
 -0.6576142 0.7515985 0.036516447 23514 r
 -0.016861271 0.043659065 0.01516324 23708 g
 -0.8996213 0.13661914 -9.745897 23712 a
 -0.65713733 0.7522502 0.03545372 23716 r
 -3.4967304E-4 -0.004810468 0.0015811187 23908 g
 -0.9151836 0.11746552 -9.727343 23914 a
 -0.65680754 0.75264263 0.034744646 23917 r
 0.0012482236 -0.007739945 0.0037116476 24105 g
 -0.95468795 0.09172785 -9.760861 24109 a
 -0.65649456 0.7528678 0.03525127 24114 r
 0.012699816 -0.0450242 0.01729377 24305 g
 -1.13964 0.0911293 -9.754277 24308 a
 -0.65561193 0.7534903 0.03623185 24313 r
 0.022287196 -0.17152435 0.023685355 24507 g
 -1.9788077 -0.03935469 -9.693824 24512 a
 -0.6533747 0.754712 0.041884135 24526 r
 0.08433885 -0.7907093 0.016228504 24706 g
 -3.918111 -0.3883096 -9.230545 24710 a
 -0.6494481 0.7535516 0.0663318 24715 r
 0.3264202 -1.1212076 -0.24369602 24905 g
 -5.909488 -1.4657004 -7.776666 24911 a
 -0.6450564 0.73608816 0.118070014 24915 r
 0.4867425 -1.2485067 -0.21573283 25107 g
 -7.61416 -2.429965 -6.0468554 25113 a
 -0.63741106 0.6997055 0.15603544 25116 r
 0.5884752 -1.3651532 -0.018925222 25305 g
 -9.106945 -2.7214592 -3.2929251 25308 a
 -0.59689265 0.6584691 0.19408153 25313 r
 0.03240721 -1.3808658 -0.117994815 25505 g
 -9.306262 -3.110517 -1.7929578 25509 a
 -0.55729294 0.58537245 0.2570676 25514 r
 -0.6669389 -0.7377124 -0.2719255 25707 g
 -8.836999 -3.7515645 -0.22774844 25712 a
 -0.5475715 0.50360334 0.32681683 25716 r
 0.18660423 -0.7659419 -0.21972756 25905 g
 -8.8645315 -4.1112933 1.0393828 25912 a
 -0.5600333 0.4566459 0.34667543 25915 r
 -0.057075005 -0.46287417 -0.26739815 26122 g
 -8.376713 -4.4518685 1.5774796 26126 a
 -0.5525279 0.4019227 0.35987285 26131 r
 0.088599905 -0.16939382 -0.08124319 26300 g
 -8.213907 -4.4135613 1.4176667 26301 a
 -0.5437838 0.3729995 0.36458203 26302 r
 0.076882 0.04738749 0.011168499 26500 g
 -8.409035 -4.4542627 1.6666636 26501 a
 -0.5396848 0.36731362 0.36371395 26505 r
 -0.04296025 0.2689625 0.1549792 26707 g
 -8.754398 -4.150199 0.62099606 26713 a
 -0.54278356 0.37744075 0.36223462 26718 r
 0.06329988 0.61677134 0.37415734 26906 g
 -8.729858 -3.2691329 -0.54617727 26911 a
 -0.5530607 0.41731972 0.35551044 26915 r
 0.08540411 0.45618272 0.24898878 27105 g
 -9.224859 -3.0949545 -1.766023 27109 a
 -0.5603905 0.47280747 0.33779356 27113 r
 -0.106077164 0.76084834 0.23700456 27305 g
 -8.714894 -2.4150014 -3.8040872 27309 a
 -0.5707738 0.51791835 0.31579086 27313 r
 0.06303356 1.0809603 0.32435623 27505 g
 -8.3150625 -2.1642087 -5.836166 27509 a
 -0.58460695 0.5842899 0.2767742 27514 r
 -0.25388262 0.9603191 0.15577814 27706 g
 -6.682217 -1.3914801 -7.010522 27719 a
 -0.5984319 0.6482532 0.22649448 27723 r
 -0.37692064 1.0804276 0.2572446 27906 g
 -5.060744 -0.33803135 -8.564958 27909 a
 -0.6572281 0.6542617 0.21337469 27915 r
 -0.3859754 1.2018678 0.18533923 28106 g
 -2.77069 0.072574235 -9.553762 28110 a
 -0.7094002 0.65480685 0.18122907 28114 r
 -0.08983189 0.97470015 0.07188857 28306 g
 -1.525705 0.20664953 -9.769839 28310 a
 -0.7470315 0.6492832 0.113345064 28314 r
 -0.030976025 0.23673823 0.015695872 28505 g
 -1.3557167 0.19407998 -9.745298 28509 a
 -0.72995585 0.6788082 0.06794753 28513 r
 -0.0022138858 0.006641125 0.0029126992 28707 g
 -1.3395559 0.21443069 -9.762657 28711 a
 -0.71009964 0.70044994 0.06111711 28715 r
 -0.005409679 0.039398007 0.013032711 28906 g
 -1.2318168 0.20186113 -9.7363205 28910 a
 -0.69459933 0.7160413 0.058841493 28916 r
 -0.002480202 0.059105396 0.011434815 29106 g
 -1.1845313 0.19707273 -9.738714 29110 a
 -0.6812553 0.72920203 0.05485553 29115 r
 -0.0032791502 0.0077063893 0.01995693 29307 g
 -1.2264298 0.20605098 -9.749489 29312 a
 -0.6672894 0.7422216 0.052369077 29316 r
 0.010835604 -0.08390635 0.010635867 29506 g
 -1.6747441 0.15816694 -9.75308 29510 a
 -0.6530203 0.7546176 0.052957784 29514 r
 0.030010363 -0.49323422 -0.012799951 29706 g
 -3.0585926 0.033069912 -9.4178915 29711 a
 -0.6390886 0.76419044 0.06577251 29715 r
 0.06303356 -0.7928398 -0.10973901 29907 g
 -4.590882 -0.36556467 -8.775647 29913 a
 -0.6286703 0.76190066 0.104855694 29918 r
 0.19912109 -0.8783273 -0.09535795 30104 g
 -5.9807158 -0.92401224 -7.7539215 30105 a
 -0.6205802 0.74600375 0.14716573 30107 r
 0.4156361 -0.98698425 -0.07032423 30307 g
 -7.8104844 -1.6213235 -6.428731 30312 a
 -0.58271736 0.74287045 0.16835634 30315 r
 0.41989714 -1.5558355 -0.17631803 30508 g
 -9.362526 -2.5047839 -3.048118 30512 a
 -0.6246438 0.6419008 0.2373239 30516 r
 0.10617677 -1.7582357 -0.33371085 30707 g
 -9.391854 -2.7448027 -1.2279263 30711 a
 -0.6925157 0.38687086 0.44389006 30715 r
 -0.5063503 -0.32572138 -0.31693295 30907 g
 -8.436568 -4.0873513 -0.35344404 30912 a
 -0.7125602 0.15121028 0.60013396 30917 r
 0.35038865 -0.8849852 -0.42319307 31108 g
 -8.347982 -4.4734163 1.7785926 31113 a
 -0.70937186 -0.006241071 0.6581641 31117 r
 0.28460857 -0.53850794 -0.32678664 31308 g
 -8.163031 -4.6811132 2.5740662 31313 a
 -0.6515777 -0.06514858 0.7077727 31316 r
 0.16103789 -0.25328338 -0.15607801 31509 g
 -7.6889787 -4.843919 2.9266124 31520 a
 -0.6156436 -0.053982146 0.7184543 31526 r
 0.028678782 -0.01626206 -0.002679939 31718 g
 -7.877522 -4.8355393 2.627337 31721 a
 -0.60303414 -0.04534661 0.717704 31725 r
 -0.13137719 0.16909395 0.12302126 31913 g
 -8.267777 -4.6888943 2.0114286 31918 a
 -0.61330557 -0.031583145 0.70654184 31922 r
 -0.11672981 0.4460627 0.21276979 32113 g
 -8.974665 -4.1053076 1.1285669 32116 a
 -0.64039177 -0.0073727258 0.68590564 32120 r
 -0.11353402 0.73421675 0.33820468 32317 g
 -9.171588 -3.6551979 -0.5539584 32321 a
 -0.6786082 0.036948398 0.6524691 32325 r
 -0.10288137 0.580286 0.23300982 32515 g
 -9.194932 -3.0075662 -2.0664954 32519 a
 -0.723211 0.108625576 0.5985777 32526 r
 0.016161926 0.83088946 0.29506147 32714 g
 -9.018359 -2.3018754 -4.319439 32718 a
 -0.7518083 0.17794052 0.5461095 32721 r
 -0.017127588 1.3768375 0.36936367 32916 g
 -7.4351935 -1.6045641 -6.262334 32921 a
 -0.797432 0.25369227 0.46426705 32925 r
 -0.28557423 1.2005363 0.23913509 33114 g
 -5.8562174 -0.8132804 -7.9358807 33117 a
 -0.8201216 0.3752939 0.34651837 33121 r
 -0.5004913 1.269512 0.28281093 33315 g
 -3.3087866 0.05581483 -9.355642 33319 a
 -0.7729858 0.5519477 0.2317773 33323 r
 -0.185972 1.6412894 0.1105044 33516 g
 -1.4628572 0.20964229 -9.800365 33520 a
 -0.6968421 0.6970192 0.125748 33526 r
 -0.02937813 0.32994887 0.037533794 33714 g
 -1.1605892 0.19348143 -9.766248 33718 a
 -0.63510424 0.768595 0.061434958 33724 r
 -0.009404421 0.09399281 0.004510596 33914 g
 -1.055843 0.21502924 -9.761459 33918 a
 -0.59253734 0.80319667 0.049730558 33923 r
 -0.009404421 0.022886407 0.007440073 34117 g
 -1.0402806 0.20844519 -9.75727 34120 a
 -0.5684091 0.82085705 0.04559659 34124 r
 -0.0040780986 -0.0013483585 0.007173757 34316 g
 -1.0965444 0.20305823 -9.771635 34320 a
 -0.5585104 0.8276626 0.044897202 34324 r
 0.003911385 -0.06553054 0.009570602 34515 g
 -1.5969325 0.21562779 -9.83149 34519 a
 -0.5581808 0.8276856 0.04621237 34522 r
 0.017493507 -0.6210659 0.012500079 34717 g
 -3.5757403 0.0947206 -9.326912 34720 a
 -0.56281096 0.8226162 0.05900469 34725 r
 0.121356785 -1.2964436 -0.13424009 34915 g
 -5.807136 -0.5367501 -8.030452 34919 a
 -0.59745675 0.7805885 0.11956512 34924 r
 0.52109724 -1.2399845 -0.1526159 35115 g
 -7.838018 -1.6374843 -6.0737906 35119 a
 -0.6553289 0.6907836 0.18976764 35123 r
 0.44839296 -1.8336031 -0.21839598 35317 g
 -9.51336 -2.3509564 -2.9834745 35322 a
 -0.7310587 0.5053297 0.32386693 35325 r
 0.021221932 -1.7992483 -0.3145361 35516 g
 -9.146449 -2.9513025 -0.15113398 35519 a
 -0.72192854 0.29525095 0.5085302 35523 r
 -0.75375795 -0.28923607 -0.5086805 35716 g
 -8.883685 -3.8994064 1.3159131 35719 a
 -0.7263462 0.13352978 0.60005194 35723 r
 0.18660423 -0.7488977 -0.42931834 35916 g
 -8.150461 -4.5009494 2.2155344 35920 a
 -0.6795187 0.002100775 0.67791384 35925 r
 0.22841586 -0.41254044 -0.1805791 36116 g
 -8.098388 -4.5015483 2.8344355 36120 a
 -0.63218474 -0.052881584 0.72228485 36123 r
 0.108573616 -0.1145327 -0.13983274 36316 g
 -7.9409685 -4.441693 2.772785 36320 a
 -0.6023909 -0.072905794 0.74292916 36324 r
 -0.052015 0.046322227 0.039398007 36517 g
 -8.139688 -4.5141177 2.4088662 36531 a
 -0.59720457 -0.077147394 0.7458481 36534 r
 -0.14708985 0.35498258 0.1864045 36715 g
 -8.617929 -4.08376 1.2889783 36719 a
 -0.6180346 -0.06771961 0.73268145 36725 r
 -0.09702242 0.5326154 0.29346356 36917 g
 -8.868123 -3.3457472 -2.992752E-4 36921 a
 -0.65990585 -0.026485492 0.69786054 36926 r
 -0.043759197 0.74460304 0.38747317 37114 g
 -9.903615 -2.9363387 -1.4140754 37117 a
 -0.7049141 0.08377904 0.62920576 37121 r
 -0.1297793 0.28494146 0.24898878 37313 g
 -9.677961 -2.3958478 -2.4220343 37316 a
 -0.72327507 0.18233585 0.5692356 37320 r
 -0.01845917 0.8679074 0.23886877 37514 g
 -8.974067 -1.9571103 -4.217087 37517 a
 -0.7396969 0.26702398 0.5108523 37521 r
 -0.06479817 1.1089234 0.25138563 37714 g
 -7.5291657 -1.6243162 -5.9253497 37717 a
 -0.7749058 0.32830828 0.44192067 37721 r
 -0.15241617 1.0913466 0.21170452 37913 g
 -6.247669 -0.87672675 -7.7605057 37917 a
 -0.79467946 0.41502106 0.34898922 37921 r
 -0.5116766 1.302269 0.25111932 38113 g
 -3.3441012 0.0899322 -9.5848875 38117 a
 -0.7600421 0.5598407 0.24274589 38121 r
 -0.16067196 1.7400926 0.16030551 38323 g
 -1.5646108 0.19168578 -9.791388 38327 a
 -0.6939493 0.6985613 0.13181253 38339 r
 -0.019790748 0.33554152 0.021821143 38514 g
 -1.2641385 0.20964229 -9.756073 38518 a
 -0.6186653 0.78112626 0.06680367 38522 r
 -0.016594956 0.07268752 0.009836918 38714 g
 -1.1785458 0.21921909 -9.76924 38718 a
 -0.56522113 0.82206464 0.054593053 38721 r
 -8.8230526E-4 -0.004544152 0.01036955 38915 g
 -1.2970588 0.19886838 -9.772832 38918 a
 -0.5329947 0.843644 0.050854485 38922 r
 0.009504023 -0.12039166 0.007440073 39114 g
 -1.6657659 0.19407998 -9.752481 39118 a
 -0.5170207 0.85313034 0.052013177 39122 r
 0.011900868 -0.31533504 -0.0013483585 39314 g
 -2.5360582 0.14739305 -9.462783 39318 a
 -0.51314396 0.85387826 0.059886035 39322 r
 0.010302971 -0.3787183 0.0015811187 39516 g
 -3.0669725 0.15337855 -9.395745 39519 a
 -0.51853657 0.8450304 0.082412355 39523 r
 0.010302971 -0.35368457 -0.018925222 39715 g
 -3.945046 0.071377136 -9.159917 39718 a
 -0.5273272 0.83431065 0.09881639 39722 r
 0.036668267 -0.805623 -0.10814112 39915 g
 -5.7400985 -0.28116906 -8.059781 39918 a
 -0.53465164 0.81869113 0.12558992 39922 r
 0.2587759 -0.9795274 -0.10760848 40116 g
 -7.105392 -0.9826702 -6.9776015 40119 a
 -0.62702835 0.71821415 0.19320686 40123 r
 0.30724543 -1.0959076 -0.12332114 40315 g
 -8.57184 -1.5141829 -4.8341923 40319 a
 -0.741077 0.54106474 0.29605606 40322 r
 0.30937597 -1.4405206 -0.26713184 40515 g
 -9.565434 -2.034922 -2.2119431 40519 a
 -0.777474 0.3634568 0.4237542 40523 r
 -0.1644004 -1.4642228 -0.3720604 40716 g
 -9.424775 -2.5807998 -0.9729437 40720 a
 -0.73526543 0.23233339 0.5512242 40723 r
 -0.21047308 -0.26366973 -0.2303802 40915 g
 -8.983045 -3.2272344 -0.11282676 40919 a
 -0.7252106 0.14984208 0.60136324 40923 r
 -0.13084456 -0.7920409 -0.46100995 41116 g
 -8.190564 -4.4680295 1.6115971 41119 a
 -0.6993773 0.08756846 0.6396206 41123 r
 0.25824326 -0.6285228 -0.46207523 41316 g
 -7.705738 -4.606893 2.740463 41320 a
 -0.6528495 0.017408844 0.67865175 41323 r
 0.17089158 -0.30521503 -0.18537278 41516 g
 -7.7440453 -4.9115553 2.751237 41528 a
 -0.6144126 -0.017035346 0.701381 41533 r
 -0.036302347 0.0013148027 -0.0064083645 41716 g
 -7.914034 -4.914548 2.627337 41720 a
 -0.6041519 -0.030699208 0.7085323 41723 r
 -0.10740875 0.2639025 0.16563185 41916 g
 -8.279748 -4.5476365 1.7995418 41920 a
 -0.61580336 -0.027704258 0.70390993 41924 r
 -0.07971187 0.3866742 0.19013292 42116 g
 -8.562862 -4.148403 0.85203654 42120 a
 -0.6421558 -0.009161012 0.68762785 42124 r
 -0.073586605 0.5725629 0.35258573 42316 g
 -9.011775 -3.5492544 -0.22415714 42320 a
 -0.6768377 0.024129126 0.66041857 42324 r
 -0.014730743 0.559247 0.2689625 42517 g
 -9.19553 -3.2451909 -1.2985551 42520 a
 -0.71260023 0.08385573 0.619242 42525 r
 0.097654656 0.544067 0.34912363 42716 g
 -9.3026705 -2.0516813 -2.9870658 42720 a
 -0.7360596 0.15081725 0.57569534 42724 r
 0.015096661 1.116114 0.38880473 42916 g
 -8.675988 -1.788319 -4.9491143 42920 a
 -0.769937 0.22964028 0.5130457 42924 r
 -0.24429522 1.0844225 0.22528665 43117 g
 -7.1766195 -1.1795932 -6.8554974 43120 a
 -0.80449975 0.3183627 0.42530975 43125 r
 -0.10554454 1.1014667 0.27375618 43316 g
 -5.7179523 -0.6295254 -8.051401 43320 a
 -0.7936604 0.4579904 0.31298533 43324 r
 -0.35028905 0.9025285 0.16270237 43517 g
 -4.221576 -0.004040215 -8.912117 43521 a
 -0.72439814 0.6179757 0.21940051 43525 r
 -0.117262445 0.8695053 0.1517834 43717 g
 -2.4486697 0.19048867 -9.654918 43720 a
 -0.6649564 0.71407914 0.15584837 43725 r
 -0.05254763 0.7981326 0.057773817 43917 g
 -1.6801311 0.24794951 -9.717766 43920 a
 -0.63174444 0.76456356 0.09554123 43925 r
 -0.013399162 0.1666971 0.0061084926 44117 g
 -1.4730326 0.23897126 -9.744102 44120 a
 -0.61002 0.7873999 0.070067056 44125 r
 0.0012482236 0.06762751 0.005309544 44318 g
 -1.3030443 0.24375966 -9.756671 44322 a
 -0.5963857 0.79888713 0.062448587 44326 r
 -0.007273892 0.042327482 0.011434815 44517 g
 -1.3359646 0.23777416 -9.775825 44521 a
 -0.5875677 0.8060086 0.05779994 44525 r
 -0.002480202 -0.029311549 0.009836918 44717 g
 -1.6011224 0.25692776 -9.782409 44720 a
 -0.58249813 0.8096515 0.057681147 44724 r
 0.0033787524 -0.33557507 0.010902182 44918 g
 -3.0232782 0.44846392 -9.532215 44922 a
 -0.5795561 0.8104818 0.06524896 44926 r
 -0.0043444145 -1.0546286 -0.033039976 45117 g
 -5.191228 -0.09202713 -8.538621 45121 a
 -0.572697 0.8046049 0.10781675 45125 r
 0.2457264 -1.1835256 -0.13956642 45317 g
 -7.013814 -0.5660791 -6.6675525 45321 a
 -0.5568236 0.78361225 0.16625278 45325 r
 0.42176136 -1.4306669 -0.20614545 45519 g
 -9.014768 -1.5608698 -4.6252985 45523 a
 -0.6641743 0.6353023 0.26265696 45527 r
 0.32428965 -1.7238809 -0.27432236 45718 g
 -9.935937 -2.1498435 -1.9180548 45722 a
 -0.74318296 0.39905208 0.42561653 45726 r
 -0.34096798 -0.91081786 -0.40321937 45918 g
 -9.226655 -3.8599021 0.55814826 45922 a
 -0.71901065 0.1861572 0.59505564 45926 r
 0.071555674 -0.98964745 -0.53185004 46119 g
 -8.222287 -4.2399817 1.2967595 46123 a
 -0.7159563 0.029625718 0.6547443 46127 r
 0.33254546 -0.5744606 -0.33530876 46318 g
 -8.459313 -4.1478047 2.4166474 46323 a
 -0.65927404 -0.040817074 0.7072585 46326 r
 0.13520522 -0.24582654 -0.17312224 46519 g
 -8.330625 -4.69069 2.6650457 46531 a
 -0.6229841 -0.057978317 0.72990674 46537 r
 -0.043492883 0.090797015 0.0082390215 46719 g
 -8.304887 -4.478803 2.3154924 46723 a
 -0.61201346 -0.06338565 0.73476464 46727 r
 -0.10288137 0.3105078 0.20424768 46919 g
 -8.668806 -4.078373 1.4781203 46923 a
 -0.6257622 -0.054022633 0.7255408 46926 r
 -0.11246876 0.59413445 0.27375618 47119 g
 -8.947132 -3.3972225 -0.12180501 47123 a
 -0.6608027 -0.015306294 0.69641584 47127 r
 -0.08264135 0.72276515 0.32089412 47320 g
 -9.056666 -3.1248822 -0.9537901 47324 a
 -0.7017512 0.09462702 0.62905663 47328 r
 -0.07891292 0.38987 0.14432655 47520 g
 -8.226477 -2.821417 -1.7163434 47524 a
 -0.7191647 0.19346115 0.5673142 47527 r
 0.17754948 0.6178366 0.37255946 47719 g
 -9.272144 -2.866907 -4.6187143 47723 a
 -0.72042835 0.26653326 0.53738874 47727 r
 -0.06213501 0.5259575 -0.14462642 47920 g
 -7.480085 -1.7943045 -6.4933743 47924 a
 -0.76641494 0.3247748 0.4346805 47928 r
 -0.3646701 0.7219662 0.25032037 48120 g
 -7.3059063 -1.3513772 -6.818986 48123 a
 -0.8078157 0.3879215 0.34382978 48127 r
 -0.4123407 0.7938715 0.4577806 48320 g
 -4.6178164 0.13661914 -8.53084 48324 a
 -0.8159661 0.43831217 0.30746892 48327 r
 -0.33404374 1.560862 0.29612672 48521 g
 -2.315193 0.33174658 -9.556157 48525 a
 -0.78022283 0.56752217 0.21599339 48529 r
 -0.026981283 0.6242282 0.041528534 48720 g
 -1.6316484 0.49455228 -9.79438 48724 a
 -0.70237714 0.70092165 0.101964615 48727 r
 -0.005409679 0.27988145 0.007972705 48920 g
 -1.3102269 0.31977555 -9.751883 48926 a
 -0.624109 0.77664745 0.06874321 48930 r
 -0.013931794 0.08653596 0.007173757 49121 g
 -1.3257892 0.33114803 -9.757869 49125 a
 -0.5726885 0.8167559 0.05677363 49129 r
 0.0020471718 -0.06632949 0.006641125 49321 g
 -1.9309237 0.46701896 -9.88536 49325 a
 -0.5447267 0.83564854 0.055420626 49329 r
 -0.005942311 -0.7004281 0.002380067 49521 g
 -4.0043025 0.27009588 -8.981548 49525 a
 -0.53634715 0.83826625 0.07052604 49529 r
 0.027080886 -1.1832592 -0.058606323 49723 g
 -6.3709707 0.27967268 -7.843704 49727 a
 -0.6306754 0.7470877 0.15140761 49732 r
 0.30245173 -1.4477111 -0.058872636 49921 g
 -8.582016 -0.5900211 -5.628469 49925 a
 -0.74602795 0.5790062 0.26274446 49929 r
 0.23507376 -1.9116338 -0.24609286 50121 g
 -9.619304 -1.3280338 -2.632724 50125 a
 -0.7880827 0.3773601 0.42698905 50129 r
 0.1860716 -1.4644891 -0.4666026 50323 g
 -9.870695 -2.3964462 0.15352818 50326 a
 -0.7422363 0.22475585 0.57472664 50330 r
 -1.0736036 0.25830984 -0.44236782 50522 g
 -9.554661 -2.9614778 1.0567408 50526 a
 -0.73310167 0.087751105 0.63883203 50530 r
 -0.16040565 -0.44636258 -0.46234155 50724 g
 -8.825027 -3.6827312 1.6313492 50728 a
 -0.69583863 -0.023675483 0.69468087 50733 r
 0.2454601 -0.49243525 -0.30574766 50922 g
 -8.663419 -3.9431005 2.0730793 50926 a
 -0.6476143 -0.096322134 0.73737806 50930 r
 0.31896335 -0.51640373 -0.33158034 51122 g
 -8.236652 -4.4680295 3.273173 51126 a
 -0.6063356 -0.11813544 0.7654484 51130 r
 -0.05734132 -0.28204554 -0.16859487 51323 g
 -7.6949644 -4.532673 3.4910452 51327 a
 -0.57358485 -0.13606462 0.78466684 51332 r
 -0.07491818 0.004776912 0.015695872 51523 g
 -8.049905 -4.5033436 3.036147 51535 a
 -0.5611377 -0.13848752 0.78916854 51539 r
 -0.05174868 0.22528665 0.14645708 51724 g
 -8.426393 -4.295048 2.4112604 51728 a
 -0.5766235 -0.116328955 0.77563494 51733 r
 -0.06426554 0.43354586 0.23380877 51922 g
 -8.878299 -3.8473325 1.4876971 51926 a
 -0.6110409 -0.065502346 0.74468416 51930 r
 -0.12498561 0.57442707 0.31610045 52123 g
 -9.266159 -3.2056863 0.09307459 52127 a
 -0.6539044 0.001749577 0.7008925 52132 r
 -0.10447927 0.8045242 0.41756687 52323 g
 -9.45171 -2.2007203 -0.98551327 52327 a
 -0.69578516 0.11490454 0.63298374 52331 r
 0.03427142 0.41703424 0.32275835 52523 g
 -8.98484 -1.5830163 -3.8968625 52527 a
 -0.7176077 0.21755108 0.572347 52531 r
 -0.10368032 1.5808356 0.39652792 52724 g
 -8.406042 -1.0287585 -5.8433485 52727 a
 -0.73473984 0.32069147 0.5020371 52734 r
 -0.08903293 1.3906859 0.25218457 52923 g
 -6.7025676 -0.6187515 -7.2098393 52927 a
 -0.7799375 0.41323107 0.39143804 52931 r
 -0.09356031 0.9422096 0.15924026 53123 g
 -5.3103395 0.020500353 -8.579323 53127 a
 -0.7627677 0.5299605 0.2914193 53131 r
 -0.3119395 1.2535331 0.1832087 53325 g
 -2.4247277 0.28386253 -9.735124 53329 a
 -0.6921849 0.66900146 0.19930269 53332 r
 -0.052813947 1.3049321 0.074818045 53525 g
 -1.1893197 0.32097265 -9.807548 53529 a
 -0.6170218 0.7764752 0.09755165 53532 r
 -0.01286653 0.28041407 0.007173757 53724 g
 -1.0121487 0.32755673 -9.760861 53727 a
 -0.5626209 0.8239604 0.056857478 53732 r
 -0.007273892 -0.008006261 0.004510596 53925 g
 -1.1390414 0.36586395 -9.775227 53929 a
 -0.5271342 0.8477129 0.05052099 53933 r
 -0.0019475697 -0.14009905 0.011434815 54124 g
 -2.3989902 0.5424363 -9.79019 54128 a
 -0.5090829 0.85833955 0.052339446 54132 r
 -0.077315025 -1.3805995 0.07748121 54325 g
 -5.6964045 0.39758712 -8.36983 54329 a
 -0.5016029 0.8560463 0.08692578 54333 r
 0.18900108 -1.6463829 -0.15634434 54525 g
 -8.021772 -0.31887773 -6.394015 54529 a
 -0.62198776 0.72563577 0.21130516 54534 r
 0.30564752 -2.1904666 -0.22159179 54724 g
 -9.766547 -1.1167455 -2.8853123 54728 a
 -0.74916345 0.48100597 0.3823075 54733 r
 0.112568356 -1.5025723 -0.5824501 54925 g
 -9.753978 -2.2120926 1.9838954 54929 a
 -0.73621494 0.2420173 0.5747252 54933 r
 -0.40701437 -0.6546218 -0.4005562 55125 g
 -9.2625675 -3.271527 0.9968857 55129 a
 -0.7390318 0.028975327 0.65507 55134 r
 0.16236947 -0.8306567 -0.4535531 55326 g
 -8.46889 -3.6342485 1.9809027 55330 a
 -0.67414397 -0.076492 0.7247208 55333 r
 0.21456742 -0.445031 -0.3243898 55526 g
 -8.511387 -3.9640498 2.8063037 55530 a
 -0.6187003 -0.119826764 0.7651625 55534 r
 0.08327358 -0.1656654 -0.12625061 55726 g
 -8.537724 -4.198682 2.9810803 55730 a
 -0.5920793 -0.12075931 0.7796685 55734 r
 -0.090364516 0.090797015 0.018359033 55925 g
 -8.497022 -3.9844005 2.6865935 55929 a
 -0.58633155 -0.11551589 0.78119713 55934 r
 -0.10581085 0.3206278 0.1600392 56128 g
 -8.605958 -3.814412 1.7744027 56133 a
 -0.6028154 -0.088953376 0.76635605 56137 r
 -0.073320284 0.65245765 0.31104043 56326 g
 -9.008782 -2.7938838 0.26665422 56330 a
 -0.6452569 -0.029021524 0.72715026 56335 r
 0.06596304 0.9350191 0.4231595 56526 g
 -9.844957 -1.7494133 -1.2464813 56538 a
 -0.69091266 0.11995344 0.6419837 56546 r
 -0.038432878 0.5203649 0.32968256 56726 g
 -9.163208 -0.755221 -4.373907 56730 a
 -0.70268947 0.25696826 0.56393844 56735 r
 -0.50581765 1.966195 0.343531 56927 g
 -7.0515227 -0.5445312 -6.654384 56932 a
 -0.7301052 0.40373904 0.4482207 56936 r
 -0.18224357 1.2535331 0.21836244 57126 g
 -5.5264163 -0.006434417 -8.193257 57131 a
 -0.73563516 0.53764105 0.3212863 57135 r
 -0.32019532 1.6455505 0.23167823 57326 g
 -2.212841 0.4861726 -9.77762 57331 a
 -0.70097154 0.650947 0.22146158 57335 r
 -0.008871788 1.1701761 0.081742264 57524 g
 -1.216853 0.39998132 -9.796176 57525 a
 -0.65906125 0.74164355 0.10331423 57525 r
 -0.0014149374 0.23407508 0.011701131 57723 g
 -1.1240777 0.38621467 -9.76924 57725 a
 -0.6143871 0.7856288 0.06435982 57726 r
 7.1559136E-4 -0.052214734 7.821704E-4 57923 g
 -1.3599066 0.40177697 -9.712977 57925 a
 -0.5866547 0.8068955 0.060061026 57926 r
 -0.010469685 -0.26606658 0.009304286 58124 g
 -2.5157075 0.4640262 -9.628581 58125 a
 -0.5694997 0.8180733 0.06633552 58127 r
 -0.05174868 -1.0319917 -0.010403106 58329 g
 -6.715736 0.32336688 -7.6922708 58468 a
 0.11469889 -1.0082896 -0.098021105 58668 g
 -8.478467 -0.17642274 -5.4548893 58669 a
 0.123221 -1.5110943 -0.15021907 58868 g
 -9.648034 -0.7528268 -2.6871922 58869 a
 0.021488247 -1.7377294 -0.32652032 59068 g
 -9.555858 -1.7356466 -1.3602059 59069 a
 -0.15507933 -1.1792645 -0.42905203 59268 g
 -8.798093 -2.720262 -0.13198037 59269 a
 -0.27332368 -0.4386394 -0.5939017 59468 g
 -8.338406 -3.8102224 2.5297735 59469 a
 0.2489222 -0.5973638 -0.45941207 59668 g
 -8.061277 -3.9927802 2.7997196 59669 a
 0.17089158 -0.33450982 -0.24556023 59872 g
 -8.531737 -3.8593035 3.0331542 59881 a
 0.01722719 -0.020789435 -0.0285126 60244 g
