 -0.139633 -0.11959271 0.03620221 1 g
 -7.8667483 1.9849428 4.904223 3 a
 -0.13217615 0.061235927 0.3318131 107 g
 -9.697116 2.318934 2.4082677 111 a
 0.57728994 -0.11719587 -0.24263075 307 g
 -6.7253127 2.8037598 1.9078795 311 a
 0.42868558 0.5411376 -0.24369602 507 g
 -7.3460093 1.5366286 2.2017677 511 a
 0.4718288 1.1368867 0.018625349 708 g
 -11.5077305 -2.303671 0.6299743 712 a
 0.28993487 -1.5822008 -1.0386496 908 g
 -14.466964 -1.6171336 2.4393923 911 a
 -0.78491694 0.2244877 -1.0319917 1108 g
 -7.677606 -1.3944728 2.3352444 1112 a
 -0.19635832 0.2969257 0.6833503 1308 g
 -10.503363 0.65316814 0.774225 1312 a
 0.24199799 -0.13317484 -0.12891378 1506 g
 -11.337144 -2.4598925 1.6283565 1509 a
 -0.37505645 -0.45408574 -0.4421015 1701 g
 -8.754398 -1.034744 5.5530515 1703 a
 0.11283467 -2.2389362 -0.34383088 1906 g
 -5.297171 -2.5981576 6.076783 1910 a
 -0.35268587 -0.23890233 0.48680907 2105 g
 -6.0483522 -3.5833716 7.174525 2109 a
 0.051581968 -0.7403756 -0.47858682 2306 g
 -6.341642 -3.9640498 8.338705 2310 a
 -0.2488226 -0.49643 0.24526036 2507 g
 -4.1599255 -1.7847277 8.487744 2510 a
 -0.07172239 -0.51374054 0.6969325 2706 g
 -3.8827965 -2.2887073 8.480561 2710 a
 -0.13324142 -0.28843713 0.088932805 2907 g
 -3.8307228 -2.546084 8.69185 2910 a
 -0.1380351 -0.46527103 0.005309544 3107 g
 -1.8142064 -2.6226983 8.975563 3111 a
 -0.028579181 -0.6575512 -0.039697878 3307 g
 -0.41120413 -3.3008559 9.523236 3311 a
 -0.19476043 -0.6524912 -0.22052652 3507 g
 0.6560113 -2.915988 9.296386 3511 a
 -0.028312864 -0.44236782 -0.15155064 3707 g
 0.59256494 -3.2828994 9.511266 3711 a
 -0.0064749434 -0.14675695 -0.14542538 3907 g
 0.81522566 -2.9794345 9.246706 3911 a
 0.013765081 -0.04981789 -0.04369262 4107 g
 1.3928268 -2.9357402 9.06355 4111 a
 0.002313488 0.010635867 0.044458013 4340 g
 -0.47764325 -3.3720834 9.315539 4345 a
 -0.0016812535 0.30677938 0.06949173 4510 g
 -0.7846996 -3.0548518 9.368212 4514 a
 0.025216673 0.17282237 0.0260822 4712 g
 -0.374094 -3.045275 9.290999 4716 a
 -6.1598915E-4 -0.009071525 0.0015811187 4914 g
 -0.37349546 -3.4708443 9.437045 4918 a
 -0.028579181 0.037533794 -0.030110499 5109 g
 -0.50757074 -3.1434371 9.328708 5113 a
 0.0017808558 0.058839083 -0.015463112 5311 g
 -0.80564886 -2.9794345 9.299977 5315 a
 0.018292455 0.09905282 0.025283253 5514 g
 -1.0067618 -3.0129533 9.140763 5517 a
 0.015096661 0.0740191 -0.008006261 5709 g
 -0.9983821 -2.9548938 9.30297 5713 a
 -0.028845496 0.04738749 -0.0072073126 5911 g
 -0.9804256 -3.234417 9.188647 5916 a
 -0.05467816 0.14379393 -0.01146837 6111 g
 -1.5867572 -3.0991445 9.132981 6115 a
 -0.0091381045 0.25032037 0.06096961 6311 g
 -2.1787236 -2.9231706 8.966584 6316 a
 0.097388335 0.42182794 0.06443172 6511 g
 -3.1040826 -2.8220155 8.842685 6516 a
 0.205779 0.6894756 -0.074052654 6715 g
 -5.3683987 -2.8806736 5.8212023 6726 a
 0.4369414 0.8628474 -0.28524134 6912 g
 -7.78355 -1.2496237 6.2671223 6916 a
 0.44306666 1.519583 0.21889506 7110 g
 -8.592192 -0.73367316 3.6903627 7114 a
 0.17834844 1.2713764 0.19066556 7315 g
 -9.559449 -0.47090954 2.4818892 7319 a
 0.024151409 0.97256964 0.09905282 7512 g
 -10.669162 -0.14948797 0.3696049 7517 a
 0.2534496 0.7009272 -0.020523118 7712 g
 -10.342952 -0.6654384 0.7077859 7717 a
 0.3764876 -0.036502086 -0.17844857 7913 g
 -9.503783 0.5765537 0.097862996 7918 a
 0.1397326 -0.16859487 -0.13743588 8113 g
 -9.653421 -1.9547161 2.5549126 8117 a
 -0.3582785 0.41809952 0.02821273 8313 g
 -7.903858 -1.3866917 1.6552912 8317 a
 0.49393302 -0.290035 0.21942769 8516 g
 -14.128184 3.2395046 3.3761237 8525 a
 0.4340119 -0.11027165 -0.40455094 8713 g
 -10.490194 -2.2360346 1.0040684 8719 a
 0.3277518 -0.21413493 -0.36486983 8914 g
 -7.639898 -1.5818192 2.2137387 8918 a
 0.4784867 -0.10334743 0.14379393 9110 g
 -9.44333 -0.64808047 2.1365256 9114 a
 0.05823987 0.26336986 0.027147464 9314 g
 -9.725247 -0.30271688 1.3889363 9318 a
 0.035603 0.14778866 0.03620221 9516 g
 -9.3583355 -0.15607202 1.9168577 9520 a
 -0.19875517 -0.27245817 -0.015463112 9717 g
 -7.252037 -4.1777325 3.4958339 9721 a
 -0.88611704 -1.2985741 -0.54516584 9915 g
 -9.379884 -4.184316 4.2805333 9919 a
 -0.7708022 -0.25940865 -0.19682439 10115 g
 -7.8829093 -4.0203137 4.403835 10119 a
 -0.20328255 -0.015995745 -0.12678325 10317 g
 -8.286332 -3.8964136 3.831022 10321 a
 0.05131565 0.081742264 -0.002679939 10515 g
 -8.93935 -3.3738792 3.8795047 10519 a
 0.36583498 0.255913 0.10943914 10721 g
 -8.881291 -2.7890954 3.498228 10725 a
 0.3413339 0.2724246 0.16456658 10919 g
 -8.940548 -2.7914896 2.2993314 10923 a
 0.1397326 0.37868473 0.12541811 11114 g
 -9.359533 -2.7633576 2.2993314 11118 a
 0.097654656 0.39253315 0.109705456 11316 g
 -10.447099 -0.48647186 1.1495161 11320 a
 0.26410222 0.4194311 0.436209 11518 g
 -9.703699 -0.057311203 1.8516158 11522 a
 -0.0056759953 -0.09535795 0.6497945 11716 g
 -7.489063 -0.8892963 2.6105776 11727 a
 -0.1329751 -0.095091626 -0.25062025 11916 g
 -8.968679 -1.3962685 2.1209633 11920 a
 -0.04775394 0.09505807 -0.29589397 12117 g
 -8.743026 -1.8272249 1.0717045 12122 a
 -0.058140267 0.24419509 -0.10281479 12317 g
 -10.684724 -1.8332103 -0.3672107 12320 a
 -0.16759619 0.40052265 -0.20401491 12517 g
 -9.181165 -2.1899464 -0.45459905 12521 a
 -0.16519934 0.3749563 -0.14063168 12718 g
 -9.337985 -2.4024317 -1.3021464 12722 a
 -0.24109943 0.45884588 -0.047953676 12911 g
 -8.8328085 -1.5093945 -4.0303392 12926 a
 -0.37345853 1.1725731 0.2774846 13112 g
 -8.028955 -1.2059295 -5.605724 13119 a
 -0.17638461 1.0295613 0.20504662 13318 g
 -6.6103907 -0.6546645 -7.3157825 13322 a
 -0.18543936 1.0703076 0.116895996 13517 g
 -5.9998693 -0.6522703 -7.82874 13521 a
 -0.053346578 0.50198907 0.0039779637 13716 g
 -6.0507464 -0.6037877 -7.7311764 13721 a
 0.016161926 0.0010484866 0.03167484 13918 g
 -5.9867015 -0.6211457 -7.6114664 13922 a
 0.04252722 0.038865373 0.044458013 14117 g
 -6.2195373 -0.6947674 -7.665336 14121 a
 0.1346726 -0.1424959 0.030343259 14317 g
 -6.559514 -0.86116445 -7.232584 14321 a
 0.06383251 -0.25115287 0.007440073 14520 g
 -6.393117 -0.8013094 -7.5168953 14524 a
 -0.0189918 0.10917283 0.0055758604 14717 g
 -6.2315083 -0.7875427 -7.6437883 14721 a
 -0.025649704 0.119559154 -0.004544152 14918 g
 -6.453571 -0.8384195 -7.394791 14921 a
 0.020156667 -0.13450642 -0.002679939 15119 g
 -6.5720835 -0.85458034 -7.279271 15124 a
 0.01855877 -0.08843373 -0.006142048 15318 g
 -6.482301 -0.82704705 -7.358878 15322 a
 -0.008605473 0.0425938 0.0026463831 15518 g
 -6.3865333 -0.820463 -7.4983406 15522 a
 -0.012333898 0.06816015 0.0031790154 15721 g
 -6.401497 -0.7899369 -7.4612303 15729 a
 -8.8230526E-4 0.0013148027 -0.0021473067 15918 g
 -6.4619503 -0.820463 -7.4265146 15922 a
 0.0055092815 -0.041029457 -5.494101E-4 16118 g
 -6.498462 -0.8467992 -7.406762 16122 a
 0.0055092815 -0.027447337 -0.004544152 16321 g
 -6.770204 -0.95274264 -7.152977 16325 a
 0.035603 -0.17258961 -0.022919962 16519 g
 -7.2448545 -1.1634324 -6.6118875 16524 a
 0.09392623 -0.35128772 -0.0697916 16719 g
 -7.717709 -1.4585178 -5.9486933 16722 a
 0.11416625 -0.40508357 -0.09162952 16922 g
 -8.26658 -1.7242742 -5.0867805 16929 a
 0.10484519 -0.5046858 -0.09748847 17117 g
 -8.813655 -1.8924668 -4.1207204 17123 a
 0.08300727 -0.5459648 -0.072188444 17319 g
 -9.150639 -1.8631378 -3.1803977 17323 a
 0.12881364 -0.512409 -0.009604158 17518 g
 -9.367314 -2.1498435 -2.110788 17522 a
 0.16263579 -0.56833535 0.0063748085 17717 g
 -10.181941 -2.133084 -1.1339538 17722 a
 0.21030636 -0.6516923 0.08413911 17919 g
 -9.857527 -1.6656162 0.63057286 17923 a
 0.11789468 -0.68950915 0.063899085 18120 g
 -9.653421 -1.5896003 1.4266449 18125 a
 0.039597742 -0.39123514 0.15577814 18320 g
 -9.089587 -0.89947164 2.2191257 18326 a
 -0.08503819 -0.2897687 0.19732346 18518 g
 -9.106346 -1.3459903 2.1981764 18522 a
 -0.20914151 -0.015995745 0.16376762 18723 g
 -9.438541 -1.5746366 1.9455881 18727 a
 0.0049766493 -0.099619 0.018359033 18921 g
 -10.5680065 -0.5900211 1.8809447 18926 a
 -0.16067196 -0.27938238 0.2572446 19121 g
 -9.937733 0.21502924 2.7662008 19125 a
 -0.49383342 -0.316134 0.60345554 19324 g
 -8.520366 0.51669866 1.8456303 19328 a
 -0.071456075 0.5794871 0.52009857 19521 g
 -8.325238 2.5822961 1.5439608 19525 a
 0.5181678 0.13207601 0.3555152 19721 g
 -11.095329 0.3808277 3.2288802 19725 a
 0.01855877 0.39066896 -0.23650548 19924 g
 -6.575675 1.4432547 2.3831284 19928 a
 -0.33537534 -1.0567591 -0.49776158 20117 g
 -7.753622 -0.76180506 3.992032 20121 a
 -0.46587023 -0.29030132 0.10304756 20321 g
 -8.4425535 0.06479308 3.9686885 20326 a
 -0.18996674 -0.28923607 -0.100950584 20515 g
 -9.033921 -0.096815534 4.217087 20516 a
 -0.009670737 -0.15847486 -0.15448011 20721 g
 -8.085219 -0.40447044 4.9419317 20723 a
 -0.02032338 -0.38404462 -0.25727814 20922 g
 -7.7464395 -1.0790368 5.8373632 20926 a
 0.048918806 -0.36726668 -0.2548813 21125 g
 -7.4226236 -1.3986627 6.1162877 21128 a
 0.08034411 -0.35901088 -0.24689181 21322 g
 -6.605004 -1.4351742 6.802226 21328 a
 0.07421884 -0.3744572 -0.2628708 21522 g
 -6.3392477 -1.8356045 7.3199725 21527 a
 0.0537125 -0.30521503 -0.20960756 21723 g
 -6.137536 -1.925387 7.569568 21737 a
 0.048918806 -0.19682439 -0.14489274 21921 g
 -5.9825115 -1.735048 7.38701 21926 a
 -0.009404421 -0.13610432 -0.085237935 22125 g
 -5.799355 -2.2773347 7.7581115 22129 a
 -0.05254763 -0.27378973 -0.108940065 22326 g
 -4.4873323 -2.605939 8.275259 22330 a
 -0.09648979 -0.59976065 -0.27219185 22525 g
 -1.6232687 -2.9255648 8.32853 22528 a
 -0.19449411 -0.9856527 -0.22931495 22723 g
 -2.1039047 -3.343353 9.004891 22728 a
 -0.17052567 -0.49323422 0.41889846 22923 g
 -1.620276 -2.9722517 9.208399 22927 a
 0.101649396 -0.2599413 0.5840144 23123 g
 -1.1587936 -2.5143607 9.184457 23127 a
 -0.011268633 -0.45115626 0.40877846 23324 g
 -0.093972415 -2.9327474 9.520843 23328 a
 -0.09968558 -0.532649 0.091862276 23528 g
 1.8405426 -3.4666545 9.113828 23531 a
 -0.09222873 -0.6162723 -0.15554538 23724 g
 1.6723499 -3.153014 9.095872 23728 a
 0.011101919 -0.24263075 -0.14675695 23925 g
 2.0649989 -2.9836242 9.172486 23929 a
 0.0537125 -0.095890574 -0.088966355 24118 g
 1.501763 -2.6436477 9.192837 24119 a
 0.090730436 0.0178264 0.0058421763 24325 g
 1.9949685 -2.4718635 9.134777 24328 a
 0.07847989 -0.052214734 -0.04928526 24526 g
 2.143409 -2.5161564 9.221567 24530 a
 0.019091403 -0.056209475 -0.05461158 24727 g
 2.0374656 -2.429965 9.144354 24731 a
 0.02548299 -0.024251543 -0.045556832 24925 g
 2.15957 -2.3162405 9.128792 24929 a
 0.031341944 -0.044225253 -0.04289367 25125 g
 2.3211784 -2.3294086 8.930073 25128 a
 0.0036450685 -0.050883155 7.821704E-4 25327 g
 2.4301147 -2.4054246 9.30297 25331 a
 -0.04509078 -0.028778918 -0.007473629 25526 g
 2.5115175 -2.641852 8.981548 25529 a
 -0.040297087 -0.009071525 0.019424299 25726 g
 2.542642 -2.7214592 9.094076 25730 a
 -0.100218214 0.004510596 0.07322015 25928 g
 2.130241 -2.9752445 9.125799 25932 a
 -0.071456075 0.06549698 0.13740233 26121 g
 1.5921441 -2.8698997 9.285612 26128 a
 -0.033639185 0.1121023 0.08813386 26324 g
 1.6256629 -3.1320648 9.124602 26327 a
 -0.0030128341 0.027413782 0.012500079 26528 g
 1.965041 -3.0392895 9.082704 26532 a
 0.010036655 -0.059671585 -0.019990485 26727 g
 2.0386627 -2.993201 9.071331 26738 a
 0.010569287 -0.030376814 -0.02105575 26927 g
 2.0733786 -2.9501054 9.124602 26931 a
 0.0033787524 -0.0021473067 -0.007739945 27129 g
 1.9315223 -3.051859 9.15453 27132 a
 -0.009404421 0.0039779637 0.010635867 27326 g
 1.8854338 -2.969259 9.089288 27330 a
 -0.005143363 0.01649482 0.0042442796 27527 g
 2.0482395 -3.0356982 9.064747 27531 a
 -6.1598915E-4 -0.013066268 0.002380067 27728 g
 1.8614918 -3.0536547 9.114427 27732 a
 -0.0056759953 0.010635867 0.0055758604 27929 g
 2.0093338 -2.9818287 9.098865 27933 a
 -8.8230526E-4 -0.0013483585 0.0018474348 28128 g
 1.9177556 -3.1518168 9.041404 28131 a
 -0.008871788 0.022620091 0.026348516 28331 g
 1.7705121 -3.1326632 9.089288 28335 a
 -0.012333898 0.05564329 0.032740105 28527 g
 1.6502035 -3.1314662 9.131784 28531 a
 -0.014464427 0.04605591 0.034604315 28727 g
 1.5622166 -3.158401 9.127595 28731 a
 -0.007806524 0.048452754 0.030609574 28931 g
 1.4101849 -3.164985 9.186253 28936 a
 -0.0048770467 0.055110656 0.037533794 29128 g
 1.1522095 -3.1506197 9.184457 29131 a
 0.008438759 0.09425912 0.031142207 29324 g
 1.062427 -3.2374096 9.201217 29328 a
 0.011634552 0.06656225 0.026348516 29530 g
 1.1923125 -3.1637878 9.277831 29535 a
 7.1559136E-4 0.028745363 0.029277993 29728 g
 0.7721301 -3.2242415 9.207202 29731 a
 0.0063082296 0.12994549 0.04392538 29928 g
 0.39085343 -3.1404445 9.254487 29934 a
 0.018825086 0.19519293 0.0673612 30131 g
 -0.19273324 -3.194314 9.303569 30136 a
 0.04465775 0.3025183 0.070024356 30330 g
 -0.9247604 -2.6514287 9.305365 30334 a
 0.11283467 0.31450254 0.058040135 30528 g
 -1.4802152 -2.6873417 9.254487 30534 a
 0.09046412 0.3667005 0.13900024 30731 g
 -2.184709 -2.4132056 9.028834 30736 a
 0.08700201 0.44047007 0.13580443 30929 g
 -3.603872 -2.1576247 8.7732525 30939 a
 0.11816099 0.5653723 0.0673612 31129 g
 -4.5513773 -2.0163667 8.156746 31132 a
 0.117362045 0.74779886 0.099851765 31330 g
 -5.9184666 -1.5848119 7.0554132 31335 a
 0.18900108 0.89187586 -0.022387331 31529 g
 -6.6852098 -1.4537294 5.5255184 31535 a
 0.1314768 0.9691075 -0.115065336 31728 g
 -8.850166 -1.1221324 4.2416277 31732 a
 0.03586932 1.0511329 0.076948576 31932 g
 -9.648034 -0.74025726 1.9360113 31941 a
 0.17248948 0.99094546 0.1832087 32132 g
 -9.886856 -0.5732617 1.3961189 32136 a
 0.43294662 0.5139733 -0.11932639 32330 g
 -10.936115 -0.91742814 0.5940613 32334 a
 0.43427822 0.21596558 -0.10547796 32532 g
 -9.814431 -1.3825018 0.9436147 32537 a
 0.17462 -0.11746218 -0.336374 32730 g
 -9.710882 -3.6887167 2.8960862 32735 a
 -0.13057825 -0.69057447 -0.8500978 32930 g
 -8.740033 -3.7431848 2.4609401 32945 a
 0.12375363 -0.14462642 -0.20135176 33126 g
 -8.725668 -3.557634 2.8140848 33127 a
 0.024950357 0.09346017 -0.01626206 33326 g
 -8.556278 -3.5743935 3.07206 33327 a
 0.010835604 -0.02797997 -0.010403106 33532 g
 -8.602965 -3.7102644 2.9290066 33537 a
 0.0065745455 0.019690614 0.011701131 33730 g
 -8.192958 -3.668366 2.0305824 33734 a
 0.15970631 0.053246442 0.13660339 33930 g
 -9.782708 -3.1566052 2.0156186 33934 a
 0.10111676 0.4279532 0.06017066 34131 g
 -7.760206 -1.5052047 2.620753 34138 a
 0.26303697 0.38773948 0.17202343 34332 g
 -5.2522798 -5.8494835 2.3885155 34337 a
 0.23640534 -0.61946803 0.083872795 34528 g
 -9.607931 -1.7464205 2.5495255 34532 a
 -0.13563825 0.29426253 -0.008272577 34728 g
 -9.531916 -2.713678 2.274791 34733 a
 0.048119858 0.033539053 -0.021322066 34936 g
 -9.539098 -2.6532245 2.5758617 34942 a
 -0.06826028 -0.14462642 0.090797015 35130 g
 -9.26556 -2.1935377 2.7638066 35135 a
 -0.027513916 -0.090031624 0.08840017 35330 g
 -9.712678 -2.7298388 3.045724 35336 a
 -0.040563405 -0.01013679 -0.02664839 35531 g
 -8.705916 -1.9930233 3.4293947 35536 a
 -0.07971187 0.06017066 -0.015995745 35731 g
 -8.829217 -2.8363807 2.6590602 35736 a
 -0.06959186 0.090797015 0.005043228 35932 g
 -8.88608 -2.8274026 3.3240497 35937 a
 -0.07225502 0.019424299 0.103580184 36133 g
 -9.814431 -2.155829 2.5752633 36140 a
 -0.111137174 0.08467174 -0.10441269 36333 g
 -8.788516 -3.2206502 3.307889 36337 a
 -0.013399162 0.08946543 -0.15874118 36533 g
 -9.3343935 -2.519149 1.5403695 36537 a
 0.2603738 0.15444656 0.031408522 36736 g
 -8.89805 -2.0409074 2.4765024 36748 a
 -0.02032338 -0.16007276 0.1267497 36934 g
 -8.494029 -1.8206408 1.8474259 36938 a
 0.1660979 0.09399281 0.16430026 37133 g
 -9.67018 -1.84159 0.947206 37137 a
 0.06250093 0.5565839 0.105977036 37337 g
 -9.970653 -1.7901146 -0.13976152 37340 a
 0.07395252 0.40025634 0.033539053 37534 g
 -9.809045 -1.8014871 0.030226797 37538 a
 0.06516409 -0.026115756 -0.020789435 37734 g
 -9.704897 -1.4267945 0.9388263 37738 a
 0.12641679 -0.25221813 0.019424299 37937 g
 -9.437345 -1.4447511 1.4320319 37941 a
 0.07714831 -0.23544021 0.053246442 38130 g
 -9.524135 -1.5052047 1.1189901 38131 a
 -0.019790748 0.07535068 -0.0021473067 38336 g
 -9.773131 -1.5255554 0.60543376 38340 a
 -0.08503819 0.26203826 0.0026463831 38537 g
 -9.835381 -1.4567221 -0.055365913 38541 a
 -0.01845917 0.3184973 0.076948576 38735 g
 -9.4535055 -1.1789947 -0.82151043 38739 a
 0.15384735 0.2641688 0.18107818 38935 g
 -10.048465 -0.938976 -0.9873089 38939 a
 0.044924065 0.18880135 0.042327482 39137 g
 -9.557653 -0.8665514 -1.0752958 39141 a
 -0.14575827 0.13660339 0.05298013 39335 g
 -9.704298 -0.83303255 -1.9132664 39339 a
 -0.14842142 0.32888362 -0.008006261 39536 g
 -9.491214 -0.70254856 -3.0642788 39539 a
 -0.123920344 0.41197425 -0.05461158 39738 g
 -9.279925 -0.950947 -3.4383729 39741 a
 -0.07172239 0.36377102 -0.0367684 39936 g
 -9.048885 -0.87433255 -3.9231987 39940 a
 -0.05947185 0.23354244 0.0029126992 40136 g
 -8.599973 -0.5984008 -4.7928925 40142 a
 -0.1430951 0.4644385 0.021554826 40338 g
 -7.9930425 -0.48168346 -5.7661357 40341 a
 -0.21340255 0.6066513 0.007440073 40536 g
 -7.7147164 -0.29433718 -6.2252235 40539 a
 -0.0900982 0.24526036 0.018891666 40736 g
 -7.745841 -0.35598788 -6.010344 40740 a
 0.0015145397 -0.031175762 0.0010484866 40939 g
 -7.550115 -0.29553428 -6.292261 40944 a
 -0.024318123 0.13553812 0.005309544 41136 g
 -7.465121 -0.23807344 -6.464644 41141 a
 -0.0272476 0.10304756 0.019157982 41337 g
 -7.6644382 -0.26321256 -6.216844 41341 a
 0.012699816 -0.14782222 -0.002679939 41539 g
 -8.109161 -0.28236616 -5.5650225 41542 a
 0.031341944 -0.35448352 -0.0034788873 41737 g
 -8.937555 -0.20275895 -4.8790836 41741 a
 0.06809357 -0.42638886 -0.02664839 41937 g
 -9.060258 -0.50263274 -3.6131496 41949 a
 0.056641974 -0.6863134 0.09852018 42138 g
 -9.627085 -0.3942951 -2.1999722 42146 a
 0.19619161 -0.84956515 0.05963803 42337 g
 -9.922769 -0.13691841 -0.73591775 42341 a
 0.10963888 -0.6796555 0.035935897 42537 g
 -9.871892 0.15098435 0.057760116 42541 a
 -0.054944474 -0.5422364 0.15045182 42739 g
 -9.57561 0.4753987 1.1854291 42744 a
 -0.319929 -0.37685406 0.2561793 42937 g
 -9.442133 0.8345289 1.2446856 42941 a
 -0.3875733 -0.055676844 0.16909395 43139 g
 -10.041881 0.538845 1.3608044 43142 a
 -0.2602742 -0.22878231 0.11902652 43338 g
 -8.429984 0.88959557 3.2043397 43341 a
 -0.4954313 -0.10627691 0.002113751 43537 g
 -9.412804 0.009726444 2.659659 43541 a
 -0.24163206 -0.145958 -0.033572607 43738 g
 -9.339182 0.3215712 2.572869 43742 a
 -0.06293396 0.009570602 -2.8309404E-4 43940 g
 -9.679159 0.72678983 1.7648259 43945 a
 0.117628366 0.18560556 -0.002679939 44135 g
 -9.871892 0.64837974 0.9747394 44139 a
 0.07395252 0.17388764 0.08946543 44338 g
 -9.760562 0.72319853 1.5589246 44342 a
 -0.0016812535 0.008505338 -0.006142048 44541 g
 -9.746197 1.2816461 1.0262147 44545 a
 -0.013132846 -0.042094722 7.821704E-4 44738 g
 -9.642049 0.56158996 1.8408419 44742 a
 -0.08583714 -0.074052654 0.043392748 44938 g
 -9.260772 0.73576814 1.707365 44942 a
 -0.0043444145 -0.050616838 -0.027447337 45141 g
 -9.552865 0.6657377 2.8116906 45145 a
 -0.2059457 0.011168499 -0.04981789 45339 g
 -10.175357 0.71601593 1.2213421 45343 a
 0.10031781 -0.011734687 0.17761606 45539 g
 -9.140464 2.0364182 1.7516578 45543 a
 0.2558464 -0.033572607 0.64340293 45739 g
 -7.8469963 3.7746086 2.1036055 45744 a
 0.30245173 0.02954431 0.5206312 45938 g
 -9.240421 3.191022 0.3672107 45942 a
 0.51763517 -0.023718912 0.027680097 46139 g
 -8.756793 3.8829463 1.8803462 46144 a
 -0.02991076 -0.1278485 -0.069258966 46342 g
 -9.627085 3.6590884 3.6323032 46353 a
 -0.21659835 0.06336646 -0.17258961 46540 g
 -8.775947 0.7022493 1.3248913 46547 a
 -0.08743504 0.31343728 -0.6186691 46740 g
 -10.641029 -2.7543795 3.8088756 46744 a
 0.13094416 -0.05674211 -1.8256137 46943 g
 -8.269572 -2.3778913 3.3743281 46954 a
 0.61191106 -0.63331646 -0.86740834 47142 g
 -8.91062 -3.1619923 2.4286184 47146 a
 0.07927884 -0.11879376 -0.20294966 47340 g
 -8.719683 -3.4929907 2.9619267 47345 a
 -0.023519175 -0.021588383 -0.042094722 47542 g
 -8.612542 -3.3852515 2.9912558 47546 a
 -0.002746518 -0.029577866 -0.015729427 47740 g
 -8.617331 -3.5384805 3.090615 47745 a
 -0.008871788 -0.007473629 -0.007739945 47941 g
 -8.623915 -3.4858081 3.096002 47945 a
 -0.0011486213 0.002380067 -0.0016146746 48144 g
 -8.678383 -3.5779848 3.0714614 48151 a
 -0.00807284 0.03833274 0.045523275 48341 g
 -10.506355 -2.9381344 1.5720927 48346 a
 -0.20647834 0.09825387 0.328351 48541 g
 -9.891046 -1.6614263 1.3596073 48546 a
 -0.46933234 0.48627645 1.2668489 48744 g
 -9.540894 1.7880198 2.0419548 48748 a
 0.16210315 -0.06020422 1.3491406 48941 g
 -8.323442 -0.767192 1.7648259 48947 a
 0.12188942 -0.41999727 -0.43224782 49141 g
 -10.936713 1.0960954 3.9812582 49145 a
 -0.2818458 -0.77979034 -0.039964195 49345 g
 -9.0081835 0.59510875 3.392883 49349 a
 -0.16812882 -0.06632949 -0.03943156 49542 g
 -8.859743 0.37903205 4.34398 49546 a
 0.06942514 -0.30255187 -0.16699697 49742 g
 -8.4425535 0.33773208 4.9778447 49747 a
 0.053179864 -0.42479098 -0.21946125 49945 g
 -7.559692 -0.1818097 6.060622 49949 a
 -0.011002317 -0.5134742 -0.20428123 50142 g
 -6.913856 -0.7624036 6.9740105 50147 a
 -0.09648979 -0.51427317 -0.15314855 50342 g
 -6.0848637 -1.1783961 7.218817 50347 a
 -0.104212955 -0.43890572 -0.15900749 50536 g
 -5.433042 -1.8332103 8.342297 50537 a
 -0.20381518 -0.42985097 -0.14196326 50745 g
 -5.4845176 -1.4627076 8.066365 50749 a
 -0.039764456 -0.2844424 -0.09482531 50943 g
 -5.00448 -1.9846436 8.287828 50947 a
 -0.1478888 -0.4183994 -0.111070596 51146 g
 -3.9983168 -2.4868274 8.726566 51150 a
 -0.08557083 -0.37658775 0.083872795 51343 g
 -3.0382419 -1.7464205 8.338705 51347 a
 0.07315357 -0.35528246 0.11902652 51544 g
 -1.9135658 -3.0069678 9.61242 51548 a
 -0.33697322 -0.43251413 0.01729377 51747 g
 -3.738546 -2.3964462 8.871415 51750 a
 0.08913254 0.260973 0.47802064 51945 g
 -3.2962172 -1.8254292 9.653721 51958 a
 0.038532477 -0.010669422 0.26976144 52145 g
 -3.429694 -2.344971 8.834305 52148 a
 0.13706943 0.20344873 0.0077063893 52347 g
 -3.2022448 -1.3956699 9.19164 52351 a
 -0.12525193 0.004510596 0.02821273 52539 g
 -3.5164838 -2.0295348 9.562142 52543 a
 -0.16679724 -0.23836969 0.14326128 52745 g
 -2.8089972 -1.4411598 8.769662 52749 a
 0.068892516 -0.27352342 0.10517809 52947 g
 -1.6262615 -1.9032407 9.449017 52951 a
 -0.07651608 -0.5488943 -0.223456 53145 g
 -0.48362875 -2.210297 9.351453 53148 a
 -0.08983189 -0.6074838 -0.34010243 53345 g
 0.8996213 -2.5616462 9.458593 53349 a
 -0.09382663 -0.59017324 -0.026914705 53546 g
 1.9297266 -2.6286838 9.365818 53550 a
 -0.04961815 -0.24902233 0.092927545 53745 g
 0.7320272 -2.4856303 9.429264 53748 a
 0.011900868 0.08280753 -0.056475792 53947 g
 0.4417302 -2.3347955 9.3622265 53952 a
 0.06942514 0.214634 0.01729377 54139 g
 0.18614918 -2.2839189 9.448418 54144 a
 0.023086144 0.12541811 0.025549568 54346 g
 -0.11252748 -2.4084172 9.494506 54360 a
 -0.033905502 0.0425938 -0.008006261 54546 g
 0.22685061 -2.4024317 9.485528 54551 a
 -0.028579181 -0.09775479 -0.008272577 54747 g
 0.83138657 -2.5490766 9.396942 54751 a
 -0.03949814 -0.23410864 0.007440073 54949 g
 1.6813282 -2.6598084 9.358635 54955 a
 -0.044025514 -0.19975385 0.008505338 55146 g
 1.1905168 -2.6119244 9.296985 55150 a
 4.4927528E-4 -0.016528377 -0.0053431 55348 g
 1.0133458 -2.5927708 9.355043 55352 a
 -0.008871788 0.039930638 0.0260822 55543 g
 1.2437878 -2.7890954 9.423877 55545 a
 -0.043759197 -0.03330629 0.029810626 55747 g
 1.240795 -2.743007 9.299977 55751 a
 -0.012600214 -0.019990485 0.013032711 55948 g
 1.09834 -2.7184663 9.314941 55952 a
 -0.0030128341 0.008505338 0.011967447 56148 g
 0.97623575 -2.7627592 9.132981 56152 a
 -0.014464427 0.021554826 0.031142207 56346 g
 0.9379285 -3.1631894 9.316736 56350 a
 -0.058939215 0.06949173 0.029011678 56546 g
 1.067814 -2.9129953 9.44303 56552 a
 0.0521146 0.079878055 0.08653596 56746 g
 0.93254155 -2.6885388 9.428067 56750 a
 0.086735696 0.101715975 0.06043698 56947 g
 0.02873042 -2.5927708 9.048586 56950 a
 0.017493507 0.22874875 -0.1259843 57146 g
 0.18555063 -2.3389854 9.395745 57158 a
 -0.040563405 0.12595074 -0.015463112 57347 g
 -0.15502456 -2.8381765 9.2664585 57350 a
 -0.09196241 -0.108940065 -0.0021473067 57547 g
 0.28550854 -3.5007718 9.26586 57551 a
 -0.07092344 -0.15794224 -0.02105575 57747 g
 1.074398 -2.9315503 9.434052 57751 a
 0.025749305 -0.07059055 0.09159596 57947 g
 1.5490485 -2.766949 9.462783 57951 a
 0.10298098 0.025549568 -0.03623577 58147 g
 0.44352585 -2.3802855 9.189245 58151 a
 0.13547154 0.36217314 -0.35847825 58347 g
 -0.12449849 -1.9936218 8.991724 58351 a
 0.07315357 0.4772217 -0.43597624 58547 g
 -2.2613235 -1.7422307 8.769063 58551 a
 0.08567043 0.5733618 -0.07005791 58747 g
 -2.3511062 -1.5387235 8.988132 58751 a
 0.21856217 0.44952482 0.07348647 58948 g
 -3.0681696 -1.390283 9.05517 58952 a
 0.17062527 0.24898878 0.102781236 59147 g
 -3.6481647 -1.0329484 9.004891 59151 a
 0.09818729 0.32142675 0.13953286 59348 g
 -4.5525746 -0.6971616 8.665514 59352 a
 0.12801468 0.3813479 0.12888022 59548 g
 -5.1361613 -0.47689506 8.298004 59552 a
 0.14106418 0.38401106 0.12222231 59748 g
 -6.1141925 -0.23089083 7.908946 59753 a
 0.09525781 0.39759317 0.12302126 59948 g
 -6.3206925 -0.020201078 7.6312184 59951 a
 0.11389994 0.23993403 0.0657633 60288 g
