 0.101923965 0.21128002 -0.24531043 3 g
 9.761011 0.85218614 3.1335611 12 a
 -0.29035965 -0.3543754 -0.43412855 76 g
 10.233866 2.4928129 3.7219362 80 a
 -0.41419664 0.09143777 -0.6005761 281 g
 8.025214 1.8062755 2.9719524 287 a
 -0.29808283 0.17852314 -0.4450475 479 g
 7.068731 2.932149 2.7199628 483 a
 -0.020048808 -0.4209544 -0.23705463 679 g
 4.982783 1.4908395 2.794183 682 a
 0.20924936 -0.63826835 0.8860004 879 g
 6.1421747 -0.18450317 -0.17283143 883 a
 -0.19129007 -0.60897356 0.63060325 1079 g
 9.7657995 1.3789105 -0.31708208 1083 a
 0.010044911 -0.31229743 -0.4549012 1279 g
 9.751434 1.51538 -0.09561843 1282 a
 -0.228308 0.03151665 -0.122006066 1479 g
 9.601198 1.9798552 -0.023193829 1483 a
 -0.17451215 0.006749249 -0.16195348 1679 g
 9.6149645 2.1552305 -0.27398646 1682 a
 -0.0959489 -0.08299928 -0.09963551 1879 g
 9.571869 2.4868274 -0.4002806 1883 a
 -0.04188673 -0.025741316 -0.030925957 2079 g
 9.593416 1.8356045 -0.1830068 2083 a
 0.06250919 0.03125033 0.109688945 2279 g
 9.38153 1.3507787 0.072574235 2282 a
 0.22842412 0.02379348 0.25802702 2479 g
 9.528174 1.4662989 -0.030376434 2482 a
 0.03348073 0.022461899 0.021272 2680 g
 9.489867 1.5435119 0.11806407 2683 a
 -0.018450912 -0.003370763 -0.031724907 2876 g
 9.539547 2.2055087 -0.38651395 2878 a
 -0.20220903 -0.11548984 -0.25516412 3079 g
 9.913641 1.4686931 -0.38411975 3082 a
 0.020164924 0.03471244 0.06654574 3289 g
 9.631125 1.8457799 -0.049530048 3299 a
 0.07689025 0.06746932 0.08465523 3479 g
 9.603592 1.9283798 -0.23567922 3489 a
 -0.0810352 -0.070482425 -0.102831304 3679 g
 9.605388 1.7631799 -0.41045594 3683 a
 -0.00220563 -0.03452975 0.014614096 3879 g
 9.683199 2.0043957 -0.10459669 3883 a
 0.03454599 0.0719967 0.03485412 4081 g
 9.587431 1.6686089 0.0043394906 4085 a
 0.058514442 0.037109286 0.07852996 4310 g
 9.639505 1.9487306 -0.40806174 4314 a
 -0.09621522 -0.10670141 -0.12679976 4487 g
 9.663447 1.8433857 -0.33922845 4492 a
 -0.008597217 -0.0017728664 0.019674102 4684 g
 9.555708 1.8703204 -0.08544307 4688 a
 0.085146055 0.08930724 0.09717209 4881 g
 9.582643 1.7925088 -0.1237503 4884 a
 -0.03096777 -0.01588762 -0.035985965 5087 g
 9.584438 1.9888334 -0.30151978 5091 a
 -0.05813201 -0.10030983 -0.066346 5284 g
 9.593416 1.9343654 -0.22490533 5288 a
 0.024159664 0.06933353 0.03565307 5485 g
 9.578453 1.8194437 -0.002244564 5489 a
 0.07529236 0.059213523 0.08891629 5687 g
 9.641899 1.9577088 -0.36915597 5692 a
 -0.09142152 -0.08939087 -0.12120712 5883 g
 9.625738 1.8140568 -0.32067338 5887 a
 -0.0027382623 -0.013224459 0.013548832 6085 g
 9.656863 2.0103812 -0.14469956 6090 a
 0.013773336 0.055485096 0.008755142 6288 g
 9.643695 1.7859248 -0.096216984 6292 a
 0.063308135 0.04296824 0.09131314 6485 g
 9.650877 2.0289364 -0.36616322 6490 a
 -0.07171413 -0.08220033 -0.10389657 6686 g
 9.659856 1.8840871 -0.29912558 6690 a
 -0.0107277455 -0.007898137 0.014614096 6889 g
 9.567678 1.9660885 -0.09202713 6893 a
 0.059047073 0.07066511 0.06734469 7086 g
 9.570672 1.864335 -0.007631518 7090 a
 0.02522493 0.019798739 0.010086723 7286 g
 9.69098 1.9882349 -0.29912558 7291 a
 -0.062925704 -0.07793927 -0.08072707 7490 g
 9.570672 1.8553567 -0.250643 7493 a
 -0.012059326 0.0019555592 0.009021458 7681 g
 9.440187 1.7966987 0.06120178 7685 a
 0.0643734 0.068001956 0.09530788 7886 g
 9.6413 1.8391958 -0.25722703 7887 a
 -0.034962513 -0.03239922 -0.04104597 8090 g
 9.601198 1.8984523 -0.32845455 8094 a
 -0.038690936 -0.06781926 -0.04930177 8287 g
 9.64968 1.8978537 -0.21054012 8291 a
 0.0015227955 0.045365084 0.0028961876 8487 g
 9.590424 1.7835306 -0.114772044 8502 a
 0.0643734 0.051490355 0.1006342 8690 g
 9.6389065 1.9427451 -0.33324295 8694 a
 -0.060528856 -0.055835035 -0.08631971 8887 g
 9.629929 1.8433857 -0.30271688 8892 a
 -0.012325642 -0.018550782 -0.0053596115 9086 g
 9.627534 1.9888334 -0.23268647 9090 a
 -0.005401423 0.015271365 -0.006957508 9291 g
 9.510218 1.7356466 0.0163105 9295 a
 0.051590223 0.061077736 0.08891629 9488 g
 9.652673 1.9577088 -0.25184008 9492 a
 -0.04268568 -0.048111867 -0.058622833 9688 g
 9.603592 1.8930653 -0.24824879 9692 a
 -0.01179301 -0.03026869 -0.011751198 9891 g
 9.673024 1.9235914 -0.25423428 9895 a
 -0.0016729978 0.022195583 -0.0024301345 10089 g
 9.617358 1.8290205 -0.113574944 10093 a
 0.040404946 0.047229297 0.07187206 10289 g
 9.565285 2.019958 -0.16265608 10293 a
 -0.041620415 -0.0569003 -0.052497562 10492 g
 9.598205 1.853561 -0.30750528 10495 a
 -0.010994062 -0.026540264 -0.004028031 10689 g
 9.623942 1.9930233 -0.21472996 10693 a
 0.010577543 0.035777703 0.0018309233 10890 g
 9.599402 1.7613842 -0.07586627 10893 a
 0.048660748 0.047229297 0.08518787 11092 g
 9.635914 2.0049944 -0.22191256 11096 a
 -0.05014253 -0.059297144 -0.07087337 11290 g
 9.640103 1.8547581 -0.35598788 11293 a
 -0.01525512 -0.033198167 -0.0018975022 11490 g
 9.661652 1.9589059 -0.22011691 11494 a
 0.014039652 0.04003876 0.011684619 11693 g
 9.628133 1.8122611 -0.1237503 11696 a
 0.042002846 0.046696667 0.07160574 11890 g
 9.628133 2.0115783 -0.2889502 11894 a
 -0.052006744 -0.06888452 -0.075134434 12087 g
 9.6 1.8194437 -0.3302502 12092 a
 -0.010195113 -0.016952885 0.0026298715 12291 g
 9.653272 1.9265841 -0.2709937 12295 a
 0.0012564794 0.02858717 -0.0048269792 12491 g
 9.613169 1.8008885 -0.10399814 12494 a
 0.04573127 0.05947984 0.08279102 12691 g
 9.602993 1.9750668 -0.2781763 12695 a
 -0.048810948 -0.064357154 -0.07140601 12887 g
 9.671228 1.8900726 -0.36376902 12906 a
 -0.008064585 -0.024409736 -8.322378E-4 13089 g
 9.659856 1.9613001 -0.36376902 13093 a
 -0.0032708945 0.010211359 -0.004294347 13291 g
 9.595811 1.8320132 -0.1297358 13295 a
 0.038540736 0.06027879 0.06494784 13499 g
 9.631723 1.9577088 -0.29673138 13503 a
 -0.030435137 -0.04678029 -0.03625228 13691 g
 9.595212 1.9170073 -0.30151978 13695 a
 -0.009662481 -0.023877103 -0.0141480435 13892 g
 9.585635 2.0283377 -0.21413141 13895 a
 -0.004602475 0.010211359 -0.0045606634 14090 g
 9.562292 1.9768624 -0.29613283 14094 a
 -0.007265636 -0.037459224 0.0074235615 14292 g
 9.538948 1.9660885 -0.755221 14296 a
 -0.045881473 -0.15064357 -0.013082779 14492 g
 9.570672 2.0055928 -0.9850644 14496 a
 -0.048810948 -0.14638251 -0.017610153 14694 g
 9.540744 2.0852 -0.79652095 14699 a
 -0.004069843 0.03338086 -0.0058922437 14892 g
 9.496451 1.9217957 -0.75821376 14896 a
 0.016436497 0.04243561 0.009021458 15091 g
 9.604191 2.0552726 -0.47809216 15095 a
 0.08647764 0.1729305 0.015146729 15293 g
 9.574263 2.1031566 -0.14170681 15297 a
 0.1008587 0.09037251 -0.0016311861 15491 g
 9.589826 2.0103812 -0.34521395 15495 a
 0.0063164853 -0.0020391825 0.0015646071 15692 g
 9.613768 2.0564697 -0.30151978 15696 a
 -0.02617408 -0.010561298 -2.9960563E-4 15895 g
 9.5988035 1.9804537 -0.43918636 15900 a
 -0.04002252 -0.024942368 -0.011751198 16093 g
 9.503634 2.174384 -0.26680386 16096 a
 -0.020048808 0.013407152 -0.012550146 16293 g
 9.59162 1.9816508 -0.33922845 16297 a
 0.0033870083 0.00808083 0.024201477 16500 g
 9.606585 1.8703204 -0.2662053 16504 a
 0.039339684 0.04589772 0.09024787 16693 g
 9.559897 1.7733552 -0.19018939 16697 a
 0.022828083 0.0070155654 0.046305712 16893 g
 9.674221 2.0247464 -0.5056255 16897 a
 -0.0695836 -0.074477166 -0.119875535 17096 g
 9.499444 2.1270986 -0.3338415 17101 a
 -0.02617408 -0.036660276 -0.030925957 17294 g
 9.529371 2.1013608 -0.52178633 17297 a
 -0.010195113 -0.03985607 0.0039614523 17494 g
 9.580249 2.0702362 -0.55949503 17497 a
 -0.0077982685 -0.025208684 0.004227768 17696 g
 9.57127 2.1229088 -0.44457334 17701 a
 -0.004868791 0.03125033 -0.003495399 17894 g
 9.643695 2.033126 -0.5379472 17898 a
 0.007914382 0.0030208237 0.011684619 18094 g
 9.5670805 1.9804537 -0.30271688 18098 a
 0.041203894 0.07013248 0.07932891 18293 g
 9.595212 1.9152117 -0.31528643 18297 a
 0.018833343 0.016070314 0.024467792 18493 g
 9.638308 2.0857985 -0.52777183 18497 a
 -0.05067516 -0.074210845 -0.09164603 18693 g
 9.588628 2.0726304 -0.45654434 18697 a
 -0.0035372106 3.5766253E-4 -0.0024301345 18897 g
 9.55092 2.1169233 -0.5343559 18902 a
 -8.7404944E-4 -0.022279207 0.003695136 19095 g
 9.565285 2.0780175 -0.49724576 19099 a
 -0.006733004 6.239786E-4 4.993427E-4 19295 g
 9.541942 2.1528363 -0.4499603 19300 a
 -0.004868791 0.017401893 -0.006424876 19498 g
 9.576058 2.0277393 -0.34641105 19502 a
 0.015371233 0.030984014 0.04364255 19695 g
 9.549124 1.936161 -0.25602993 19700 a
 0.028154407 0.051224038 0.06468152 19895 g
 9.554511 1.9511248 -0.3338415 19900 a
 -0.011260377 -0.016952885 -0.017876469 20099 g
 9.544934 2.1151276 -0.51101243 20103 a
 -0.05094148 -0.0867277 -0.08179233 20296 g
 9.579051 2.0881927 -0.5451298 20300 a
 0.002854376 -0.0039033953 0.008755142 20496 g
 9.560496 2.0965724 -0.5732617 20500 a
 -0.0014066817 -0.013224459 0.0039614523 20699 g
 9.565884 2.1354783 -0.4487632 20703 a
 -0.004069843 0.012608203 -0.0018975022 20896 g
 9.557504 2.0768204 -0.576853 20901 a
 -8.7404944E-4 -0.009496033 0.003695136 21096 g
 9.574862 2.1115363 -0.52657473 21101 a
 1.9121496E-4 0.0078145135 0.0020972393 21300 g
 9.54673 1.9792566 -0.3314473 21303 a
 0.042002846 0.06933353 0.08066049 21497 g
 9.548525 1.9816508 -0.36496612 21501 a
 0.0023217439 0.0051513524 0.008755142 21697 g
 9.556307 2.148048 -0.51101243 21701 a
 -0.04375094 -0.070216104 -0.07699864 21898 g
 9.581446 2.0516813 -0.5840356 21902 a
 -0.006200372 -0.013757091 0.0060919807 22097 g
 9.674221 1.9648914 -0.5499182 22102 a
 0.00258806 0.010211359 0.010619354 22297 g
 9.58803 1.9337668 -0.5104139 22302 a
 0.02655651 0.034179807 0.056425724 22501 g
 9.589826 2.2061071 -0.4098574 22504 a
 -0.030168822 -0.025741316 -0.06554705 22698 g
 9.515006 2.0181625 -0.45534724 22702 a
 -0.004602475 9.1346425E-5 0.014880412 22898 g
 9.607183 1.9780595 -0.5128081 22902 a
 -0.0032708945 -0.018284464 0.007956194 23101 g
 9.535357 2.1845593 -0.51220953 23105 a
 0.0036533244 -0.005234976 -0.02799648 23294 g
 9.569474 2.0792146 -0.64209497 23298 a
 -3.4141724E-4 -0.043584496 -0.0077564567 23499 g
 9.458743 2.1486464 -0.7007529 23510 a
 0.0012564794 -0.039323438 -0.03145859 23709 g
 9.505429 2.441936 -0.8551789 23712 a
 0.009778595 -0.06941716 -0.052497562 23901 g
 9.513809 2.3054667 -0.8797195 23906 a
 -0.014722487 -1.7496968E-4 -0.018675417 24099 g
 9.456947 2.3826797 -0.79292965 24103 a
 -0.01179301 0.015537681 -0.021072261 24302 g
 9.569474 2.4269724 -0.8551789 24306 a
 -0.004602475 -0.008430769 -0.017610153 24500 g
 9.386917 2.4987984 -0.6019921 24503 a
 -0.030168822 0.041370343 -0.01920805 24700 g
 9.435399 2.4096143 -0.89348614 24704 a
 0.030284936 -0.07847191 0.012749883 24903 g
 9.492262 2.3467665 -0.9132383 24906 a
 -0.0035372106 -0.028404476 0.009021458 25100 g
 9.408464 2.4718635 -0.8420108 25104 a
 -0.008064585 0.023260849 -0.0024301345 25300 g
 9.422231 2.2815247 -0.6995558 25304 a
 0.017768078 0.027521905 0.056425724 25502 g
 9.480889 2.180968 -0.595408 25506 a
 0.060378656 0.08664408 0.09823735 25701 g
 9.522189 2.4006362 -0.85877025 25704 a
 -0.032565664 -0.07261295 -0.085254446 25901 g
 9.445575 2.380884 -1.0030209 25905 a
 -0.021114074 -0.09871193 -0.05196493 26103 g
 9.425822 2.4401405 -0.93119484 26107 a
 -0.012591958 0.016070314 -0.0021638183 26301 g
 9.421633 2.5143607 -0.7989152 26305 a
 -0.014722487 0.013407152 -0.0045606634 26501 g
 9.506028 2.3904607 -1.0449194 26505 a
 0.019099658 -0.023610787 0.02739727 26702 g
 9.38153 2.2055087 -0.6211457 26706 a
 0.029752303 0.12419465 0.095840506 26902 g
 9.4874735 2.4078188 -0.8928876 26905 a
 -0.017119331 -0.05903083 -0.06687863 27102 g
 9.409063 2.4545057 -0.99643683 27105 a
 -0.010461429 -0.08486349 -0.0498344 27304 g
 9.461736 2.4682722 -0.98566294 27307 a
 -0.020847758 0.024059797 -0.0072238245 27502 g
 9.4479685 2.5377042 -0.9874586 27506 a
 -0.0083309 0.0056839846 -0.0016311861 27702 g
 9.434202 2.2827218 -0.77497315 27706 a
 0.02788809 0.06001247 0.08918261 27904 g
 9.433005 2.4922144 -0.85697454 27908 a
 -0.020847758 -0.02334447 -0.051432297 28102 g
 9.447371 2.495207 -0.97429043 28106 a
 -0.010195113 -0.05636767 -0.04184492 28302 g
 9.428217 2.4928129 -1.02816 28305 a
 -0.006733004 -0.008430769 -0.0016311861 28503 g
 9.437195 2.5484781 -0.96231943 28514 a
 -0.00699932 0.02113032 -0.0021638183 28703 g
 9.4318075 2.5371056 -1.010802 28706 a
 -0.0011403656 -0.006033924 0.0015646071 28903 g
 9.402479 2.4987984 -0.91263974 28906 a
 -0.0011403656 0.015803996 0.010353039 29105 g
 9.442582 2.3916578 -0.88031805 29109 a
 0.014572285 0.029119803 0.051099405 29304 g
 9.416844 2.4664767 -0.94675714 29307 a
 0.00258806 -0.027072897 -0.0082890885 29503 g
 9.450961 2.4999955 -1.1454759 29506 a
 0.0041859564 -0.054769773 -0.035719648 29705 g
 9.401282 2.499397 -1.0209774 29710 a
 -0.009396165 0.010743991 -0.00136487 29903 g
 9.373749 2.5664346 -0.96231943 29907 a
 -0.007531952 0.011809255 -0.004028031 30103 g
 9.43121 2.495207 -1.0856209 30107 a
 1.9121496E-4 -0.016420253 0.0020972393 30305 g
 9.429414 2.5281274 -1.0335469 30312 a
 -0.0019393138 0.003553456 0.0010319749 30503 g
 9.501839 2.4706664 -1.146673 30507 a
 -0.00220563 0.0027545076 0.0074235615 30704 g
 9.45156 2.3880665 -0.9533412 30707 a
 0.014039652 0.05655036 0.06840995 30906 g
 9.4713125 2.53531 -1.1035774 30911 a
 -0.007265636 -0.06488978 -0.058090203 31104 g
 9.4000845 2.4999955 -1.074847 31108 a
 -0.016320383 -0.018284464 -0.017343836 31304 g
 9.378537 2.6053405 -1.0550947 31308 a
 -0.0014066817 -4.4128578E-4 -0.0021638183 31507 g
 9.422231 2.529923 -1.141286 31511 a
 0.0012564794 -0.019882362 2.330266E-4 31703 g
 9.387515 2.553865 -1.0886136 31707 a
 -0.006200372 0.0043524043 -0.00136487 31903 g
 9.318682 2.3234231 -0.6815993 31907 a
 0.030018618 0.07625775 0.109955266 32104 g
 9.44318 2.4934115 -1.1975498 32107 a
 -0.018983545 -0.07580874 -0.07779759 32305 g
 9.378537 2.5867853 -1.0527005 32309 a
 -0.00699932 -0.01109393 -0.02400174 32505 g
 9.408464 2.5490766 -1.2143092 32509 a
 0.004452273 -0.022012891 0.0010319749 32708 g
 9.409661 2.5448868 -1.2167034 32712 a
 -0.0056677395 0.0022218754 -0.001098554 32902 g
 9.394099 2.5999534 -1.1628338 32907 a
 -0.0024719462 0.0072818813 2.330266E-4 33105 g
 9.402479 2.5526679 -1.1059716 33110 a
 0.005783853 0.0075481976 0.022603579 33308 g
 9.450363 2.4030304 -1.1514614 33312 a
 0.014305969 0.025391378 0.04231097 33506 g
 9.409063 2.5377042 -1.105373 33510 a
 -0.014456171 -0.01109393 -0.029328061 33706 g
 9.421034 2.5119665 -1.171812 33711 a
 -0.0051351073 -0.023078155 -0.022137526 33909 g
 9.416844 2.4389434 -1.1125556 33913 a
 0.013240704 0.028853485 0.04177834 34106 g
 9.470714 2.4323592 -1.1059716 34110 a
 0.0055175372 0.0142061 0.022337263 34306 g
 9.415049 2.5089738 -1.1670237 34311 a
 -0.0165867 -0.027339213 -0.043442816 34511 g
 9.404873 2.5556607 -1.1472715 34514 a
 -8.7404944E-4 -0.01242551 -0.010419617 34707 g
 9.4000845 2.4054246 -1.0413281 34712 a
 0.0148386005 0.034978755 0.05802362 34907 g
 9.396494 2.4521115 -1.0485107 34911 a
 -0.005401423 0.0027545076 -0.0058922437 35110 g
 9.406669 2.5760114 -1.2047324 35114 a
 -0.012325642 -0.039589755 -0.048236504 35307 g
 9.42283 2.5389013 -1.1664251 35312 a
 -0.0043361587 0.0048850365 0.001298291 35507 g
 9.394698 2.5442882 -1.1801918 35512 a
 -6.077334E-4 -0.0041697114 4.993427E-4 35711 g
 9.37315 2.5400984 -1.141286 35714 a
 -0.0011403656 9.1346425E-5 0.001298291 35907 g
 9.383924 2.5598505 -1.1807903 35912 a
 -8.7404944E-4 -0.0028381308 0.0015646071 36107 g
 9.392902 2.5532665 -1.158644 36112 a
 -6.077334E-4 0.001422927 0.0010319749 36311 g
 9.416245 2.5628433 -1.1538556 36315 a
 -8.7404944E-4 -7.076019E-4 0.0018309233 36508 g
 9.403077 2.5598505 -1.1406875 36512 a
 -0.0014066817 -9.73918E-4 0.0018309233 36708 g
 9.413852 2.5077767 -1.0072107 36713 a
 0.010044911 0.03338086 0.043908868 36912 g
 9.40188 2.4557028 -1.1071687 36915 a
 -8.7404944E-4 -0.0023054986 0.0050267167 37109 g
 9.388712 2.555062 -1.2155063 37113 a
 -0.012591958 -0.03239922 -0.045573343 37309 g
 9.394099 2.5077767 -1.2202947 37313 a
 0.002854376 -0.011360246 0.0026298715 37512 g
 9.408464 2.5628433 -1.194557 37516 a
 -0.0027382623 0.006482933 0.0015646071 37701 g
 9.379734 2.5574563 -1.0945991 37703 a
 -0.0051351073 0.013407152 0.006624613 37908 g
 9.406669 2.5287259 -1.18917 37912 a
 0.0012564794 -0.013490775 -0.001098554 38112 g
 9.435399 2.546084 -1.1484686 38116 a
 0.0041859564 0.010477674 0.013815148 38310 g
 9.427019 2.4586954 -1.0856209 38314 a
 0.0089796465 0.024059797 0.039914127 38510 g
 9.407268 2.4652796 -1.1484686 38523 a
 -0.0043361587 -9.73918E-4 -0.0045606634 38713 g
 9.4240265 2.584391 -1.2304701 38716 a
 -0.0136572225 -0.0321329 -0.04291018 38911 g
 9.421034 2.5454853 -1.2262802 38914 a
 0.0023217439 -0.014289724 -5.659217E-4 39110 g
 9.374347 2.4910173 -1.0700585 39114 a
 0.0039196406 0.032848228 0.033788856 39312 g
 9.380333 2.5574563 -1.0963948 39316 a
 -0.007265636 -0.00976235 -0.014680675 39511 g
 9.400683 2.517952 -1.1981484 39515 a
 -0.0014066817 -0.018018149 -0.013615411 39711 g
 9.430611 2.4748564 -1.0922049 39715 a
 0.007914382 0.041902974 0.04577308 39913 g
 9.426421 2.4257753 -1.117344 39917 a
 0.00738175 0.008879778 0.025533056 40111 g
 9.427019 2.5203462 -1.1251252 40115 a
 -0.011260377 -0.025208684 -0.03412175 40312 g
 9.385719 2.636465 -1.1442788 40315 a
 -0.009396165 -0.025208684 -0.03145859 40513 g
 9.394099 2.5604491 -1.2496237 40517 a
 0.0039196406 -0.019083412 7.656588E-4 40712 g
 9.383924 2.584391 -1.1861773 40716 a
 -0.004069843 0.011542939 0.0020972393 40912 g
 9.379734 2.5969605 -1.1795932 40916 a
 -0.004602475 0.00461872 -2.9960563E-4 41114 g
 9.387515 2.4946086 -1.1676222 41118 a
 0.0065828017 0.013673468 0.029527798 41312 g
 9.417442 2.4718635 -1.0957962 41316 a
 0.0060501695 0.022728216 0.026598321 41512 g
 9.391107 2.4916158 -1.1574469 41516 a
 -0.0064666877 -0.018284464 -0.019474365 41707 g
 9.392902 2.6005518 -1.134702 41716 a
 -0.0083309 -0.015354988 -0.026398584 41913 g
 9.402479 2.5269303 -1.2155063 41916 a
 0.005251221 -0.0012402341 0.0130162 42113 g
 9.406669 2.4521115 -1.1484686 42116 a
 0.007648066 0.026989274 0.037783597 42312 g
 9.38991 2.5065796 -1.0820296 42316 a
 -0.007265636 0.00941241 -0.0016311861 42512 g
 9.387515 2.5119665 -1.1730092 42516 a
 -0.0027382623 -0.02414342 -0.020805946 42708 g
 9.426421 2.4036288 -1.1335049 42722 a
 0.009245963 0.01899979 0.034055173 42915 g
 9.374347 2.397045 -1.070657 42920 a
 -0.008863533 0.014472417 -0.00136487 43106 g
 9.432406 2.608333 -1.0940006 43108 a
 -0.023244603 -0.021480259 -0.04450808 43310 g
 9.385719 2.5514708 -1.1400889 43313 a
 -0.0030045784 -0.0073655047 -0.0077564567 43515 g
 9.404873 2.4928129 -1.1388918 43520 a
 0.021230187 0.017135577 0.036452018 43713 g
 9.434801 2.4497173 -1.1670237 43717 a
 0.01830071 0.001422927 0.0361857 43913 g
 9.421034 2.4245782 -1.0754455 43917 a
 0.004984905 0.020065054 0.023402527 44116 g
 9.408464 2.4269724 -1.1269208 44123 a
 4.5753107E-4 -0.017485516 -0.008022773 44312 g
 9.3917055 2.6137202 -1.2364556 44316 a
 -0.028570924 -0.041720282 -0.0746018 44514 g
 9.376741 2.5365071 -1.2514193 44517 a
 -7.510114E-5 -0.008963401 -0.0018975022 44716 g
 9.430611 2.4545057 -1.1688193 44721 a
 0.012441756 0.027521905 0.044707816 44914 g
 9.422231 2.4281695 -1.0718541 44918 a
 0.0089796465 0.034978755 0.03911518 45110 g
 9.450363 2.363526 -1.1448773 45114 a
 0.0036533244 -0.005767608 0.007956194 45317 g
 9.427019 2.4760535 -1.2352585 45322 a
 -0.01791828 -0.026540264 -0.049035452 45513 g
 9.36058 2.631078 -1.0951977 45517 a
 -0.013390906 -0.008963401 -0.030925957 45715 g
 9.416844 2.5215433 -1.2933178 45719 a
 0.008180698 -0.020148678 0.0114183035 45917 g
 9.41864 2.458097 -1.1179426 45922 a
 0.00738175 0.048560876 0.048968874 46115 g
 9.411457 2.5083752 -1.086818 46120 a
 -0.006200372 -0.0070991884 -0.010153302 46315 g
 9.397092 2.5622447 -1.2262802 46319 a
 -0.010994062 -0.03506238 -0.041578602 46520 g
 9.403077 2.4533086 -1.1251252 46523 a
 0.007648066 0.034978755 0.04257729 46715 g
 9.440187 2.458097 -1.1179426 46723 a
 0.004984905 0.0048850365 0.01994042 46915 g
 9.400683 2.5706244 -1.2304701 46920 a
 -0.017385649 -0.040122386 -0.053829145 47118 g
 9.385121 2.5855882 -1.2514193 47122 a
 -0.006200372 -0.016686568 -0.013082779 47316 g
 9.416844 2.5891795 -1.3058873 47320 a
 0.004452273 -0.009229718 0.0026298715 47518 g
 9.365369 2.6065376 -1.1873744 47522 a
 -0.006733004 0.008347145 -5.659217E-4 47719 g
 9.362376 2.5915737 -1.2681787 47723 a
 -0.0024719462 -0.0041697114 -8.322378E-4 47916 g
 9.3761425 2.4880245 -1.1275194 47921 a
 0.010044911 0.037375603 0.044974133 48116 g
 9.415049 2.4730606 -1.0850223 48121 a
 0.007115434 0.021396635 0.029794114 48315 g
 9.408464 2.4970028 -1.2095208 48319 a
 -0.009928797 -0.028404476 -0.03279017 48517 g
 9.345616 2.635268 -1.1861773 48532 a
 -0.009662481 -0.02334447 -0.03199122 48717 g
 9.394698 2.5748143 -1.3016975 48724 a
 0.004984905 -0.016153935 0.0026298715 48920 g
 9.394099 2.5520694 -1.2232875 48924 a
 -0.004868791 0.015537681 0.0020972393 49117 g
 9.367165 2.648436 -1.2155063 49122 a
 -0.006200372 0.0038197718 -0.004028031 49317 g
 9.409661 2.5802011 -1.1939584 49322 a
 0.0039196406 0.013140836 0.02526674 49521 g
 9.385121 2.4395418 -1.1143513 49525 a
 0.010044911 0.034446124 0.0444415 49718 g
 9.433005 2.5604491 -1.1592425 49722 a
 -0.009662481 -0.025741316 -0.031724907 49918 g
 9.441384 2.5688288 -1.3328222 49922 a
 4.5753107E-4 -0.039323438 -0.025865952 50121 g
 9.342026 2.6101289 -1.1849802 50125 a
 -0.017119331 0.013140836 -0.0032290828 50316 g
 9.402479 2.6376622 -1.3190556 50320 a
 1.9121496E-4 -0.0148223555 -0.0048269792 50519 g
 9.362376 2.6460419 -1.1736077 50523 a
 -0.0035372106 0.006482933 7.656588E-4 50722 g
 9.387515 2.6035447 -1.2759598 50725 a
 -0.0024719462 -0.008164453 4.993427E-4 50915 g
 9.361777 2.6586113 -1.2592005 50919 a
 -0.009396165 -0.02068131 -0.0074901404 51120 g
 9.369558 2.5586534 -1.4483424 51123 a
 -0.008863533 -0.028404476 -0.0050932956 51322 g
 9.443779 2.522142 -1.1909657 51325 a
 0.028420722 0.07439354 0.091845766 51520 g
 9.404873 2.6388593 -1.3286324 51523 a
 -0.016320383 -0.053970825 -0.069275476 51720 g
 9.356391 2.6382606 -1.3172598 51724 a
 -0.006200372 0.0011566109 -0.010153302 51920 g
 9.365369 2.5610476 -1.1424831 51924 a
 0.014039652 0.026989274 0.047637295 52120 g
 9.373749 2.5227404 -1.1993455 52124 a
 0.004452273 0.011542939 0.013815148 52315 g
 9.37315 2.5879824 -1.3046902 52319 a
 -0.013124591 -0.026007632 -0.04530703 52522 g
 9.4318075 2.5873837 -1.3711294 52526 a
 0.0068491176 -0.008697085 4.993427E-4 52721 g
 9.408464 2.6262896 -1.2735656 52724 a
 -0.0107277455 0.014472417 -0.0029627667 52920 g
 9.343223 2.684349 -1.2376527 52924 a
 -0.0056677395 0.001422927 -0.0053596115 53123 g
 9.382727 2.6466403 -1.278354 53126 a
 -6.077334E-4 -0.008963401 0.0010319749 53321 g
 9.33185 2.6238954 -1.2364556 53325 a
 -0.0024719462 0.0072818813 2.330266E-4 53516 g
 9.372552 2.636465 -1.2502222 53520 a
 9.901633E-4 -0.005767608 0.001298291 53723 g
 9.426421 2.607136 -1.348983 53727 a
 0.014039652 -7.076019E-4 0.020206735 53922 g
 9.512612 2.4078188 -1.3046902 53925 a
 0.028420722 0.04962614 0.08838366 54122 g
 9.422231 2.2324433 -1.0491092 54125 a
 0.045997586 0.058148257 0.08119313 54322 g
 9.4874735 2.1833622 -1.0676643 54325 a
 0.013240704 0.009678726 0.030593064 54524 g
 9.483283 2.0456958 -1.0742484 54527 a
 0.028154407 0.011809255 0.06015415 54722 g
 9.449166 2.013374 -0.95154554 54726 a
 0.00871333 0.017401893 0.03219096 54922 g
 9.363573 2.0020015 -0.91383684 54926 a
 -0.0030045784 -0.018018149 -0.015479623 55122 g
 9.472509 1.9301754 -1.0191817 55126 a
 0.013773336 0.02379348 0.04097939 55323 g
 9.537751 2.0127754 -1.0203788 55326 a
 0.0033870083 3.5766253E-4 -0.003495399 55523 g
 9.565884 1.9630958 -1.0556933 55527 a
 -0.0035372106 0.008347145 0.0026298715 55722 g
 9.492262 2.0504842 -1.0119991 55726 a
 -0.0083309 -0.019882362 -0.029061746 55922 g
 9.4395895 2.3467665 -1.2867337 55926 a
 -0.04454989 -0.101108775 -0.11881027 56120 g
 9.32347 2.5927708 -1.4046482 56124 a
 -0.07038255 -0.10856563 -0.12626712 56323 g
 9.277382 2.5377042 -1.544709 56327 a
 -0.0027382623 -0.04678029 -0.001098554 56522 g
 9.294142 2.6023476 -1.3920786 56526 a
 -0.022445654 0.00808083 -0.01095225 56725 g
 9.382129 2.5802011 -1.6368858 56730 a
 -0.0014066817 -0.021480259 -0.003761715 56923 g
 9.273192 2.7166708 -1.3394063 56927 a
 -0.02271197 0.025391378 -0.0141480435 57123 g
 9.314492 2.6005518 -1.4836569 57127 a
 7.238472E-4 -0.018284464 -0.004028031 57326 g
 9.327661 2.6687868 -1.4956279 57330 a
 -3.4141724E-4 -0.0012402341 -0.0018975022 57523 g
 9.312696 2.6819549 -1.4788685 57527 a
 -0.0035372106 0.001422927 -2.9960563E-4 57722 g
 9.307908 2.6699839 -1.4992192 57726 a
 -0.0014066817 -0.003104447 -3.3289514E-5 57926 g
 9.314492 2.65502 -1.4686931 57931 a
 -0.0011403656 -4.4128578E-4 0.0010319749 58124 g
 9.305513 2.690933 -1.4902409 58128 a
 -0.0011403656 9.1346425E-5 0.0015646071 58324 g
 9.30312 2.6436477 -1.4710873 58328 a
 -0.0011403656 0.0038197718 0.0023635554 58523 g
 9.33604 2.6741736 -1.527351 58527 a
 9.901633E-4 -0.00976235 2.330266E-4 58723 g
 9.310901 2.6370635 -1.532738 58726 a
 -7.510114E-5 -0.008164453 4.993427E-4 58923 g
 9.303719 2.6334722 -1.4992192 58927 a
 -0.0019393138 6.239786E-4 0.001298291 59127 g
 9.322872 2.6616042 -1.5183728 59138 a
 -8.7404944E-4 -0.003370763 -3.3289514E-5 59327 g
 9.301324 2.6765678 -1.5219641 59334 a
 -8.7404944E-4 -0.0039033953 0.0010319749 59525 g
 9.319879 2.678962 -1.5369278 59529 a
 -6.077334E-4 -9.73918E-4 0.0010319749 59728 g
 9.299528 2.6693852 -1.5195699 59732 a
 -0.0014066817 0.0011566109 0.0020972393 59925 g
 9.342624 2.6526258 -1.5189713 59930 a
 -7.510114E-5 -0.0015065502 0.001298291 60271 g
