 0.013765081 0.012233763 -0.048752625 8 g
 7.0132155 7.1115274 0.43544543 10 a
 0.015096661 -0.3177319 -0.15474644 105 g
 7.123947 6.8367925 0.28161797 107 a
 -0.08743504 -0.33477613 -0.18031278 311 g
 6.799533 6.65603 -0.27922377 318 a
 -0.08397293 -0.25674552 -0.0929611 515 g
 6.287772 7.3293996 0.015861586 520 a
 0.015895609 -0.09162952 -0.20481387 713 g
 7.3083005 6.7673607 0.36661214 717 a
 -0.09862032 0.08813386 0.118760206 911 g
 6.576872 6.479458 1.1357495 916 a
 -0.18623832 0.4479269 0.22075927 1115 g
 7.149685 5.9252005 1.0699089 1119 a
 0.10111676 0.047653805 0.15125076 1313 g
 6.9168487 7.070227 0.17926586 1317 a
 0.06942514 -0.3012203 -0.047687363 1514 g
 7.7997108 6.3471785 -0.76764095 1518 a
 0.07421884 -0.37472355 0.096922286 1715 g
 7.3166804 6.4890347 -0.28760347 1719 a
 -0.0048770467 -0.07565055 0.04605591 1914 g
 7.5231805 6.279542 -0.79397714 1918 a
 0.035336684 -0.14782222 0.06043698 2114 g
 7.439982 6.2855277 -0.56173956 2118 a
 -0.012333898 -0.012533635 0.0034453315 2316 g
 7.4830775 6.290316 -0.9244611 2319 a
 0.044125117 -0.084971614 0.019424299 2515 g
 7.483676 6.302287 -0.83886844 2519 a
 -0.0048770467 0.004510596 0.010635867 2714 g
 7.541735 6.095787 -0.44502226 2718 a
 -0.022720225 0.15125076 0.10251492 2913 g
 7.53575 5.747431 -0.14574704 2916 a
 -0.009404421 0.14406024 0.10810756 3114 g
 7.5112095 5.955726 -0.087089084 3118 a
 -0.0189918 0.044458013 -0.0042778356 3313 g
 7.5824366 6.2490163 -0.9657611 3317 a
 0.029744048 -0.28843713 -0.12412009 3516 g
 7.5614877 6.234651 -0.67306995 3521 a
 -0.01419811 0.036734845 0.035403263 3714 g
 7.6410947 6.0311437 -0.5318121 3718 a
 -0.0064749434 0.072953835 0.043392748 3914 g
 7.5668745 6.2334538 -0.77602065 3918 a
 9.819075E-4 -0.1294464 -0.06340001 4111 g
 7.5626845 6.1873655 -0.82510173 4115 a
 -6.1598915E-4 -0.015729427 0.0082390215 4332 g
 7.5650787 6.1568394 -0.7484873 4336 a
 -0.0043444145 0.011967447 0.005043228 4515 g
 7.575853 6.157438 -0.84245974 4518 a
 0.012167184 -0.0072073126 0.009836918 4720 g
 7.663241 6.193949 -0.75387424 4724 a
 -0.005143363 0.041528534 0.027680097 4916 g
 7.6410947 6.0862103 -0.7353192 4921 a
 -0.004610731 -5.494101E-4 0.0037116476 5115 g
 7.603386 6.1975408 -0.79996264 5116 a
 0.0020471718 -0.039964195 -0.027447337 5322 g
 7.553706 6.174197 -0.73472065 5325 a
 0.0017808558 0.011701131 0.007173757 5517 g
 7.5962033 6.205322 -0.74310035 5522 a
 0.016694557 0.0260822 0.02821273 5717 g
 7.6961613 5.961712 -0.5880758 5722 a
 -8.8230526E-4 0.048985384 0.031408522 5920 g
 7.65127 6.0844145 -0.56054246 5924 a
 -0.007806524 0.037533794 5.158543E-4 6117 g
 7.741651 6.0341363 -0.66349316 6122 a
 -0.012333898 -2.8309404E-4 -5.494101E-4 6319 g
 7.6111674 6.1730003 -0.41210195 6324 a
 -0.03816656 0.048452754 -0.009870474 6521 g
 7.6333137 5.6504655 -0.33309332 6524 a
 -0.027513916 0.0058421763 0.008505338 6717 g
 7.593809 6.1317 -0.41748893 6723 a
 -0.024051806 -0.017859956 -0.029311549 6918 g
 7.6231384 6.2029276 -0.49889177 6923 a
 0.013232448 0.007972705 -0.020256802 7121 g
 7.542334 6.2107086 -0.6108207 7125 a
 0.027080886 -0.089232676 -0.013066268 7318 g
 7.5884223 6.186168 -0.58867437 7322 a
 -0.0038117825 -0.033039976 0.0015811187 7519 g
 7.52737 6.1993365 -0.6952163 7523 a
 0.014564029 -0.016794693 0.0010484866 7722 g
 7.5136037 6.173599 -0.798167 7725 a
 -0.026182335 -0.10867375 0.01516324 7919 g
 7.5962033 6.1658177 -1.0411785 7923 a
 0.0124335 -0.078313716 0.015695872 8119 g
 7.581838 6.152051 -0.9035119 8123 a
 -0.002480202 0.03300642 0.0042442796 8321 g
 7.539341 6.1753945 -0.8939351 8325 a
 0.012167184 -0.014131531 -0.0010820423 8520 g
 7.5722613 6.154445 -0.9777321 8524 a
 0.010036655 -0.012001003 0.002380067 8719 g
 7.6003933 6.199935 -0.99030167 8723 a
 0.013232448 -0.014664164 7.821704E-4 8922 g
 7.595605 6.1909566 -0.9693524 8926 a
 0.00897139 0.03513695 0.0010484866 9120 g
 7.5788455 6.1514525 -1.029806 9124 a
 -6.1598915E-4 0.0077063893 0.0013148027 9317 g
 7.28795 6.362142 -0.8502409 9322 a
 0.0057755974 -0.0367684 7.821704E-4 9523 g
 7.514202 6.1287074 -1.2566566 9527 a
 0.021754565 -0.044491567 0.009570602 9721 g
 7.6027875 6.1753945 -0.89573073 9725 a
 -0.031774975 0.09798755 0.0077063893 9921 g
 7.5974007 6.1526494 -0.947206 9924 a
 -0.01845917 -0.02451786 -0.0018809907 10122 g
 7.5968018 6.190358 -1.0208278 10131 a
 -0.02032338 -0.035170503 -0.002946255 10323 g
 7.603985 6.147861 -1.0489596 10326 a
 -0.0016812535 -0.0285126 0.0013148027 10521 g
 7.5722613 6.142474 -0.9071032 10525 a
 -0.017127588 0.019424299 0.0026463831 10724 g
 7.581838 6.1472626 -0.947206 10727 a
 -6.1598915E-4 0.002380067 0.0015811187 10921 g
 7.597999 6.1484594 -1.0238205 10925 a
 0.021754565 -0.0013483585 0.002113751 11122 g
 7.5746555 6.0868087 -0.9364321 11126 a
 0.0020471718 0.010103234 0.0013148027 11321 g
 7.565677 6.120328 -0.9897031 11325 a
 0.0041777007 -0.0053431 0.0015811187 11522 g
 7.5572977 6.1179338 -0.9657611 11526 a
 -0.0019475697 0.004776912 0.0026463831 11722 g
 7.5764513 6.123919 -0.9759365 11726 a
 0.0049766493 0.005043228 0.0037116476 11923 g
 7.6614456 6.1029696 -0.9412205 11927 a
 -0.014730743 0.055376973 0.009570602 12117 g
 7.5842323 6.1963434 -0.75028294 12121 a
 -0.023252858 0.0260822 -0.0034788873 12322 g
 7.565677 6.095787 -1.0166379 12326 a
 0.012167184 -0.11027165 0.0039779637 12523 g
 7.6345105 6.041319 -1.1525089 12527 a
 0.0065745455 -0.004544152 5.158543E-4 12723 g
 7.6027875 6.117335 -0.9747394 12727 a
 -6.1598915E-4 0.005309544 0.0029126992 12923 g
 7.626131 6.0969844 -1.0423756 12927 a
 0.0017808558 -0.004810468 0.0013148027 13123 g
 7.5968018 6.1364884 -1.0196307 13127 a
 0.0033787524 -0.0013483585 5.158543E-4 13323 g
 7.5908165 6.1287074 -0.9944915 13327 a
 -0.004610731 0.0029126992 0.0018474348 13523 g
 7.583634 6.089203 -1.0339959 13527 a
 0.0036450685 2.495382E-4 0.0042442796 13724 g
 7.5884223 6.1628246 -0.9448118 13728 a
 -0.002480202 0.012766395 0.0015811187 13923 g
 7.5525093 6.077831 -0.947206 13927 a
 1.8295916E-4 -0.0024136228 0.0013148027 14120 g
 7.5590935 6.1005754 -0.9376292 14124 a
 -0.002480202 0.00903797 0.004776912 14324 g
 7.6213427 6.078429 -0.9478046 14327 a
 0.009770339 0.009836918 0.010103234 14523 g
 7.6428905 6.044312 -1.0250176 14526 a
 0.002313488 -0.0053431 0.008771653 14723 g
 7.6291237 6.077831 -1.0369886 14727 a
 0.0036450685 -0.0069409967 0.0010484866 14923 g
 7.61835 6.105364 -1.0322002 14927 a
 0.012966133 -0.010403106 -1.6777914E-5 15122 g
 7.5854297 6.105364 -1.1453263 15134 a
 0.018026138 -0.025849441 -0.0018809907 15322 g
 7.8104844 5.9485435 -1.0489596 15326 a
 0.009237707 0.044458013 0.06523067 15524 g
 7.991845 5.680393 -0.8861539 15528 a
 0.01722719 0.1451255 0.19386135 15723 g
 8.01459 5.4601264 -0.5892729 15727 a
 0.012167184 0.086003326 0.106775984 15924 g
 8.210316 5.4349875 -0.7023989 15927 a
 0.024151409 0.046854857 0.09425912 16125 g
 8.146272 5.2326775 -0.5802946 16129 a
 0.011900868 0.012233763 0.038066424 16323 g
 8.153454 5.3505917 -0.68504095 16327 a
 -0.013399162 -0.04236104 -0.022653647 16524 g
 8.173804 5.365556 -0.5695207 16528 a
 -0.023519175 0.03966432 -0.0034788873 16724 g
 8.223484 5.4128413 -0.5964555 16728 a
 -0.014464427 0.021022195 -0.007739945 16924 g
 8.167819 5.4176297 -0.59465986 16928 a
 -0.007540208 -0.002679939 -0.0064083645 17134 g
 8.14268 5.387702 -0.561141 17139 a
 -0.004610731 0.0029126992 -0.0018809907 17319 g
 8.18398 5.346402 -0.54917 17320 a
 -0.0011486213 -1.6777914E-5 0.0010484866 17525 g
 8.173206 5.411644 -0.5814917 17529 a
 0.0015145397 -0.002946255 -2.8309404E-4 17724 g
 8.170812 5.420024 -0.56173956 17728 a
 -0.0056759953 -0.0010820423 -0.002946255 17925 g
 8.12233 5.347599 -0.5575497 17929 a
 -0.012333898 0.0010484866 -0.004544152 18126 g
 8.10557 5.451747 -0.50846857 18130 a
 -0.013132846 -0.0032125711 -0.006142048 18323 g
 8.11395 5.398476 -0.60423666 18327 a
 0.004710333 -0.014664164 -1.6777914E-5 18527 g
 8.119336 5.3673515 -0.54617727 18531 a
 0.0036450685 0.009570602 0.0055758604 18726 g
 8.133103 5.451747 -0.59825116 18730 a
 0.0031124363 -0.0069409967 -8.1572623E-4 18926 g
 8.121731 5.4272065 -0.56533086 18930 a
 -8.8230526E-4 -0.0013483585 -0.0010820423 19128 g
 8.127118 5.457732 -0.6227917 19132 a
 0.010569287 -0.0032125711 0.0018474348 19326 g
 8.119935 5.4912515 -0.67666125 19330 a
 0.008705075 -0.014131531 0.0010484866 19526 g
 8.12592 5.426009 -0.573112 19530 a
 -0.0064749434 0.011168499 0.0029126992 19727 g
 8.120534 5.445163 -0.60663086 19730 a
 4.4927528E-4 -0.004810468 -0.0010820423 19926 g
 8.117541 5.4726963 -0.5964555 19930 a
 -0.0070075756 0.002113751 -0.0034788873 20128 g
 7.891887 5.49604 -0.525228 20147 a
 -0.009404421 -0.027447337 -0.045556832 20324 g
 7.719505 5.986851 -0.9370307 20330 a
 -0.034438133 -0.22904862 -0.15847486 20526 g
 7.924209 5.7504234 -1.345242 20530 a
 -0.028312864 -0.18856858 -0.016794693 20726 g
 7.740454 5.912032 -1.2033856 20730 a
 -3.4967304E-4 -0.018925222 -0.0285126 20926 g
 7.7027454 5.9150248 -1.2871827 20930 a
 0.0055092815 -0.03943156 -0.015463112 21126 g
 7.4854717 6.0311437 -1.1997943 21131 a
 0.023885092 -0.034637872 -0.0066746804 21324 g
 7.707534 5.906047 -1.4446014 21325 a
 -3.4967304E-4 -0.029045234 0.011701131 21525 g
 7.7440453 5.8354177 -1.4655507 21529 a
 0.0063082296 0.0077063893 0.005309544 21726 g
 7.7224975 5.9144263 -1.4781203 21730 a
 0.016161926 -0.010669422 -0.010403106 21926 g
 7.776367 5.803096 -1.5595231 21930 a
 0.014297713 -0.018126274 0.021554826 22127 g
 7.73387 5.830031 -1.5062522 22150 a
 9.819075E-4 0.03966432 0.029011678 22326 g
 7.800309 5.469105 -0.76644385 22330 a
 0.024950357 0.23354244 0.17335501 22526 g
 8.110358 5.1871877 -0.6407482 22530 a
 -0.0272476 0.1666971 0.15977289 22727 g
 8.335413 5.1069818 -0.80953944 22731 a
 0.04785354 0.041528534 0.14539182 22926 g
 8.153454 4.585046 -0.9675568 22930 a
 0.016960874 -0.06872633 0.06656225 23126 g
 8.108562 5.8635497 -1.3392565 23131 a
 -0.091429785 -0.041295774 -0.34489614 23326 g
 7.9451585 5.6468744 -0.626383 23331 a
 -0.039231826 0.14246234 -0.03543682 23526 g
 7.7051396 5.4391775 -0.5719149 23530 a
 0.010569287 -0.16779593 0.002380067 23726 g
 7.953538 5.4385786 -0.9340379 23730 a
 -0.03816656 0.04658854 -0.022121014 23927 g
 7.964312 5.478083 -1.0034698 23931 a
 -0.011268633 -0.1012169 -0.0018809907 24126 g
 8.102577 5.440973 -1.3440449 24129 a
 -0.002480202 0.027680097 -0.04023051 24326 g
 8.136695 5.4391775 -1.4440029 24330 a
 0.07847989 -0.09828742 0.017027453 24527 g
 7.965509 5.4667106 -1.1632828 24531 a
 0.024684042 -0.052214734 0.048452754 24726 g
 7.916428 5.5786395 -1.2129624 24730 a
 -0.030443393 -0.013066268 0.019424299 24938 g
 7.9541364 5.583428 -1.4763247 24942 a
 0.011900868 -0.09189583 0.015962189 25128 g
 7.9343843 5.5804353 -1.4954783 25145 a
 -0.0067412597 -0.014664164 -0.004544152 25328 g
 7.9278 5.5810337 -1.4356232 25332 a
 -0.0016812535 0.005309544 0.0026463831 25526 g
 7.945757 5.579238 -1.4613608 25530 a
 9.819075E-4 -0.009870474 2.495382E-4 25727 g
 7.9170265 5.603779 -1.4882957 25731 a
 0.004444017 -0.032241028 -0.004544152 25926 g
 7.8709383 5.630115 -1.5565304 25930 a
 -0.017127588 -0.041828405 0.0015811187 26126 g
 7.860164 5.5804353 -1.4523826 26130 a
 -0.015263375 0.010103234 0.0026463831 26328 g
 7.9194207 5.5840263 -1.5643115 26333 a
 9.819075E-4 -0.0034788873 2.495382E-4 26529 g
 7.928399 5.5846252 -1.5523405 26533 a
 -3.4967304E-4 -0.0010820423 2.495382E-4 26731 g
 7.8966756 5.57026 -1.5230116 26735 a
 -0.0030128341 0.0013148027 0.0013148027 26933 g
 7.9289975 5.573851 -1.552939 26938 a
 7.1559136E-4 -1.6777914E-5 0.0015811187 27128 g
 7.9355817 5.5690627 -1.5044565 27133 a
 -0.0040780986 0.0026463831 0.0010484866 27332 g
 7.9289975 5.587618 -1.5140333 27335 a
 -0.0048770467 0.002113751 7.821704E-4 27533 g
 7.9050555 5.6013846 -1.5176246 27538 a
 -0.0019475697 7.821704E-4 7.821704E-4 27731 g
 7.9325886 5.5762453 -1.5248072 27735 a
 0.0012482236 -2.8309404E-4 0.002380067 27931 g
 7.9393225 5.551555 -1.5439608 27935 a
 0.0028461202 -0.0016146746 0.002113751 28133 g
 7.911789 5.556942 -1.5056536 28139 a
 4.4927528E-4 -5.494101E-4 7.821704E-4 28331 g
 7.926753 5.5844755 -1.5367782 28335 a
 -8.335694E-5 -0.0010820423 0.0010484866 28531 g
 7.92795 5.5683146 -1.5283985 28535 a
 0.0015145397 -0.0013483585 0.0018474348 28733 g
 7.8956285 5.579687 -1.5373768 28738 a
 0.006840862 -0.0040115197 2.495382E-4 28932 g
 7.920169 5.602432 -1.5385739 28936 a
 -3.4967304E-4 -1.6777914E-5 0.0013148027 29131 g
 8.001572 5.589264 -1.56491 29135 a
 -0.0011486213 -0.0053431 0.0034453315 29335 g
 7.892037 5.577293 -1.5427637 29342 a
 -8.335694E-5 -0.008272577 0.0034453315 29533 g
 7.748385 5.6341553 -1.409287 29536 a
 0.004444017 -0.008272577 0.002380067 29733 g
 7.9333367 5.5760956 -1.5942391 29737 a
 0.0055092815 -0.0072073126 5.158543E-4 29938 g
 7.8615108 5.6658783 -1.6546926 29942 a
 0.0041777007 -0.0143978475 -0.0021473067 30135 g
 7.930344 5.5282116 -1.5182232 30147 a
 -0.0120675815 0.026881149 0.0058421763 30335 g
 7.9381256 5.6245785 -1.6020203 30342 a
 -0.0022138858 0.013032711 0.0034453315 30536 g
 7.9710455 5.4940944 -1.5146319 30541 a
 -0.015796008 0.009836918 0.0058421763 30735 g
 7.9153805 5.6150017 -1.4715363 30740 a
 0.009237707 -0.0040115197 5.158543E-4 30935 g
 8.036287 5.5084596 -1.6277579 30940 a
 -0.0043444145 -0.0024136228 0.01516324 31135 g
 7.964312 5.5192337 -1.4344261 31139 a
 -0.019524433 0.03087589 0.005309544 31336 g
 7.9852614 5.5258174 -1.4188638 31340 a
 -0.008339156 0.028479045 0.0015811187 31536 g
 7.9649105 5.583278 -0.9639655 31540 a
 -0.04988447 0.12914653 0.004776912 31739 g
 7.9930425 5.5605335 -1.1040263 31743 a
 -0.009404421 0.013032711 0.007173757 31936 g
 7.9852614 5.527613 -1.1142017 31940 a
 -0.0043444145 -0.021588383 -0.004810468 32136 g
 8.01459 5.601235 -1.4440029 32140 a
 0.028678782 -0.0748516 -0.01013679 32333 g
 7.9661074 5.514445 -1.4805145 32339 a
 0.02681457 -0.07352003 0.005043228 32536 g
 7.953538 5.54138 -1.421258 32541 a
 7.1559136E-4 -0.00880521 0.006641125 32736 g
 7.9427643 5.547365 -1.4793174 32741 a
 0.0071071777 -0.008538893 5.158543E-4 32940 g
 7.957728 5.5365915 -1.4481927 32943 a
 -0.0030128341 -0.0024136228 -1.6777914E-5 33133 g
 7.957728 5.5312047 -1.4721348 33137 a
 -0.0035454663 0.0055758604 0.0015811187 33337 g
 7.9607205 5.5976434 -1.4607623 33342 a
 9.819075E-4 -0.0016146746 2.495382E-4 33540 g
 7.946954 5.524022 -1.3374609 33544 a
 -0.0064749434 0.005309544 0.002113751 33737 g
 7.9756846 5.5341973 -1.5092449 33742 a
 0.0071071777 -0.0069409967 -2.8309404E-4 33937 g
 7.9487495 5.54138 -1.5146319 33942 a
 0.016960874 -8.1572623E-4 0.004510596 34140 g
 7.957728 5.579687 -1.415871 34144 a
 -0.007273892 0.009836918 0.002113751 34336 g
 7.9744873 5.5485625 -1.3997102 34341 a
 -0.01845917 0.012233763 -2.8309404E-4 34538 g
 7.9673047 5.533599 -1.4493898 34542 a
 0.006840862 -0.013865216 -5.494101E-4 34741 g
 7.93199 5.555745 -1.3823522 34744 a
 -0.0030128341 -0.0016146746 2.495382E-4 34938 g
 7.9834657 5.517438 -1.4817116 34942 a
 0.0028461202 -0.0093378415 0.002380067 35138 g
 7.961319 5.5826797 -1.4206594 35150 a
 -0.005143363 0.0031790154 -0.0013483585 35341 g
 7.948151 5.575497 -1.5128362 35345 a
 0.0065745455 -0.0093378415 0.0034453315 35539 g
 7.946954 5.522825 -1.4625579 35542 a
 -0.010469685 0.006641125 2.495382E-4 35739 g
 7.976283 5.5192337 -1.4906899 35743 a
 0.015096661 -0.014664164 -0.0018809907 35942 g
 7.896077 5.620987 -1.5792753 35945 a
 0.011900868 -0.03543682 -1.6777914E-5 36139 g
 7.946954 5.469554 -1.4805145 36143 a
 0.013232448 0.009304286 0.011434815 36339 g
 7.641693 5.6227827 -1.3943232 36343 a
 0.0028461202 -0.023452595 5.158543E-4 36542 g
 7.992444 5.4474072 -1.570297 36546 a
 0.003911385 0.012766395 0.0069074407 36740 g
 8.04392 5.4737434 -1.6666636 36743 a
 -0.005942311 -0.012267319 0.0063748085 36940 g
 8.0367365 5.4258595 -1.7432781 36944 a
 0.027879834 -0.01013679 0.015962189 37141 g
 7.9301944 5.4743423 -1.6283565 37145 a
 0.006840862 -0.015196796 0.0029126992 37340 g
 7.958925 5.4605756 -1.7331028 37344 a
 0.0060419133 -0.012001003 0.011168499 37539 g
 7.9876556 5.4659624 -1.6415246 37543 a
 -0.023252858 0.015962189 0.0031790154 37743 g
 8.021174 5.429451 -1.5786767 37747 a
 -0.029111812 0.017560085 0.0039779637 37940 g
 8.008605 5.466561 -1.3290812 37944 a
 -0.07465187 0.058839083 5.158543E-4 38141 g
 8.001422 5.5060654 -1.4164696 38144 a
 -0.015529691 -0.007473629 -0.006142048 38343 g
 7.98586 5.5383873 -1.5068507 38347 a
 0.016428242 -0.024251543 -0.0040115197 38541 g
 7.9996266 5.4551888 -1.5361797 38545 a
 0.011101919 -0.004810468 0.0055758604 38741 g
 7.9786773 5.475539 -1.5930419 38745 a
 0.020422984 -0.017327325 0.0034453315 38944 g
 7.9810715 5.46297 -1.3470377 38947 a
 0.0036450685 0.08120964 0.05351276 39142 g
 8.057686 5.2840033 -1.1794436 39146 a
 0.009770339 0.10065071 0.062301192 39342 g
 8.107366 5.3145294 -1.3835493 39345 a
 0.025749305 -0.056475792 -0.017327325 39544 g
 8.119336 5.445612 -1.7313071 39548 a
 0.009237707 -0.13077798 -0.044225253 39742 g
 8.013991 5.4246626 -1.6642694 39746 a
 -0.0070075756 -0.019990485 -0.0066746804 39942 g
 8.006809 5.4192758 -1.6505028 39946 a
 -0.0056759953 -2.8309404E-4 -0.0010820423 40144 g
 8.029554 5.4162827 -1.6247652 40156 a
 -0.009670737 0.0026463831 -2.8309404E-4 40342 g
 8.009802 5.4486046 -1.6451159 40346 a
 -8.8230526E-4 -0.008538893 -0.0024136228 40542 g
 8.0127945 5.431845 -1.5972319 40546 a
 -0.0064749434 0.0037116476 0.0010484866 40745 g
 7.988254 5.433641 -1.6032174 40748 a
 -0.0022138858 -0.0013483585 0.0031790154 40943 g
 7.994838 5.4581814 -1.5846622 40946 a
 -6.1598915E-4 7.821704E-4 0.0013148027 41155 g
 8.003817 5.451597 -1.6092029 41160 a
 -0.0014149374 -0.0018809907 5.158543E-4 41339 g
 8.000824 5.4821234 -1.6193782 41340 a
 1.8295916E-4 -0.002679939 -1.6777914E-5 41541 g
 8.004415 5.4144874 -1.5912462 41545 a
 -8.8230526E-4 5.158543E-4 0.0034453315 41743 g
 8.01459 5.4126916 -1.6684593 41747 a
 0.0031124363 -0.004810468 7.821704E-4 41944 g
 7.9768815 5.4671597 -1.6469115 41948 a
 1.8295916E-4 -0.0040115197 -1.6777914E-5 42144 g
 8.003817 5.430648 -1.6427217 42148 a
 -8.8230526E-4 -2.8309404E-4 0.0029126992 42335 g
 8.024766 5.415086 -1.6487072 42336 a
 0.0017808558 -0.0024136228 0.002380067 42535 g
 8.005013 5.4312468 -1.6516999 42536 a
 4.4927528E-4 -0.0016146746 0.0013148027 42742 g
 7.9912467 5.42167 -1.6696564 42747 a
 0.0063082296 -0.0064083645 0.0034453315 42945 g
 8.021772 5.4246626 -1.6576854 42949 a
 -0.0011486213 -8.1572623E-4 0.0010484866 43147 g
 8.01459 5.4342394 -1.7019781 43151 a
 -0.0022138858 -0.0013483585 7.821704E-4 43342 g
 8.009203 5.4408236 -1.6415246 43346 a
 -0.01286653 0.0055758604 -0.0010820423 43543 g
 7.9966335 5.451597 -1.6127942 43546 a
 -0.01153495 0.006641125 -1.6777914E-5 43746 g
 7.9750857 5.446809 -1.588852 43750 a
 -0.002480202 -0.0013483585 0.0010484866 43944 g
 7.993641 5.441422 -1.6277579 43947 a
 0.0020471718 -0.0024136228 0.0015811187 44143 g
 7.9966335 5.446809 -1.6139913 44147 a
 9.819075E-4 -8.1572623E-4 0.0010484866 44347 g
 8.007407 5.445013 -1.6038159 44351 a
 7.1559136E-4 2.495382E-4 0.002113751 44545 g
 8.037933 5.3923407 -1.6576854 44549 a
 0.006840862 -0.0053431 0.0042442796 44745 g
 8.021772 5.4192758 -1.6744448 44749 a
 0.011368236 -0.008538893 0.0042442796 44947 g
 8.000225 5.427655 -1.6912042 44951 a
 -0.002480202 0.0026463831 -2.8309404E-4 45147 g
 7.9906483 5.449203 -1.498471 45160 a
 -0.028046548 0.017027453 -0.002946255 45344 g
 8.000824 5.486912 -1.6660651 45347 a
 0.010302971 -0.006142048 2.495382E-4 45544 g
 7.9912467 5.4617724 -1.5589246 45548 a
 -0.0040780986 0.006641125 0.0026463831 45744 g
 8.030152 5.439626 -1.6229695 45748 a
 0.004710333 -0.0058757323 0.0015811187 45944 g
 8.015189 5.434838 -1.6421231 45948 a
 -0.0022138858 -0.0016146746 0.0029126992 46145 g
 8.010999 5.45459 -1.6277579 46149 a
 0.0055092815 -0.002946255 0.0018474348 46342 g
 8.030751 5.4486046 -1.6433202 46343 a
 0.003911385 -2.8309404E-4 -2.8309404E-4 46545 g
 7.9786773 5.477335 -1.5625159 46548 a
 -0.011002317 0.022353776 0.0055758604 46745 g
 8.025364 5.4102974 -1.4685434 46749 a
 -0.010469685 0.027413782 0.01036955 46946 g
 8.085817 5.2852 -1.6002246 46950 a
 7.1559136E-4 0.012500079 0.007440073 47152 g
 8.06427 5.3899465 -1.4386159 47158 a
 -0.013931794 0.021022195 7.821704E-4 47338 g
 7.9954367 5.4539914 -1.3578117 47339 a
 -0.017393904 -0.009870474 -0.012001003 47543 g
 7.992444 5.463568 -1.6864158 47547 a
 0.021488247 -0.074318975 -0.012533635 47745 g
 7.976283 5.4408236 -1.6457144 47749 a
 0.022287196 -0.020789435 0.0013148027 47946 g
 7.9451585 5.425261 -1.7875708 47950 a
 0.03160826 -0.043159988 0.0018474348 48147 g
 7.9852614 5.4378304 -1.7331028 48151 a
 -0.002746518 0.005043228 0.002113751 48346 g
 7.9750857 5.4234653 -1.6876129 48350 a
 -0.015263375 0.012766395 0.0015811187 48549 g
 8.004415 5.4402246 -1.6864158 48553 a
 -0.01419811 0.011434815 0.0013148027 48746 g
 7.9786773 5.439028 -1.5625159 48750 a
 -0.021388646 0.019424299 0.0055758604 48946 g
 7.994838 5.4641666 -1.5900491 48950 a
 -0.0067412597 0.011701131 0.0039779637 49149 g
 8.019379 5.422867 -1.5930419 49153 a
 -0.010203369 0.014896924 0.004776912 49346 g
 7.984064 5.4324436 -1.5313913 49350 a
 -0.01286653 0.007173757 0.0013148027 49548 g
 7.9583263 4.9853263 -0.83288294 49555 a
 0.018825086 0.14379393 0.11583073 49747 g
 8.300098 5.032612 -1.2776059 49751 a
 0.051581968 0.07215489 0.12089074 49947 g
 8.348581 4.8656163 -1.0908581 49950 a
 0.030276679 0.048452754 0.08254121 50149 g
 8.496424 4.9296613 -1.2770073 50160 a
 0.0036450685 0.0061084926 0.008771653 50347 g
 8.431031 4.758775 -1.1382933 50357 a
 0.015096661 0.026614834 0.040196955 50544 g
 8.556727 4.78152 -1.0850223 50553 a
 0.043059852 0.059904344 0.07828016 50747 g
 8.607005 4.540304 -1.0491092 50751 a
 0.022819828 -0.04635578 0.0657633 50947 g
 8.473529 4.512771 -1.5662569 50951 a
 -0.03763393 -0.14196326 -0.0450242 51147 g
 8.335862 4.8766894 -1.4974235 51153 a
 -0.053346578 -0.061535798 -0.1012169 51375 g
 8.155699 5.2657475 -1.3202527 51396 a
 -0.102082424 -0.090031624 -0.17791593 51553 g
 8.31611 5.1454387 -2.3066638 51557 a
 0.035336684 -0.16539907 -0.040763143 51747 g
 7.9611697 5.300463 -1.6183307 51750 a
 -0.016594956 -0.027713653 -0.019457854 51947 g
 8.075493 5.320814 -1.9642929 51951 a
 0.0020471718 -0.025583124 -0.013332583 52146 g
 8.067712 5.259762 -1.9666871 52150 a
 7.1559136E-4 0.041528534 0.022087459 52347 g
 8.122778 5.1753664 -1.645864 52351 a
 0.0031124363 0.10650966 0.033539053 52547 g
 8.161684 5.1615996 -1.4746786 52551 a
 0.018825086 0.08813386 0.026614834 52747 g
 8.232911 5.0095677 -1.6380829 52751 a
 0.044924065 0.06469803 0.028745363 52947 g
 8.392126 5.06643 -1.0724527 52951 a
 0.030010363 0.16216972 0.050849598 53147 g
 8.3095255 4.9257708 -1.5171757 53151 a
 0.015362977 -0.07032423 0.0082390215 53347 g
 8.346038 4.998794 -1.0724527 53351 a
 -0.019790748 0.062301192 0.015695872 53547 g
 8.340651 5.0873795 -1.3687352 53551 a
 0.004710333 -0.02718102 0.008505338 53747 g
 8.306533 5.0353055 -1.4561236 53751 a
 0.022553513 -0.043159988 0.014896924 53951 g
 8.330475 4.9790416 -1.5010148 53956 a
 -0.013132846 -0.06126948 0.014364292 54149 g
 8.280197 4.885668 -1.6805799 54153 a
 -0.017926537 -0.10547796 0.023951672 54351 g
 8.317307 4.878485 -1.6410756 54356 a
 -0.024051806 -0.05328 0.014097976 54553 g
 8.334665 4.893449 -1.8314147 54558 a
 -0.022720225 -0.03889893 0.0063748085 54751 g
 8.315512 4.9550996 -1.7781436 54755 a
 -0.009937053 -0.008272577 -0.0016146746 54951 g
 8.313117 4.9275665 -1.8715175 54955 a
 0.006840862 -0.022919962 0.0055758604 55156 g
 8.2933655 4.9670706 -1.7667712 55168 a
 -0.0070075756 0.007173757 0.0037116476 55352 g
 8.252065 4.910208 -1.7978958 55356 a
 0.0057755974 -0.012533635 0.0058421763 55551 g
 8.305336 4.8940477 -2.022951 55555 a
 0.02681457 -0.0367684 7.821704E-4 55754 g
 8.272416 4.9012303 -1.8385973 55758 a
 -0.005409679 0.008771653 0.0058421763 55951 g
 8.299351 4.882675 -1.9211972 55955 a
 -0.0040780986 -0.0072073126 0.0058421763 56151 g
 8.299949 4.8970404 -1.9373581 56156 a
 -0.007273892 0.0010484866 5.158543E-4 56354 g
 8.156297 4.818032 -1.5381249 56358 a
 -0.028312864 0.02341904 -0.0016146746 56551 g
 8.289175 4.916194 -1.8032827 56555 a
 0.0012482236 -0.007473629 -8.1572623E-4 56753 g
 8.270021 4.908413 -1.9331683 56757 a
 0.011634552 -0.0072073126 0.009304286 56956 g
 8.305336 4.8832736 -1.7733552 56960 a
 -0.022187594 0.034338 0.009836918 57153 g
 8.317905 4.8647184 -1.7380408 57160 a
 -0.02032338 0.018359033 0.006641125 57353 g
 8.284986 4.8383822 -1.6326959 57358 a
 -0.007540208 0.0039779637 0.005043228 57556 g
 8.328679 4.874894 -1.7434278 57560 a
 1.8295916E-4 -0.010403106 0.0015811187 57756 g
 8.337059 4.929362 -1.7727567 57760 a
 9.819075E-4 -0.0072073126 0.0018474348 57956 g
 8.363994 4.885668 -1.7482162 57960 a
 0.0060419133 -0.005076784 0.0037116476 58158 g
 8.301744 4.898237 -1.7691654 58162 a
 -0.002480202 -1.6777914E-5 0.0037116476 58356 g
 8.336461 4.9179897 -1.794903 58360 a
 9.819075E-4 -0.012001003 -0.0010820423 58556 g
 8.307132 4.884471 -1.7990929 58560 a
 -0.0011486213 -0.011202054 0.0039779637 58758 g
 8.337059 4.912004 -1.8344074 58762 a
 -0.0016812535 0.012233763 0.0061084926 58956 g
 8.359205 4.9209824 -1.8858827 58960 a
 0.022287196 -0.017859956 -0.002946255 59156 g
 8.322694 4.795885 -1.9319712 59162 a
 -0.00807284 -0.017327325 -0.0072073126 59359 g
 8.287978 5.016152 -1.7751509 59363 a
 -0.048286572 0.043392748 -0.012001003 59556 g
 8.255656 4.922179 -1.6662147 59560 a
 0.024684042 -0.013066268 -1.6777914E-5 59756 g
 8.348432 4.870704 -1.9343654 59760 a
 0.019357719 -0.029844182 0.0039779637 59959 g
 8.292467 4.936844 -1.8911201 59963 a
 0.03160826 -0.0072073126 0.0077063893 60322 g
