 -0.084982 -0.36445466 0.029921947 15 g
 2.5737667 -8.975264 -0.42796355 19 a
 -0.29217592 0.2448766 0.27120435 99 g
 4.753089 -10.147824 -1.8148049 103 a
 -0.18751371 -0.1386186 0.33006018 299 g
 2.795829 -10.268132 0.7978677 303 a
 0.09158478 0.43822503 -0.07234477 503 g
 2.7497406 -9.148245 0.18255788 507 a
 1.0854765 -0.16950834 -0.68886656 700 g
 2.0416555 -7.6788034 -0.11791443 705 a
 0.4324694 -0.21930945 -0.34105772 900 g
 5.035006 -9.280524 2.2014685 904 a
 -0.14463788 -0.3205085 0.054954063 1102 g
 5.815516 -13.58889 1.9123687 1106 a
 -0.28072542 -0.012114453 0.18411738 1299 g
 3.627814 -9.160215 -1.0833763 1303 a
 -0.09164097 -0.45393288 0.15668681 1499 g
 3.366846 -9.303269 -1.6585833 1502 a
 -0.0032248218 -0.57350665 0.09010699 1707 g
 2.5995045 -9.206305 -1.4945804 1711 a
 -0.10149547 -0.44114757 0.04030588 1901 g
 4.8021703 -8.301296 -1.7304093 1908 a
 -0.041840658 -0.13594931 0.20755239 2099 g
 3.4793737 -10.190321 -0.9044097 2103 a
 -0.32147178 0.27177852 0.22433111 2302 g
 3.7403417 -10.890625 -2.1200657 2306 a
 0.6417936 -0.3021327 -0.23959155 2499 g
 1.4640543 -8.74123 -0.557849 2502 a
 0.4734818 0.19294895 -0.60497725 2698 g
 3.4877534 -9.539098 2.0979192 2702 a
 -0.123331785 0.05552691 -0.13865668 2901 g
 3.5529952 -8.74123 0.64942724 2908 a
 0.17148015 -0.11757856 -0.09684505 3098 g
 3.833117 -9.717466 0.110731825 3102 a
 -0.097499125 -0.03688478 0.2775954 3298 g
 3.567959 -9.712079 -0.8050503 3302 a
 -0.18484974 -0.33409676 0.08078912 3501 g
 3.709217 -8.7771435 -1.6340426 3505 a
 0.05297054 -0.3580652 0.12925865 3697 g
 3.0005333 -8.926781 -0.866701 3701 a
 -0.108150706 -0.04301325 -0.039053127 3897 g
 3.2620997 -8.733449 -2.372654 3901 a
 -0.13105336 -0.24035561 0.0815886 4100 g
 3.9905357 -8.969278 -0.99898064 4105 a
 -0.24343875 0.18521753 0.30556044 4297 g
 1.7579426 -10.0508585 -0.41180268 4301 a
 0.115821674 -0.045678537 -0.05636314 4496 g
 2.4720132 -10.885238 -0.83258367 4500 a
 1.4793609 -0.7889687 -0.61562616 4699 g
 2.9281087 -7.7344685 1.2246342 4703 a
 0.8223591 -0.32264915 -0.2276036 4896 g
 5.583877 -8.213907 2.5270798 4900 a
 -0.010411362 -0.1301026 -0.002300172 5094 g
 5.04159 -8.288726 2.665345 5096 a
 0.12114986 0.32476103 -0.25343466 5298 g
 3.6553473 -8.167819 1.4478935 5302 a
 -0.5544941 -0.040358342 0.15962163 5496 g
 2.9029696 -9.509171 -2.130241 5500 a
 -0.6722058 -0.19428906 0.22566801 5695 g
 3.9516299 -9.552266 -1.7046716 5699 a
 -0.32146752 -0.066457324 0.2536312 5896 g
 2.8353333 -9.1350765 -1.1713632 5900 a
 -0.21068001 -0.31732708 0.020870928 6095 g
 3.596091 -8.957906 -1.5574282 6099 a
 0.0116939405 -0.28563547 0.021137243 6295 g
 3.5655649 -8.893262 -1.8782512 6299 a
 -0.1345128 -0.08057394 0.2222067 6498 g
 3.98874 -9.928755 -1.2934675 6502 a
 -0.2570182 0.15271898 0.31009102 6695 g
 5.0026846 -9.722853 -2.7970262 6698 a
 0.63354284 0.3252918 -0.2310633 6895 g
 2.594716 -8.350377 -1.1492168 6898 a
 0.514499 0.3002589 -0.802578 7097 g
 4.6561236 -7.711724 0.1448492 7101 a
 -0.11613753 0.5125128 -0.21508461 7294 g
 3.900753 -7.5441294 0.79367787 7298 a
 -0.2863135 0.47602752 0.18652008 7494 g
 2.5498247 -8.535329 -2.178125 7498 a
 -0.3409086 -0.14075951 0.18944903 7697 g
 3.3141737 -9.559449 -1.0684125 7701 a
 -0.27113375 0.29972732 0.20276482 7894 g
 3.3500867 -9.202114 -1.0480618 7898 a
 -0.23890951 -0.26779228 -0.004162787 8094 g
 3.7421372 -8.301296 -1.401805 8098 a
 0.10676959 -0.37059218 -0.10163368 8296 g
 4.4807487 -8.441357 -1.0887632 8300 a
 -0.17392759 -0.060866546 0.15163293 8494 g
 5.213374 -8.780136 -1.845331 8498 a
 -0.2897751 0.23980434 0.29011732 8693 g
 2.570774 -9.531916 -1.3174095 8697 a
 -0.14223677 0.6283614 0.03977937 8896 g
 3.342904 -9.88506 -2.0284874 8900 a
 1.3318229 0.21583775 -0.46329176 9092 g
 2.2679076 -8.547898 2.231396 9103 a
 0.3565733 0.08427759 -0.392718 9292 g
 5.7137623 -7.9236107 1.7052702 9297 a
 -0.119067535 -0.1298395 0.13831607 9495 g
 3.632004 -11.083358 0.75596917 9499 a
 -0.41201526 0.12049765 0.0794602 9692 g
 3.6888664 -8.739435 -0.5279215 9696 a
 -0.4940406 0.06270706 0.17000768 9892 g
 2.689287 -9.052477 -1.9967642 9896 a
 -0.09882804 -0.2611312 0.1058247 10095 g
 3.0029275 -8.687361 -1.0372878 10099 a
 -0.13904178 -0.29974702 0.0877152 10291 g
 3.2662897 -8.839992 -1.555034 10296 a
 -0.11613859 -0.3639292 0.124999456 10491 g
 3.3704374 -8.540117 -1.067814 10495 a
 -0.27140087 0.19613355 0.32979655 10692 g
 3.7373488 -9.139865 -0.86011696 10696 a
 -0.12652493 0.20572093 0.069339395 10891 g
 3.6774938 -10.523115 -2.1960814 10895 a
 0.8508552 0.15805036 -0.41562223 11091 g
 2.3475149 -8.836999 0.84814596 11095 a
 0.4407276 0.3761654 -0.6052401 11297 g
 3.7481227 -7.7224975 0.99658644 11301 a
 0.054036602 0.4608539 -0.13439323 11491 g
 4.5681367 -6.5505357 -0.090979666 11495 a
 -0.30069646 0.1268935 -0.15170377 11690 g
 2.1254525 -7.2969284 -0.16699557 11694 a
 -0.49297667 0.019834425 0.33006206 11891 g
 3.4566288 -9.478644 -1.1402385 11895 a
 -0.18191947 -0.4797746 0.24191143 12090 g
 3.1202433 -9.039309 -1.5508442 12094 a
 0.044449225 -0.1559342 0.04510383 12290 g
 3.3955765 -8.721478 -0.44711718 12294 a
 -0.12945546 -0.49628538 0.09224151 12493 g
 3.9851487 -8.756194 -0.3196259 12497 a
 -0.16887024 0.13621536 0.3684113 12689 g
 3.8025908 -11.341932 -1.003769 12693 a
 -0.29936513 0.15059642 0.1697395 12889 g
 2.954445 -10.880449 -3.3883939 12893 a
 0.73234296 0.42676836 -0.3956504 13092 g
 2.3493104 -8.085219 -0.36750996 13096 a
 0.4987837 0.26777765 -0.7815424 13289 g
 4.7884035 -8.913613 2.6192567 13293 a
 -0.29297408 0.75114137 -0.041982602 13489 g
 0.83856916 -7.699753 -0.4309563 13493 a
 -0.30229488 0.38575462 -0.017747572 13691 g
 2.846706 -7.29214 -1.4341269 13696 a
 -0.38272235 -0.29042196 0.26028645 13888 g
 4.083311 -9.179968 -2.7850552 13892 a
 -0.13451573 -0.23263139 0.18438636 14088 g
 2.4001873 -9.238626 -1.1941081 14092 a
 -0.264213 -0.0065247444 0.054422494 14291 g
 2.259528 -9.172187 -0.2908955 14298 a
 -0.3385152 0.04167847 0.1537584 14488 g
 4.0892963 -8.853758 -2.099715 14492 a
 -0.01787061 -0.23662186 0.30156383 14688 g
 3.891775 -9.618107 -1.1851299 14692 a
 -0.18724659 0.17909439 0.1284597 14891 g
 3.8085763 -9.953295 -1.5825673 14895 a
 0.8457936 0.17376806 -0.49578524 15087 g
 2.0332758 -8.029554 -0.3309984 15091 a
 0.5688248 0.073366895 -0.6459875 15287 g
 4.597466 -8.064868 1.4221559 15291 a
 0.06894924 -0.058458515 -0.05609789 15490 g
 1.7543513 -8.917204 -0.36750996 15495 a
 -0.3483681 0.26538187 0.1337855 15687 g
 5.228338 -9.554661 -0.97743285 15691 a
 -0.21307951 -0.3340957 0.19796768 15887 g
 3.870227 -9.439739 -1.3557167 15891 a
 -0.26474565 0.18389127 0.2775954 16090 g
 4.3807907 -8.735844 -1.6316484 16095 a
 -0.23225507 -0.24461134 0.05548776 16284 g
 4.1198225 -8.744224 -1.751957 16286 a
 -0.13425075 -0.14687334 0.17399843 16487 g
 3.888782 -9.523536 -1.8662802 16490 a
 -0.15369183 0.11278487 0.32633123 16687 g
 3.4476504 -9.442133 -0.623091 16691 a
 -0.2871162 0.43795684 0.13431732 16886 g
 2.8742392 -10.927735 -2.6862943 16890 a
 0.99972326 0.5348959 -0.48566657 17086 g
 2.3469162 -8.35337 0.8714894 17090 a
 0.2495113 0.53116643 -0.62521565 17288 g
 5.1062336 -7.9343843 1.3275849 17292 a
 -0.0040216395 0.24034922 -0.1327972 17485 g
 2.5234885 -7.713519 0.19692309 17489 a
 -0.3755326 0.084287986 0.12206732 17685 g
 2.0757728 -8.370728 -1.7926586 17689 a
 -0.25968564 -0.5197159 0.3471039 17888 g
 3.8061821 -9.388862 -1.8291701 17892 a
 -0.108684406 -0.27763453 0.1654763 18085 g
 3.4231098 -8.771158 -1.283292 18089 a
 -0.13371812 -0.53116745 -0.05050605 18285 g
 3.6583402 -8.980651 -1.5867572 18289 a
 -0.2543593 0.044075314 0.3769313 18485 g
 5.12838 -10.88823 -2.7551277 18489 a
 -0.18005712 -0.045406897 0.32846177 18685 g
 3.1824925 -9.894038 -2.2230163 18688 a
 0.6268807 0.5239769 -0.25184104 18884 g
 2.7036524 -8.467693 0.5363012 18888 a
 0.91130733 -0.05100273 -0.83666986 19087 g
 3.8983588 -7.964312 0.3776853 19091 a
 -0.19470344 0.70373714 -0.47447997 19284 g
 4.8757915 -8.574833 1.2395979 19294 a
 -0.50070065 0.3972073 0.04723329 19484 g
 5.1888337 -10.100538 1.8004397 19487 a
 -0.5494373 -0.110388026 0.34923443 19686 g
 4.19943 -9.042301 -0.9403227 19690 a
 -0.04556722 -0.59721386 0.20515741 19883 g
 4.4460325 -8.527548 -1.2826935 19887 a
 -0.04823038 -0.039547943 0.05815092 20083 g
 3.7846344 -9.013571 -1.5041572 20087 a
 -0.08684595 -0.5370275 -0.013753896 20286 g
 3.465607 -8.915408 -1.8680758 20290 a
 -0.28019145 0.12716487 0.2853191 20482 g
 4.0144777 -10.55843 -1.5442601 20486 a
 -0.2066882 -0.08935012 0.2986349 20682 g
 5.2145715 -10.748769 -1.9393034 20686 a
 0.7334082 -0.58709705 -0.4073683 20885 g
 4.1641154 -7.65127 -0.7697359 20889 a
 1.0170349 -0.098407 -0.92721736 21081 g
 4.061165 -6.8809357 0.39444473 21085 a
 0.10090744 0.3514009 -0.1346606 21282 g
 4.0342298 -6.375759 0.5566519 21286 a
 -0.35635784 0.51518744 0.16521053 21485 g
 1.8477252 -5.9801173 -1.6376339 21489 a
 -0.6042982 0.44754314 0.3183423 21682 g
 3.0059202 -9.074024 -1.2324153 21686 a
 -0.30362725 0.09627221 0.093038864 21881 g
 3.478775 -9.228451 -1.1150994 21885 a
 -0.33957967 -0.31678513 -4.3782368E-4 22086 g
 2.846706 -9.596559 -0.44352585 22090 a
 -0.16993631 -0.17617023 0.14017709 22281 g
 4.365228 -9.12131 -2.861071 22285 a
 -0.028256139 -0.18309446 0.2810583 22481 g
 2.9712043 -9.177573 -1.1653777 22485 a
 -0.3022965 0.30373457 0.18704765 22684 g
 5.3743844 -9.770737 -2.2284033 22688 a
 0.6830731 0.4014726 -0.32880664 22880 g
 2.6886885 -8.422802 -0.5530606 22884 a
 0.5866667 0.18229444 -0.8728905 23080 g
 4.414908 -7.8691425 0.25917232 23084 a
 -0.30922017 0.5777728 -0.23985681 23283 g
 5.2684407 -7.933786 1.3521254 23287 a
 -0.14676733 0.32716933 0.046699326 23480 g
 8.16363 -10.71106 1.9375077 23484 a
 -0.36035284 -0.1431449 0.42886293 23679 g
 3.304597 -9.227852 -0.8810662 23683 a
 -0.014141918 -0.7178551 0.15295945 23880 g
 4.4023385 -8.649054 -1.3605051 23884 a
 0.07534029 -0.36844835 0.14070891 24079 g
 3.994127 -9.021352 -1.1617863 24083 a
 -0.06873672 -0.41398838 -0.03346182 24279 g
 4.0898952 -8.832211 -1.1252748 24283 a
 -0.053023536 -0.0017331853 0.29810253 24482 g
 4.394557 -9.8515415 -1.857302 24486 a
 -0.30975226 0.34287986 0.2051582 24679 g
 2.4756045 -9.554661 -3.696049 24683 a
 0.15976304 0.5042674 -0.18978858 24879 g
 2.633622 -7.964312 -0.17717093 24883 a
 1.0974615 -0.058456384 -0.78926665 25082 g
 5.031415 -8.004415 0.5638345 25087 a
 0.20530255 -0.0070573767 -0.20177333 25279 g
 5.204396 -7.804499 1.0582372 25283 a
 -0.12146731 -0.04780374 0.21527769 25478 g
 5.5563436 -11.637017 2.9101522 25482 a
 -0.4764667 0.035819516 0.354561 25678 g
 4.4238863 -8.974665 -0.6398504 25682 a
 -0.11480941 -0.29680932 0.17293343 25878 g
 4.0815153 -9.206305 -1.7812861 25882 a
 -0.020267189 -0.49255165 0.0451017 26079 g
 3.4063504 -8.889072 -1.1563994 26083 a
 0.021277059 -0.64887625 -0.08033452 26280 g
 4.836886 -8.523358 -1.1575965 26284 a
 -0.019735621 -0.29148006 0.19956371 26477 g
 4.6178164 -9.062054 -2.6497827 26482 a
 -0.012811403 -0.3237043 0.27652907 26677 g
 1.8776526 -10.211869 0.019153614 26682 a
 -0.25649065 0.20227002 0.05601933 26878 g
 4.1180267 -10.170568 -2.0847511 26882 a
 0.9499213 -0.1087872 -0.64758784 27077 g
 2.7988217 -8.364742 1.3335704 27082 a
 0.3144911 0.10080358 -0.78021324 27277 g
 5.9759274 -7.9463553 1.1599907 27282 a
 -0.02346378 0.44088817 0.085847266 27481 g
 2.8269536 -7.611766 -0.5847838 27485 a
 -0.17100291 0.09361198 0.1939716 27677 g
 2.6264393 -9.786898 -0.5883751 27682 a
 -0.34863573 -0.35486436 0.40169817 27877 g
 3.1118636 -9.224859 -2.2343888 27881 a
 -0.021333518 -0.36471698 0.07412882 28081 g
 3.141791 -9.458294 -1.4598645 28085 a
 -0.12626207 -0.54075193 -0.017750235 28277 g
 4.258686 -8.845378 -0.801459 28282 a
 -0.014941932 -0.2541958 0.06294355 28477 g
 4.0138793 -8.702923 -1.9734207 28481 a
 -0.003756655 -0.29787165 0.22885849 28677 g
 2.795829 -10.805631 -1.6801311 28682 a
 -0.21414638 -0.04300712 0.2586859 28876 g
 5.0691237 -8.611943 3.952827 28881 a
 0.103835054 0.07710144 -0.07527451 29077 g
 3.5697548 -8.651448 -1.7681179 29081 a
 1.2468643 0.40280417 -0.8340083 29279 g
 3.132813 -8.330027 1.316811 29283 a
 -0.07033515 0.4097284 -0.36902037 29476 g
 5.523423 -7.4351935 0.9367314 29480 a
 -0.07166673 0.07976274 0.17080237 29676 g
 4.417302 -11.549629 1.2880806 29680 a
 -0.4564943 0.2107932 0.18757921 29878 g
 3.70802 -9.762358 -0.42437226 29883 a
 -0.2977699 0.027567713 0.20968345 30076 g
 3.9414546 -8.811261 -1.4454993 30080 a
 -0.23518562 -0.16897358 0.028322184 30276 g
 3.9091327 -8.947132 -1.4802152 30280 a
 -0.07193384 -0.6097267 -0.07687268 30476 g
 3.4374752 -8.830415 -0.6242881 30480 a
 -0.03731275 -0.21770942 0.037110616 30676 g
 3.638588 -8.928576 -1.9925743 30680 a
 0.028201012 -0.4392844 0.19849817 30875 g
 3.5541923 -8.579621 -0.9768343 30879 a
 0.060691044 -0.21397887 0.021663483 31079 g
 3.0178912 -10.968436 -2.5037365 31083 a
 1.0058469 -0.42383596 -0.624952 31275 g
 3.0370448 -7.98586 0.15622166 31279 a
 0.8303446 -0.5548635 -0.6859384 31474 g
 4.696825 -7.933786 0.7930793 31478 a
 0.23406363 -0.033419743 -0.010027068 31677 g
 5.5563436 -8.201338 1.2545617 31681 a
 0.11715086 -0.13994618 0.2094174 31873 g
 5.1026425 -12.822147 2.416348 31877 a
 -0.44504243 -0.2976053 0.4043608 32073 g
 3.7223852 -9.5732155 -1.1192893 32077 a
 -0.23598483 -0.063511334 0.19423659 32276 g
 3.9175124 -9.228451 -2.92751 32287 a
 0.11608506 -0.71119213 0.052822735 32469 g
 3.4165258 -9.241618 0.6488287 32477 a
 0.076936595 -0.6217099 -0.006299441 32669 g
 4.8297033 -8.889072 -0.7445967 32671 a
 0.38399932 -0.74368376 0.15668654 32876 g
 4.2742486 -8.344392 0.29388827 32880 a
 0.041516818 -0.18175675 0.1146086 33072 g
 3.9234982 -8.165425 -0.272939 33076 a
 1.0418001 -0.7665869 -0.9421337 33272 g
 3.8385038 -8.300697 -0.02813187 33276 a
 0.20610043 -0.32530218 -0.20310624 33476 g
 7.3430166 -8.09719 0.27353755 33480 a
 -0.27966014 -0.44727498 0.04696458 33672 g
 3.6206315 -8.292916 0.6027403 33676 a
 -0.008816661 0.84941816 -0.019880764 33872 g
 4.5286326 -9.81503 0.15502456 33876 a
 -0.14117497 0.31971356 0.4211395 34075 g
 3.2620997 -9.379285 -1.6705543 34079 a
 -0.071666464 -0.8009446 0.062145397 34273 g
 4.478953 -8.945934 -1.8794483 34277 a
 0.060426325 -0.51518744 0.06134645 34472 g
 3.4302924 -8.870518 -1.4700398 34477 a
 -0.11161362 -0.48136637 0.023263777 34675 g
 4.2556934 -8.983045 -1.2958617 34679 a
 -0.11720625 -0.18016285 0.3212715 34872 g
 5.492897 -10.502166 -2.556409 34877 a
 -0.2186727 0.031292144 0.25256196 35072 g
 3.0376434 -10.824784 -1.9201498 35077 a
 0.557639 0.4632558 -0.35676906 35274 g
 2.5623944 -8.4425535 -0.8343793 35278 a
 0.95951 -0.35566622 -0.78846747 35469 g
 3.657143 -7.8745294 0.28191724 35474 a
 -0.0074837487 0.4070631 -0.3000437 35670 g
 3.8845923 -7.3340383 0.8858546 35674 a
 0.008228635 0.11092066 -0.10456795 35873 g
 4.7578773 -10.739192 0.27832595 35877 a
 -0.35662442 -0.12583436 0.47600117 36070 g
 4.156933 -9.527127 -1.5011644 36075 a
 -0.27566433 -0.40333575 0.34204414 36269 g
 3.6511576 -9.411008 -1.8543092 36274 a
 0.10117349 -0.4648569 0.038710643 36472 g
 4.0479965 -8.552089 -0.8367735 36476 a
 -0.10282465 -0.3854947 0.01847062 36669 g
 4.5842977 -8.174403 -2.2756886 36673 a
 -0.0391751 -0.37963575 0.05628751 36869 g
 4.551976 -8.347982 -2.654571 36873 a
 -0.20322636 0.092544846 0.33485362 37072 g
 3.2273839 -8.981249 -0.28670564 37076 a
 -0.3859192 0.24274713 0.16787343 37269 g
 3.9043443 -11.1096945 -2.3834279 37273 a
 0.8697612 0.32503882 -0.511499 37468 g
 3.163339 -8.369531 0.14425065 37473 a
 0.6055759 0.0113173695 -0.96849716 37667 g
 4.4406457 -7.705738 0.7457938 37669 a
 -0.0018911107 0.55620015 -0.010291786 37868 g
 5.482722 -7.85358 1.3736732 37872 a
 -0.27912617 0.069107965 0.26348117 38068 g
 2.2379801 -6.813898 -1.3192052 38072 a
 -0.5273328 -0.039549008 0.36494762 38268 g
 2.2786815 -9.414599 -2.9951463 38272 a
 -0.13984285 -0.45952952 0.16387895 38467 g
 4.8787847 -8.389881 -1.3628993 38472 a
 -0.14357127 -0.31119144 0.037378795 38667 g
 3.5913026 -8.754997 -1.4407109 38672 a
 -0.2911104 -0.2528682 0.083984114 38867 g
 3.41473 -9.033921 -1.934515 38872 a
 -0.1488976 0.05765637 0.34364232 39067 g
 2.657564 -8.634089 -1.4449008 39071 a
 -0.20429136 0.192146 0.19237477 39267 g
 3.9444473 -9.583391 -2.6605566 39271 a
 0.9749561 0.04434163 -0.3447851 39470 g
 2.4839842 -8.599374 0.5374983 39481 a
 0.44738388 0.08322378 -0.4776768 39667 g
 3.3452983 -8.089409 0.43394905 39671 a
 0.08785715 0.4012052 -0.089920565 39867 g
 4.621408 -7.8769236 0.5422867 39870 a
 -0.013076387 0.09147852 -0.06568553 40069 g
 4.437054 -10.3639 2.408567 40074 a
 -0.5454423 0.19560811 0.25682327 40266 g
 2.8113914 -9.236232 -1.1282675 40270 a
 -0.073530145 -0.2944135 0.064276725 40466 g
 4.731541 -8.532336 -1.192911 40470 a
 -0.218939 -0.09201221 0.06214593 40669 g
 4.174889 -9.118916 -1.5125369 40675 a
 -0.17233369 -0.44594634 0.048031174 40866 g
 4.015076 -8.482059 -1.4024036 40870 a
 -0.35183075 0.30613038 0.31834203 41066 g
 4.6363716 -10.589554 -2.7096379 41070 a
 -0.2903112 0.017441574 0.1574879 41268 g
 4.0581717 -10.571598 -2.2996306 41273 a
 0.78347534 0.31624824 -0.23586099 41466 g
 2.902371 -8.079233 0.061650693 41470 a
 0.81516695 0.15352911 -0.78393954 41665 g
 3.433884 -7.354389 1.01574 41669 a
 -0.045833003 0.541019 -0.35730115 41865 g
 4.332308 -7.2394676 1.6460136 41869 a
 -0.36940706 0.3681799 0.19051109 42065 g
 1.4496891 -6.3129115 -1.2683283 42069 a
 -0.40988714 -0.38842416 0.3758671 42265 g
 1.9620483 -8.74123 -2.4666264 42269 a
 -0.0064176857 -0.48616403 0.12419891 42467 g
 4.0318356 -8.929175 -0.14963761 42471 a
 -0.25568956 -0.4904251 0.0512283 42661 g
 3.7966053 -8.921992 -0.9576807 42663 a
 -0.087910414 -0.37138182 0.2150127 42864 g
 3.2483332 -9.79827 -1.0456676 42868 a
 -0.24716797 0.0376816 0.25895432 43066 g
 -0.54647654 -10.803835 0.12868834 43070 a
 0.10490192 0.26191977 -0.06115763 43260 g
 3.3770216 -8.171411 -1.6412252 43262 a
 1.3805561 -0.15300073 -0.7562427 43463 g
 4.561553 -7.8170686 0.054468088 43467 a
 0.07347715 0.4142507 -0.31362477 43666 g
 5.5988407 -8.217499 1.9243397 43670 a
 -0.35289493 0.48588973 0.16334738 43863 g
 3.3836055 -7.8428063 -0.58538234 43867 a
 -0.50815725 -0.084026724 0.13378629 44062 g
 4.6142254 -9.01776 -1.3090298 44067 a
 0.03752394 -0.18282814 0.1990332 44265 g
 3.3854012 -9.498397 -1.3054385 44269 a
 -0.4423777 -0.30666512 0.0070192935 44462 g
 3.6655228 -8.920197 -1.3581109 44466 a
 -0.24610272 -0.16045758 0.21687639 44662 g
 4.0438066 -8.899248 -2.030283 44672 a
 -0.14650023 -0.10293437 0.29330936 44860 g
 2.3511062 -8.773552 -0.20949265 44862 a
 -0.17153394 0.13062486 0.082387015 45061 g
 3.0454245 -11.102511 -2.4516625 45066 a
 1.0884075 0.06963847 -0.59512115 45258 g
 3.4608185 -7.93199 0.33279404 45260 a
 0.23699604 0.26377997 -0.5109642 45464 g
 4.7722425 -7.2927384 0.9935937 45468 a
 -0.019466376 0.541015 -0.10350056 45661 g
 4.258686 -6.9383965 -0.065242 45665 a
 -0.25196034 -0.18336476 0.0054227286 45860 g
 2.2852654 -6.244078 -2.2230163 45865 a
 -0.42107105 0.080820814 0.413419 46061 g
 2.1996727 -8.84478 -0.27473465 46065 a
 -0.3222678 0.14074194 0.21607877 46260 g
 2.6180596 -8.783129 -2.3169887 46264 a
 -0.08338224 -0.4451535 -0.024404675 46457 g
 4.2042184 -8.5778265 -1.6304513 46457 a
 -0.13850994 -0.39322078 0.1697395 46663 g
 4.0533834 -8.594585 -2.2583308 46667 a
 -0.01680348 -0.2741775 0.25522697 46860 g
 2.2056582 -9.289502 -0.31423897 46864 a
 -0.35981864 0.27869475 0.17746267 47060 g
 2.1984756 -11.599309 -2.8844144 47064 a
 0.9390061 0.5391476 -0.48246706 47263 g
 3.9636009 -7.9732904 -0.17597382 47272 a
 0.79146695 0.035011247 -0.8105685 47457 g
 4.7494974 -7.1826053 1.0324994 47458 a
 -0.12599202 0.4342191 -0.21109094 47659 g
 2.0614076 -7.815273 -0.7026982 47664 a
 -0.5931102 0.52103734 0.21954247 47860 g
 3.086126 -9.557653 -1.9321208 47866 a
 -0.36887205 -0.06512441 0.30849206 48059 g
 4.5040917 -9.136872 -0.6877344 48063 a
 -0.3496973 0.0035851474 0.12766342 48259 g
 4.0503907 -8.716091 -1.1869255 48263 a
 -0.084978275 -0.79270214 -0.0859213 48462 g
 4.7165775 -8.368334 -1.7950528 48467 a
 -0.16247626 -0.2068067 0.11887579 48659 g
 4.167108 -8.655638 -2.1703439 48662 a
 -0.06793404 -0.23237306 0.27999702 48858 g
 2.5486276 -8.94773 -0.9756372 48862 a
 -0.32626012 0.3311497 0.20063563 49061 g
 3.098097 -10.994773 -1.7950528 49066 a
 1.2271618 -0.056340236 -0.67181593 49258 g
 3.0262709 -7.515998 0.47285482 49262 a
 0.8716297 -0.21879306 -0.8174909 49458 g
 7.463924 -7.436989 3.110068 49462 a
 -0.0996246 0.045390386 0.11621422 49660 g
 5.266645 -15.622166 4.4795513 49664 a
 -0.5739336 0.6722985 0.31169024 49858 g
 3.8139634 -9.841366 -1.4454993 49861 a
 -0.21254262 -0.34582797 0.23792069 50057 g
 4.110844 -8.429984 -0.99538934 50061 a
 -0.14383334 -0.6116104 0.024334634 50260 g
 5.2037973 -8.149862 -2.2451627 50265 a
 0.0029068403 -0.6813852 0.04164518 50457 g
 3.6332011 -8.765771 -1.9009962 50461 a
 -0.28471455 -0.043824445 0.25096965 50656 g
 5.3606176 -9.634866 -2.1015105 50661 a
 -0.17206258 -0.19322884 0.2150175 50860 g
 4.1258082 -9.083003 -1.3443443 50864 a
 0.34565595 -0.13463931 -0.14397661 51056 g
 4.3688197 -7.99005 -0.5267244 51060 a
 1.1573874 0.0704241 -0.7834016 51256 g
 3.8977604 -7.410054 0.54408234 51260 a
 0.22155316 0.41397107 -0.38872084 51455 g
 9.181764 -8.503007 3.359065 51457 a
 -0.23571159 0.14579076 0.23445885 51656 g
 3.1124623 -5.3767786 -2.321777 51660 a
 -0.4687382 0.15857393 0.26375362 51856 g
 2.8862102 -8.801684 -2.0787656 51859 a
 -0.03730556 -0.5769933 0.18785432 52059 g
 3.4859576 -8.951322 -1.460463 52063 a
 -0.11373828 -0.710684 -0.01987224 52256 g
 4.927267 -8.576629 -1.2384008 52259 a
 -0.035175033 -0.4795216 0.16814692 52456 g
 5.5431757 -8.238448 -2.404377 52460 a
 -0.02771818 -0.2100097 0.35163873 52656 g
 2.6150668 -9.88506 2.1559787 52659 a
 -0.22692263 0.4411332 -0.055292282 52855 g
 3.4278982 -8.677185 -1.0480618 52859 a
 1.4298298 -0.14795804 -0.6901899 53056 g
 3.5661635 -8.0684595 1.6065093 53059 a
 0.47588584 0.06642536 -0.25396356 53258 g
 4.677073 -8.893262 2.7042508 53262 a
 -0.087905355 0.059234828 0.13512427 53454 g
 3.3225534 -14.296377 3.3375173 53458 a
 -0.521468 0.2786793 0.13885269 53654 g
 2.7850552 -9.242816 -0.8714894 53658 a
 -0.33770907 -0.21800236 0.1175482 53857 g
 4.5902834 -9.022549 -1.1677719 53861 a
 0.052976664 -0.81907785 -0.011615111 54054 g
 3.6008794 -9.069236 -1.780089 54058 a
 0.108370416 -1.1943172 -0.15436055 54255 g
 5.379173 -7.852383 -1.7753005 54259 a
 0.065493524 -0.56847435 0.09224817 54455 g
 4.048595 -9.330803 -1.7058687 54459 a
 -0.106546685 -0.49177533 0.19398092 54653 g
 -2.3517046 -12.0967045 9.870695 54657 a
 -0.112405635 0.014491591 -0.066476226 54853 g
 2.6132712 -9.150041 -0.6607997 54864 a
 1.388285 -0.10508328 -0.66542166 55052 g
 6.2207346 -7.098808 0.41060558 55055 a
 0.7962644 -0.12399172 -0.2307938 55252 g
 7.768586 -8.380903 4.541202 55257 a
 -0.2056168 0.073348515 0.25203732 55452 g
 6.218939 -6.974908 -0.943914 55457 a
 -0.39976126 0.20118025 0.16308773 55654 g
 3.977966 -8.959702 -1.0875661 55658 a
 -0.33664432 -0.03211266 0.23952045 55852 g
 2.7515364 -9.095572 -1.3946224 55857 a
 -0.03970187 -0.92001057 -0.121337876 56052 g
 5.257068 -8.000824 -1.869273 56057 a
 0.17015496 -1.0369222 -0.1138813 56255 g
 4.0162735 -8.885481 -1.8070238 56259 a
 -0.16513702 -0.27232873 0.17240852 56451 g
 5.263054 -10.220847 -2.3870192 56456 a
 -0.22612341 -0.063270584 0.27360865 56652 g
 5.832874 -10.475231 -2.0967221 56656 a
 0.5975926 0.050179016 -0.23798433 56854 g
 3.1124623 -7.780557 -0.2861071 56858 a
 0.9238298 -0.05368427 -0.8355977 57051 g
 4.3358994 -7.6069775 0.038307227 57056 a
 0.14458887 0.47415426 -0.30669388 57251 g
 6.6989765 -8.378509 2.8736405 57256 a
 -0.41627312 0.33567095 0.16308746 57450 g
 2.2080526 -6.555324 -2.0751743 57452 a
 -0.49137425 0.15777178 0.32820344 57651 g
 2.1164744 -9.305663 -1.7806876 57656 a
 -0.21733499 -0.12638749 0.1375211 57851 g
 3.9923313 -8.783129 -1.3688848 57856 a
 -0.18910573 -0.64863235 -0.04756912 58054 g
 5.566519 -8.611345 -1.7369933 58058 a
 -0.25515214 -0.33890668 0.23179647 58250 g
 5.7239375 -9.922171 -3.1429882 58255 a
 -0.08444351 -0.1258538 0.19531117 58450 g
 4.201824 -10.831368 -1.5472529 58457 a
 0.79280204 1.12651716E-4 -0.43559116 58654 g
 3.453636 -7.518392 -0.6075287 58658 a
 1.127295 -0.39137203 -0.9091012 58850 g
 7.8086886 -8.039131 2.2864625 58855 a
 -0.050887417 0.25098243 -0.05049806 59050 g
 1.9937714 -7.107786 0.31364042 59054 a
 -0.47752556 0.72688824 0.24085203 59252 g
 2.9682117 -8.306085 -2.0081367 59257 a
 -0.19629574 -0.56581014 0.36069426 59449 g
 4.184466 -9.285313 -0.842759 59454 a
 -0.23624316 -0.2161371 0.105297126 59648 g
 4.1401734 -8.637083 -1.3856442 59652 a
 -0.17578994 -0.60575545 -0.015611184 59851 g
 3.7984009 -8.794501 -1.4293385 59855 a
 -0.28737637 -0.01107156 0.2933155 60158 g
