 -0.76325315 -2.1938977 0.013454822 1 g
 1.6400281 -8.842984 -1.1121067 3 a
 0.5195915 -1.9139994 -0.07469581 129 g
 7.9475527 -6.384139 -0.28072014 132 a
 0.4431593 -2.483118 0.18469635 331 g
 6.67683 -9.024943 0.54288524 332 a
 -0.576565 -0.8356866 0.0848278 531 g
 -1.4748282 -14.0072775 -1.1474211 535 a
 0.8000229 -1.1355586 -0.6888205 731 g
 2.134431 -6.8863225 -0.061052144 735 a
 1.8176167 -0.97656786 -0.4075907 931 g
 5.33488 -7.3789296 0.5446809 935 a
 0.14222212 -0.5954695 0.0797678 1131 g
 -2.622848 -19.388844 -2.6779146 1135 a
 -0.36031637 -0.6202369 0.20759954 1330 g
 4.0252514 -9.124901 -3.008913 1334 a
 0.24288854 -1.2865568 0.3913566 1533 g
 2.1619642 -8.431181 -0.20709845 1537 a
 -0.61012197 -0.578955 0.1503405 1730 g
 3.815759 -10.222643 0.04129998 1734 a
 -0.6439441 -0.068427 0.48110512 1930 g
 5.357026 -9.4217825 -2.920926 1934 a
 1.8442467 0.18244492 -0.80413723 2129 g
 -3.791817 -5.5527525 -0.91219085 2131 a
 0.48203987 0.86954045 -0.8576668 2330 g
 -3.3387144 -1.970428 1.941099 2342 a
 -0.7496721 0.2503555 0.12450704 2529 g
 4.5579615 -9.9233675 -3.8911762 2533 a
 0.14914288 -1.3360834 0.35992807 2732 g
 1.8064252 -8.810662 -0.018555064 2736 a
 -0.98429847 -0.11315984 0.4262408 2929 g
 6.093842 -10.332776 0.14305355 2933 a
 -0.51291895 -0.20237574 0.6363642 3129 g
 5.029021 -8.122928 -4.4005427 3132 a
 1.8583586 0.11241309 -1.1165295 3331 g
 -3.3369186 -4.348469 -1.2096704 3335 a
 0.41625687 0.984332 -0.5807015 3528 g
 -9.281721 -13.581708 -7.338228 3532 a
 -0.6495402 -0.14511459 0.11038882 3728 g
 6.4739213 -8.045714 -4.803367 3732 a
 0.18722342 -0.9717547 0.63263285 3931 g
 1.4706384 -9.049484 -1.8369513 3935 a
 -1.378449 0.23732041 0.372442 4128 g
 4.701015 -11.3802395 -1.134253 4131 a
 -0.3752362 0.10549393 0.5708475 4328 g
 4.642956 -8.058285 -3.6673183 4332 a
 1.7275952 0.44584805 -1.093629 4530 g
 -2.5390508 -5.313332 -0.7260417 4534 a
 0.5115959 0.9944592 -0.59215575 4727 g
 -6.851607 -5.851429 -8.177396 4731 a
 -0.60693175 -0.18212533 0.04806819 4927 g
 5.182848 -9.689334 -7.041347 4931 a
 0.030094786 -0.8833306 0.47896552 5130 g
 2.3014264 -8.449138 -2.4893713 5135 a
 -1.138234 0.022676816 0.36711276 5327 g
 4.505289 -10.97502 -0.33159694 5331 a
 -0.5968133 0.10257165 0.6818984 5527 g
 1.287482 -12.643181 -2.5121162 5531 a
 1.38724 0.6493237 -0.7090725 5730 g
 -0.10594343 -6.476914 -2.1320367 5733 a
 0.8769784 0.6924669 -0.85235053 5927 g
 17.343597 -14.88535 3.4973302 5931 a
 -0.82930887 1.0080515 0.21531071 6127 g
 -3.3692403 -7.043143 -2.8939912 6131 a
 -0.14194861 -0.5509569 -0.36499423 6329 g
 1.7699136 -9.107543 -0.10295067 6333 a
 -0.4705827 0.4778222 0.7415492 6527 g
 3.6948519 -9.338584 -3.0148985 6531 a
 -0.9398317 0.14359552 0.47656468 6727 g
 2.9346926 -12.279262 1.6358383 6730 a
 -0.26765114 1.2008747 0.51784205 6929 g
 4.249708 -9.645041 -4.5525746 6933 a
 1.6841795 0.95266813 -0.9138733 7125 g
 -3.968988 -7.7973166 1.1959038 7129 a
 -0.33715966 2.4142108 -0.8342448 7328 g
 3.0747535 -19.239206 -1.7489643 7332 a
 -0.60081553 0.60859704 -0.29122972 7529 g
 6.993463 -8.922591 -3.527856 7540 a
 0.013309414 -0.76639307 0.51996917 7726 g
 2.553416 -9.169194 -2.8616695 7730 a
 -1.5331882 0.3438788 0.34872788 7926 g
 5.999271 -10.678739 -0.23822308 7930 a
 -0.5225194 -0.063581906 0.52422917 8128 g
 3.2866404 -10.4644575 -1.8842367 8133 a
 1.7558149 0.6746463 -0.88271886 8325 g
 -3.8480806 -5.7598505 0.18495208 8329 a
 0.4758997 0.7867654 -0.85582095 8528 g
 -4.5022964 1.9303252 -0.45789108 8531 a
 -0.5733876 0.5473534 0.07015778 8728 g
 4.9482164 -11.5633955 -5.183447 8732 a
 0.04819416 -1.7972937 0.36869815 8925 g
 2.2822728 -8.566454 -1.1109096 8929 a
 -0.9651386 0.2189856 0.37082866 9126 g
 5.616797 -10.7194395 -0.5009867 9129 a
 -0.5832424 0.010995925 0.7380775 9327 g
 -2.2212207 -13.055582 -1.4562732 9329 a
 1.3512778 -0.0020535635 -0.7921748 9522 g
 0.07062895 -6.133346 -1.9339164 9523 a
 0.7107876 0.23443514 -0.98232454 9724 g
 18.97824 -14.702194 5.514445 9728 a
 -0.7305171 1.3098257 0.15883759 9927 g
 -2.5019407 -6.5122285 -2.9634233 9930 a
 -0.35367978 -0.6009924 -0.16393754 10123 g
 1.8938135 -7.976283 -0.15981296 10127 a
 -0.18430273 -0.28647304 0.6123739 10323 g
 5.005079 -9.730036 0.09935937 10327 a
 -1.1920439 -0.36636388 0.5282164 10526 g
 1.8022354 -13.193847 2.0973208 10530 a
 0.33634418 -0.113896206 -0.014003167 10723 g
 1.0839748 -6.9383965 -1.9027919 10727 a
 1.829046 -0.110966735 -1.176473 10922 g
 0.24361002 -9.246407 5.8304796 10926 a
 -0.36007348 1.4246151 -0.2283887 11126 g
 -6.2404866 -6.019622 0.4249708 11129 a
 -0.1451564 -0.28992796 -0.23877503 11322 g
 5.151125 -8.349778 0.05805939 11326 a
 0.13554078 -0.9400056 0.8975958 11522 g
 4.2940006 -9.226056 -3.743933 11526 a
 -1.2999035 -0.5130987 0.45178184 11725 g
 1.1336545 -13.492524 3.5637693 11729 a
 0.16669923 0.30156225 0.20597208 11921 g
 0.97503865 -7.5842323 -2.106299 11925 a
 1.7339696 0.06507354 -1.0888568 12121 g
 -1.2138603 -7.7919292 2.7742813 12125 a
 -0.40295383 1.0397996 -0.31894043 12324 g
 1.328782 -13.202826 0.32202014 12328 a
 -0.37951803 -0.6651562 -0.08325068 12521 g
 3.976769 -8.941146 -0.03232172 12525 a
 0.109172024 -0.4707454 0.66403234 12720 g
 5.199009 -8.336012 -1.941099 12732 a
 -1.0104216 -0.78233206 0.44884783 12923 g
 -2.1140802 -13.490728 3.6355953 12927 a
 0.08759962 0.5369979 0.12154534 13120 g
 1.5298948 -7.141305 -2.0260932 13124 a
 1.7438195 -0.14690183 -1.0726161 13320 g
 0.49799395 -8.32404 2.9855695 13324 a
 -0.29589584 1.2422041 -0.2686083 13530 g
 -0.8146271 -8.234857 -3.1956608 13533 a
 -0.17978202 0.17374383 -0.14929867 13720 g
 2.384625 -10.345944 1.9548657 13723 a
 -0.4639413 -0.7841952 0.58173907 13919 g
 3.2794578 -8.550891 -1.638831 13923 a
 -0.77606535 -0.72426903 0.3921201 14122 g
 7.988254 -13.470976 -1.4957775 14126 a
 -0.36141118 0.122616194 0.4363286 14319 g
 4.208408 -9.526528 -2.718616 14323 a
 1.809864 1.0347489 -0.8025739 14519 g
 -2.3930047 -6.2524576 0.095169514 14523 a
 0.043388754 1.5980096 -0.8166895 14722 g
 -6.353014 -5.3683987 1.7262194 14726 a
 -0.80962175 1.0965363 -0.037182257 14918 g
 5.064934 -9.834184 0.8678981 14922 a
 -0.34649804 0.4941293 0.2698802 15119 g
 3.105878 -8.8884735 -1.3060371 15122 a
 -1.3699524 0.59027445 0.27786782 15321 g
 5.9962783 -9.6845455 -2.1948843 15325 a
 -0.79817176 0.01769484 0.5452492 15518 g
 0.3453636 -12.193669 -3.8564603 15522 a
 0.8529881 1.2142531 -0.08725155 15718 g
 2.291251 -7.9475527 -2.4366987 15722 a
 1.2695055 0.40465507 -1.1338749 15920 g
 4.4861355 -11.967417 10.153211 15924 a
 -0.5566241 1.4190531 -0.116014756 16118 g
 -1.2802993 -5.9771247 -1.6585833 16122 a
 -0.13451307 -0.18443616 -0.23559068 16318 g
 0.504578 -8.46889 1.6448165 16321 a
 -0.74997014 -0.028639102 0.5812 16520 g
 2.8772318 -9.094974 -1.4191631 16524 a
 -0.9180156 -0.4201238 0.43818825 16717 g
 7.185598 -12.641984 -0.16579847 16721 a
 -0.23411582 -0.0781739 0.37800083 16917 g
 6.373365 -8.831013 -2.7910407 16921 a
 1.82717 0.7103913 -0.7748829 17120 g
 -4.5256395 -7.307702 0.93373865 17124 a
 -0.023194268 1.648623 -0.9477221 17317 g
 -0.30346507 -2.7449522 -0.31423897 17321 a
 -0.6801961 0.044601023 -0.09790739 17517 g
 3.7008374 -12.357672 -4.9039235 17521 a
 0.060161076 -1.2401028 0.26294908 17720 g
 3.5416229 -8.750807 -0.5153519 17723 a
 -0.7632883 -0.593221 0.4352556 17917 g
 6.4487824 -10.341754 0.15023616 17920 a
 -0.8104263 -0.07896459 0.6885222 18116 g
 -2.520496 -13.659519 -2.6928782 18120 a
 1.4617825 0.361257 -0.76103663 18319 g
 -1.0402806 -6.413468 -1.22224 18323 a
 1.1568506 0.2917485 -0.86756307 18516 g
 10.475231 -16.463728 2.6013002 18519 a
 -0.62160844 0.39960653 0.29650465 18716 g
 -0.7541735 -10.196905 -2.867655 18719 a
 -0.060215402 -1.0257133 -0.22361232 18918 g
 2.3582888 -8.437167 0.85652566 18922 a
 -0.5760697 -0.1860186 0.63072973 19115 g
 6.4511766 -9.715072 3.8313212 19119 a
 -0.88979006 -0.5644538 0.5335244 19315 g
 1.3826514 -12.036849 1.4532804 19319 a
 0.36855298 0.17750502 -0.15410462 19518 g
 1.5705963 -8.37372 -1.1881226 19521 a
 1.7225041 -0.20945229 -1.003653 19715 g
 0.33039984 -6.7079544 1.1815386 19718 a
 -0.079124376 0.8510184 -0.14984356 19915 g
 8.613141 -15.974113 5.445013 19918 a
 -0.41521662 0.016920393 -0.10057668 20118 g
 3.6110547 -10.122087 -0.99778354 20121 a
 0.041515484 -0.8954786 0.548702 20314 g
 1.7459716 -8.773552 -1.6226702 20318 a
 -1.0312058 -1.1623273 0.20701844 20514 g
 4.1772833 -9.496601 5.921459 20517 a
 -0.60669845 0.07471312 0.55109805 20717 g
 3.4799721 -10.436325 -3.2794578 20720 a
 1.7920107 0.30987024 -0.8787531 20913 g
 -2.8107927 -4.696825 -0.92176765 20917 a
 0.63486725 0.7349107 -0.89286786 21113 g
 -4.426879 -4.1575313 1.632247 21117 a
 -0.6359938 0.65741384 0.40675443 21316 g
 2.7144263 -11.381436 -2.6144683 21320 a
 -0.16275004 -1.384698 0.046162434 21513 g
 1.3748703 -8.3072815 1.299453 21517 a
 -0.6879254 0.149549 0.49091032 21713 g
 5.6431336 -10.4249525 0.40222588 21717 a
 -0.9004462 -0.19479558 0.62939394 21915 g
 -2.086547 -11.306019 -7.5441294 21919 a
 0.85271275 0.27392077 -0.41536418 22112 g
 0.2813187 -7.0581064 -2.295441 22116 a
 1.5030566 -0.039266977 -1.0097817 22312 g
 19.612701 -19.6133 17.299305 22316 a
 -0.4988423 0.51121134 0.235245 22515 g
 -3.481768 -6.8186865 -3.7870286 22518 a
 -0.029593311 -0.4962625 -0.35810727 22712 g
 2.806603 -8.119336 -0.28431144 22716 a
 -0.1286629 -0.7354143 0.70236343 22912 g
 3.9911342 -8.5622635 -1.3012487 22916 a
 -1.0629009 -0.6680332 0.4525579 23115 g
 4.6776714 -14.392743 5.3965306 23119 a
 -0.06022073 0.051819254 0.1484249 23311 g
 2.0829554 -8.055291 -0.019752163 23315 a
 2.0079901 -0.44406134 -0.9674396 23511 g
 -0.17417817 -5.7107697 -0.026934769 23515 a
 0.22127487 0.3919068 -0.18527 23714 g
 0.1412579 -19.6133 12.664728 23718 a
 -0.4429175 -0.14285596 0.054414507 23911 g
 1.7375919 -9.689334 -2.0290859 23914 a
 -0.059422314 -1.4211732 0.35082433 24111 g
 3.3423057 -8.766968 -0.415394 24115 a
 -0.7153594 -1.0989287 0.31513718 24313 g
 3.5482068 -10.835558 1.2719196 24318 a
 -0.41708538 -0.28213716 0.44003943 24510 g
 2.7581203 -9.154829 -1.3449428 24514 a
 1.7986647 -0.08506323 -0.94347274 24710 g
 -1.5873557 -5.0547585 -1.1845313 24715 a
 0.5834637 0.3064225 -0.6665045 24910 g
 -3.9426517 -1.8142064 0.22505496 24911 a
 -0.58566403 -0.13965696 0.23257865 25108 g
 2.7048495 -10.955867 -3.5122938 25110 a
 0.04390727 -1.0299517 0.3042177 25310 g
 2.9628246 -9.506178 -0.7637503 25314 a
 -0.36595374 -0.37907302 0.2863737 25512 g
 5.197812 -10.262746 -1.4826094 25516 a
 -0.7028436 0.07952332 0.6887773 25709 g
 -3.1381998 -14.306552 -3.25372 25713 a
 0.64524853 0.82787156 -0.41110817 25909 g
 1.4460979 -6.265626 -2.2996306 25913 a
 1.2308781 0.4318574 -0.9437396 26112 g
 7.067683 -12.896966 7.3328414 26116 a
 -0.90524334 2.0803542 0.25175342 26309 g
 4.919486 -7.805696 -3.86903 26313 a
 -0.43199962 0.6766019 0.045358427 26509 g
 2.7030537 -10.080787 -0.079008654 26512 a
 -0.8881994 2.02363 0.22884996 26711 g
 1.963844 -9.68694 -1.174356 26715 a
 -0.5236126 1.7890054 0.18863623 26908 g
 2.4600422 -9.355942 -1.0414777 26912 a
 -0.3664861 1.9189676 0.3369743 27106 g
 1.4251486 -9.842564 3.1280246 27107 a
 0.0377812 1.986614 0.6104801 27312 g
 3.570952 -9.874885 -1.8800468 27315 a
 0.9666918 0.883799 -0.78528255 27508 g
 -2.7874494 -8.479664 3.530849 27511 a
 -0.3936509 2.17703 -1.1527988 27708 g
 3.7978024 -14.118009 -2.367267 27712 a
 -0.41522276 0.8220145 -0.037200898 27910 g
 0.61112 -9.969456 4.234744 27917 a
 -0.46315965 0.28192544 0.4043512 28108 g
 2.9670146 -8.588001 -1.2114661 28111 a
 -1.0698278 0.3855224 0.29755846 28307 g
 3.4386723 -10.237606 -2.0392613 28311 a
 -0.7859345 0.37833107 0.5492274 28510 g
 1.8800468 -13.326725 -2.2493525 28515 a
 1.2892005 1.3605049 -0.27928197 28708 g
 -2.046444 -6.9677253 -1.3311762 28712 a
 1.1389983 0.87794006 -0.9328217 28907 g
 9.227253 -14.264055 3.1477766 28911 a
 -0.5230816 0.74025756 -0.13786918 29108 g
 -1.3359646 -8.540117 -3.4554317 29112 a
 -0.31775185 -0.8829391 -0.1581092 29307 g
 1.9572599 -9.393052 2.1733365 29311 a
 -0.82135564 0.18205902 0.63125175 29506 g
 7.7039423 -10.821193 7.3448124 29510 a
 -1.1222931 0.311756 0.5763901 29709 g
 -0.7278373 -11.650186 -7.1311297 29713 a
 0.67507434 0.55010897 -0.1839424 29906 g
 1.3323733 -5.5760956 -3.1591492 29909 a
 1.8106462 0.35170344 -1.0811614 30106 g
 19.612701 -19.6133 4.484938 30110 a
 -0.43999124 0.82414824 0.2554792 30306 g
 -1.7136499 -6.4086795 -3.1501708 30310 a
 -0.024005467 -0.82221794 -0.29366463 30506 g
 3.4243069 -7.7063365 0.4758476 30509 a
 -1.0756878 0.3048318 0.77799135 30706 g
 5.872977 -10.326791 2.5192988 30709 a
 -1.0959283 -0.22460248 0.59077036 30908 g
 -0.19572599 -12.135012 -6.5098343 30911 a
 0.8076992 0.499511 -0.1807474 31105 g
 1.7328035 -6.9186444 -3.927688 31109 a
 1.4409989 -0.10369497 -1.2004718 31305 g
 19.612701 -19.6133 7.1861963 31309 a
 -0.5065705 1.2920667 0.0900966 31508 g
 -2.3786395 -7.591415 -4.344279 31511 a
 -0.1971112 -0.5846629 -0.25478277 31705 g
 2.735974 -9.147048 2.4426842 31708 a
 -0.73720026 0.06568101 0.7460332 31904 g
 7.1622543 -10.752359 1.0336965 31908 a
 -1.0599762 -0.39557555 0.618733 32111 g
 -0.2885013 -13.363236 -4.9984946 32119 a
 0.8359282 0.52720976 -0.3338797 32305 g
 0.81522566 -5.4498014 -2.7335799 32309 a
 1.5286164 0.098174505 -1.0753038 32505 g
 19.612701 -19.6133 5.137358 32509 a
 -0.46449444 0.9064471 0.012329903 32707 g
 -1.4401124 -9.55047 -3.3010056 32711 a
 -0.2224131 -0.9220793 -0.22069669 32903 g
 1.0271125 -7.5830355 -0.026934769 32909 a
 -0.5161598 -0.2325869 0.6642717 33103 g
 5.5383873 -10.009559 -0.5710171 33108 a
 -1.0682338 -0.4576211 0.7377739 33307 g
 -0.33399114 -13.671491 -5.0397944 33310 a
 0.60982394 0.32854405 -0.27023256 33503 g
 0.7260417 -6.201581 -3.0873232 33507 a
 1.8798854 0.07873955 -1.0207113 33703 g
 19.612701 -19.6133 3.470994 33707 a
 -0.40164465 0.5493201 0.21472909 33903 g
 -1.0959458 -10.814011 -4.3795934 33907 a
 0.0047537424 -0.90663004 -0.14453135 34102 g
 1.1162965 -8.713697 2.630629 34107 a
 -1.1004581 -0.04136901 0.7106097 34302 g
 7.5112095 -11.092935 0.34237084 34307 a
 -0.7316111 -0.55855274 0.646693 34506 g
 -2.2463598 -17.810467 -0.8535329 34509 a
 1.1624291 0.72482455 -0.57969266 34702 g
 -0.94331545 -5.48332 -2.6013002 34706 a
 1.2891955 0.067822725 -1.0864922 34901 g
 5.024831 -11.148002 2.5761611 34906 a
 -0.7835435 0.63401395 0.096482866 35105 g
 2.9939492 -11.875839 -4.072537 35109 a
 -0.0125584025 -1.1918492 0.14069134 35301 g
 2.1068976 -9.464878 1.5011644 35306 a
 -0.9249574 0.057972223 0.48024437 35501 g
 7.608773 -11.443686 0.6913257 35506 a
 -0.6285486 -0.470396 0.65201694 35705 g
 -4.811148 -15.733497 -0.08200141 35709 a
 1.3658926 0.54107255 -0.8960786 35901 g
 -1.8567034 -4.9218802 -2.132635 35905 a
 1.2540399 -0.2059441 -0.79834056 36101 g
 -1.0444705 -4.8015714 1.323395 36105 a
 -0.7055134 0.12002601 0.16439267 36303 g
 2.8018146 -11.984776 -3.5883098 36307 a
 0.06227589 -1.7471162 6.08266E-4 36500 g
 3.690662 -9.036316 0.66498953 36504 a
 -0.43440366 -0.40621462 0.58783525 36700 g
 6.9623384 -11.461642 -3.4769795 36704 a
 -0.3577054 -0.5116739 0.6344398 36903 g
 -4.7548847 -15.87236 -0.11671733 36907 a
 0.60742414 0.23747328 -0.5623848 37100 g
 1.4047978 -6.741473 -1.7806876 37103 a
 1.2529744 -0.7252594 -0.82976615 37300 g
 17.376518 -13.150751 5.341464 37304 a
 -0.5715583 -0.17850822 0.22564298 37502 g
 -0.7410054 -9.685144 -2.6204538 37507 a
 -0.0024407872 -0.76946366 -0.021498367 37699 g
 2.7509377 -8.1720085 1.0600328 37703 a
 -0.1249462 -0.6429635 0.45813695 37899 g
 6.057929 -11.365275 -3.204639 37903 a
 -0.48314136 -0.66986144 0.5193896 38099 g
 -2.0039468 -15.301942 -3.052607 38103 a
 0.70915586 0.22789015 -0.53229266 38298 g
 1.6095021 -5.595848 -1.9524715 38302 a
 1.5994506 -0.5790476 -0.789554 38498 g
 19.612701 -16.754025 7.0952168 38502 a
 -0.61656654 0.20578778 0.1795695 38701 g
 0.39983168 -7.445369 -3.7307649 38705 a
 -0.08473326 -0.5414952 -0.054522365 38898 g
 1.7926586 -7.912238 0.4878186 38901 a
 -0.44426 -0.7335091 0.4805067 39098 g
 5.2786164 -10.845734 0.4973954 39101 a
 -1.0219004 -0.22936954 0.62964267 39301 g
 0.6859388 -13.032238 -4.471172 39304 a
 0.7850543 -0.09993991 -0.32243744 39497 g
 1.2354081 -5.831677 -2.4378958 39501 a
 1.6260806 -0.12763679 -1.0460182 39697 g
 19.612701 -19.6133 15.428236 39701 a
 -0.45544583 0.8071317 0.2605288 39900 g
 -1.1911154 -7.365163 -3.590704 39904 a
 -0.14811704 -0.68610275 -0.19354017 40097 g
 3.2507274 -8.279748 0.13826515 40100 a
 -0.39605734 -0.46825615 0.6080713 40297 g
 5.1481323 -9.983223 0.35434186 40301 a
 -1.0594512 -0.22244425 0.6616003 40499 g
 -0.19093758 -12.188881 -5.0362034 40503 a
 0.62180233 0.038545527 -0.23348811 40696 g
 1.3210008 -6.745663 -2.473809 40700 a
 1.605574 0.18448676 -1.101146 40896 g
 12.428301 -16.722301 19.612701 40899 a
 -0.4613061 1.0537444 0.16172418 41099 g
 2.2098482 -8.1558485 -4.783615 41102 a
 -0.067690894 -0.76412934 -0.15412672 41296 g
 -0.36631286 -8.157643 3.8414967 41299 a
 -0.8463992 -0.35906255 0.47597718 41495 g
 3.4751837 -9.69113 -0.3669114 41499 a
 -0.7883431 -0.09327588 0.59182334 41698 g
 4.7979803 -12.819753 3.459023 41702 a
 0.1504212 -0.23974974 0.09567646 41895 g
 4.525041 -8.751406 -3.618836 41899 a
 1.8362021 0.24068451 -1.0955555 42095 g
 -0.97144735 -6.0890536 0.52133745 42099 a
 0.08038033 0.8398947 -0.19993389 42299 g
 8.195353 -16.287754 9.96766 42302 a
 -0.3965918 -0.20512971 -0.20206441 42495 g
 4.569334 -7.9421654 -2.5025394 42498 a
 0.13390987 -0.8695884 0.7572062 42695 g
 2.6880898 -7.77517 -2.3942018 42698 a
 -1.428301 -0.1755665 0.38569444 42898 g
 5.061941 -11.780669 -0.90740246 42906 a
 -0.2650322 -0.3476067 0.47011665 43095 g
 3.5871127 -8.405443 -3.709217 43098 a
 1.7754818 0.40260577 -1.1924949 43294 g
 -3.1878796 -4.6393642 -0.760159 43298 a
 0.44523314 0.85267895 -0.7645246 43497 g
 -4.6160207 -3.8851907 -6.8480153 43500 a
 -0.59899235 0.11738016 0.16119023 43693 g
 3.5476084 -11.625645 -6.3949127 43697 a
 -0.026146382 -1.2445604 0.4538716 43893 g
 3.3518825 -8.941745 0.46208093 43897 a
 -0.94174117 -0.27996346 0.4799706 44095 g
 6.215946 -10.476428 -1.3371617 44099 a
 -0.69140404 0.13256018 0.77691305 44294 g
 -4.022857 -14.371795 -3.6272156 44298 a
 1.0899844 0.60846704 -0.71845186 44494 g
 -1.4101849 -6.033388 -1.7106571 44497 a
 1.360295 -0.21045391 -1.0276451 44696 g
 8.755595 -12.33792 4.060566 44700 a
 -0.561442 0.24414769 0.16811417 44893 g
 -1.501763 -11.322779 -2.4384944 44897 a
 -0.053310893 -1.2397656 0.04587508 45093 g
 3.918111 -7.7823524 -0.52732295 45097 a
 -0.4178987 -0.781699 0.7058053 45296 g
 5.201403 -11.170747 0.15143326 45299 a
 -0.9004635 -0.68982 0.49381772 45492 g
 -0.7858967 -15.00147 -3.8762126 45496 a
 0.8521628 0.0052650697 -0.5011393 45692 g
 -0.59855044 -5.4743423 -1.7609353 45696 a
 1.5602976 -0.26131815 -1.1946261 45895 g
 19.612701 -19.6133 15.320497 45899 a
 -0.37688577 0.12776968 0.38595995 46092 g
 -1.644218 -8.517971 -2.540248 46096 a
 -0.040528517 -0.59341437 -0.17250493 46292 g
 4.441244 -7.7703815 -1.6017209 46296 a
 -0.0913941 -1.1428266 0.64988 46495 g
 4.5884876 -8.9279785 -0.4405331 46498 a
 -1.0575889 -0.71272606 0.4397566 46691 g
 2.2439656 -12.949039 3.7948096 46695 a
 0.43857497 -0.26398346 -0.015377625 46891 g
 1.3275849 -7.1688385 -1.1773487 46894 a
 1.9035798 -0.44134998 -1.1099368 47092 g
 2.60549 -7.1634517 1.4700398 47095 a
 -0.00830347 0.32510778 -0.030557644 47291 g
 3.8085763 -13.29141 5.637148 47294 a
 -0.3923313 -0.124966435 -0.00951867 47490 g
 3.180697 -8.924985 -1.4915876 47494 a
 0.13710433 -1.2339046 0.52657485 47693 g
 3.0669725 -8.526949 -2.0135236 47697 a
 -0.9585201 -0.9763769 0.37397572 47891 g
 4.9069166 -12.413338 -0.7212533 47897 a
 -0.34625942 0.24068771 0.482899 48092 g
 4.624999 -9.15423 -2.1003134 48097 a
 1.800249 0.25693193 -0.99861693 48293 g
 -1.5011644 -4.6896424 -0.79607207 48297 a
 0.7363161 0.17517288 -0.45346788 48490 g
 -7.99005 -8.495226 -0.4165911 48494 a
 -0.6171024 0.14614442 0.1449444 48690 g
 4.010886 -9.935339 -4.3406878 48693 a
 0.044426855 -1.4530838 0.36412257 48890 g
 1.5819688 -9.151836 -0.60573304 48894 a
 -0.80032784 -0.30179927 0.38356364 49089 g
 5.7107697 -10.904391 -1.1845313 49093 a
 -0.76730466 0.05213484 0.72125244 49289 g
 -0.16938977 -11.960834 -4.7620673 49293 a
 1.5853311 0.5147278 -0.59940994 49492 g
 -2.0039468 -6.0561333 -2.1972785 49496 a
 0.9331229 0.5102004 -0.8175228 49689 g
 6.290765 -10.676344 3.305794 49693 a
 -1.0211047 0.6955564 0.26318794 49889 g
 5.679645 -7.93618 -3.7852328 49893 a
 0.026849458 -1.3721226 -0.052928995 50092 g
 2.743755 -9.011177 -0.46686932 50096 a
 -0.72762406 0.4257774 0.41632 50288 g
 4.6154222 -10.754754 1.7866731 50292 a
 -1.1489362 0.080631725 0.6152581 50488 g
 -0.7422025 -12.629414 -4.3939586 50492 a
 0.8881152 0.6960901 -0.28489113 50690 g
 -0.9983821 -5.5042696 -2.463035 50694 a
 1.6188866 -0.24879943 -1.0907637 50888 g
 19.612701 -19.6133 6.8947024 50891 a
 -0.453319 0.50807095 0.40939498 51088 g
 -2.4438813 -7.920019 -1.9698294 51091 a
 -0.07861225 -0.66771466 -0.2731732 51288 g
 0.83258367 -9.168595 -0.56682724 51292 a
 -0.08154173 -0.12496244 0.42697182 51488 g
 3.590704 -9.676167 -1.899799 51491 a
 -0.44213375 -0.78649163 0.3175159 51688 g
 -1.2791022 -10.320805 -2.5222914 51691 a
 -0.04532327 -0.017102288 0.12922962 51890 g
 0.48003745 -10.044274 -0.3854665 51893 a
 0.13683695 -0.5151134 -0.04014742 52087 g
 1.0043676 -9.942521 1.06123 52091 a
 0.45242152 -0.6935452 -0.12696648 52286 g
 1.6897079 -8.882488 1.3958195 52290 a
 0.660947 -0.28554893 0.101000115 52487 g
 4.693234 -13.1477585 3.1226375 52490 a
 -0.23440771 -0.20725198 0.08235799 52686 g
 0.93972415 -10.17835 -0.01616086 52689 a
 -0.3696963 -0.009112804 0.02350213 52887 g
 2.6024973 -9.563639 -0.96306765 52889 a
 -0.80485684 0.4436246 0.20726025 53084 g
 3.0855274 -10.67395 0.8050503 53095 a
 -0.6754272 0.42125404 0.37557203 53290 g
 -0.38187516 -12.006323 -5.431845 53293 a
 1.0130169 1.1096811 -0.016711602 53486 g
 3.6774938 -8.285733 -1.673547 53490 a
 1.3847932 0.10514 -0.9416285 53688 g
 4.481347 -9.251195 4.1665096 53692 a
 -0.19472767 0.9032894 -0.22523817 53886 g
 -3.7367504 -4.654927 -3.714604 53890 a
 -0.39100266 0.1613327 -0.42657316 54085 g
 4.26946 -9.090185 0.050278235 54089 a
 -0.18647107 -0.21124567 0.7063364 54288 g
 2.7030537 -8.622718 -1.8567034 54292 a
 -0.9726362 -0.20751724 0.28662217 54485 g
 3.6709096 -9.685144 -1.1821371 54489 a
 -0.60831577 0.13736212 0.50287086 54685 g
 0.7236475 -13.880384 -6.70556 54689 a
 1.2915828 1.3949078 -0.6329679 54887 g
 -2.830545 -5.153519 -3.0496144 54891 a
 0.45162177 0.979721 -1.0620031 55085 g
 -1.62686 -8.410232 -0.41180268 55088 a
 -1.0919464 2.4654987 0.3271017 55285 g
 2.4474726 -10.270527 -1.1324574 55288 a
 -0.3779534 1.188781 0.17956203 55486 g
 3.484162 -8.701127 -1.3269863 55490 a
 -0.90872145 1.4785329 0.15692517 55683 g
 1.8136078 -9.442133 -0.9343372 55687 a
 -0.97157204 2.196255 0.5753078 55883 g
 5.2965727 -11.0247 -0.32800564 55887 a
 -0.04559012 2.144854 0.8634623 56086 g
 4.6698904 -9.662399 -5.016451 56089 a
 1.4830643 1.8367263 -0.7437554 56283 g
 -4.8344917 -6.591237 0.5746084 56287 a
 -0.07035752 2.5680304 -1.0209905 56482 g
 9.69113 -19.6133 4.296395 56486 a
 -0.59846234 0.06599047 -0.45719925 56683 g
 8.131308 -8.613141 -5.580884 56687 a
 0.1333743 -1.2288384 0.6176526 56882 g
 1.1061212 -7.978079 -1.0821792 56887 a
 -1.2112557 0.7248565 0.5292356 57082 g
 4.171298 -12.596494 -0.43873745 57086 a
 -0.8735677 0.021517543 0.6245763 57282 g
 0.11731588 -9.245809 -5.9926867 57283 a
 1.8388618 0.34615687 -1.0492204 57479 g
 -2.082357 -3.98874 -1.8100165 57480 a
 1.2303295 0.16692613 -0.57943887 57681 g
 -10.968436 -7.177817 4.253299 57685 a
 -0.74680126 0.5759877 0.12576619 57882 g
 5.4922986 -10.162787 -4.5621514 57886 a
 -0.06742884 -1.8477552 0.38329387 58081 g
 3.5643678 -8.544308 -1.7938557 58086 a
 -0.99687207 -0.79500765 0.4336276 58281 g
 4.4777555 -9.913791 4.0360255 58285 a
 -0.57396126 -0.24932781 0.5681178 58484 g
 -2.0931308 -15.567698 -2.5671828 58488 a
 1.5096959 0.8287198 -0.8710545 58678 g
 -2.4450784 -5.465364 -1.8339585 58680 a
 0.8055562 0.52059203 -0.8710545 58880 g
 1.0456676 -8.541314 2.119467 58884 a
 -0.7185704 0.47478357 0.17157389 59083 g
 1.8555063 -11.811794 -3.3411086 59087 a
 -0.05917171 -1.4951566 0.1023317 59280 g
 1.3467385 -7.6644382 -0.4429273 59284 a
 -0.6147071 -0.41364697 0.57264596 59480 g
 7.3633676 -11.328764 1.0702082 59483 a
 -0.78115386 -0.28395396 0.730839 59683 g
 -2.3157916 -14.389153 -2.3421278 59687 a
 1.1440452 0.5999492 -0.706469 59879 g
 -0.88944596 -5.7161565 -2.1655555 59883 a
 1.14298 0.25400457 -1.046022 60271 g
