 -1.3482088 3.8203626 -0.13692829 2 g
 5.1241903 -13.504495 2.2667105 4 a
 -0.44898432 -0.43973005 0.44183484 6 r
 -2.0789802 -3.694279 -1.1958011 107 g
 1.6807296 -14.551958 9.235633 109 a
 -0.4952322 -0.43854398 0.39134577 112 r
 -0.8683072 1.7074106 -0.54785407 319 g
 1.6519991 -8.435371 -1.7812861 325 a
 -0.6025121 -0.39229536 0.23170774 330 r
 1.3668839 -4.16486 0.37945864 508 g
 -0.7757214 -5.755661 0.42197806 510 a
 -0.5834104 -0.42203236 0.270951 512 r
 1.4553009 -2.450849 0.3720018 715 g
 9.442133 -12.29662 10.565014 719 a
 -0.46775967 -0.3494861 0.3882583 725 r
 1.3365239 -4.0037384 -1.142538 917 g
 4.280234 -10.323798 -3.0873232 923 a
 -0.3301839 -0.4709258 0.4940336 926 r
 0.0030791468 -4.027174 -0.70524687 1117 g
 0.6727707 -9.348759 2.7048495 1122 a
 -0.38451383 -0.5490109 0.4587902 1126 r
 0.104279265 2.8102257 -0.4234844 1318 g
 1.4263457 -7.760206 -1.8752584 1322 a
 -0.49478683 -0.56668615 0.40122506 1326 r
 2.493401 -4.0474143 1.435402 1520 g
 1.620276 -3.7858315 -0.050876785 1524 a
 -0.40639916 -0.5806887 0.478561 1527 r
 0.5924367 -0.6295132 0.73845273 1717 g
 2.794632 -12.306795 -3.3117795 1722 a
 -0.29034483 -0.5081403 0.63395983 1726 r
 -2.3359752 4.4872184 0.20129317 1921 g
 0.42676646 -9.267356 1.9871874 1925 a
 -0.25723884 -0.50056374 0.58863264 1929 r
 -1.0438094 3.541796 0.9001066 2120 g
 3.0190883 -15.261839 -1.8028339 2124 a
 -0.39441305 -0.49371403 0.42477658 2128 r
 0.73624736 -3.0290213 2.437816 2318 g
 2.633622 -6.801927 0.08259996 2322 a
 -0.3954829 -0.5268489 0.4634215 2326 r
 1.8744824 -0.7379039 0.30329224 2515 g
 3.9025488 -11.139024 1.5640123 2519 a
 -0.3558295 -0.5341371 0.56381184 2523 r
 -0.5242267 1.0802362 0.059612997 2719 g
 -0.19692309 -11.350311 -2.2900538 2723 a
 -0.28366804 -0.5666182 0.6239316 2727 r
 0.30694583 -1.4950405 -1.2725002 2917 g
 1.6944963 -10.357317 0.25318682 2922 a
 -0.19525918 -0.66964746 0.5805014 2929 r
 -0.6118447 -3.8050666 -0.30444112 3117 g
 -1.0414777 -10.91337 2.5396495 3121 a
 -0.28830612 -0.6597221 0.5401178 3125 r
 0.27445525 0.41710907 -0.3451875 3319 g
 -0.23044191 -7.868544 7.4746976 3323 a
 -0.29312754 -0.68285847 0.51775056 3327 r
 0.65528727 1.3385628 0.024192953 3522 g
 2.9203274 -9.40203 1.6885108 3526 a
 -0.249344 -0.5735501 0.6477507 3529 r
 0.071522385 -0.5261826 -0.41469598 3719 g
 1.6567876 -5.602432 -0.6619968 3723 a
 -0.28009313 -0.5065782 0.6293883 3727 r
 1.1788647 1.0733119 0.28038904 3924 g
 2.5366566 -7.9451585 1.4053963 3928 a
 -0.40095097 -0.45988423 0.45586112 3932 r
 -0.9980031 -1.0827832 0.18291736 4119 g
 1.3784616 -12.315774 0.712275 4123 a
 -0.4556548 -0.49437368 0.39262775 4127 r
 0.14076458 1.4219197 -0.24904737 4318 g
 -2.3361423 -1.0450691 12.521076 4322 a
 -0.40964 -0.5962614 0.42813298 4326 r
 0.7469 3.736473 0.61568105 4518 g
 7.1670427 -7.5566993 10.268731 4523 a
 -0.30997226 -0.4769923 0.6119482 4527 r
 0.60149145 -4.053806 -0.38753176 4716 g
 1.6466122 -3.6529531 -2.3786395 4720 a
 -0.12227098 -0.5039885 0.75206774 4724 r
 2.0321414 -4.2892294 0.9858604 4921 g
 5.434838 -6.939594 5.801749 4925 a
 -0.0134075405 -0.5634873 0.7614247 4929 r
 -0.70532167 -5.4141483 -0.8876734 5123 g
 0.34835634 -9.612122 -0.19812019 5127 a
 0.10787147 -0.67253983 0.72007734 5130 r
 1.3405186 -2.1765435 -0.60378045 5321 g
 0.9103952 -4.313753 3.1741128 5326 a
 0.11452757 -0.6741992 0.7161456 5329 r
 1.386325 2.054953 1.5789464 5524 g
 0.9127894 -10.326791 6.587646 5528 a
 0.06219627 -0.52869785 0.839943 5531 r
 0.8488991 2.0754595 -2.1396253 5724 g
 2.191293 -6.4751186 -3.139397 5728 a
 0.18182234 -0.48421836 0.8557382 5731 r
 -0.14872104 -2.8306158 0.21460897 5921 g
 -1.0019734 -9.41041 4.642357 5925 a
 0.25637794 -0.5799011 0.77292436 5929 r
 -0.8794924 0.5132492 -0.09937772 6122 g
 5.3235073 -16.545132 -6.1405287 6126 a
 0.15957241 -0.6702436 0.7203904 6130 r
 1.0153466 -2.482807 1.4356683 6325 g
 -0.9959879 -2.7168205 0.39264908 6328 a
 0.12516814 -0.6684102 0.7310315 6332 r
 0.5250587 -0.8393703 -0.4991182 6523 g
 -0.8463503 -8.051701 -0.23463176 6527 a
 0.0071675954 -0.5275563 0.83823997 6531 r
 0.58098507 3.6043801 0.9211456 6723 g
 2.8149827 -7.827842 -1.8782512 6727 a
 0.01804509 -0.56021786 0.81600446 6730 r
 0.8683402 0.98010135 0.22020161 6925 g
 0.92535895 -11.923723 3.1986535 6928 a
 0.030832266 -0.67719066 0.72228676 6932 r
 0.25448155 0.29700053 -0.7920659 7123 g
 1.1893197 -7.1766195 1.1534066 7127 a
 -0.10646092 -0.67718697 0.6668895 7130 r
 1.5730126 4.9079976 -0.29032636 7323 g
 7.0383544 -8.167819 2.3582888 7327 a
 -0.06597054 -0.5615834 0.7615171 7330 r
 -0.68774486 -1.3283267 0.60582733 7528 g
 1.5472529 -6.640917 2.2631192 7532 a
 0.10410355 -0.6051229 0.77056867 7535 r
 0.5479619 -5.568079 1.2287407 7723 g
 0.18315643 -9.495404 0.14664486 7727 a
 0.22513428 -0.60186636 0.7598663 7730 r
 1.0182761 -0.5685268 -0.6136341 7923 g
 8.838196 -10.457873 1.1204864 7927 a
 -0.23437044 0.6736282 -0.7005078 7930 r
 4.2207274 6.5418468 -0.888206 8125 g
 -2.019509 -9.885659 8.494628 8129 a
 -0.16988571 0.64852476 -0.74091524 8133 r
 -0.42888558 0.48608494 -0.2562379 8324 g
 1.726818 -9.293094 -0.3812766 8328 a
 0.0064948983 -0.5053581 0.85825163 8331 r
 -1.896021 -1.2036908 -0.1901915 8525 g
 1.1773487 -10.842142 5.8520274 8529 a
 -0.01131409 -0.6723057 0.71396977 8532 r
 -2.0302444 0.31883845 -0.04185344 8725 g
 5.9926867 -14.814721 -8.180987 8728 a
 -0.007989074 -0.6855347 0.6882655 8732 r
 0.55595136 3.5527148 1.1360627 8925 g
 -0.3333926 -5.391742 1.2443863 8928 a
 0.08670878 -0.68580174 0.7143176 8932 r
 -0.23713799 -1.2692045 -0.2889948 9126 g
 0.5009867 -6.7241154 0.18375498 9129 a
 0.0017283242 -0.59064317 0.7908326 9133 r
 -1.9311748 -1.8204788 0.07266249 9329 g
 4.775235 -5.1918263 2.4007857 9333 a
 -0.008971201 -0.60559285 0.77036554 9336 r
 -3.037718 -1.1869128 0.3656102 9528 g
 1.2162545 -10.4249525 -1.5263035 9533 a
 0.09162946 -0.65936005 0.7331278 9535 r
 1.7013769 -4.3725863 1.4039767 9721 g
 0.5141548 -5.2702365 -0.61291564 9726 a
 0.10070021 -0.6783396 0.7093497 9729 r
 0.6899084 -4.920665 0.15868258 9928 g
 8.582016 -9.051878 14.940417 9931 a
 0.07070107 -0.58653307 0.8018771 9935 r
 1.9618341 -4.9552855 -0.9065818 10125 g
 2.956839 -7.707534 -3.4506433 10133 a
 -0.17738289 0.54638517 -0.81769925 10137 r
 -0.25657907 -2.5608377 -1.1326842 10328 g
 1.8207904 -7.992444 -0.5686229 10331 a
 -0.18051644 0.6546711 -0.7335312 10335 r
 -1.8973526 2.49038 -0.9441324 10528 g
 2.484583 -12.770672 -1.8680758 10532 a
 0.06147611 -0.6830933 0.71862 10535 r
 -0.38867185 -2.4961228 0.7877212 10726 g
 0.7338228 -6.7510505 2.992752 10729 a
 -0.0094377715 -0.7283174 0.651576 10733 r
 0.6736631 -0.26093173 -1.4043267 10925 g
 7.1742253 -8.243237 8.180388 10929 a
 -0.14445646 -0.57621646 0.7321417 10933 r
 -0.15005262 -0.5709237 -0.6053783 11128 g
 3.1705215 -10.851719 -0.60932434 11132 a
 -0.13746631 -0.52986574 0.7257926 11136 r
 0.79004323 -2.714502 -1.3377476 11326 g
 2.5079262 -7.3232646 4.997896 11329 a
 -0.16783343 -0.5723113 0.6645537 11333 r
 0.29709214 0.1329498 0.11474043 11526 g
 2.190096 -12.144588 0.17118542 11529 a
 -0.14694957 -0.6096456 0.65564555 11533 r
 0.4187986 0.8653191 -0.020281836 11729 g
 3.9893386 -13.116035 1.2922704 11732 a
 -0.0860243 -0.6908338 0.6252646 11736 r
 1.7594339 2.1902418 0.23724584 11926 g
 1.3700819 -6.2763996 -3.3261447 11930 a
 0.041659374 -0.60856247 0.7498408 11933 r
 -0.7319533 -4.8471613 0.6431116 12126 g
 0.002992752 -11.498753 -0.02633622 12130 a
 0.21553697 -0.6093278 0.7602784 12134 r
 -3.1671479 -0.6460248 -1.3768961 12329 g
 2.9239187 -6.143522 -0.6655881 12333 a
 -0.28914505 0.5810312 -0.7598433 12336 r
 -1.0411463 1.1950184 1.3086356 12527 g
 2.3355439 -14.215572 0.41299978 12530 a
 -0.4076364 0.57592833 -0.69183403 12534 r
 0.2816458 -2.5203576 -0.122547224 12727 g
 2.5151088 -6.655881 2.8089972 12730 a
 -0.44386435 0.59079826 -0.65489715 12734 r
 2.741075 2.5830579 1.2013102 12929 g
 5.005677 -9.602545 2.7389667 12933 a
 -0.40831906 0.47064757 -0.69250757 12936 r
 -1.2563298 0.3760964 -0.5387993 13127 g
 2.9095535 -7.4645224 -1.9141643 13130 a
 -0.5090207 0.29863703 -0.5990663 13134 r
 -2.012401 -3.2215679 0.8351255 13327 g
 2.1679497 -8.666411 -0.5638345 13330 a
 -0.59904546 0.34581405 -0.5068398 13334 r
 -3.1098897 1.2927564 0.18797736 13529 g
 2.6539726 -12.591106 -1.0061632 13533 a
 -0.6373824 0.3410011 -0.49322197 13536 r
 -0.3165002 0.6405483 0.9296677 13725 g
 1.3425486 -5.939416 6.4272346 13729 a
 -0.6225856 0.40505373 -0.5226447 13733 r
 4.167997 6.4446416 0.73658854 13925 g
 1.0749966 -9.371504 2.3666685 13928 a
 -0.3932322 0.450872 -0.65995115 13932 r
 -1.7247797 0.8639875 0.058281414 14125 g
 3.904943 -11.881226 -4.3197384 14129 a
 -0.4254213 0.38866866 -0.6625907 14132 r
 -1.7663251 -2.8375401 1.1049037 14325 g
 -0.41359833 -7.0634937 1.8567034 14329 a
 -0.54849946 0.35485303 -0.59389895 14332 r
 -2.509347 2.438182 -0.2362642 14542 g
 1.5819688 -10.616488 -0.15741876 14546 a
 -0.5310813 0.4412704 -0.6141681 14549 r
 -0.27229172 -0.99117047 0.18930894 14726 g
 -0.22026655 -6.022016 9.64983 14729 a
 -0.5661468 0.4703673 -0.5927512 14733 r
 3.868391 5.3357015 1.3163587 14925 g
 1.7872716 -7.204153 0.05865794 14929 a
 -0.4011407 0.49106795 -0.6622179 14932 r
 -0.3402023 -0.5645321 -0.6517173 15125 g
 5.1517234 -18.586786 2.6042929 15137 a
 -0.4346709 0.39523256 -0.6603249 15142 r
 -2.0398316 -1.5075574 -1.2456023 15329 g
 3.9211037 -11.135432 -3.8600516 15333 a
 -0.48643938 0.40307575 -0.60867137 15337 r
 -0.839545 -2.2106318 0.40449235 15525 g
 1.9147629 -9.625289 2.337938 15529 a
 -0.62174726 0.2809252 -0.4849414 15532 r
 -2.7194705 1.1047373 0.5672115 15729 g
 6.413468 -12.840104 -2.4636335 15733 a
 -0.6654905 0.26838315 -0.40223917 15737 r
 1.2678144 4.9676523 -0.38406965 15925 g
 -0.8846575 -6.689998 -0.015562311 15929 a
 -0.5934861 0.3136261 -0.46915707 15933 r
 0.9988351 -1.9448484 -0.14358619 16125 g
 3.4039562 -16.444574 0.03232172 16130 a
 -0.4796432 0.34530312 -0.63672525 16133 r
 1.4542357 2.545241 1.2511113 16325 g
 3.6008794 -10.185533 2.2272062 16329 a
 -0.41468227 0.4256932 -0.6992356 16333 r
 -0.64513427 -0.58637 0.05455299 16528 g
 -0.08619126 -10.901399 3.6703112 16532 a
 -0.52166265 0.45623344 -0.60892135 16535 r
 0.35248587 3.284801 -0.28153795 16725 g
 0.7320272 -9.048885 -0.075417355 16729 a
 -0.46349832 0.536656 -0.6383882 16733 r
 0.9961719 -1.0947675 0.24603426 16925 g
 0.41359833 -4.3341036 0.94690675 16929 a
 -0.4473257 0.55847037 -0.6516271 16933 r
 0.6952347 -3.2247636 1.3112987 17125 g
 7.2388687 -8.962694 8.323442 17129 a
 -0.3546008 0.50330424 -0.7073106 17133 r
 -0.0869357 -0.63004583 1.122747 17325 g
 3.328539 -6.320094 5.1547165 17329 a
 -0.4277224 0.42744678 -0.6972925 17333 r
 1.0691426 -0.38130662 0.05881405 17525 g
 1.543063 -8.134899 2.6916811 17529 a
 -0.47506675 0.4094804 -0.6502349 17532 r
 -0.64513427 -0.11445787 0.36507758 17725 g
 1.8375498 -6.269816 -0.13587095 17729 a
 -0.57880014 0.33480787 -0.55850023 17732 r
 -0.1018494 1.3542755 0.2747964 17926 g
 -0.007182605 -7.6734166 4.4023385 17929 a
 -0.57986796 0.32478368 -0.5615663 17933 r
 0.58551246 -2.2332687 0.0034202978 18129 g
 3.2758665 -11.847109 0.3465607 18133 a
 -0.47872564 0.32463568 -0.62976605 18136 r
 -0.72130066 -3.5970736 0.6279316 18325 g
 3.0663738 -7.393295 0.7302315 18329 a
 -0.5635331 0.3000381 -0.5461109 18333 r
 -1.8819063 -2.697724 0.3818555 18527 g
 1.6430209 -7.5231805 0.30885202 18531 a
 -0.5738661 0.22557509 -0.42920324 18535 r
 0.38684067 0.2471994 0.20262475 18724 g
 0.45789108 -11.36767 1.5903485 18728 a
 -0.6680141 0.053735204 -0.32341054 18732 r
 0.13756879 1.3249807 -0.08606192 18931 g
 0.22266077 -8.932168 -0.19572599 18935 a
 -0.6511693 0.06978451 -0.30043486 18938 r
 0.695501 -3.4178429 -0.38939595 19129 g
 3.945046 -10.8469305 1.4287399 19133 a
 -0.6685 -0.11280155 -0.15437259 19136 r
 2.3466609 -1.7576282 2.1906745 19325 g
 3.9306808 -5.9890957 -1.9782091 19329 a
 -0.63637024 -0.30236512 0.019071272 19333 r
 -0.60385525 -1.9975791 0.010877149 19526 g
 3.8019924 -6.0902505 0.08259996 19529 a
 -0.5986232 -0.3220631 0.18125416 19533 r
 0.38977012 0.0064496435 0.07212985 19723 g
 6.007651 -7.3747396 6.575675 19727 a
 -0.4258498 -0.47202706 0.35375956 19731 r
 0.15221617 4.653133 -0.65890783 19932 g
 2.2762873 -9.578004 0.45669398 19936 a
 -0.36793545 -0.40634596 0.3884608 19940 r
 -2.1045465 2.2163408 -1.8565314 20128 g
 0.2908955 0.4345476 -0.6356605 20138 a
 -0.48791832 -0.33054978 0.21005417 20147 r
 0.3727259 -3.216508 1.8489909 20324 g
 -3.17531 -19.6133 19.612701 20328 a
 -0.51661485 -0.40916306 0.3319976 20332 r
 8.7156105 -6.9955335 1.533939 20527 g
 -0.47165772 -4.3239284 -0.58657944 20531 a
 -0.49650922 -0.3353402 0.47660002 20535 r
 1.0297277 -3.0479298 0.37839338 20732 g
 0.6697779 -17.27596 -7.5710645 20735 a
 -0.42527622 -0.4711994 0.4859204 20739 r
 -0.10504519 -4.1395597 -0.8959292 20926 g
 9.878476 -12.86225 -2.3139958 20929 a
 -0.16536635 -0.75050294 0.57552487 20933 r
 -2.1085413 2.0046194 -0.18752836 21132 g
 -2.2104468 -5.720945 2.7635074 21136 a
 -0.14988996 -0.7580124 0.60323626 21139 r
 -1.0528642 1.4197892 -0.30657166 21332 g
 4.2760444 -11.187506 3.6804867 21336 a
 -0.18925992 -0.6159153 0.68515545 21339 r
 0.056875 2.684258 0.45882085 21529 g
 3.0885203 -7.0545154 -1.9494787 21533 a
 -0.23576799 -0.606575 0.6159635 21536 r
 -1.133558 0.5446745 0.43059134 21729 g
 1.0313023 -13.8480625 2.4271219 21733 a
 -0.20779808 -0.6986805 0.56519264 21737 r
 -0.74553543 -1.6020997 0.21327738 21932 g
 5.240309 -11.058818 -6.8689647 21936 a
 -0.30339026 -0.68636596 0.50530285 21939 r
 0.47339338 -0.034829352 0.87613815 22132 g
 1.4550761 -9.7162695 0.5093664 22135 a
 -0.26424783 -0.71998775 0.5354528 22139 r
 1.4971125 -1.0907727 0.48705035 22329 g
 3.6445735 -15.103223 -0.35793316 22333 a
 -0.28150022 -0.56843066 0.59480435 22337 r
 -0.057907242 3.733011 1.2122291 22533 g
 3.3237505 -8.521563 -3.1549592 22537 a
 -0.30545866 -0.6012646 0.55465764 22541 r
 1.680338 0.94894236 -0.11375879 22729 g
 2.6844985 -10.939706 2.208651 22733 a
 -0.24975821 -0.74979913 0.51038677 22736 r
 -0.3833455 1.4480188 -0.24185684 22937 g
 3.857059 -10.381857 -2.4025815 22951 a
 -0.35143876 -0.70520175 0.4358798 22955 r
 1.4294683 -3.2945385 0.75523067 23131 g
 0.86011696 -5.934029 -0.79846627 23142 a
 -0.35381946 -0.6855693 0.4615312 23146 r
 1.5136241 0.3164416 -0.36436224 23330 g
 2.1619642 -12.08593 8.803479 23342 a
 -0.32876232 -0.53693163 0.54372615 23345 r
 0.62386197 1.1625279 -0.7886038 23534 g
 2.6994624 -11.261726 -1.2904748 23539 a
 -0.32245722 -0.47029263 0.5223368 23549 r
 -1.2147844 -2.2987826 -0.5329403 23734 g
 0.1921347 -8.048109 5.070919 23738 a
 -0.39934924 -0.53172195 0.44336167 23749 r
 -0.8462029 -0.13736105 -0.19258836 23928 g
 2.9466639 -12.744335 -2.1033063 23939 a
 -0.43969506 -0.5384486 0.43576685 23943 r
 0.2140015 -1.4787953 1.1387259 24123 g
 0.05267244 -5.011064 1.2210429 24130 a
 -0.4659744 -0.55917823 0.41238907 24135 r
 1.2073606 -0.93071675 -0.074876636 24331 g
 3.8145618 -10.777499 6.703765 24340 a
 -0.44147232 -0.40473378 0.473941 24351 r
 -0.74553543 -0.23483275 -0.2690211 24522 g
 3.2477345 -5.242703 3.702633 24528 a
 -0.4000982 -0.40604758 0.46865895 24531 r
 -0.24699168 1.0591972 0.8268697 24735 g
 0.74399817 -10.13705 1.6603789 24739 a
 -0.43753377 -0.4073671 0.40663198 24749 r
 -0.31090754 3.7412667 -0.3238822 24928 g
 0.78290397 -9.462483 -0.55365914 24933 a
 -0.53248656 -0.35158575 0.29891405 24943 r
 -0.18707055 0.64880407 0.16294365 25131 g
 11.752538 -14.413692 3.1639376 25149 a
 -0.59559846 -0.3422897 0.23357297 25161 r
 1.1128184 4.580961 0.5216714 25335 g
 0.4381389 -8.483255 4.9865236 25340 a
 -0.5331954 -0.33830315 0.18606861 25350 r
 0.0046770433 -0.6934291 0.4566903 25533 g
 4.0617633 -12.45344 -3.1070752 25537 a
 -0.46092495 -0.2249772 0.14976521 25541 r
 0.17405409 0.90340227 -0.090589285 25730 g
 1.7770962 -8.093 -0.9720459 25738 a
 -0.5774084 -0.2080031 0.041720595 25749 r
 -0.82250077 -2.2790751 -0.26822212 25934 g
 1.4047978 -10.836157 1.3581109 25938 a
 -0.6919782 -0.16876203 -0.06568725 25943 r
 0.091496095 0.9065981 -0.30177796 26130 g
 3.6822822 -9.11712 -0.16938977 26141 a
 -0.7204386 -0.05228187 -0.15671329 26145 r
 1.4821988 -0.43430352 -0.0074986625 26331 g
 0.7966706 -7.0832458 0.50996494 26335 a
 -0.727629 -0.059984796 -0.15335317 26345 r
 0.6603473 1.4275124 -0.17128307 26536 g
 5.039196 -13.081918 7.029975 26540 a
 -0.6083955 0.018885668 -0.2002361 26546 r
 -0.36044234 0.2815542 -0.39418966 26734 g
 0.9475053 -5.380968 -0.8050503 26737 a
 -0.6130118 0.0019159904 -0.19505249 26741 r
 -0.33407703 1.1316352 0.38052392 26933 g
 3.0879216 -10.617686 -0.57999533 26937 a
 -0.67292863 0.082404345 -0.23225613 26940 r
 -0.70585436 1.8360413 -0.064756624 27133 g
 -0.7529764 -9.817424 1.2964603 27137 a
 -0.7109319 0.029354986 -0.24081637 27140 r
 0.29975528 0.1132424 -0.27860847 27336 g
 5.083489 -12.021287 -6.4487824 27339 a
 -0.7179187 0.09320524 -0.32031295 27343 r
 1.9551762 -0.46839198 1.3818724 27534 g
 1.501763 -8.297705 0.18495208 27538 a
 -0.7313704 -0.018399347 -0.15460737 27542 r
 1.9493172 0.016037023 0.0580151 27734 g
 -2.8113914 -7.1969705 5.443816 27737 a
 -0.58066875 0.071979165 -0.26055017 27741 r
 -0.4576477 0.20299093 -0.14811356 27931 g
 2.9789855 -10.371083 -0.65062433 27933 a
 -0.5892595 0.07852733 -0.31075355 27934 r
 -1.8273115 -1.8399199 -0.01389025 28134 g
 0.90859956 -7.128137 2.2242134 28137 a
 -0.65575624 0.08537626 -0.27975324 28141 r
 -0.7966681 -0.5647984 -0.58327407 28334 g
 1.602918 -9.184756 -1.0702082 28337 a
 -0.7352467 0.10062717 -0.24506392 28341 r
 1.2518353 -2.1714835 0.16720471 28537 g
 -0.23882163 -6.0645127 1.553837 28541 a
 -0.74089766 0.07472588 -0.2369404 28545 r
 1.9549099 -2.373351 0.16960154 28734 g
 6.1584854 -14.469358 9.420585 28738 a
 -0.5967617 0.13717493 -0.28864267 28742 r
 0.10854033 1.6879696 -0.58274144 28934 g
 6.0704985 -13.131 0.62488663 28938 a
 -0.58724713 0.03463719 -0.27819827 28942 r
 -0.02515036 -0.57864684 -0.49831924 29135 g
 2.694674 -6.0118403 0.8391677 29138 a
 -0.5977446 0.060987875 -0.28330317 29142 r
 -1.2869561 -1.3440393 -0.2775432 29334 g
 2.1823149 -15.505448 -1.0923545 29338 a
 -0.7119937 -0.025340859 -0.1977276 29342 r
 0.23157836 -2.5286133 0.3075533 29534 g
 1.951873 -6.716933 4.8267107 29538 a
 -0.7544946 -0.043831557 -0.17408215 29542 r
 2.164767 1.7311127 -0.93161553 29735 g
 4.413711 -12.588114 4.045004 29739 a
 -0.58525264 0.12968147 -0.2858527 29743 r
 -1.0970727 0.09912765 -0.6338741 29935 g
 3.2070332 -5.3899465 -1.42455 29938 a
 -0.6234068 0.022580668 -0.24483944 29942 r
 -1.1047958 -3.2995985 0.45455977 30135 g
 2.6677392 -9.325416 -1.0265139 30146 a
 -0.69644064 -0.030657966 -0.15026163 30150 r
 -2.0651317 0.4107175 0.073461436 30337 g
 1.9117701 -11.710639 -0.6278794 30341 a
 -0.72019285 -0.018432792 -0.16796903 30345 r
 0.4648713 -1.2782593 0.14909521 30531 g
 0.374094 -4.7309427 3.6445735 30537 a
 -0.74095917 0.015431382 -0.20806949 30540 r
 -0.20571268 -1.4090204 -1.3731676 30731 g
 6.615179 -14.924256 10.829573 30735 a
 -0.56436735 0.17811319 -0.3665615 30738 r
 -0.3876066 0.9358929 -1.1630442 30933 g
 3.2465374 -6.4709287 0.036511578 30936 a
 -0.56766266 0.115872756 -0.36938843 30940 r
 0.6156062 0.6338904 0.46840823 31131 g
 3.2231941 -8.556278 0.43035775 31135 a
 -0.56896096 0.18769789 -0.43862984 31138 r
 -0.43314663 -0.33603287 -0.2530421 31331 g
 1.5346833 -10.752359 -0.6757634 31335 a
 -0.64936787 0.23013508 -0.4435728 31339 r
 0.6387757 -2.19199 -0.17554413 31531 g
 1.2419921 -6.192004 3.4889505 31535 a
 -0.6377354 0.3035072 -0.5197007 31538 r
 1.051832 -3.7994738 1.17095 31731 g
 3.9372647 -13.174693 9.188348 31735 a
 -0.49793246 0.3106988 -0.56393677 31738 r
 -0.3628392 -1.901439 -1.7087259 31932 g
 1.2958617 -3.117849 -0.15263036 31936 a
 -0.5454975 0.16418424 -0.4647058 31939 r
 1.3961787 -1.9706812 0.46734294 32132 g
 2.2756886 -7.9768815 2.5145104 32136 a
 -0.56157887 0.12866741 -0.41392735 32140 r
 0.21772993 0.30259314 -0.6405321 32332 g
 1.2150574 -11.869853 1.09834 32336 a
 -0.66406375 0.08345255 -0.30301854 32339 r
 0.40361857 -0.33629918 -0.16595675 32532 g
 1.3389573 -6.4098763 3.4662056 32536 a
 -0.7079735 0.08717264 -0.29969928 32542 r
 3.582634 8.160783 0.68998325 32733 g
 0.9624691 -5.04578 6.6846113 32736 a
 -0.58556217 0.19569483 -0.35329393 32740 r
 -1.9926938 -1.6359218 -0.7579774 32933 g
 3.669114 -7.467515 -1.3820529 32936 a
 -0.5263791 0.13880199 -0.37355945 32940 r
 -3.0108202 -0.6454922 0.57014096 33132 g
 0.81343 -9.095572 2.5528176 33135 a
 -0.5786953 0.17865661 -0.36469558 33139 r
 -0.14073156 3.8390048 -0.34731802 33333 g
 -0.090381116 -9.988609 0.5446809 33336 a
 -0.6263598 0.21195215 -0.36491552 33340 r
 -0.6640427 1.759076 -0.050375555 33532 g
 7.719505 -12.821548 -9.472659 33536 a
 -0.6635988 0.2704147 -0.39527175 33539 r
 1.6079 2.4538946 1.7717593 33732 g
 -1.0079589 -7.1071877 0.009576807 33736 a
 -0.66822237 0.2238937 -0.33889636 33739 r
 0.08723503 -0.70514697 -0.34944853 33934 g
 3.8839936 -13.324331 -1.0313023 33937 a
 -0.5009595 0.3197263 -0.54489285 33941 r
 -1.1641843 0.48102495 0.40742183 34133 g
 2.5719712 -6.308123 -1.7998412 34136 a
 -0.47467753 0.37920392 -0.6041873 34140 r
 0.37192696 3.8515215 0.13684466 34335 g
 0.39743748 -10.56681 1.1552023 34338 a
 -0.58080876 0.4162134 -0.5163109 34342 r
 -0.49333408 2.6658823 0.03804139 34526 g
 5.663484 -10.1699705 -7.1826053 34527 a
 -0.521128 0.5295613 -0.580645 34528 r
 1.8827382 2.036311 1.6865381 34756 g
 0.8810662 -7.527969 -0.3453636 34758 a
 -0.5674532 0.46287167 -0.531285 34759 r
 1.3035007 -0.7605407 -0.1270746 34939 g
 1.9512744 -12.100894 -0.5614403 34943 a
 -0.3812879 0.463929 -0.7203621 34947 r
 0.6992295 2.717814 0.04097087 35133 g
 4.735132 -8.4647 -0.89543146 35147 a
 -0.4075944 0.4648636 -0.7203843 35151 r
 -0.3878729 -2.296652 1.3501809 35335 g
 -0.017956512 -8.819042 0.93014735 35339 a
 -0.5541922 0.42476785 -0.5972106 35353 r
 0.21799624 0.44214278 -1.2551897 35538 g
 3.2507274 -9.602545 -1.4550761 35544 a
 -0.58366996 0.4957776 -0.5425741 35548 r
 2.1197596 -1.3823888 0.6505684 35734 g
 0.7266402 -5.7065797 2.0829554 35737 a
 -0.612986 0.4455037 -0.521197 35741 r
 1.3346597 -2.251112 0.33498386 35934 g
 3.311181 -12.021885 9.029732 35937 a
 -0.45242292 0.43775666 -0.6287553 35942 r
 0.020123377 0.12522663 -0.2727495 36134 g
 4.1772833 -12.388797 -4.745308 36138 a
 -0.5237338 0.35043955 -0.57438225 36142 r
 -0.6408732 -2.8575137 -0.8610418 36335 g
 -0.1921347 -6.555923 3.57993 36338 a
 -0.6497516 0.3292442 -0.4491482 36344 r
 -0.9636483 1.3279102 0.045231927 36534 g
 8.267777 -13.991117 -0.12988544 36538 a
 -0.6513021 0.3507899 -0.46105435 36544 r
 2.1439943 -0.90594935 -0.053305034 36734 g
 -1.2384008 -6.976105 1.8034325 36738 a
 -0.6300033 0.39836782 -0.49225202 36742 r
 -0.19665794 -4.239162 0.38664916 36935 g
 3.774459 -16.317083 2.272696 36939 a
 -0.36742568 0.5011673 -0.71719915 36943 r
 -0.020889303 0.4360175 0.49530613 37134 g
 2.7162218 -7.340024 -2.6240451 37138 a
 -0.3152986 0.55284107 -0.7376576 37142 r
 -1.808403 -1.1996961 0.042835083 37335 g
 -0.5093664 -11.601105 4.9278655 37338 a
 -0.36828345 0.61216366 -0.67309684 37342 r
 -1.9711221 -1.1272581 -0.07887138 37535 g
 6.199785 -8.4664955 -1.429937 37539 a
 -0.34095868 0.641835 -0.67673165 37543 r
 1.99033 3.0483122 1.2295396 37734 g
 -0.19931729 -10.573992 4.478953 37738 a
 -0.31125468 0.60793865 -0.7114479 37742 r
 0.65289044 -1.3831878 0.60902315 37934 g
 4.097078 -11.997345 0.599149 37938 a
 -0.23327707 0.5558845 -0.78266615 37941 r
 -0.41690135 1.1018078 0.17093313 38135 g
 3.2531216 -9.179968 -1.4520833 38138 a
 -0.3138131 0.53539276 -0.7532837 38142 r
 1.5684853 4.2027926 -1.3702382 38336 g
 1.4401124 -8.154053 2.0602105 38339 a
 -0.36593103 0.5990603 -0.68656796 38343 r
 0.049418148 0.91219074 -0.29884848 38535 g
 3.1004913 -12.006922 -1.0672154 38539 a
 -0.3577407 0.6166098 -0.69238824 38545 r
 0.5596798 -3.0609794 0.43937975 38736 g
 0.9983821 -7.451354 0.6147113 38739 a
 -0.38382238 0.6299716 -0.6555708 38743 r
 0.16952671 -1.957099 -0.22854103 38934 g
 3.6337996 -12.145186 6.405687 38938 a
 -0.2925744 0.5587641 -0.74914235 38942 r
 0.86727494 0.4967376 0.09236988 39135 g
 1.7513585 -10.21546 -0.7074866 39139 a
 -0.34975806 0.50827384 -0.7254681 39143 r
 0.013465475 -1.693446 -0.24931368 39336 g
 2.5073278 -8.902839 -0.96187055 39340 a
 -0.48754182 0.43822473 -0.6421607 39344 r
 -0.33301178 0.4125817 0.16320996 39528 g
 2.6821043 -11.562199 0.74878657 39529 a
 -0.565373 0.4090712 -0.566469 39531 r
 0.6201336 -1.0630759 0.25082797 39736 g
 -0.33039984 -6.5068417 9.302073 39740 a
 -0.6130737 0.38706106 -0.5288705 39744 r
 2.1871376 3.507175 0.8931824 39936 g
 3.9390604 -5.7586536 4.228759 39940 a
 -0.4812245 0.368473 -0.58248 39944 r
 -0.17615159 -0.39568767 0.031649806 40137 g
 4.654328 -12.682685 5.237316 40148 a
 -0.48739907 0.25466007 -0.5391616 40151 r
 -1.5538048 -2.305174 -0.49006346 40336 g
 1.7525556 -9.659407 5.774216 40339 a
 -0.5225064 0.32119048 -0.55347365 40353 r
 -2.6329176 -0.7245881 0.36987126 40548 g
 0.44232875 -9.383475 1.6861166 40552 a
 -0.56623405 0.3188038 -0.513864 40555 r
 -0.21530007 -0.6454922 0.11846886 40737 g
 2.966416 -6.0704985 -1.1145009 40742 a
 -0.56853616 0.3565495 -0.5300363 40747 r
 2.296327 1.0799699 0.61062104 40936 g
 1.0761937 -6.9240313 1.4999673 40940 a
 -0.5661755 0.32500392 -0.51002365 40944 r
 1.4766061 -1.6718744 0.6143494 41137 g
 2.789245 -9.527725 9.439739 41141 a
 -0.4356102 0.30695903 -0.6137455 41145 r
 1.2824618 0.13348243 -0.64612466 41336 g
 2.3199813 -11.644798 -4.032434 41340 a
 -0.48392496 0.2516157 -0.5872913 41344 r
 0.57485986 -4.732113 -1.4149793 41537 g
 -0.5482722 -9.255983 1.5352819 41540 a
 -0.62742245 0.17718697 -0.46400467 41544 r
 -1.4957479 0.3478669 -0.20510522 41737 g
 4.449624 -8.30369 -1.091756 41741 a
 -0.61997217 0.18794811 -0.41682926 41745 r
 1.0297277 2.238445 -0.10949773 41936 g
 1.2060791 -8.704121 4.633379 41940 a
 -0.6189061 0.28165293 -0.46881166 41944 r
 0.90589076 -1.0114105 0.23591426 42137 g
 5.005079 -14.749479 7.1550717 42141 a
 -0.4482939 0.35472065 -0.6313867 42145 r
 1.3591608 0.06077813 0.022595057 42338 g
 5.4539914 -10.915166 1.7316064 42342 a
 -0.50439036 0.33367497 -0.58874017 42345 r
 -0.9809589 -4.175246 -0.59445935 42537 g
 2.3481133 -10.0987425 -0.65242 42541 a
 -0.5735686 0.32045293 -0.52716357 42545 r
 1.175669 4.9727125 0.014339258 42737 g
 0.20410569 -8.999206 -0.3609259 42741 a
 -0.60743785 0.30287308 -0.506102 42745 r
 0.95915395 1.123912 0.18957525 42938 g
 3.594894 -8.9279785 9.141062 42943 a
 -0.6295094 0.26361477 -0.51238924 42947 r
 1.9663615 0.20725198 -0.026939739 43138 g
 0.9576807 -6.7630215 3.3865983 43142 a
 -0.5106391 0.27337962 -0.52878815 43146 r
 0.14316142 -0.41326454 0.37759444 43337 g
 -0.6979098 -7.443573 5.78918 43341 a
 -0.44062296 0.27221435 -0.57864374 43345 r
 -0.28773805 1.2003448 0.037242442 43539 g
 3.9294837 -7.7931266 -1.3000516 43543 a
 -0.46514612 0.27048022 -0.5788265 43546 r
 -0.73461646 -0.79702604 -1.0418705 43738 g
 3.6194344 -9.713276 2.3582888 43742 a
 -0.49965876 0.34281307 -0.5476504 43746 r
 -0.7109143 -0.78024817 -0.3105664 43938 g
 4.4520183 -11.659762 0.10055647 43942 a
 -0.56840396 0.3756858 -0.5392454 43946 r
 0.3032174 0.43761542 0.40928605 44139 g
 0.6691794 -5.9064956 0.93014735 44143 a
 -0.5677071 0.40787125 -0.5561195 44147 r
 1.711497 -0.6750533 -0.30683798 44338 g
 2.7682958 -9.689334 2.6850972 44342 a
 -0.3947262 0.37784046 -0.7008459 44346 r
 -0.65179217 -3.1760278 0.7831939 44538 g
 -1.9135658 -9.367912 3.469797 44542 a
 -0.45127535 0.3496015 -0.6286002 44546 r
 0.9194729 -2.8306158 1.5275474 44739 g
 -3.0065188 -11.334749 -3.840898 44743 a
 -0.4524427 0.2506563 -0.5879975 44747 r
 0.3410343 -6.847728 0.7589591 44939 g
 3.5416229 -7.5351515 -5.307347 44943 a
 -0.65137124 -0.122611955 -0.20371409 44946 r
 0.7495632 3.0437849 2.5118518 45139 g
 1.3533225 -13.694834 6.5247984 45152 a
 -0.60716385 -0.3527472 0.09822645 45156 r
 4.20102 0.7036652 -1.5329573 45338 g
 0.1436521 -7.3819222 -0.830788 45345 a
 -0.5128927 -0.40139282 0.20720313 45349 r
 2.0462563 -2.305973 -0.19818099 45538 g
 1.9123687 -9.889849 3.364452 45543 a
 -0.476049 -0.45221037 0.28006443 45546 r
 0.63478094 -6.7699637 2.4271631 45739 g
 4.6483426 -7.5962033 -1.3323733 45743 a
 -0.39257526 -0.43727803 0.4489852 45747 r
 -0.2656338 -1.6236713 -0.37554753 45940 g
 6.706159 -12.607267 -0.018555064 45944 a
 -0.24857286 -0.5996686 0.6488634 45947 r
 0.16286881 0.12762347 -0.41762546 46140 g
 0.48362875 -10.762535 -3.6780925 46144 a
 -0.16616721 -0.6594765 0.6555982 46147 r
 1.4656872 6.57487 -1.5012658 46338 g
 -0.9552865 -5.8334723 -1.0881647 46342 a
 -0.43459 -0.5151857 0.42845312 46346 r
 -1.2121212 3.5314097 -0.45650762 46540 g
 0.8319851 -10.3214035 0.021547815 46544 a
 -0.52642787 -0.38185257 0.25566557 46547 r
 0.048885517 -4.205606 -1.1428043 46740 g
 -1.1336545 -7.4363904 3.0945058 46744 a
 -0.56150305 -0.2817273 0.047382753 46747 r
 -0.89280826 -2.4553764 0.3653439 46940 g
 -0.34596214 -6.498462 0.7140707 46944 a
 -0.58565617 -0.23717767 0.046400752 46947 r
 -0.16017263 -7.035481 0.06387405 47141 g
 7.5626845 -11.33056 -2.6030958 47145 a
 -0.48271218 -0.539345 0.36612114 47148 r
 -1.4432837 6.3365173 1.8015866 47340 g
 1.5125369 -3.8672342 -0.18734628 47344 a
 -0.41758966 -0.632102 0.49218503 47347 r
 -0.7511281 0.22855727 -0.7265521 47540 g
 2.5264814 -18.17618 -1.4460979 47544 a
 -0.35941735 -0.6002945 0.48440418 47547 r
 -0.613709 0.58994824 -0.37581384 47740 g
 0.6332663 -3.82773 -2.4169466 47744 a
 -0.31238207 -0.59693706 0.43045595 47748 r
 0.10001821 0.12842242 0.9698815 47940 g
 -1.3515269 -16.704346 9.178172 47944 a
 -0.3127626 -0.66196823 0.43717244 47948 r
 0.5913714 -8.311667 3.648755 48141 g
 0.3537433 -2.19249 -0.13826515 48145 a
 -0.40086207 -0.44219184 0.4885436 48148 r
 -1.211056 -3.905734 -0.3174906 48339 g
 -19.6133 -17.20234 19.612701 48343 a
 -0.2837083 -0.64349926 0.60976297 48347 r
 0.06539711 -8.53777 -1.2954034 48540 g
 3.0340521 -6.555923 1.5867572 48544 a
 -0.42161477 -0.55194414 0.586418 48548 r
 1.5485115 6.35729 1.605578 48740 g
 -1.1905168 -6.3422403 -0.29269117 48745 a
 -0.63565934 -0.3701288 0.34165248 48748 r
 3.5493445 -8.7233925 2.97391 48941 g
 8.103176 -17.842789 -4.267066 48945 a
 -0.49567127 -0.48736298 0.42002103 48949 r
 -3.8180244 8.729633 1.5485864 49141 g
 0.52612585 -1.1133038 0.10295067 49145 a
 -0.5163518 -0.5188937 0.3986015 49149 r
 -0.8576545 3.252843 1.1453837 49341 g
 1.6681601 -8.861539 8.319851 49345 a
 -0.6441851 -0.34807903 0.10942409 49348 r
 0.67552733 -0.8747904 2.203724 49541 g
 3.530849 -4.9823337 -8.224682 49548 a
 -0.5745279 -0.19220626 -0.070815705 49552 r
 2.660914 4.9676523 1.0705489 49740 g
 2.930503 -6.8653736 -0.50757074 49745 a
 -0.38026157 -0.6934377 0.3995063 49748 r
 0.24169838 8.729633 0.22925636 49940 g
 -1.5179238 -19.6133 2.867655 49945 a
 -0.3937168 -0.57377446 0.39273897 49948 r
 1.8076371 -4.6937633 -2.159599 50143 g
 -0.39624038 -4.518457 -0.06464344 50153 a
 -0.36462304 -0.49518782 0.5202543 50156 r
 2.189268 -1.1621454 -0.3917928 50344 g
 7.2987237 -11.748946 12.115858 50348 a
 -0.27322957 -0.6177894 0.57657737 50351 r
 5.096907 -1.922478 -1.0701 50543 g
 1.7489643 -6.3458314 -0.26276365 50549 a
 -0.15601392 -0.55028296 0.70397013 50553 r
 0.41453752 1.727118 0.034845598 50742 g
 0.54049104 -10.477625 0.15442601 50746 a
 -0.36890757 -0.53376484 0.55896944 50751 r
 -0.3170328 -3.257787 0.40742183 50941 g
 6.729502 -9.801263 -1.5107412 50945 a
 -0.36436582 -0.51511455 0.52541083 50949 r
 1.7905929 0.5862198 -0.30151165 51142 g
 2.156577 -5.3276973 2.983774 51146 a
 -0.2480129 -0.6430924 0.5714496 51149 r
 -0.08480517 1.7721255 -0.74599326 51342 g
 1.8423382 -6.2626333 4.823718 51346 a
 -0.2750033 -0.49197084 0.56603426 51349 r
 -0.3532518 2.594776 -0.41203284 51541 g
 2.190096 -11.38383 2.966416 51550 a
 -0.28448132 -0.43972337 0.5085277 51553 r
 -1.9668611 1.062393 -1.0629094 51742 g
 0.57161564 -6.3685765 1.258153 51746 a
 -0.41671488 -0.37440324 0.40524647 51749 r
 -0.5966647 -1.5363196 -0.2413242 51942 g
 4.7626657 -12.435484 1.685518 51946 a
 -0.5134479 -0.4267134 0.28303567 51950 r
 1.3908523 -1.077457 0.37439865 52142 g
 -5.2301335 -2.92751 2.9999347 52146 a
 -0.4593631 -0.45958376 0.346248 52149 r
 -0.9926768 0.83362746 1.3174239 52342 g
 0.4225766 -13.543999 1.340753 52346 a
 -0.46356267 -0.206384 0.34688458 52350 r
 -1.4129236 0.4820902 -2.284235 52545 g
 1.2090719 -7.290344 1.4867992 52551 a
 -0.52185136 -0.19557405 0.29037055 52555 r
 -1.5631258 -0.9893063 0.42446607 52742 g
 1.6184803 -11.428123 0.46866497 52746 a
 -0.4542333 -0.4594112 0.43167672 52750 r
 -0.6408732 -0.6388343 0.28465012 52941 g
 1.2413936 -9.838373 -0.1448492 52945 a
 -0.3334985 -0.6311548 0.54343265 52949 r
 3.2185798 5.2869654 0.1259257 53143 g
 5.2439003 -4.1000705 2.597709 53147 a
 -0.20511481 -0.6119431 0.66505164 53150 r
 0.17911409 0.39873326 -0.74146587 53342 g
 5.951387 -19.564219 1.7250223 53346 a
 -0.15392838 -0.5474936 0.75633365 53350 r
 1.1168131 4.440613 -1.5555942 53545 g
 2.4408886 -3.9504328 5.13257 53551 a
 -0.18292075 -0.58950186 0.6750602 53554 r
 0.5599461 -1.6255355 0.30009645 53743 g
 0.034117375 -15.1936035 -1.0043676 53747 a
 -0.03860432 -0.6634959 0.7111468 53750 r
 0.32079425 -0.9221946 0.0513572 53944 g
 2.0219033 -3.37762 -0.3890578 53947 a
 -0.01902664 -0.7409289 0.6513621 53951 r
 7.4532723 4.2342176 -1.2349496 54144 g
 5.773019 -16.752829 8.717887 54148 a
 -0.11040966 -0.5960866 0.7661094 54151 r
 0.5937683 -2.225013 -1.1542559 54344 g
 3.3955765 -10.588357 -4.0521865 54347 a
 -0.16731533 -0.5183816 0.7648837 54351 r
 0.06726133 -2.2146268 -0.60085094 54574 g
 1.7609353 -7.4465656 -0.33399114 54579 a
 -0.13659073 -0.6801561 0.6233286 54581 r
 -2.1636686 0.011509649 0.3754639 54743 g
 4.547786 -14.993689 -7.8757267 54747 a
 -0.085016124 -0.7498261 0.58412486 54750 r
 1.5714147 -1.9728117 0.6710748 54944 g
 -1.0354922 -2.6449943 0.46746787 54948 a
 -0.045454584 -0.777835 0.59505814 54951 r
 0.28297737 -2.158434 -0.4977866 55144 g
 1.7878702 -13.114839 1.9662381 55155 a
 -0.25527483 -0.5622792 0.63252515 55158 r
 -0.3402023 0.31724054 1.1150237 55342 g
 1.8309658 -5.4162827 -1.429937 55346 a
 -0.43056443 -0.44989502 0.40488884 55349 r
 -2.3780532 0.4986018 -0.26715687 55546 g
 1.0151415 -12.843695 -0.59017074 55556 a
 -0.5121357 -0.5042623 0.2920898 55560 r
 -0.45977825 1.8514876 -0.6655658 55743 g
 10.040085 -15.045762 5.076905 55746 a
 -0.650204 -0.3715381 0.06619548 55750 r
 1.5991116 8.713122 -0.14971146 55944 g
 1.2473791 -6.903681 0.8972271 55947 a
 -0.63659126 -0.2949978 0.09802448 55951 r
 0.7237305 1.8818476 0.4167429 56144 g
 6.5098343 -11.555614 4.1641154 56148 a
 -0.55941385 -0.25718802 0.14739905 56152 r
 -0.51810145 -3.4482028 -0.92788714 56344 g
 2.9526494 -7.047931 -0.9528923 56348 a
 -0.58157283 -0.27692997 0.04567748 56351 r
 -1.4107931 0.3579869 0.5219378 56546 g
 -0.93613285 -15.077485 2.147599 56553 a
 -0.53849095 -0.4761656 0.21092172 56556 r
 -1.545549 0.42030486 0.71395165 56745 g
 3.0615854 -9.827001 2.854487 56748 a
 -0.4847788 -0.57602406 0.28377512 56753 r
 4.414339 8.729633 0.5216714 56944 g
 1.899799 -8.37013 0.11312603 56948 a
 -0.3939184 -0.51455486 0.4572352 56952 r
 1.3186808 2.6339242 -0.3353338 57145 g
 3.390788 -7.5411367 2.2649148 57148 a
 -0.25434345 -0.5442778 0.59313244 57152 r
 0.24516049 -4.10627 -0.38433596 57345 g
 2.058415 -4.685453 -1.1085154 57349 a
 -0.34588936 -0.5164838 0.44239965 57352 r
 -2.2603414 1.3452207 0.7507033 57545 g
 -0.21428105 -15.115194 1.0420763 57548 a
 -0.39413363 -0.5868834 0.39409056 57554 r
 0.34822482 1.8293834 0.8897203 57745 g
 2.8341362 -7.8182654 1.5999253 57748 a
 -0.5148075 -0.5344906 0.24775846 57752 r
 6.5065184 5.674455 -0.33240432 57945 g
 3.032855 -8.545505 2.658761 57949 a
 -0.4595899 -0.46251684 0.38454595 57953 r
 -0.63794374 0.49806917 -0.3470517 58146 g
 3.3476925 -9.96347 -1.7663223 58149 a
 -0.35710117 -0.45714808 0.48873767 58153 r
 -1.3804331 -5.3534284 -0.42694652 58345 g
 4.559757 -7.3669586 -0.7410054 58349 a
 -0.35785174 -0.5214529 0.45388767 58352 r
 -2.29443 1.9630741 -0.19072415 58545 g
 -0.599149 -10.682928 0.9911995 58549 a
 -0.32767773 -0.6134423 0.50931805 58552 r
 0.70029473 -0.016453542 -0.15104304 58745 g
 1.1061212 -6.464943 2.3540988 58749 a
 -0.42659175 -0.5719806 0.34196022 58753 r
 2.7615814 4.5623193 0.50995356 58955 g
 2.095525 -7.6949644 -0.32441434 58959 a
 -0.41858783 -0.44938266 0.39938024 58969 r
 -1.0158463 -1.2979666 -0.14012408 59147 g
 1.6968905 -6.889914 0.18136078 59150 a
 -0.31869057 -0.49481678 0.5014443 59155 r
 2.0723553 -2.8790853 -1.5555942 59346 g
 3.0699651 -9.317036 -1.726818 59349 a
 -0.33497968 -0.5500102 0.44460985 59353 r
 -1.6882944 0.91725075 0.2684048 59546 g
 1.8405426 -10.596737 -0.57520694 59549 a
 -0.29100436 -0.671353 0.5260648 59553 r
 0.7098821 0.856797 0.7472412 59746 g
 2.2517467 -5.1559134 0.11731588 59750 a
 -0.25387678 -0.6855018 0.5376604 59754 r
 1.495781 1.7247212 0.12139833 59946 g
 8.152855 -13.959393 8.607155 59949 a
 -0.22820467 -0.5608963 0.68606216 59953 r
 0.73704636 -0.79356396 -1.2061875 60300 g
