 -0.36592767 -2.1887197 -0.26216316 9 g
 9.96766 1.0420763 -4.0174704 10 a
 -0.009330384 -0.3098596 0.09336883 115 g
 11.559804 1.453879 -1.9183542 117 a
 0.07588997 1.5511593 0.14050598 322 g
 5.3085437 0.21906945 -5.985504E-4 326 a
 -0.4362359 2.5293384 0.076856434 517 g
 -0.27832595 -1.9626468 3.330933 522 a
 -0.8165353 2.4545035 0.3644778 717 g
 -0.60453594 -2.56419 9.970055 722 a
 -0.2969531 1.6259962 0.46993822 921 g
 1.3844471 -1.8118122 9.425972 925 a
 0.046062034 -0.29760507 0.11893358 1117 g
 4.88896 -1.4544775 7.65127 1121 a
 0.32010132 -1.2848389 -0.13060461 1316 g
 8.841188 -0.57161564 4.554969 1320 a
 0.55525845 -2.0997663 -0.15750255 1516 g
 12.786234 1.0995371 -0.81642276 1521 a
 0.18907379 -2.2587569 -0.3191564 1716 g
 10.079589 1.3587095 -5.080496 1720 a
 -0.26819098 -2.103761 -0.29518798 1916 g
 9.618107 0.89184016 -2.2056582 1921 a
 0.011175423 0.3071959 0.21827082 2119 g
 13.445837 2.3540988 -1.1857284 2123 a
 0.45512438 1.5245268 0.13997388 2316 g
 6.7648168 -0.5907693 5.2079873 2321 a
 -0.68604016 2.6446524 -0.10077588 2516 g
 0.4261679 -1.6424223 8.464102 2520 a
 -0.688702 2.0848517 0.40735686 2719 g
 0.7745243 -2.6042929 9.356541 2723 a
 -0.22424668 1.1530116 0.43558636 2915 g
 2.0979192 -2.0937295 9.0794115 2920 a
 0.10731687 -0.4336998 0.035845883 3115 g
 5.6066217 -0.3274071 6.76362 3119 a
 0.4170433 -1.4923095 -0.15243827 3317 g
 8.843582 -0.17597382 4.0863037 3322 a
 0.47296968 -2.0225449 -0.13592668 3515 g
 11.376049 1.4856021 0.32680854 3519 a
 -0.09694678 -1.7410487 -0.4520439 3714 g
 11.092337 1.4640543 -2.8502972 3718 a
 -0.17178054 -1.2089531 -0.21688491 3917 g
 11.164762 0.7206547 -0.52852005 3922 a
 0.17522934 0.798804 0.26301673 4114 g
 9.163807 0.7858967 2.099715 4118 a
 -0.20267321 1.4446205 0.25156513 4314 g
 7.0593038 -1.6944963 6.327875 4317 a
 -0.5984184 1.5458186 0.21827668 4516 g
 4.4819455 -2.0578163 8.631097 4520 a
 -0.02637142 1.6094681 0.47101066 4713 g
 0.8206126 -1.9644425 8.710705 4717 a
 -0.078835696 0.9290304 0.27233884 4913 g
 2.9388826 -2.3971944 8.682572 4916 a
 0.080688186 -0.41027513 -0.046707053 5112 g
 4.5980644 -0.7350199 6.9545574 5114 a
 0.45805812 -1.5791365 -0.16974509 5313 g
 12.200851 0.6362591 1.2641385 5317 a
 0.3685759 -2.390069 -0.37560743 5513 g
 10.783484 1.4526819 -1.578976 5517 a
 -0.25912982 -1.4545048 -0.26748124 5715 g
 10.701483 0.51355624 -2.0512323 5720 a
 -0.067914866 -0.7112166 -0.056558885 5914 g
 11.003751 0.5823896 -0.7541735 5918 a
 0.1051906 0.63873976 0.121606596 6113 g
 10.775703 -0.50996494 1.79206 6116 a
 0.015708389 1.3322269 0.30616367 6312 g
 6.0525417 -1.1755531 4.9721584 6316 a
 -0.32384464 1.9194539 0.2228067 6512 g
 1.8656816 -2.1428106 8.813655 6516 a
 -0.17444131 1.9349003 0.6228135 6711 g
 1.46585 -1.9476831 8.628104 6715 a
 0.007985755 0.5500544 0.2044317 6914 g
 3.5488055 -1.5496471 7.9565306 6918 a
 0.13421959 -0.77273774 -0.25443095 7112 g
 7.5525093 -0.22984336 3.2932243 7116 a
 0.52384007 -2.5040588 -0.3428479 7312 g
 11.484387 0.3286042 -3.7415388 7316 a
 -0.24155244 -2.9248383 -0.33672264 7507 g
 10.922947 0.9056068 -4.0563765 7510 a
 -0.12171019 -0.81588095 -0.1841235 7713 g
 12.322956 0.6338649 -0.777517 7717 a
 0.33369035 2.5857747 0.4193488 7911 g
 -3.940856 1.8926164 9.030331 7916 a
 0.34514248 1.7351592 -0.0831889 8113 g
 15.387534 -1.6226702 1.3383588 8117 a
 -0.6231829 -1.7136344 -0.024865668 8310 g
 11.499351 -1.6657659 1.8608932 8314 a
 -0.52544487 1.8155866 0.26089153 8510 g
 6.5960255 -3.8414967 -2.4259248 8514 a
 -0.29428223 -1.1189517 0.08965079 8712 g
 4.4358573 -1.9387048 8.317456 8716 a
 0.52863455 0.040056072 0.6321367 8910 g
 13.4195 -0.86610246 8.163031 8914 a
 0.011182347 0.15084358 0.0981729 9109 g
 15.5515375 -4.929063 -5.471948 9113 a
 -0.38296524 -0.5309267 -0.2645491 9312 g
 6.2123547 -1.4041992 6.0441623 9316 a
 0.8652584 0.6896 0.3341295 9509 g
 12.000338 0.15203181 -2.4893713 9512 a
 -0.48576325 -0.36234862 -0.13432053 9709 g
 6.4230447 -1.2372037 3.8786068 9713 a
 -0.034356907 0.14578037 0.17114484 9911 g
 12.2559185 -2.582745 6.203377 9915 a
 0.2055939 -0.93226725 0.27527446 10108 g
 -2.1176715 -0.18914193 -0.2208651 10115 a
 -0.096941195 0.5833377 -0.60756344 10308 g
 -2.2026656 -2.0021513 -1.6980876 10312 a
 0.24687237 -0.39457288 0.21055883 10511 g
 12.474389 -6.2141504 6.201581 10515 a
 -0.19707659 0.2594995 0.31788424 10708 g
 3.8935704 -1.1127052 1.7232267 10712 a
 -0.034623757 -0.14743154 9.6805906E-4 10908 g
 19.612701 -6.290765 5.255273 10912 a
 0.014112091 -0.0036208339 0.10483134 11108 g
 18.038515 -1.9608512 -1.0444705 11112 a
 0.49348107 -1.7956619 -0.2978386 11307 g
 8.338406 -3.3530796 1.3976152 11311 a
 -0.3739105 1.8616571 0.12906611 11507 g
 1.4550761 -3.5715504 9.185355 11511 a
 -0.4074663 1.688019 -0.18625216 11708 g
 11.401787 -1.7998412 3.3740287 11712 a
 0.34540933 -1.4830068 0.15915982 11907 g
 11.232397 0.46686932 0.9684546 11911 a
 -0.42158106 -1.5288131 -0.16547951 12107 g
 10.4171715 -3.0478187 6.1327477 12111 a
 -0.43010318 2.0885584 0.4329328 12307 g
 6.9264255 -1.6472107 4.2383356 12311 a
 1.0937576 -0.6371868 0.26994732 12504 g
 9.438541 -2.7605145 4.2143936 12505 a
 -0.08708803 -0.48298982 -0.06134991 12706 g
 8.930971 -2.1894975 1.5173253 12710 a
 -1.0631366 -0.051557735 -0.3867882 12907 g
 14.085089 -3.86484 4.2521024 12911 a
 0.25832397 0.6864042 0.5719498 13106 g
 8.288726 0.5614403 4.9398365 13110 a
 0.7022729 -0.6323932 0.09311343 13302 g
 10.431537 -2.5037365 -0.39803603 13303 a
 -0.87218815 -0.0355777 -0.39850664 13505 g
 10.584765 -4.537611 3.9959226 13507 a
 -0.462594 0.6475231 0.30829632 13705 g
 9.051878 0.66379243 6.4828997 13709 a
 1.2066754 -0.87181026 0.2832626 13905 g
 13.557167 -1.5095441 -0.3776853 13909 a
 -0.6833695 0.09145295 -0.29703912 14108 g
 10.396222 -5.2439003 4.4921207 14112 a
 -0.8365013 0.37028593 0.11814768 14305 g
 10.234613 0.089184016 3.8881836 14309 a
 1.4905689 -0.5453089 0.4526407 14505 g
 12.382213 -1.9572599 0.61770403 14509 a
 -0.465789 0.092783466 -0.25043353 14707 g
 4.408922 -3.7337575 -1.2892777 14711 a
 -0.9568759 0.1545688 -0.1985019 14904 g
 4.8135424 -1.2838906 3.6020765 14908 a
 1.2695267 0.2720142 0.5442537 15104 g
 9.31105 -2.498948 2.48159 15108 a
 -0.4727119 -0.5258728 -0.20036426 15307 g
 7.638102 -3.5613751 2.1859062 15311 a
 -1.4215962 0.29145128 -0.16068316 15504 g
 5.9717374 -3.0986955 3.980959 15508 a
 0.859135 0.29464707 0.5929914 15704 g
 5.4222684 0.18734628 4.4873323 15708 a
 0.89775157 -0.8001816 -0.03151851 15906 g
 10.001778 -1.5831659 1.4041992 15910 a
 -0.968858 0.15589319 -0.18251975 16103 g
 9.898229 -5.595848 3.8444893 16107 a
 -0.58483016 0.1263321 0.09418269 16303 g
 11.21444 0.47285482 5.084686 16307 a
 1.3097423 -0.075001806 0.3879288 16506 g
 15.427637 -0.6787562 0.2896984 16510 a
 -0.12889726 -0.24357991 -0.16068235 16702 g
 6.449381 -5.885546 9.407417 16706 a
 -1.0831078 0.029127792 -0.3018299 16902 g
 7.389105 -0.6787562 2.4833858 16906 a
 1.4522215 0.41501984 0.6089712 17103 g
 11.727997 0.6003461 -1.9476831 17107 a
 0.18748628 -0.6686204 -0.065873824 17302 g
 7.7171106 -4.382586 4.322731 17306 a
 -1.5667379 -0.05076704 -0.36281627 17503 g
 8.872911 -3.459023 3.8893807 17507 a
 0.38376126 0.54072106 0.30244136 17702 g
 7.0108213 -2.7647045 3.4374752 17706 a
 0.67511106 -0.0062922505 0.11122639 17899 g
 9.327211 -1.7645266 2.6222494 17901 a
 0.09321037 -0.25236833 -0.1233981 18102 g
 10.786477 -1.401805 2.3068132 18106 a
 -0.23409213 -0.04810388 -0.42540056 18302 g
 7.559692 -1.3042414 2.11827 18311 a
 -0.9454225 0.11434895 -0.60143554 18501 g
 9.629479 -5.4683566 4.6279917 18506 a
 -0.79841596 0.38439348 0.5562406 18701 g
 0.39923313 -0.44951138 -0.12090719 18706 a
 0.6151902 -0.36182532 -0.2626809 18904 g
 5.515642 2.224812 -1.5711949 18908 a
 0.25992453 -1.6923406 0.8036488 19101 g
 10.497377 -0.04249708 4.859032 19105 a
 0.11025487 0.68612856 -0.55642754 19301 g
 9.341577 2.718616 1.858499 19305 a
 0.38695782 0.25895566 -1.6789491 19503 g
 7.8954787 2.4331074 3.6774938 19507 a
 0.39521363 0.09623652 -1.3314066 19701 g
 5.2462945 7.4896617 0.40701428 19705 a
 0.7941552 0.05655542 -1.264295 19900 g
 4.537012 8.012196 1.8710686 19905 a
 -0.06418192 -0.04144811 -0.39610472 20103 g
 17.774553 1.934515 0.25677812 20106 a
 0.048469797 -0.35596743 1.4254974 20300 g
 1.6861166 -4.2395325 2.0925324 20304 a
 0.015180284 0.7005086 1.5365512 20500 g
 15.319898 10.556634 -2.9903579 20505 a
 0.47084713 -0.93014497 -1.371887 20700 g
 11.333552 7.769783 -2.3104045 20704 a
 0.036219258 0.13485315 -0.07679172 20899 g
 11.24377 4.908712 -0.21188685 20904 a
 -0.36618438 0.08691625 0.02946841 21099 g
 11.340137 -0.24720132 2.9412768 21104 a
 -0.48655927 0.5580295 -0.004620052 21299 g
 10.424355 8.409035 2.2008698 21304 a
 0.98030984 -0.671552 -0.0064842645 21498 g
 10.396222 3.3626564 -0.78170687 21505 a
 -0.37390754 -0.4071001 0.29951295 21699 g
 7.0622964 4.933253 -1.2384008 21703 a
 -0.43595892 0.12952603 -0.097031474 21902 g
 9.258378 4.31495 0.6536171 21906 a
 -0.5275717 0.5369897 -0.11647255 22098 g
 7.383718 2.472612 5.243302 22102 a
 -0.755272 0.41022322 0.2284068 22297 g
 8.555081 7.1209545 0.84575176 22302 a
 1.366469 -0.49658525 -0.3055559 22501 g
 9.209297 1.6723499 1.0127473 22506 a
 -1.0737854 -0.47980735 0.3991165 22697 g
 7.875128 3.6619315 -0.48961425 22702 a
 -0.17070755 0.74018675 0.054503456 22897 g
 7.8068933 3.8780081 4.107253 22902 a
 0.3036009 0.12153655 -0.0024892567 23101 g
 8.268375 4.459201 -0.029927522 23105 a
 0.35553253 -0.16049221 -0.17506209 23297 g
 11.736377 4.8733974 -0.5081693 23301 a
 -0.31371984 -0.2624913 0.24332051 23497 g
 11.088745 5.2002063 0.62488663 23501 a
 0.20346683 0.15056181 -0.13298282 23700 g
 5.993884 3.4476504 5.581483 23704 a
 0.071640365 0.2477672 -0.12419438 23896 g
 6.081871 2.5276785 1.804031 23900 a
 -0.4404855 -0.3122956 0.20763548 24096 g
 7.7308774 4.6022544 -0.2172738 24101 a
 -0.18988205 -0.106433235 0.087260604 24296 g
 9.676167 5.78918 2.2768857 24300 a
 0.6218494 0.15588814 -0.22672608 24496 g
 6.4404025 4.39336 4.767454 24500 a
 -0.042609245 0.32846096 -0.04243534 24696 g
 8.04392 4.663905 1.4305356 24701 a
 -0.41891336 -0.43213996 0.08033745 24899 g
 7.8745294 6.4505777 -1.1384429 24902 a
 -0.2093226 -0.097380616 0.026541596 25096 g
 9.84795 5.506664 2.2457612 25101 a
 0.52997094 0.29170722 -0.15215652 25295 g
 6.3607955 3.803788 3.6673183 25306 a
 0.05486245 0.53166014 0.055036355 25497 g
 8.569447 5.367202 0.47405192 25501 a
 -0.16724518 -0.61429805 -0.06453958 25695 g
 9.670779 6.43322 -1.3449428 25700 a
 -0.47723714 -0.23932497 0.09977746 25894 g
 7.557896 6.5708866 1.389834 25899 a
 0.6546069 0.41021788 -0.29676616 26097 g
 5.443816 6.817489 3.2441432 26101 a
 0.059390355 -0.016154202 -0.15322177 26293 g
 7.478289 2.516306 4.481347 26298 a
 -0.77684224 -0.5059095 0.015888952 26494 g
 8.348581 3.769072 1.3652935 26498 a
 -0.11930749 -0.13626356 0.29818454 26697 g
 8.209718 5.9867015 2.1517887 26701 a
 0.95927274 0.41820657 -0.3391099 26893 g
 6.3787518 4.84766 2.694674 26897 a
 0.19947289 0.49730244 -0.041634794 27093 g
 8.492832 7.81228 1.1067197 27097 a
 0.29508063 -0.1274762 -0.030182935 27296 g
 4.8883615 2.9071593 1.2384008 27300 a
 0.28176484 -0.061429806 0.44093025 27493 g
 8.341399 7.113772 -0.075417355 27497 a
 0.49827984 -0.03373293 -0.44004342 27693 g
 4.7081976 7.129334 0.36511576 27697 a
 -0.1222367 0.5063561 -0.3417728 27894 g
 6.5379663 5.09546 2.743755 27899 a
 -0.833567 0.35136017 0.17008677 28092 g
 7.693767 2.5635915 3.4572272 28096 a
 0.08042986 -0.16183098 0.84466547 28292 g
 8.921394 6.7091517 2.8293478 28296 a
 0.9486201 0.31913698 -0.1244591 28495 g
 6.8623805 6.5607114 3.5410242 28499 a
 0.5411565 -0.6971253 -0.59637123 28693 g
 7.9128366 8.45213 -0.22864626 28697 a
 0.1880213 -0.25530687 0.08619694 28892 g
 7.539341 4.608838 0.61052144 28896 a
 -1.2974894 0.9500377 0.5943289 29094 g
 5.1397524 5.9926867 5.137358 29099 a
 -0.6511402 0.703429 -0.531123 29291 g
 6.0836663 5.0613422 5.9968767 29295 a
 1.1371725 -1.0494636 -0.13324673 29491 g
 5.503671 8.807071 -0.6171055 29495 a
 0.3163862 -0.38340706 -0.47519663 29693 g
 4.9182887 5.047576 1.9488802 29697 a
 -1.6972299 0.2373758 0.7205627 29891 g
 2.9993362 3.5901055 3.277662 29895 a
 0.2881567 0.13697463 -0.30235747 30091 g
 0.20470424 7.140108 3.8977604 30095 a
 0.62558 -0.28993222 -0.13724068 30295 g
 10.925341 3.8055837 2.5384524 30305 a
 -0.9068029 -0.29019853 0.30431142 30491 g
 8.6095495 3.6098576 4.6381674 30495 a
 0.36432388 0.40408754 0.08113853 30690 g
 0.84814596 5.1505265 3.6846764 30694 a
 0.31825122 0.1436304 -0.14123543 30890 g
 9.5013895 8.2995 2.2290018 30894 a
 -0.6442152 -0.070754066 0.13919544 31090 g
 5.539584 5.129577 0.5105635 31094 a
 0.08762146 0.2557495 -0.1343112 31291 g
 1.453879 5.006874 6.025607 31295 a
 0.18722422 -0.10670887 0.011631089 31492 g
 7.2526355 4.1862617 3.4302924 31496 a
 -0.4311618 -0.2228227 -0.13777225 31689 g
 7.615956 4.1922474 5.005079 31693 a
 0.6396953 -0.50671566 0.2001829 31889 g
 2.3403323 7.7105265 2.9831753 31893 a
 0.52970725 0.21153702 -0.72925955 32092 g
 10.076596 4.2419267 1.560421 32096 a
 -0.9832345 -0.16716449 0.36663127 32290 g
 7.129334 4.9123034 5.7365074 32293 a
 0.14461417 0.20354754 0.38021338 32489 g
 2.1200657 6.7893577 4.26946 32493 a
 0.48469958 0.08210845 -0.5148756 32692 g
 9.96766 5.2223525 2.6300306 32696 a
 -0.6197133 -0.16316868 0.101379886 32888 g
 11.5633955 5.2528787 2.7204118 32892 a
 -0.16591068 0.0416284 0.45131925 33089 g
 6.6145806 7.6650367 5.5725045 33093 a
 0.68603456 -0.021222198 -0.44803023 33289 g
 7.524976 4.213795 2.1015105 33294 a
 -0.54407954 0.05547684 -0.08717192 33488 g
 8.008605 4.6202106 2.7802668 33492 a
 -0.36831093 0.28184554 0.3530486 33687 g
 6.367379 10.120889 4.583699 33691 a
 0.89509296 -0.19486137 -0.1683978 33891 g
 5.073912 5.4539914 3.1387985 33894 a
 -0.18934622 0.11486427 -0.23364525 34088 g
 6.994062 6.192004 1.6861166 34092 a
 -0.59467936 0.25681075 0.41589975 34287 g
 6.0507464 9.946711 3.1669302 34293 a
 0.88577217 -0.31124258 0.061966166 34488 g
 5.9047 8.344392 2.1386206 34495 a
 -0.07882477 -0.060905427 -0.5455009 34686 g
 6.303933 5.8466406 2.255338 34691 a
 -0.8016067 0.4701289 0.29685697 34887 g
 6.001665 4.950012 3.0657754 34891 a
 0.28256726 -0.30299103 0.16476604 35090 g
 3.2423477 7.521983 5.595848 35094 a
 0.35180944 -0.13254872 -0.48211578 35286 g
 9.220071 6.0423665 4.160524 35290 a
 -0.48815155 0.011794608 0.0680933 35486 g
 11.583148 3.21661 5.249287 35496 a
 0.0021363879 -0.117102385 0.52882016 35686 g
 5.851429 7.515998 5.3564277 35691 a
 0.68097615 -0.11656976 -0.5731959 35885 g
 5.12838 6.0064535 3.168726 35890 a
 -0.35925457 0.14921372 -0.0056762616 36086 g
 8.647258 7.8996687 2.3008277 36090 a
 -0.55552953 0.2283096 0.41803268 36286 g
 5.556942 8.557475 5.358822 36290 a
 0.3230473 -0.08141603 -0.15987329 36485 g
 5.701193 6.4745197 4.372411 36489 a
 -0.14220694 -0.033745445 -0.27172604 36685 g
 8.51857 5.638345 2.3612814 36690 a
 -0.03275049 -0.18421592 0.40098923 36888 g
 9.931149 3.2369606 4.257489 36892 a
 0.044747498 -0.3626477 0.52961993 37085 g
 4.462792 7.7667904 3.7187939 37090 a
 0.5139965 0.17690873 -0.651492 37284 g
 5.521628 7.347805 2.5360582 37289 a
 -0.016771523 -0.08594527 -0.3598759 37484 g
 5.29777 6.5607114 3.247136 37489 a
 -0.3898804 0.34948155 0.5032546 37683 g
 8.816648 4.471172 4.992509 37688 a
 -0.043935765 0.02297802 0.30884385 37884 g
 4.337096 6.6385226 5.4504004 37888 a
 0.3137273 0.025905367 -0.42219305 38087 g
 6.3422403 6.363788 3.639785 38092 a
 -0.054055244 0.04002012 -0.24296232 38283 g
 6.385336 6.7827735 1.4981717 38288 a
 0.26525778 0.03256327 0.4483943 38483 g
 9.973047 3.1501708 5.3444567 38487 a
 -0.103057675 -0.3285603 0.6566532 38685 g
 5.271434 7.641693 4.7979803 38690 a
 -0.025293373 0.36173105 -0.7452348 38883 g
 5.6485205 6.67683 3.5972881 38887 a
 -0.2620484 -0.10805057 -0.31673214 39083 g
 6.0106435 6.033987 2.369661 39087 a
 0.46632642 -0.14586852 0.23400983 39285 g
 10.515334 4.7141833 3.86903 39289 a
 0.2676546 0.5265796 1.0116528 39483 g
 6.609792 6.405687 4.0587707 39487 a
 0.14088814 -0.021765217 -0.6906397 39682 g
 5.157709 6.3631897 3.2453403 39686 a
 -0.3762964 -0.48009923 -0.62379247 39885 g
 7.1089835 7.061698 2.4588451 39890 a
 0.053271476 -0.07050506 0.16982952 40083 g
 6.369175 7.4004774 4.711789 40086 a
 -0.0918708 0.52311355 0.3019223 40281 g
 5.533599 6.4404025 4.381389 40285 a
 -0.07615788 -0.14640622 0.20072271 40484 g
 7.9146323 5.843648 4.0599675 40489 a
 -0.2878792 -0.52510774 0.21936484 40681 g
 7.389105 4.212598 3.8313212 40685 a
 -0.088408425 0.08395722 -0.031238614 40881 g
 7.0724716 5.662287 3.1489737 40885 a
 0.28603175 0.08289302 0.029480927 41084 g
 8.564658 5.9082913 4.8279076 41089 a
 0.184299 0.1207099 0.24413171 41281 g
 8.18398 5.3199162 3.1705215 41285 a
 -0.15578666 -0.07583138 -0.046951797 41481 g
 8.350976 7.6770077 2.6964695 41485 a
 -0.373899 -0.06651245 -0.23443754 41683 g
 4.4448357 3.58412 5.511452 41688 a
 0.019982496 0.45573345 -0.4043472 41881 g
 7.5830355 6.011242 3.5314474 41884 a
 0.49322623 -0.16558205 0.40525374 42080 g
 7.1790137 4.83509 4.131195 42084 a
 -0.36084953 -0.40073916 0.488877 42281 g
 6.143522 3.6643257 3.7684734 42285 a
 0.30707127 0.37823546 -0.65282017 42480 g
 7.687782 7.521983 2.5893292 42484 a
 0.04634779 -0.51632035 0.13334501 42680 g
 6.8366427 6.2901664 4.068946 42684 a
 -0.28628048 0.44854078 -0.22990909 42882 g
 7.173627 5.765238 3.651756 42886 a
 0.13503158 -0.059057727 -0.18330377 43081 g
 5.7867856 8.039729 4.0396166 43084 a
 -0.20718461 0.013113937 0.21190932 43279 g
 8.643068 3.6703112 3.019687 43283 a
 0.25860226 0.10552563 -0.15454164 43480 g
 5.465364 7.4705076 5.3558292 43484 a
 -0.06443918 -0.32271066 0.42815802 43679 g
 9.1350765 6.7606273 3.2890346 43683 a
 -0.027687553 0.19980153 -0.2019459 43879 g
 7.08983 3.608062 4.084508 43886 a
 -0.04712783 0.11324587 -0.40035006 44082 g
 4.9907136 6.1501055 5.01705 44086 a
 -0.23754385 -0.0532017 0.39913088 44279 g
 6.389526 3.1902738 4.2395325 44283 a
 0.1502124 0.13961115 -0.35054895 44479 g
 7.597999 8.660426 2.4331074 44483 a
 0.14382082 -0.39754844 0.36690664 44679 g
 7.85358 4.675277 3.5847185 44683 a
 -0.0383394 0.3286956 -0.2634636 44878 g
 8.478467 5.1601033 1.9548657 44882 a
 0.2793757 -0.4633285 0.009244098 45077 g
 6.8988924 8.288128 2.0829554 45082 a
 -0.071895495 0.21684363 0.17196271 45281 g
 7.4004774 4.547188 2.6844985 45284 a
 0.07058362 0.17955938 -0.21659249 45477 g
 4.38498 8.684967 3.3740287 45482 a
 -0.01889859 -0.19887581 0.25878176 45677 g
 7.1383123 1.3910311 3.7750576 45689 a
 -0.14007162 0.30658922 -0.18170375 45880 g
 8.567651 7.2047515 2.2481554 45884 a
 0.118255004 -0.4446885 0.16770299 46077 g
 9.664794 6.9581485 1.590947 46081 a
 -0.2290212 0.06450789 0.02202807 46276 g
 6.485294 5.9041014 5.266645 46280 a
 -0.57762873 0.19393645 -0.3220518 46480 g
 2.179322 3.430891 6.51582 46484 a
 0.06552468 0.3454703 0.18101932 46676 g
 6.558317 7.404069 2.5187001 46680 a
 1.3297273 -1.050825 0.3445374 46876 g
 9.187749 5.94181 1.4401124 46880 a
 0.37924504 0.19793119 0.602864 47076 g
 7.98167 6.621763 -0.45669398 47080 a
 -0.74221206 0.7779677 -0.6911659 47275 g
 5.9202623 5.811326 3.9306808 47280 a
 -0.67030674 0.60086745 -0.3220518 47475 g
 10.150218 5.981913 2.384625 47479 a
 0.32758054 -0.94989336 0.021230454 47678 g
 5.258864 7.633912 2.3247697 47682 a
 1.1848521 -0.83511114 -0.10447075 47875 g
 8.9758625 6.951565 5.4192758 47879 a
 -0.44952986 0.1438669 0.35891926 48076 g
 5.3498435 6.8947024 2.9993362 48080 a
 -0.7930774 1.0794343 -0.050408047 48278 g
 7.569867 6.7929487 3.7684734 48282 a
 0.15687217 -0.017788053 0.08195106 48475 g
 6.619369 5.6245785 3.5817258 48479 a
 0.21013539 -0.07424707 -0.41313058 48674 g
 6.345233 6.467936 3.376423 48678 a
 0.24369122 -0.10380816 -0.38383582 48875 g
 6.241085 6.9850836 2.3834279 48879 a
 0.4863052 -0.08436708 0.24413757 49075 g
 7.7039423 6.769605 1.780089 49079 a
 0.06659101 -0.041490186 0.22815861 49274 g
 7.223905 4.7758336 2.4504654 49278 a
 -0.92064226 0.5904761 -0.09248519 49476 g
 6.413468 4.1802764 1.525705 49481 a
 -0.30491942 0.44293696 -0.21792008 49673 g
 19.612701 17.66861 4.036624 49677 a
 1.4234722 -2.3062441 0.104588725 49873 g
 5.349245 6.3727665 -1.9560628 49877 a
 0.22638094 -0.19488907 -0.53909755 50076 g
 6.7211227 6.9449806 0.9947908 50081 a
 -0.25858068 0.19073667 0.40153092 50273 g
 6.2566476 7.1969705 1.0690111 50277 a
 0.16539456 0.059176505 0.15891695 50473 g
 8.322844 7.8446016 2.8107927 50476 a
 -0.7209052 0.5923403 0.7155179 50675 g
 6.2249246 6.133945 -0.7302315 50680 a
 -0.5182386 0.7531952 -0.23123588 50872 g
 6.6067996 9.141661 -0.30286652 50876 a
 1.270074 0.021358551 -0.048543036 51072 g
 5.5000796 8.139089 0.023942016 51076 a
 0.2591378 -0.5464263 -0.32018572 51275 g
 8.136695 6.0411696 3.1453824 51279 a
 -0.47456306 0.28767574 0.39141092 51472 g
 8.564658 2.8694508 1.2138603 51476 a
 -0.7448739 0.38887584 0.38555196 51672 g
 8.067263 4.768651 5.9705405 51676 a
 -0.04233121 0.40751478 -0.013920875 51877 g
 7.765593 6.6145806 4.7165775 51881 a
 0.407743 -0.92726153 -0.37557814 52071 g
 5.3701944 7.8452005 0.741604 52075 a
 0.629318 -0.33364296 -0.24987695 52271 g
 7.474099 6.06152 2.2080526 52275 a
 -0.34353447 0.50924647 0.781033 52474 g
 10.075399 5.177461 -0.6931214 52479 a
 -0.3011902 0.20511347 0.342144 52671 g
 3.7576995 6.1183825 4.050989 52675 a
 0.1632651 0.42775375 -0.3673221 52871 g
 5.497087 5.5988407 4.1677065 52875 a
 0.4660665 -1.0066248 -0.5630644 53073 g
 9.117719 6.2392898 0.9283517 53077 a
 0.12278504 -0.22072598 0.1748975 53270 g
 7.667431 7.7667904 2.505532 53275 a
 -0.5920074 0.83148897 0.2854187 53471 g
 6.7839704 6.1447186 6.2141504 53475 a
 -0.12994894 0.60645187 -0.14095339 53671 g
 6.30513 6.323685 3.4799721 53675 a
 0.14835139 -0.5485611 -0.30287358 53870 g
 8.515577 7.9702973 1.5939398 53874 a
 0.06712498 -0.2508197 -0.0567975 54071 g
 5.6886234 7.6147585 1.6400281 54075 a
 -0.30758178 0.35984313 0.3216377 54271 g
 7.6428905 6.0268044 3.9426517 54275 a
 0.07191867 0.2698283 0.20339334 54471 g
 5.1463366 8.199542 4.1138372 54475 a
 0.47884968 -0.2209923 -0.32710835 54669 g
 6.2847795 7.590218 1.110311 54673 a
 0.13450348 -0.35974512 -0.3356294 54873 g
 7.256227 4.997896 2.2523453 54877 a
 -0.29293388 0.42828423 0.683296 55070 g
 10.239402 4.3197384 3.6110547 55074 a
 0.11080135 0.2972567 0.5727748 55269 g
 5.317522 8.579023 1.4095862 55273 a
 0.74197 -0.10088374 -0.5348349 55471 g
 5.8885393 6.6480994 3.1723173 55476 a
 -0.28707546 -0.379983 -0.39182317 55667 g
 7.29214 5.503671 3.3901896 55672 a
 -0.44100615 0.12947969 0.342144 55868 g
 10.62846 5.0601454 0.82599956 55879 a
 -0.10384996 0.29113358 0.52137476 56069 g
 8.656237 5.9867015 1.5161282 56073 a
 0.54436344 -0.092894256 -0.24002299 56267 g
 5.040992 6.678027 3.2986114 56272 a
 -0.112105764 -0.38690725 -0.5529444 56467 g
 6.669647 5.4019175 2.2523453 56472 a
 -0.34886053 -0.109140605 0.005254683 56671 g
 8.271368 6.06571 3.4530375 56675 a
 -0.23993723 0.2743546 0.36877617 56867 g
 2.7353754 4.538808 5.4779334 56872 a
 0.17604853 0.33161256 0.2121823 57067 g
 7.033566 6.633734 2.866458 57072 a
 0.33077818 -1.1251365 -0.29834569 57267 g
 7.6614456 6.029797 2.6737247 57272 a
 -0.34433314 -0.022854183 -0.014985341 57466 g
 7.946954 5.436035 2.1110873 57471 a
 -0.44846275 0.39845788 0.33974773 57666 g
 5.7359085 5.740697 4.5687356 57671 a
 0.30707607 0.2479893 0.21963915 57866 g
 8.656835 3.90614 2.96881 57871 a
 0.668467 -1.1411155 -0.3436194 58066 g
 9.85214 8.507197 -1.6980876 58071 a
 -0.18587506 0.20244925 -0.20087399 58266 g
 6.4416 5.839458 4.586692 58270 a
 -0.35178974 0.8288237 -0.4940875 58469 g
 7.0186024 9.599552 2.018312 58473 a
 -0.36164343 -0.29076925 0.7882246 58666 g
 7.0186024 4.745308 2.677316 58670 a
 0.08337079 0.37262416 -0.2962146 58865 g
 7.6147585 6.75524 0.050278235 58870 a
 0.26020494 -0.6321873 0.03321894 59069 g
 7.603386 5.869984 4.390966 59073 a
 -0.37149686 0.25384638 0.3485372 59265 g
 8.445546 5.6748567 1.8926164 59270 a
 0.15154798 0.23547058 -0.28396353 59462 g
 7.379528 6.0890536 3.3632548 59464 a
 -0.45378906 -0.04549105 -0.22617401 59667 g
 6.529587 5.482722 5.1636944 59672 a
 -0.055646483 0.15238182 0.43828467 59865 g
 5.4593782 3.684078 3.5883098 59869 a
 0.4681973 -0.3834462 0.44068152 60199 g
