 -0.25200242 -0.84467906 0.47437558 3 g
 -11.15279 1.982399 1.2437878 5 a
 -0.12257279 -0.55199766 -0.2079263 142 g
 -9.128492 0.8475474 1.8866309 146 a
 0.0966043 -0.56530946 -0.28595853 346 g
 -9.342773 0.75716627 2.7216089 350 a
 -0.021107417 -0.53521574 -0.16238785 541 g
 -9.407417 0.5398925 2.7748797 545 a
 -0.021107417 -0.20578273 -0.061986674 743 g
 -9.303269 0.5770026 3.0119057 747 a
 -0.012052935 0.012331234 -0.0033976608 945 g
 -9.291298 0.6374562 2.5635915 948 a
 -0.025901372 0.13829875 0.023766583 1142 g
 -9.411008 0.64463884 2.307412 1146 a
 -0.033890855 0.14096192 0.024032898 1341 g
 -9.431957 0.6596026 2.1577742 1345 a
 -0.024036095 0.10287472 0.01870844 1545 g
 -9.490017 0.7128736 1.9859903 1549 a
 -0.028030835 0.09302102 0.019507388 1741 g
 -9.58818 0.7308301 1.7681179 1745 a
 -0.032824524 0.13509896 0.029893717 1941 g
 -9.583391 0.7858967 1.4131776 1945 a
 -0.026697392 0.16598418 0.03229349 2145 g
 -9.622895 0.8415619 1.1384429 2149 a
 -0.013914217 0.13162939 0.02696717 2341 g
 -9.66659 0.8643068 0.9235633 2345 a
 -0.014979482 0.106862 0.025901904 2540 g
 -9.614515 0.92895025 0.705691 2545 a
 -0.006722351 0.11138538 0.028833246 2742 g
 -9.983223 0.8690952 0.7906851 2746 a
 -0.0029939257 0.055458996 0.028833246 2939 g
 -9.94312 0.99778354 0.54767364 2943 a
 -0.020570789 0.15372965 0.06478592 3139 g
 -9.677363 1.2653356 -0.22804771 3142 a
 0.035356924 0.28315422 0.09168624 3342 g
 -9.299079 1.4341269 -1.1198878 3347 a
 0.059591692 0.31671003 0.049608298 3539 g
 -9.673772 1.4329298 -1.0307038 3544 a
 0.06997802 0.15159406 -0.007383348 3738 g
 -9.618107 1.3605051 -1.2018893 3742 a
 0.29022223 0.273031 0.0067327376 3941 g
 -8.991425 1.9524715 -2.505532 3945 a
 0.44894662 0.08874025 0.5180597 4139 g
 -8.715493 3.54282 -2.4612393 4143 a
 0.25187272 0.23627938 0.8291169 4338 g
 -8.461707 3.2249897 -3.25791 4342 a
 0.261993 0.33161947 -0.12322926 4541 g
 -8.293514 2.7461493 -4.325724 4546 a
 0.29581514 0.2738289 -0.13654506 4737 g
 -8.966884 2.8287494 -3.690662 4742 a
 0.21671925 0.0077790935 -0.13095242 4937 g
 -8.429984 1.8130093 -3.8881836 4940 a
 0.21325769 -0.03270282 -0.13681032 5136 g
 -8.252214 1.8579005 -4.7722425 5138 a
 0.018047975 0.15904477 -0.060111273 5337 g
 -8.996213 1.9488802 -5.2289367 5341 a
 -0.0088499505 -0.025245968 0.030702518 5537 g
 -8.537125 4.136582 -2.3235726 5541 a
 -0.7004715 -0.39756015 0.5050131 5740 g
 -8.778939 4.338892 -2.9113493 5744 a
 0.27850646 -0.15894091 0.57159215 5936 g
 -6.547543 2.7635074 -5.761048 5940 a
 0.9291167 0.2906007 0.17957482 6137 g
 -7.8930845 2.5683799 -4.741118 6140 a
 0.50008225 -0.07585322 -0.24093698 6340 g
 -7.996035 1.352724 -4.8458643 6344 a
 0.29635045 -0.11739853 -0.3985961 6536 g
 -11.46224 1.543063 -4.633379 6540 a
 0.105668105 -0.026318423 -0.642009 6736 g
 -9.278131 0.4770447 -4.747702 6740 a
 -0.13374954 0.05144375 -0.2273538 6938 g
 -8.622718 0.40761283 -5.0122614 6942 a
 -0.09247054 0.0357311 -0.04838937 7136 g
 -8.316858 0.3609259 -4.857237 7140 a
 -0.16464221 -0.01699949 -0.069162026 7336 g
 -8.462306 0.3597288 -4.685453 7340 a
 -0.24986283 -0.022860575 -0.13068025 7539 g
 -8.932767 0.37110126 -4.4915223 7543 a
 -0.03361415 -0.14936073 0.016858876 7736 g
 -8.953716 -0.20410569 -4.538808 7740 a
 0.004735367 0.03572897 -0.034273818 7935 g
 -8.492233 0.7386112 -4.7506948 7939 a
 0.030302245 0.025074193 0.0048757154 8138 g
 -8.738836 0.6392518 -4.3939586 8142 a
 -0.0029872677 -0.007150055 -0.013766413 8335 g
 -8.632893 0.41120413 -4.514866 8339 a
 0.06971703 -0.004220578 0.006473612 8535 g
 -8.820838 0.4770447 -4.557363 8539 a
 0.026306972 -0.032980587 0.025647307 8737 g
 -9.940725 1.2336124 -5.019444 8741 a
 0.10673443 -0.18158497 0.15214746 8934 g
 -6.7486563 1.3563153 -3.4225113 8938 a
 0.21006508 0.05676794 0.77506083 9134 g
 -8.488642 2.5121162 -4.3544545 9138 a
 0.06385754 -0.07053116 0.6730618 9335 g
 -7.953538 4.2119994 -3.1334114 9339 a
 -0.031217307 -0.3224662 0.3329761 9534 g
 -8.798691 1.3395559 -4.735731 9538 a
 0.5687929 -0.23005451 -0.60978293 9734 g
 -8.123527 1.3605051 -2.8682537 9738 a
 -0.06104418 -0.19650081 -0.11922759 9936 g
 -9.225458 1.9847932 -2.8401217 9940 a
 -0.06929998 -0.107817546 -0.0763507 10134 g
 -9.069835 1.483208 -3.3530796 10144 a
 0.039889626 0.07381004 -0.020690631 10333 g
 -9.297882 1.7776948 -3.0765493 10337 a
 -0.0112428 -0.024195084 0.003278085 10542 g
 -9.053674 1.6831238 -3.1872811 10547 a
 0.003138269 0.0058986354 -4.5034054E-4 10732 g
 -9.111135 1.6699557 -3.0951042 10737 a
 2.0879183E-4 -7.5926725E-4 -4.5034054E-4 10932 g
 -9.038112 1.6316484 -3.1836896 10936 a
 -5.805691E-5 0.0013731258 8.1492726E-5 11135 g
 -9.145252 1.6352397 -3.0969 11139 a
 -5.9068913E-4 -0.0010237191 6.1412493E-4 11331 g
 -9.123106 1.6807296 -3.1759086 11335 a
 0.0010072076 0.001905758 -4.511395E-4 11531 g
 -9.136872 1.6208745 -3.1118636 11535 a
 -0.0013896375 -0.0012900352 8.8044105E-4 11732 g
 -9.080608 1.6256629 -3.105878 11736 a
 2.082592E-4 0.0016394419 6.1412493E-4 11931 g
 -9.13388 1.673547 -3.1064768 11935 a
 -3.2437302E-4 5.7417754E-4 3.4780885E-4 12131 g
 -9.048885 1.6585833 -3.193865 12135 a
 0.0012737899 4.048005E-5 6.146576E-4 12334 g
 -9.0794115 1.6112977 -3.1136594 12338 a
 -0.001123055 4.048005E-5 0.0011472898 12530 g
 -9.208698 1.661576 -3.0699651 12535 a
 7.4115774E-4 0.0011057445 0.0024788703 12730 g
 -9.52174 1.6184803 -2.9400797 12735 a
 0.043617785 0.04691318 0.027512051 12933 g
 -7.382521 1.4329298 -4.197634 12937 a
 0.12431157 0.3100335 0.11086899 13130 g
 -10.296863 2.553416 -4.1012673 13134 a
 0.17491162 0.09405113 0.11859216 13330 g
 -8.489241 0.9911995 -6.2584434 13335 a
 0.21246299 0.87249017 0.57905406 13533 g
 -5.4845176 3.550601 -6.545149 13537 a
 -0.15318902 0.79738903 1.0325904 13730 g
 -0.37708676 5.805341 -6.5152216 13734 a
 -0.36411136 0.900986 1.5838647 13929 g
 0.6679823 5.6880245 -7.845799 13933 a
 -0.17902221 0.48074132 0.61367434 14132 g
 -0.66738373 9.17099 -6.2351 14136 a
 -0.9585295 -0.0047529438 -0.7208357 14329 g
 -5.377377 10.110115 -4.723161 14333 a
 -0.80007136 0.5252161 -0.8782285 14529 g
 0.2861071 0.4985925 -4.779425 14532 a
 1.544043 1.764385 -0.70592195 14729 g
 -1.8986019 8.751406 -6.843227 14734 a
 -0.22136648 0.6602384 0.6195333 14928 g
 2.3427265 4.2293572 -8.81964 14932 a
 0.41699323 0.20856626 1.0158117 15128 g
 4.912902 1.412579 -10.1382475 15132 a
 1.181055 0.121744014 1.2720091 15331 g
 1.1815386 1.8662802 -9.606135 15335 a
 0.7557481 -0.27213752 0.11087086 15528 g
 0.9804256 -0.35913026 -9.161413 15532 a
 0.84576297 0.023739684 -0.26809695 15728 g
 2.6898856 -2.0937295 -9.518747 15732 a
 0.99756396 0.32600632 -0.03799905 15931 g
 3.1603463 -3.882198 -7.404069 15935 a
 1.0803883 0.7686237 -0.034004305 16128 g
 6.870162 -7.644686 -3.2914288 16132 a
 1.0614798 1.6993985 -0.20604451 16327 g
 6.498462 -5.3498435 -4.602853 16331 a
 -0.34280476 0.0338565 -0.37595364 16530 g
 4.322731 -4.3281183 -6.1650696 16535 a
 -0.24373516 -0.592519 0.23124707 16728 g
 3.9103298 -3.165733 -6.597223 16732 a
 -0.26663834 -0.3248713 0.040032104 16927 g
 5.0984526 -4.0623617 -7.1395097 16930 a
 0.02178306 0.11108418 0.072790846 17130 g
 5.846042 -4.4861355 -7.1586633 17134 a
 0.03616413 0.19497375 0.05574662 17326 g
 5.7706246 -4.3023806 -6.7923503 17330 a
 -0.0021853899 0.13531893 -0.10191251 17526 g
 5.8065376 -4.1198225 -6.8127007 17530 a
 0.008999887 0.016275642 -0.07448196 17726 g
 5.849035 -4.1174283 -6.8091097 17730 a
 -0.03760543 -0.036721263 0.00780972 17926 g
 5.571906 -3.8983588 -7.116166 17930 a
 -0.075156 -0.06947815 0.018462364 18126 g
 5.691616 -3.9857473 -7.107786 18130 a
 -0.016299611 -0.011423363 -0.017755827 18329 g
 5.911284 -3.9719806 -6.9988503 18333 a
 -0.003782754 0.018670358 -0.009500029 18525 g
 6.0728927 -4.3478703 -6.989872 18529 a
 -0.087938644 -0.06761606 -0.0023094933 18725 g
 5.183447 -3.6894648 -7.5926123 18729 a
 -0.29460022 -0.516624 -0.10191225 18928 g
 3.6284127 -2.5713725 -8.297106 18932 a
 -0.4032572 -0.964834 -0.21403132 19125 g
 0.19871874 -0.092176765 -10.063428 19129 a
 -0.56011736 -1.6394126 -0.25291348 19325 g
 -2.557606 -0.7254431 -10.053851 19329 a
 -0.14599529 -1.2375438 -0.50937486 19528 g
 -3.3105824 -1.4311341 -9.940725 19532 a
 -0.08021521 -0.7613706 -0.53574014 19725 g
 -4.9027267 -0.7020996 -8.284536 19729 a
 -0.40006086 -0.8854739 -0.13813017 19925 g
 -6.271013 -0.7368156 -7.3525934 19928 a
 -0.47596094 -1.0146372 -0.25371137 20125 g
 -10.931925 0.7110779 -1.804031 20129 a
 -0.90259933 -2.5640643 0.13058278 20324 g
 -8.107366 -0.06703765 0.30047232 20328 a
 -0.26770175 -1.5866842 -0.5812802 20524 g
 -10.524312 -0.44891283 0.11552023 20528 a
 -0.021891983 0.17952421 0.049356364 20724 g
 -7.436989 -0.6667852 -4.279037 20728 a
 0.14029452 1.5646343 -0.24545556 20923 g
 -6.5696893 -0.4297592 -5.5150437 20927 a
 0.058801796 0.90017563 -0.17727864 21123 g
 -9.261371 -0.49081135 -4.4861355 21127 a
 -0.043729104 -0.37042147 0.05654823 21326 g
 -9.491813 -0.52253455 -3.9594111 21330 a
 -0.07195861 -0.2881298 0.026987143 21523 g
 -8.6257105 -0.4177882 -4.5232453 21527 a
 0.027110979 0.09456645 3.55532E-4 21722 g
 -8.848371 -0.480636 -4.2598834 21726 a
 -0.006710633 -0.002907373 -0.0041710427 21926 g
 -8.707113 -0.45310268 -4.369418 21930 a
 0.0031430626 0.01466949 9.0014844E-5 22122 g
 -8.75799 -0.43155485 -4.336498 22126 a
 -8.516789E-4 -0.010896856 0.0022205438 22322 g
 -8.740033 -0.45549688 -4.384382 22326 a
 -5.193164E-5 0.0037483992 9.0813795E-5 22525 g
 -8.729858 -0.4369418 -4.3089647 22529 a
 0.0010133327 0.0010852382 6.23446E-4 22721 g
 -8.7292595 -0.4261679 -4.3718123 22726 a
 -3.1824774E-4 -0.0026431873 8.8976213E-4 22921 g
 -8.750209 -0.42437226 -4.2969937 22926 a
 4.8149953E-4 8.1599253E-4 6.247776E-4 23124 g
 -8.722076 -0.4441244 -4.3676224 23128 a
 4.8149953E-4 8.1599253E-4 0.0011574097 23321 g
 -8.762179 -0.44951138 -4.347272 23325 a
 -5.837649E-4 -7.819041E-4 9.2145376E-5 23521 g
 -8.774151 -0.4417302 -4.3275194 23525 a
 7.4808195E-4 1.5978967E-5 6.2531023E-4 23724 g
 -8.719084 -0.43035775 -4.335301 23728 a
 -5.0866376E-5 0.0018801917 6.2531023E-4 23921 g
 -8.718486 -0.45669398 -4.3646297 23925 a
 -5.0866376E-5 -0.0026471822 9.2678005E-5 24122 g
 -9.010578 -0.415394 -4.209007 24127 a
 -0.0051103397 -0.0133019565 0.0024903219 24324 g
 -8.578424 -0.62009823 -4.3927617 24328 a
 0.005009672 0.046619166 0.0011587414 24520 g
 -8.578424 -0.3788824 -4.260482 24524 a
 -0.0029798108 -0.079082035 0.013675598 24719 g
 -8.911818 -0.0724246 -5.1864395 24724 a
 -0.15717684 -0.19945692 0.09410306 24917 g
 -8.016386 0.82599956 -2.8119898 24918 a
 -0.45624983 -0.12355682 0.40995395 25120 g
 -7.15986 -0.48602295 -4.0976763 25124 a
 0.11606349 0.5179987 -0.40816912 25319 g
 -8.591593 0.65541273 -3.4290953 25323 a
 -0.37262604 -0.2649728 -0.24757944 25521 g
 -9.109339 0.038307227 -3.7481227 25526 a
 -0.1917974 -0.0234241 -0.05450026 25719 g
 -8.453327 0.12928689 -4.3299136 25723 a
 0.040430248 0.0823034 0.011546135 25919 g
 -8.946533 0.12509704 -4.111443 25923 a
 -0.0072400696 -0.035409123 -7.0387346E-4 26121 g
 -8.774151 0.06284779 -4.2898107 26126 a
 0.00234731 0.017321466 9.507485E-5 26318 g
 -8.798691 0.108337626 -4.23235 26322 a
 -0.0013811153 -0.0077122482 -1.7124126E-4 26518 g
 -8.803479 0.108337626 -4.2359414 26522 a
 4.8522794E-4 3.7284256E-6 -4.3462787E-4 26721 g
 -8.813056 0.091578215 -4.24073 26725 a
 0.0010178601 8.026767E-4 -7.00944E-4 26917 g
 -8.810063 0.10654198 -4.247314 26922 a
 -5.800365E-4 -0.0021268004 -7.00944E-4 27118 g
 -8.831612 0.12330139 -4.234744 27123 a
 -4.6339002E-5 -0.0013321132 -6.9907977E-4 27320 g
 -8.79929 0.09636662 -4.2179847 27325 a
 0.0010189255 2.6578348E-4 -9.653959E-4 27518 g
 -8.808268 0.093373865 -4.235343 27521 a
 7.5260934E-4 -0.001065797 -4.3276369E-4 27717 g
 -8.816648 0.08319851 -4.1796775 27721 a
 4.8762478E-4 -5.5926384E-6 1.0199907E-4 27921 g
 -8.797494 0.13227965 -4.2054152 27925 a
 0.001020257 5.270396E-4 -1.6431704E-4 28117 g
 -8.79929 0.075417355 -4.2401314 28121 a
 2.2130868E-4 -0.0016034893 -4.3063314E-4 28319 g
 -8.831013 0.107739076 -4.2155905 28323 a
 0.0012873721 2.575277E-4 -4.2903525E-4 28520 g
 -8.828619 0.06404489 -4.23235 28524 a
 2.2210763E-4 -8.788432E-6 -4.2903525E-4 28717 g
 -8.829816 0.10235212 -4.1814733 28721 a
 4.8842374E-4 -0.0016066851 -4.2903525E-4 28916 g
 -8.821436 0.06823475 -4.216788 28920 a
 7.563377E-4 5.1878375E-4 -1.605886E-4 29119 g
 -8.816648 0.10115502 -4.2275615 29123 a
 2.2370553E-4 -8.1279676E-4 -6.932208E-4 29318 g
 -8.794501 0.108936176 -4.245518 29322 a
 4.9002166E-4 -1.3848437E-5 -4.269047E-4 29516 g
 -8.826224 0.09636662 -4.19524 29520 a
 -4.181163E-5 -0.0018812569 -4.2557315E-4 29719 g
 -8.820239 0.107140526 -4.1958385 29723 a
 7.571367E-4 -1.704423E-5 -4.2557315E-4 29912 g
 -8.808268 0.08678981 -4.1922474 29914 a
 7.571367E-4 5.15588E-4 -4.2557315E-4 30115 g
 -8.820838 0.079008654 -4.245518 30119 a
 7.590009E-4 -8.231831E-4 -6.886934E-4 30318 g
 -8.817246 0.09816227 -4.234744 30321 a
 2.2636869E-4 -2.4234765E-5 -4.2237734E-4 30514 g
 -8.811859 0.10115502 -4.207211 30518 a
 4.926848E-4 -8.231831E-4 -4.2237734E-4 30712 g
 -8.839393 0.0688333 -4.2012253 30713 a
 4.9321743E-4 7.7284937E-4 -9.542106E-4 30916 g
 -8.831612 0.10534488 -4.179079 30920 a
 4.9321743E-4 -0.0010913634 -4.2157838E-4 31114 g
 -8.794501 0.095169514 -4.216788 31118 a
 4.9321743E-4 7.7284937E-4 -1.5526229E-4 31314 g
 -8.795698 0.07182605 -4.2102036 31318 a
 4.9508165E-4 -5.6512275E-4 -4.1891524E-4 31517 g
 -8.823232 0.09876082 -4.2461166 31521 a
 2.2876554E-4 -2.9880667E-4 -9.5154747E-4 31714 g
 -8.813056 0.08439561 -4.212598 31718 a
 4.9508165E-4 -0.0018967033 -6.8523135E-4 31914 g
 -8.822633 0.08200141 -4.2066126 31918 a
 2.3009711E-4 0.00129403 -9.491506E-4 32117 g
 -8.785523 0.10534488 -4.201824 32121 a
 -3.621899E-5 0.00129403 -4.165184E-4 32312 g
 -8.799889 0.076015905 -4.2161894 32317 a
 7.627293E-4 2.2876554E-4 -4.165184E-4 32513 g
 -8.820838 0.079008654 -4.219182 32517 a
 2.3116238E-4 2.2477079E-4 -4.149205E-4 32716 g
 -8.817844 0.089184016 -4.208408 32720 a
 0.0010301108 -3.0786142E-4 1.1771172E-4 32912 g
 -8.846576 0.06584055 -4.2299557 32917 a
 4.9747847E-4 7.5740303E-4 -1.4860439E-4 33112 g
 -8.828619 0.091578215 -4.2281604 33116 a
 7.651262E-4 -0.0011110707 -6.793724E-4 33316 g
 -8.816648 0.09995792 -4.209007 33320 a
 4.988101E-4 0.001019458 -4.130563E-4 33512 g
 -8.825626 0.076614454 -4.252701 33516 a
 4.988101E-4 -5.784386E-4 -4.130563E-4 33712 g
 -8.80767 0.09696517 -4.208408 33716 a
 7.6645776E-4 0.0010143981 -1.4434333E-4 33915 g
 -8.829816 0.073023155 -4.2221746 33919 a
 5.0014164E-4 -0.0024477113 -4.1065944E-4 34111 g
 -8.823232 0.08559271 -4.2299557 34116 a
 5.0014164E-4 0.0010143981 -1.4434333E-4 34311 g
 -8.811859 0.11851298 -4.260482 34316 a
 5.0040794E-4 -5.193164E-5 -6.767092E-4 34515 g
 -8.77834 0.08080431 -4.225766 34519 a
 5.0040794E-4 -5.193164E-5 -6.767092E-4 34711 g
 -8.798691 0.090381116 -4.2413282 34716 a
 -3.222425E-5 -8.5087994E-4 -9.4302534E-4 34911 g
 -8.823831 0.09696517 -4.173692 34916 a
 0.0010343718 2.0932445E-4 -4.0799627E-4 35114 g
 -8.77834 0.06464344 -4.2293572 35118 a
 7.680557E-4 -5.896239E-4 6.5726816E-4 35310 g
 -10.089765 -0.25019407 -4.533421 35315 a
 -3.089267E-5 -0.021095963 -0.008663796 35507 g
 -9.3822775 0.37349546 -4.9494133 35509 a
 0.064151555 0.28969386 0.04752917 35715 g
 -8.910022 0.6847417 -5.4144874 35728 a
 0.22873491 0.9245915 0.33302003 35910 g
 -7.33763 0.8355764 -6.3745623 35915 a
 0.74751866 0.7783839 0.7127868 36110 g
 -4.441244 -0.6859388 -7.876325 36115 a
 0.7083715 1.2444332 0.11118058 36312 g
 -3.2040405 -1.7465701 -10.160992 36317 a
 0.030597057 0.47904062 0.41185147 36509 g
 -4.696825 1.6130934 -9.198523 36514 a
 -0.8391914 -0.3830246 1.2976189 36708 g
 -1.0193313 4.9386396 -6.691794 36713 a
 -1.4306792 0.2614593 1.6390367 36911 g
 2.7114334 7.327454 -4.976947 36916 a
 -1.2788789 0.9371033 0.23608337 37108 g
 -0.748188 7.837419 -3.2465374 37112 a
 -0.4242706 0.15546548 -1.1088129 37308 g
 -3.5332432 7.768586 -4.1706996 37312 a
 -0.6349261 -0.10499379 -0.6278453 37511 g
 -4.0743327 8.628104 -2.8287494 37515 a
 -0.3640826 -0.24347816 -0.23343113 37708 g
 -5.7562594 7.815273 -4.1706996 37712 a
 -0.34836996 -0.8594673 -0.44062507 37908 g
 -6.0525417 6.3350577 -0.17956513 37912 a
 -0.49377856 0.13362543 0.03767867 38109 g
 -2.1015105 9.647436 0.19033903 38112 a
 -0.8154884 0.18742129 0.7569985 38307 g
 -1.5215151 6.1501055 -0.34955344 38311 a
 0.21036123 0.044143226 0.41664648 38507 g
 -3.3704374 7.7147164 -0.36511576 38511 a
 0.17014776 -0.21711394 -0.6206542 38710 g
 -6.781576 7.244256 -0.59735334 38715 a
 0.17866988 -0.44215104 -1.3620783 38907 g
 -7.9547353 5.2528787 -1.6364368 38911 a
 0.7429937 -0.39261624 -1.1743253 39108 g
 -10.253169 2.3481133 -1.9662381 39112 a
 0.7911975 -0.23495924 -0.931178 39310 g
 -9.076419 2.1140802 -1.4915876 39314 a
 0.18799147 -0.028031634 -0.45473847 39508 g
 -9.52174 2.597709 -1.9883845 39511 a
 0.096112415 0.33895198 -0.1458118 39707 g
 -8.514978 2.48578 -3.66672 39711 a
 0.13632615 0.83989257 -0.031562187 39906 g
 -8.055291 1.9027919 -4.8662148 39910 a
 0.16775145 0.52883536 0.04859896 40107 g
 -6.6726403 1.6077064 -5.556942 40111 a
 0.060692374 0.15066648 0.13035801 40306 g
 -8.523956 2.5306711 -4.6740804 40310 a
 -0.024794562 -0.09434621 0.029691583 40509 g
 -8.814852 2.6617537 -4.3299136 40513 a
 -0.14410418 -0.17903472 -0.0038642467 40706 g
 -8.400655 2.7790697 -4.450821 40710 a
 -0.055953547 0.043605532 -0.016114788 40906 g
 -8.045116 1.9967642 -5.08289 40910 a
 0.018881546 0.17436568 -0.13329361 41109 g
 -8.174403 2.2517467 -4.677073 41113 a
 0.0052994243 -0.045078795 -0.11864622 41306 g
 -7.680599 0.90500826 -5.885546 41310 a
 0.05430159 0.21990573 -0.18629052 41506 g
 -8.544308 1.3437457 -5.1241903 41512 a
 0.060960025 -0.030699855 -0.0049281796 41708 g
 -8.798691 1.7369933 -5.0062757 41712 a
 0.0111589115 -0.042950395 -0.02543452 41905 g
 -7.8853035 1.3198037 -5.3223104 41909 a
 0.025007349 0.11470874 -0.047805075 42105 g
 -8.237251 1.5532384 -5.0984526 42109 a
 0.026872095 -0.0051345746 0.008121576 42307 g
 -8.236053 1.5221137 -5.134964 42311 a
 -0.025325863 -0.036559876 6.64725E-4 42504 g
 -8.118139 1.4766239 -5.2061915 42508 a
 0.012224709 0.024426512 -9.3317166E-4 42704 g
 -8.198345 1.584363 -5.2061915 42708 a
 -0.016005332 -0.02830301 -0.0065260762 42907 g
 -8.255806 1.4610616 -5.056554 42911 a
 -0.0018905781 -0.029368276 -0.020374514 43100 g
 -8.209119 1.4580688 -5.1122193 43102 a
 0.014354705 -0.008329303 -0.019575566 43304 g
 -8.282143 1.4131776 -5.1505265 43308 a
 0.010893394 -7.5633776E-5 -0.011318967 43507 g
 -7.934983 1.4395138 -5.077503 43511 a
 0.0047681234 0.003919108 -6.663229E-4 43703 g
 -8.294113 1.4341269 -5.0864816 43708 a
 -0.0013571469 0.04626337 0.03555267 43899 g
 -8.093599 1.4239515 -5.191228 43901 a
 -0.0018895128 0.004450941 0.004394216 44106 g
 -8.183381 1.4437037 -5.192425 44110 a
 0.0010399644 0.004450941 0.0014647386 44303 g
 -8.154651 1.4520833 -5.2259436 44308 a
 0.0013062805 0.0023204123 0.0019973707 44502 g
 -8.156446 1.4544775 -5.185841 44507 a
 -8.2424836E-4 -6.0906494E-4 0.0019973707 44699 g
 -8.171411 1.4634558 -5.1744685 44701 a
 -2.530003E-5 4.561995E-4 0.0017310547 44901 g
 -8.154651 1.4454993 -5.1906295 44905 a
 2.4101608E-4 0.0012551479 0.0019973707 45101 g
 -8.189965 1.4437037 -5.20679 45106 a
 -2.4767398E-5 1.8775286E-4 9.329053E-4 45304 g
 -8.179192 1.436521 -5.189432 45308 a
 -2.910835E-4 -6.1119546E-4 0.0011992215 45501 g
 -8.1642275 1.4389153 -5.2157683 45505 a
 -2.910835E-4 0.0015193333 0.0011992215 45701 g
 -8.15525 1.4622587 -5.185242 45705 a
 -5.56867E-4 4.5193842E-4 6.6738814E-4 45899 g
 -8.157643 1.4401124 -5.2564697 45901 a
 0.003970507 0.007376157 6.6738814E-4 46098 g
 -8.159439 1.4646529 -5.2247467 46104 a
 -0.0021547636 -0.0046080677 0.0014663364 46300 g
 -8.199542 1.4466964 -5.175067 46304 a
 -2.9028454E-4 7.171893E-4 4.016047E-4 46503 g
 -8.115746 1.4568717 -5.21098 46507 a
 2.4234765E-4 -3.4807515E-4 6.679208E-4 46700 g
 -8.157045 1.447295 -5.2223525 46704 a
 -8.2291674E-4 -8.8070735E-4 -1.3102753E-4 46900 g
 -8.189965 1.4401124 -5.16968 46904 a
 -2.8975192E-4 -3.4993936E-4 0.0012016182 47103 g
 -8.1756 1.4580688 -5.2325277 47107 a
 -2.8975192E-4 0.0017805895 0.0017342505 47299 g
 -8.1720085 1.4443022 -5.2439003 47303 a
 -2.3435818E-5 -8.8257156E-4 0.0017342505 47499 g
 -8.189367 1.441908 -5.1960163 47503 a
 -2.3169501E-5 9.805759E-4 0.002000833 47702 g
 -8.177995 1.4520833 -5.213374 47706 a
 -2.3169501E-5 4.479437E-4 0.002000833 47899 g
 -8.191162 1.4425066 -5.2235494 47903 a
 5.094627E-4 -8.468852E-5 9.355685E-4 48099 g
 -8.151658 1.4598645 -5.207389 48103 a
 -2.2370554E-5 -3.5420043E-4 0.0014695323 48300 g
 -8.161235 1.4383167 -5.2145715 48305 a
 -2.8868666E-4 1.7843179E-4 0.0014695323 48499 g
 -8.152257 1.4652514 -5.21936 48502 a
 -2.2370554E-5 9.773801E-4 0.0017358484 48698 g
 -8.171411 1.4341269 -5.2103815 48701 a
 -5.542038E-4 -6.2264706E-4 6.7164924E-4 48900 g
 -8.179192 1.4383167 -5.1726727 48904 a
 2.447445E-4 1.7630127E-4 0.0014705976 49098 g
 -8.166023 1.4443022 -5.1930237 49101 a
 -2.878877E-4 4.4261737E-4 0.0012042815 49302 g
 -8.200739 1.4197617 -5.2020016 49308 a
 -5.5340485E-4 -6.2557653E-4 9.392969E-4 49501 g
 -8.137892 1.4634558 -5.225345 49505 a
 -2.0772657E-5 4.396879E-4 9.392969E-4 49697 g
 -8.151658 1.4514848 -5.2367177 49701 a
 -5.5340485E-4 -9.294432E-5 0.001205613 49896 g
 -8.126519 1.4526819 -5.2127757 49900 a
 5.1319116E-4 9.669938E-4 0.0012077435 50098 g
 -8.1797905 1.4443022 -5.2145715 50102 a
 -5.520733E-4 -6.309029E-4 0.0014740597 50296 g
 -8.196549 1.4562732 -5.205593 50300 a
 -5.520733E-4 4.3436157E-4 0.0020066919 50496 g
 -8.185177 1.4580688 -5.1966147 50500 a
 2.4847293E-4 1.619202E-4 0.002009355 50699 g
 -8.177396 1.447295 -5.205593 50703 a
 2.4847293E-4 4.282363E-4 0.0014767228 50896 g
 -8.169615 1.4550761 -5.201403 50900 a
 -2.841593E-4 -6.3702813E-4 6.777745E-4 51096 g
 -8.181585 1.4688427 -5.2235494 51107 a
 -1.6511598E-5 -3.7470675E-4 0.0017449032 51294 g
 -8.179192 1.4413095 -5.2002063 51296 a
 -5.491438E-4 0.0012231899 0.001478587 51496 g
 -8.170214 1.4520833 -5.1984105 51500 a
 -2.828277E-4 -6.4102287E-4 0.0012122709 51695 g
 -8.165425 1.4670471 -5.2049947 51699 a
 2.5060345E-4 9.53678E-4 0.0014799186 51896 g
 -8.186374 1.4454993 -5.1900306 51900 a
 -5.4834486E-4 -1.1158645E-4 9.472864E-4 52095 g
 -8.124723 1.4431051 -5.2265425 52099 a
 2.5060345E-4 0.001219994 9.472864E-4 52295 g
 -8.156446 1.4514848 -5.2139726 52299 a
 -8.133294E-4 -9.1559475E-4 0.0017483652 52498 g
 -8.180987 1.4652514 -5.222951 52502 a
 -2.806972E-4 -1.1664646E-4 0.0022809973 52695 g
 -7.972093 1.3587095 -5.170877 52699 a
 -0.013330187 -0.037134584 -0.015562181 52894 g
 -8.236053 1.4742297 -5.035006 52898 a
 0.017563282 -0.020892499 -0.0065061026 53097 g
 -8.27496 1.282095 -5.097255 53101 a
 0.09692548 -0.04326305 -0.016626114 53294 g
 -7.6321163 1.4748282 -5.553351 53298 a
 0.08174546 0.060067598 0.0060107545 53494 g
 -9.716867 2.3780408 -3.316568 53498 a
 0.12542103 -0.1841432 0.47525948 53697 g
 -7.2490444 1.714847 -5.597045 53701 a
 0.46816987 0.054476026 0.43637732 53894 g
 -8.249222 0.3633201 -5.903503 53898 a
 0.3445992 -0.14739159 -0.33008045 54094 g
 -9.209895 1.2437878 -5.0020857 54098 a
 -0.059401806 -0.0523186 -0.23340689 54296 g
 -8.169016 0.5506664 -5.555745 54300 a
 -0.0018775285 0.12345003 -0.09785199 54493 g
 -8.701726 1.079785 -4.9895163 54497 a
 -0.14382401 0.010798319 -0.068290904 54693 g
 -8.222886 0.7691373 -5.233126 54697 a
 -0.034368094 0.015325693 -0.01742453 54894 g
 -8.251018 0.76315176 -5.221155 54898 a
 0.013302489 0.01346148 1.5233281E-4 55093 g
 -8.233061 0.76554596 -5.2355204 55097 a
 -0.008002799 -3.869573E-4 -6.466155E-4 55292 g
 -8.273164 0.76315176 -5.249287 55297 a
 -5.4621435E-4 0.0012117383 6.844324E-4 55496 g
 -8.2354555 0.7254431 -5.245097 55500 a
 2.52734E-4 9.4542216E-4 6.844324E-4 55693 g
 -8.22528 0.7673417 -5.2355204 55697 a
 -5.4621435E-4 -3.8615835E-4 6.844324E-4 55889 g
 -8.248025 0.76195467 -5.2720323 55890 a
 -0.0013448964 -3.869573E-4 4.186489E-4 56095 g
 -8.255207 0.7661445 -5.2139726 56107 a
 -1.33158055E-5 -1.206412E-4 0.0017502295 56291 g
 -8.261193 0.7170634 -5.2020016 56296 a
 -2.796319E-4 9.4462326E-4 0.0014839134 56491 g
 -8.246828 0.7541735 -5.216367 56496 a
 -8.122641E-4 -6.532734E-4 0.0012175973 56691 g
 -8.236652 0.7661445 -5.261258 56696 a
 2.530003E-4 -1.206412E-4 0.0017502295 56891 g
 -8.249222 0.75836337 -5.245696 56896 a
 -1.33158055E-5 1.4567492E-4 0.0020165455 57091 g
 -8.219893 0.7493851 -5.2558713 57095 a
 5.2011537E-4 6.7617657E-4 0.0012186625 57294 g
 -8.247426 0.7649474 -5.2558713 57298 a
 -0.0010777813 -6.5540394E-4 0.0014849786 57491 g
 -8.236652 0.7422025 -5.2289367 57495 a
 2.5379926E-4 -3.8908783E-4 0.0017512947 57690 g
 -8.246828 0.7769185 -5.2145715 57695 a
 -5.4594805E-4 1.4567492E-4 0.0012175973 57893 g
 -8.25401 0.7637503 -5.2606597 57897 a
 -5.4594805E-4 1.4567492E-4 0.0014839134 58090 g
 -8.240244 0.75596917 -5.2564697 58094 a
 -2.796319E-4 6.7830714E-4 4.186489E-4 58289 g
 -8.237251 0.74878657 -5.241506 58294 a
 -1.2516857E-5 -6.5540394E-4 9.523464E-4 58493 g
 -8.2593975 0.75956047 -5.2660465 58497 a
 2.5379926E-4 9.424927E-4 4.197142E-4 58690 g
 -8.228871 0.76315176 -5.20679 58694 a
 -5.451491E-4 -3.8908783E-4 0.0012186625 58889 g
 -8.255207 0.74758947 -5.2265425 58895 a
 5.2038167E-4 4.0879523E-4 0.0022841932 59092 g
 -8.248025 0.7398083 -5.2648497 59096 a
 2.5406556E-4 -1.2383699E-4 0.0025505093 59289 g
 -8.204929 0.7589619 -5.2385135 59292 a
 -2.7856664E-4 4.0879523E-4 0.0022841932 59488 g
 -8.226477 0.7326257 -5.245696 59492 a
 -0.0010780476 1.4460964E-4 0.001484446 59691 g
 -8.222886 0.7625532 -5.2744265 59695 a
 -1.2783174E-5 1.4460964E-4 0.0020170782 59888 g
 -8.223484 0.7338228 -5.263054 59892 a
 -2.7909927E-4 4.1092574E-4 0.001484446 60178 g