 6.9535134E-4 0.015725967 -0.0038583877 3 g
 -7.143699 -0.9708488 -6.6606693 5 a
 -0.0014351775 -0.005313006 -0.0011952267 116 g
 -7.153875 -0.96306765 -6.4631476 118 a
 9.624664E-4 0.002140649 -0.0022591595 322 g
 -7.0132155 -0.9504981 -6.7103486 326 a
 4.298342E-4 0.010396448 -0.0030581078 519 g
 -7.197569 -0.973243 -6.96593 523 a
 4.298342E-4 -0.008511995 0.0012029499 728 g
 -7.0024414 -0.95947635 -6.7199254 732 a
 -3.688478E-4 0.0042701126 -0.002258627 918 g
 -7.116166 -0.92057055 -6.658275 922 a
 -0.0017004283 -0.006648848 -0.0019923109 1118 g
 -7.1059904 -0.9600749 -6.730101 1122 a
 6.964166E-4 0.003204848 -0.0014596786 1318 g
 -7.041946 -0.93254155 -6.727707 1323 a
 6.982808E-4 5.3449644E-4 -0.0011899003 1521 g
 -7.0886326 -0.9660604 -6.711546 1525 a
 -6.332997E-4 -5.30768E-4 -0.0017225326 1717 g
 -7.1006036 -0.9684546 -6.719327 1721 a
 1.6564861E-4 1.8642128E-6 -6.5726816E-4 1917 g
 -7.1275387 -0.9427169 -6.678027 1921 a
 -9.853696E-5 -6.391587E-6 -0.0011861719 2121 g
 -7.0940194 -0.9552865 -6.70975 2125 a
 4.3409524E-4 -5.390238E-4 -0.001452488 2317 g
 -7.103596 -0.96187055 -6.6852098 2321 a
 1.6777914E-4 0.0010588728 -9.1985584E-4 2517 g
 -7.08564 -0.9343372 -6.737882 2521 a
 7.025419E-4 5.1798485E-4 -0.0011821772 2720 g
 -7.0940194 -0.9648633 -6.7402763 2724 a
 1.6990968E-4 7.843009E-4 -0.0014484933 2916 g
 -7.067683 -0.92416185 -6.7121444 2920 a
 -8.953548E-4 7.843009E-4 -0.0017148094 3113 g
 -7.1113777 -0.9816227 -6.703765 3115 a
 -9.4009585E-5 -2.396845E-5 -0.0014442323 3319 g
 -7.097611 -0.95947635 -6.746262 3324 a
 1.7230652E-4 0.001307612 -0.0017105483 3517 g
 -7.0754647 -0.96067345 -6.7283053 3521 a
 -9.4009585E-5 -0.0010892329 -0.0014442323 3715 g
 -7.1329255 -0.98461545 -6.682217 3719 a
 -3.5819516E-4 5.0040794E-4 -9.076053E-4 3915 g
 -7.091625 -0.94331545 -6.7265096 3916 a
 1.7443705E-4 2.3409186E-4 -0.0011739214 4115 g
 -7.0449386 -0.90979666 -6.7133417 4119 a
 7.0706924E-4 -0.0010974887 -9.076053E-4 4312 g
 -7.089231 -0.93852705 -6.747459 4314 a
 -3.5686357E-4 -0.0011025487 -0.002236789 4518 g
 -7.1191587 -0.9564836 -6.719327 4523 a
 -3.5686357E-4 -0.0013688648 -9.0520846E-4 4715 g
 -7.0515227 -0.95947635 -6.743868 4719 a
 -0.0016884442 0.0047564055 -0.002503105 4915 g
 -7.140108 -0.96546185 -6.658275 4919 a
 -0.0014197312 -0.0032413334 -0.0011675298 5117 g
 -7.1101804 -0.95468795 -6.7265096 5121 a
 4.444816E-4 0.004481834 1.6405073E-4 5314 g
 -7.041347 -0.9307459 -6.745663 5318 a
 1.7816547E-4 0.0012860405 -0.0024991103 5514 g
 -7.065289 -0.92416185 -6.6983776 5518 a
 0.0023102923 2.1438446E-4 -6.3196814E-4 5717 g
 -7.0844426 -1.0055647 -6.733692 5721 a
 -3.5286884E-4 -5.193164E-5 -0.0035614453 5914 g
 -7.1006036 -0.94810385 -6.6510925 5918 a
 9.787116E-4 -5.193164E-5 -8.9828426E-4 6114 g
 -7.0664864 -0.9498995 -6.7642183 6117 a
 -6.1785337E-4 0.0031388015 -0.0019611518 6316 g
 -7.0970125 -0.95349085 -6.7486563 6321 a
 -3.5153725E-4 -0.003519101 -0.0011622035 6513 g
 -7.0545154 -0.9552865 -6.7133417 6518 a
 1.8109495E-4 0.0023398532 -0.0011622035 6713 g
 -7.0766616 -0.98341835 -6.747459 6717 a
 1.8269285E-4 -3.2943304E-4 -0.001159274 6916 g
 -7.0904284 -0.96905315 -6.715736 6919 a
 7.1532506E-4 -8.6206524E-4 -0.0014255901 7113 g
 -7.052121 -0.94451255 -6.747459 7117 a
 1.8269285E-4 0.0010021476 -0.001159274 7312 g
 -7.07726 -0.96067345 -6.741473 7316 a
 -8.309063E-5 -3.3156355E-4 -8.9189265E-4 7515 g
 -7.04015 -0.93134445 -6.7546415 7520 a
 7.158577E-4 -6.524745E-5 -0.0011582087 7712 g
 -7.056311 -0.9660604 -6.775591 7716 a
 -3.4940674E-4 -3.3156355E-4 -0.0016908409 7912 g
 -7.0712748 -0.9600749 -6.7199254 7916 a
 -8.202536E-5 -0.0011347729 -0.0011563445 8115 g
 -7.092224 -0.9983821 -6.711546 8119 a
 -3.4834148E-4 7.2943984E-4 -8.9002843E-4 8312 g
 -7.0850415 -0.9923966 -6.689998 8316 a
 7.16923E-4 -0.0011347729 -0.0011563445 8508 g
 -7.079654 -0.9624691 -6.7253127 8510 a
 4.514058E-4 4.6019422E-4 -0.001155013 8714 g
 -7.0646906 -0.95947635 -6.7265096 8718 a
 1.850897E-4 1.9387812E-4 -0.0014213291 8911 g
 -7.093421 -0.97384155 -6.735488 8915 a
 1.850897E-4 1.9387812E-4 -0.0014213291 9112 g
 -7.083844 -0.9792285 -6.749853 9125 a
 -3.470099E-4 -0.0019387812 -0.0014202638 9313 g
 -7.113772 -0.96546185 -6.6971807 9317 a
 1.8562232E-4 -6.072007E-4 -8.876316E-4 9511 g
 -7.0850415 -0.9498995 -6.739678 9515 a
 1.8562232E-4 -7.456851E-5 -0.0014202638 9711 g
 -7.047333 -0.93134445 -6.723517 9715 a
 4.5353634E-4 -8.796421E-4 -0.0014173343 9914 g
 -7.0706763 -0.9504981 -6.7133417 9918 a
 -6.117281E-4 -8.069378E-5 -0.0022162825 10110 g
 -7.080253 -0.95109665 -6.731298 10114 a
 1.8722023E-4 -8.796421E-4 -0.0011510182 10309 g
 -7.113772 -1.0193313 -6.7450647 10314 a
 -7.829694E-5 0.001247691 -8.833705E-4 10513 g
 -7.0874357 -0.9540894 -6.715736 10516 a
 -7.829694E-5 -3.502057E-4 -3.5073832E-4 10709 g
 -7.0610995 -0.9600749 -6.729502 10713 a
 1.8801917E-4 7.1505876E-4 -6.170544E-4 10909 g
 -7.101202 -0.9576807 -6.7612257 10913 a
 -7.669904E-5 0.0012415657 -8.8044105E-4 11112 g
 -7.0395517 -0.9127894 -6.730101 11116 a
 1.16380135E-4 2.745719E-4 3.9947417E-4 11308 g
 -7.0808516 -0.9660604 -6.7480574 11313 a
 -6.825682E-4 -7.906925E-4 -1.3315806E-4 11508 g
 -7.0904284 -0.95708215 -6.7211227 11513 a
 1.16380135E-4 -2.5806032E-4 9.321064E-4 11709 g
 -7.077859 -0.93373865 -6.7043633 11713 a
 1.16380135E-4 2.745719E-4 3.9947417E-4 11908 g
 -7.092224 -0.9876082 -6.717531 11912 a
 1.16380135E-4 -5.243764E-4 3.9947417E-4 12108 g
 -7.0593038 -0.95229375 -6.733692 12112 a
 1.16380135E-4 2.745719E-4 3.9947417E-4 12308 g
 -7.059902 -0.9744401 -6.76362 12312 a
 1.16380135E-4 8.255799E-6 -3.9947417E-4 12507 g
 -7.1023993 -0.9888053 -6.76362 12511 a
 -4.1625206E-4 8.255799E-6 -3.9947417E-4 12707 g
 -7.0904284 -0.97264445 -6.71394 12712 a
 3.8269625E-4 -0.0010570086 -1.3315806E-4 12908 g
 -7.08564 -0.95349085 -6.727108 12912 a
 -1.4993596E-4 2.745719E-4 9.321064E-4 13107 g
 -7.053318 -0.9498995 -6.740875 13112 a
 3.8269625E-4 2.745719E-4 3.9947417E-4 13307 g
 -7.057508 -0.9504981 -6.8007298 13311 a
 1.16380135E-4 2.745719E-4 3.9947417E-4 13507 g
 -7.0832458 -0.95708215 -6.7534447 13511 a
 -1.4993596E-4 -0.001855957 -1.3315806E-4 13706 g
 -7.1155677 -0.94690675 -6.6870055 13710 a
 -1.4993596E-4 -0.0010570086 3.9947417E-4 13906 g
 -7.065888 -0.93732995 -6.7360864 13910 a
 -1.4993596E-4 -7.906925E-4 1.3315806E-4 14107 g
 -7.08983 -0.93732995 -6.730101 14111 a
 1.16380135E-4 -0.0013233247 -1.3315806E-4 14306 g
 -7.0395517 -0.96067345 -6.739079 14309 a
 -1.4993596E-4 -5.243764E-4 -6.657903E-4 14505 g
 -7.074866 -0.97623575 -6.706159 14509 a
 -1.4993596E-4 -0.0013233247 1.3315806E-4 14706 g
 -7.103596 -0.9636662 -6.727108 14709 a
 1.16380135E-4 0.0016061524 -3.9947417E-4 14905 g
 -7.089231 -0.9684546 -6.7330937 14909 a
 1.16380135E-4 -2.5806032E-4 3.9947417E-4 15105 g
 -7.08145 -0.97623575 -6.7606273 15109 a
 3.8269625E-4 8.072041E-4 6.657903E-4 15305 g
 -7.071873 -0.93493575 -6.7283053 15309 a
 3.8269625E-4 2.745719E-4 9.321064E-4 15505 g
 -7.0700774 -0.93732995 -6.7480574 15509 a
 1.16380135E-4 2.745719E-4 1.3315806E-4 15704 g
 -7.033566 -0.9391256 -6.7283053 15708 a
 1.16380135E-4 -2.5806032E-4 -1.3315806E-4 15905 g
 -7.056311 -0.96187055 -6.742072 15909 a
 -1.4993596E-4 -7.906925E-4 6.657903E-4 16104 g
 -7.113772 -1.0079589 -6.740875 16108 a
 1.16380135E-4 8.255799E-6 3.9947417E-4 16304 g
 -7.065888 -0.99538934 -6.711546 16309 a
 6.4901233E-4 -0.0010570086 3.9947417E-4 16504 g
 -7.041347 -0.9624691 -6.727707 16509 a
 3.8269625E-4 2.745719E-4 9.321064E-4 16704 g
 -7.0784574 -0.95708215 -6.7121444 16708 a
 -6.825682E-4 8.255799E-6 1.3315806E-4 16904 g
 -7.0227923 -0.9475053 -6.7522473 16908 a
 1.16380135E-4 5.40888E-4 1.3315806E-4 17105 g
 -7.0587053 -0.96306765 -6.7253127 17109 a
 -4.1625206E-4 -7.906925E-4 -1.3315806E-4 17303 g
 -7.077859 -0.9756372 -6.723517 17307 a
 -1.4993596E-4 -0.001855957 6.657903E-4 17503 g
 -7.0844426 -0.97264445 -6.7450647 17507 a
 -1.7496968E-4 2.4767398E-5 -1.0839065E-4 17704 g
 -7.08983 -0.9696517 -6.741473 17708 a
 3.5766253E-4 -0.001040497 -1.0839065E-4 17903 g
 -7.033566 -0.96546185 -6.7372837 17907 a
 -4.4128578E-4 8.237157E-4 -6.4102287E-4 18103 g
 -7.0712748 -0.96785605 -6.761824 18107 a
 9.1346425E-5 -0.0015731292 -1.0839065E-4 18303 g
 -7.0874357 -0.96905315 -6.730101 18307 a
 9.1346425E-5 8.237157E-4 -6.4102287E-4 18502 g
 -7.0688806 -0.96905315 -6.7486563 18506 a
 3.5766253E-4 2.4767398E-5 1.5792545E-4 18702 g
 -7.1023993 -0.9576807 -6.7384806 18706 a
 9.1346425E-5 0.0010900318 6.9055764E-4 18902 g
 -7.0688806 -0.9660604 -6.7444663 18906 a
 9.1346425E-5 0.0010900318 -1.0839065E-4 19102 g
 -7.026982 -0.961272 -6.754043 19105 a
 3.5766253E-4 5.573996E-4 4.2424156E-4 19302 g
 -7.0503254 -0.9624691 -6.7283053 19306 a
 -4.4128578E-4 2.910835E-4 1.5792545E-4 19502 g
 -7.062895 -0.94092125 -6.7241154 19506 a
 9.1346425E-5 -2.4154871E-4 4.2424156E-4 19701 g
 -7.0706763 -0.96187055 -6.7241154 19705 a
 -1.7496968E-4 5.573996E-4 -1.0839065E-4 19901 g
 -7.1059904 -0.99538934 -6.723517 19905 a
 -1.7496968E-4 -2.4154871E-4 1.5792545E-4 20101 g
 -7.059902 -0.96426475 -6.7654157 20105 a
 -4.4128578E-4 0.0013563479 -1.0839065E-4 20301 g
 -7.047333 -0.95229375 -6.7684083 20304 a
 -4.4128578E-4 2.4767398E-5 1.5792545E-4 20500 g
 -7.041347 -0.9391256 -6.7761893 20504 a
 -4.4128578E-4 2.4767398E-5 -1.0839065E-4 20701 g
 -7.067683 -0.9660604 -6.747459 20705 a
 -7.076019E-4 -7.741809E-4 -3.7470675E-4 20900 g
 -7.0970125 -0.9756372 -6.745663 20904 a
 9.1346425E-5 -7.741809E-4 1.5792545E-4 21101 g
 -7.0581064 -0.96187055 -6.7444663 21105 a
 -4.4128578E-4 2.910835E-4 -1.0839065E-4 21300 g
 -7.116166 -0.9720459 -6.701969 21304 a
 3.5766253E-4 -0.0013068131 -9.07339E-4 21499 g
 -7.0365586 -0.9672575 -6.703166 21504 a
 -1.7496968E-4 2.4767398E-5 -1.0839065E-4 21699 g
 -7.0700774 -0.97025025 -6.747459 21704 a
 -1.7496968E-4 -7.741809E-4 -6.4102287E-4 21899 g
 -7.0646906 -0.96546185 -6.7588315 21904 a
 -4.4128578E-4 0.0010900318 -1.0839065E-4 22099 g
 -7.053318 -0.9876082 -6.7725983 22104 a
 -4.4128578E-4 2.4767398E-5 1.5792545E-4 22299 g
 -7.107786 -0.9768343 -6.7253127 22303 a
 -1.7496968E-4 2.910835E-4 6.9055764E-4 22499 g
 -7.0383544 -0.9576807 -6.7372837 22504 a
 -1.7496968E-4 0.001622664 4.2424156E-4 22698 g
 -7.067085 -0.9888053 -6.7211227 22703 a
 9.1346425E-5 -2.4154871E-4 4.2424156E-4 22898 g
 -7.0461354 -0.95109665 -6.745663 22903 a
 3.5766253E-4 8.237157E-4 1.5792545E-4 23099 g
 -7.0874357 -0.9588778 -6.739678 23103 a
 -4.4128578E-4 -2.4154871E-4 1.5792545E-4 23298 g
 -7.077859 -0.9888053 -6.7570357 23302 a
 -7.076019E-4 2.910835E-4 -1.0839065E-4 23497 g
 -7.0610995 -0.97384155 -6.731298 23502 a
 9.1346425E-5 -2.4154871E-4 1.5792545E-4 23698 g
 -7.091027 -0.9684546 -6.679823 23703 a
 -4.4128578E-4 2.4767398E-5 4.2424156E-4 23899 g
 -7.073669 -0.9696517 -6.7570357 23903 a
 -2.9960563E-4 7.073356E-4 1.4141385E-4 24097 g
 -7.047333 -0.92895025 -6.724714 24101 a
 4.993427E-4 1.7470337E-4 6.7404605E-4 24297 g
 -7.04434 -0.95229375 -6.741473 24302 a
 -5.659217E-4 -9.161274E-5 -1.2490226E-4 24497 g
 -7.069479 -0.9720459 -6.70556 24501 a
 -5.659217E-4 -0.0011568771 1.4141385E-4 24696 g
 -7.092224 -1.0067618 -6.7402763 24700 a
 -2.9960563E-4 -9.161274E-5 -1.2490226E-4 24897 g
 -7.0982094 -0.9888053 -6.692991 24901 a
 -3.3289514E-5 -0.0011568771 -3.9121837E-4 25096 g
 -7.0383544 -0.94810385 -6.7426705 25100 a
 -3.3289514E-5 4.4101948E-4 -1.2490226E-4 25296 g
 -7.065888 -0.98700964 -6.76362 25300 a
 2.330266E-4 -6.24245E-4 -3.9121837E-4 25497 g
 -7.0251865 -0.9528923 -6.7654157 25501 a
 4.993427E-4 7.073356E-4 4.0772997E-4 25695 g
 -7.0766616 -0.9552865 -6.715736 25699 a
 -2.9960563E-4 4.4101948E-4 -1.2490226E-4 25895 g
 -7.0634937 -0.9636662 -6.679224 25900 a
 -2.9960563E-4 4.4101948E-4 6.7404605E-4 26096 g
 -7.077859 -0.9391256 -6.7348895 26100 a
 -3.3289514E-5 7.073356E-4 1.4141385E-4 26295 g
 -7.0940194 -0.98700964 -6.754043 26299 a
 4.993427E-4 -8.905611E-4 4.0772997E-4 26494 g
 -7.025785 -0.92416185 -6.7450647 26498 a
 -3.3289514E-5 0.0012399678 1.4141385E-4 26695 g
 -7.0605006 -0.95947635 -6.75943 26699 a
 -3.3289514E-5 -9.161274E-5 -1.2490226E-4 26894 g
 -7.047333 -0.95229375 -6.7241154 26898 a
 -5.659217E-4 1.7470337E-4 -1.2490226E-4 27096 g
 -7.07726 -0.9947908 -6.71394 27101 a
 -5.659217E-4 -0.0011568771 -1.2490226E-4 27294 g
 -7.088034 -0.9840169 -6.740875 27298 a
 2.330266E-4 -3.5792886E-4 6.7404605E-4 27494 g
 -7.053318 -0.9564836 -6.754043 27498 a
 4.993427E-4 4.4101948E-4 -1.2490226E-4 27694 g
 -7.068282 -0.9804256 -6.7330937 27698 a
 2.330266E-4 -3.5792886E-4 1.4141385E-4 27895 g
 -7.064092 -0.9588778 -6.7402763 27899 a
 2.330266E-4 9.736517E-4 4.0772997E-4 28094 g
 -7.071873 -0.95229375 -6.7504516 28098 a
 2.330266E-4 4.4101948E-4 1.4141385E-4 28293 g
 -7.073669 -0.94331545 -6.727707 28297 a
 2.330266E-4 -3.5792886E-4 4.0772997E-4 28494 g
 -7.03596 -0.9576807 -6.751649 28498 a
 -8.322378E-4 4.4101948E-4 -1.2490226E-4 28693 g
 -7.068282 -0.9756372 -6.71813 28697 a
 -5.659217E-4 -3.5792886E-4 4.0772997E-4 28893 g
 -7.0209966 -0.9576807 -6.76362 28896 a
 2.330266E-4 4.4101948E-4 4.0772997E-4 29093 g
 -7.0784574 -0.94451255 -6.730101 29097 a
 -2.9960563E-4 -6.24245E-4 -3.9121837E-4 29293 g
 -7.0766616 -0.97025025 -6.7450647 29296 a
 -3.3289514E-5 -8.905611E-4 6.7404605E-4 29492 g
 -7.077859 -1.0043676 -6.728904 29496 a
 -3.3289514E-5 1.7470337E-4 -3.9121837E-4 29693 g
 -7.067683 -1.002572 -6.7253127 29697 a
 2.330266E-4 -0.0011568771 -3.9121837E-4 29889 g
 -7.07726 -0.97025025 -6.7324953 29890 a
 -2.9960563E-4 7.073356E-4 1.4141385E-4 30092 g
 -7.069479 -0.96665895 -6.739678 30095 a
 -3.3289514E-5 -3.5792886E-4 -1.2490226E-4 30293 g
 -7.016208 -0.95229375 -6.7564373 30297 a
 5.573996E-4 2.0799288E-4 4.980111E-5 30492 g
 -7.064092 -0.9804256 -6.7684083 30496 a
 -2.4154871E-4 4.74309E-4 -4.828311E-4 30691 g
 -7.053318 -0.95708215 -6.7480574 30695 a
 2.4767398E-5 -5.832323E-5 5.824333E-4 30892 g
 -7.0928226 -0.9768343 -6.755839 30896 a
 2.4767398E-5 0.0012732573 -4.828311E-4 31091 g
 -7.074866 -0.9564836 -6.704962 31095 a
 2.910835E-4 -3.2463935E-4 -2.1651499E-4 31291 g
 -7.083844 -0.9744401 -6.742072 31295 a
 2.4767398E-5 7.406251E-4 3.1611722E-4 31491 g
 -7.0754647 -0.95708215 -6.733692 31495 a
 2.4767398E-5 7.406251E-4 4.980111E-5 31690 g
 -7.041347 -0.97144735 -6.773795 31694 a
 2.910835E-4 2.0799288E-4 -2.1651499E-4 31889 g
 -7.079654 -0.973243 -6.7684083 31894 a
 -5.078648E-4 -8.5727155E-4 -4.828311E-4 32091 g
 -7.0766616 -0.96426475 -6.739079 32095 a
 -5.078648E-4 -5.832323E-5 3.1611722E-4 32289 g
 -7.0724716 -0.96665895 -6.7205243 32293 a
 2.910835E-4 4.74309E-4 -2.1651499E-4 32489 g
 -7.029975 -0.9475053 -6.7205243 32494 a
 5.573996E-4 2.0799288E-4 -2.1651499E-4 32689 g
 -7.057508 -0.9720459 -6.712743 32694 a
 -2.4154871E-4 -8.5727155E-4 -2.1651499E-4 32889 g
 -7.08145 -0.9864111 -6.728904 32893 a
 -2.4154871E-4 -5.9095543E-4 4.980111E-5 33088 g
 -7.064092 -0.9528923 -6.7241154 33093 a
 2.4767398E-5 2.0799288E-4 -2.1651499E-4 33289 g
 -7.035362 -0.94690675 -6.761824 33294 a
 8.237157E-4 -8.5727155E-4 -2.1651499E-4 33488 g
 -7.043741 -0.97144735 -6.7767878 33493 a
 -2.4154871E-4 2.0799288E-4 -0.0012817794 33688 g
 -7.079056 -0.95588505 -6.7612257 33693 a
 2.4767398E-5 -5.9095543E-4 4.980111E-5 33888 g
 -7.0724716 -0.98222125 -6.721721 33893 a
 2.910835E-4 4.74309E-4 4.980111E-5 34088 g
 -7.061698 -0.95827925 -6.6983776 34092 a
 0.0010900318 -3.2463935E-4 4.980111E-5 34287 g
 -7.055114 -0.96426475 -6.7265096 34292 a
 8.237157E-4 7.406251E-4 3.1611722E-4 34488 g
 -7.08145 -0.96187055 -6.7348895 34493 a
 2.4767398E-5 7.406251E-4 4.980111E-5 34687 g
 -7.074866 -0.97982705 -6.7504516 34691 a
 2.910835E-4 4.74309E-4 -2.1651499E-4 34887 g
 -7.0461354 -0.95947635 -6.737882 34891 a
 -2.4154871E-4 -8.5727155E-4 4.980111E-5 35087 g
 -7.0952168 -0.9911995 -6.70975 35092 a
 -2.4154871E-4 2.0799288E-4 3.1611722E-4 35286 g
 -7.059902 -0.96905315 -6.7318964 35291 a
 -2.4154871E-4 2.0799288E-4 3.1611722E-4 35486 g
 -7.020398 -0.9576807 -6.7564373 35491 a
 2.4767398E-5 2.0799288E-4 3.1611722E-4 35686 g
 -7.0634937 -0.97144735 -6.7588315 35691 a
 -5.078648E-4 -8.5727155E-4 -4.828311E-4 35886 g
 -7.086837 -0.9696517 -6.707356 35890 a
 -2.4154871E-4 -0.0013899037 4.980111E-5 36086 g
 -7.062895 -0.9564836 -6.728904 36089 a
 2.4767398E-5 4.74309E-4 -7.491472E-4 36286 g
 -7.0545154 -0.9516952 -6.7486563 36291 a
 5.573996E-4 -8.5727155E-4 -2.1651499E-4 36485 g
 -7.0144124 -0.95827925 -6.749853 36489 a
 2.4767398E-5 0.0012732573 -4.828311E-4 36685 g
 -7.0634937 -0.95588505 -6.715736 36689 a
 -5.832323E-5 -3.5792886E-4 1.5792545E-4 36886 g
 -7.086837 -1.0085574 -6.701969 36889 a
 -3.2463935E-4 7.073356E-4 1.5792545E-4 37085 g
 -7.061698 -0.9564836 -6.7043633 37088 a
 -5.832323E-5 -9.161274E-5 4.2424156E-4 37289 g
 -7.068282 -0.9540894 -6.757634 37299 a
 -5.832323E-5 4.4101948E-4 6.9055764E-4 37485 g
 -7.047931 -0.9564836 -6.7546415 37489 a
 -5.832323E-5 9.736517E-4 4.2424156E-4 37685 g
 -7.0587053 -0.9624691 -6.741473 37688 a
 -5.832323E-5 4.4101948E-4 -1.0839065E-4 37884 g
 -7.061698 -0.97144735 -6.733692 37888 a
 -5.832323E-5 -8.905611E-4 -1.0839065E-4 38085 g
 -7.0964136 -0.9636662 -6.739678 38089 a
 4.74309E-4 -3.5792886E-4 4.2424156E-4 38291 g
 -7.0461354 -0.961272 -6.7342906 38296 a
 2.0799288E-4 7.073356E-4 4.2424156E-4 38483 g
 -7.023391 -0.95349085 -6.7342906 38487 a
 4.74309E-4 4.4101948E-4 -1.0839065E-4 38688 g
 -7.067683 -0.96187055 -6.7324953 38693 a
 -5.832323E-5 -6.24245E-4 -3.7470675E-4 38881 g
 -7.0503254 -0.96546185 -6.715736 38883 a
 -3.2463935E-4 -3.5792886E-4 4.2424156E-4 39084 g
 -7.069479 -0.9876082 -6.71813 39088 a
 -3.2463935E-4 4.4101948E-4 1.5792545E-4 39284 g
 -7.026982 -0.95708215 -6.745663 39288 a
 4.74309E-4 9.736517E-4 1.5792545E-4 39483 g
 -7.0491285 -0.9588778 -6.7486563 39487 a
 -5.9095543E-4 -6.24245E-4 -1.0839065E-4 39683 g
 -7.064092 -0.95827925 -6.728904 39687 a
 -5.832323E-5 -3.5792886E-4 4.2424156E-4 39884 g
 -7.0754647 -0.97503865 -6.735488 39887 a
 -3.2463935E-4 4.4101948E-4 4.2424156E-4 40083 g
 -7.0383544 -0.9403227 -6.76362 40086 a
 2.0799288E-4 -9.161274E-5 4.2424156E-4 40283 g
 -7.0461354 -0.9768343 -6.745663 40287 a
 -8.5727155E-4 1.7470337E-4 -6.4102287E-4 40482 g
 -7.0467343 -0.9660604 -6.7306995 40486 a
 -3.2463935E-4 -0.0014231933 -1.0839065E-4 40683 g
 -7.0646906 -0.973243 -6.7145386 40686 a
 4.74309E-4 7.073356E-4 -6.4102287E-4 40882 g
 -7.08983 -0.99060094 -6.70975 40886 a
 2.0799288E-4 -9.161274E-5 -3.7470675E-4 41083 g
 -7.0503254 -0.96187055 -6.739079 41087 a
 -5.832323E-5 0.0017726 1.5792545E-4 41282 g
 -7.038953 -0.9696517 -6.735488 41286 a
 -3.2463935E-4 4.4101948E-4 1.5792545E-4 41482 g
 -7.07726 -0.97264445 -6.7600284 41492 a
 -3.2463935E-4 7.073356E-4 -1.0839065E-4 41681 g
 -7.0706763 -0.96426475 -6.7223196 41685 a
 -5.832323E-5 -9.161274E-5 -1.0839065E-4 41881 g
 -7.073669 -0.95708215 -6.700772 41885 a
 -5.832323E-5 7.073356E-4 6.9055764E-4 42081 g
 -7.067683 -0.97982705 -6.7265096 42085 a
 -5.832323E-5 9.736517E-4 -1.0839065E-4 42282 g
 -7.047333 -0.9600749 -6.742072 42285 a
 -5.9095543E-4 7.073356E-4 1.5792545E-4 42480 g
 -7.0587053 -0.95947635 -6.7648168 42484 a
 2.0799288E-4 -0.0011568771 -1.0839065E-4 42680 g
 -7.0886326 -0.9708488 -6.7342906 42684 a
 -5.832323E-5 -9.161274E-5 6.9055764E-4 42881 g
 -7.0784574 -0.96187055 -6.7283053 42885 a
 -5.832323E-5 7.073356E-4 1.5792545E-4 43080 g
 -7.055114 -0.96067345 -6.7546415 43084 a
 1.6511598E-5 5.241101E-4 3.0786142E-4 43279 g
 -7.052121 -0.9720459 -6.746262 43283 a
 -2.4980452E-4 -8.074704E-4 -2.2477079E-4 43480 g
 -7.0724716 -0.96665895 -6.7492547 43484 a
 -5.1612064E-4 -0.0010737865 4.1545314E-5 43678 g
 -7.0622964 -0.94690675 -6.7719994 43683 a
 1.6511598E-5 5.241101E-4 3.0786142E-4 43878 g
 -7.03177 -0.9331401 -6.758233 43882 a
 1.6511598E-5 5.241101E-4 4.1545314E-5 44078 g
 -7.0407486 -0.973243 -6.770204 44083 a
 -2.4980452E-4 -0.0010737865 -2.2477079E-4 44278 g
 -7.055712 -0.96306765 -6.767211 44282 a
 1.6511598E-5 -5.4115435E-4 4.1545314E-5 44478 g
 -7.079056 -0.9708488 -6.7773867 44482 a
 2.828277E-4 2.57794E-4 -2.2477079E-4 44678 g
 -7.056311 -0.9600749 -6.730101 44682 a
 8.1545993E-4 -8.074704E-4 4.1545314E-5 44877 g
 -7.047333 -0.9720459 -6.741473 44882 a
 1.6511598E-5 2.57794E-4 -0.0010237191 45077 g
 -7.0581064 -0.95349085 -6.727707 45082 a
 1.6511598E-5 -5.4115435E-4 3.0786142E-4 45278 g
 -7.055712 -0.9624691 -6.7163343 45282 a
 -2.4980452E-4 5.241101E-4 5.7417754E-4 45477 g
 -7.0928226 -0.98341835 -6.724714 45481 a
 1.6511598E-5 -8.522115E-6 3.0786142E-4 45677 g
 -7.0467343 -0.96785605 -6.75524 45681 a
 -2.4980452E-4 0.0013230584 5.7417754E-4 45877 g
 -7.067085 -0.97862995 -6.783372 45881 a
 1.6511598E-5 2.57794E-4 3.0786142E-4 46077 g
 -7.053318 -0.94810385 -6.727707 46081 a
 1.6511598E-5 -8.522115E-6 5.7417754E-4 46276 g
 -7.0826473 -0.9876082 -6.7187285 46280 a
 1.6511598E-5 -5.4115435E-4 3.0786142E-4 46477 g
 -7.0605006 -0.9959879 -6.7570357 46481 a
 -2.4980452E-4 5.241101E-4 3.0786142E-4 46676 g
 -7.0527196 -0.9756372 -6.7606273 46680 a
 -2.4980452E-4 -8.522115E-6 4.1545314E-5 46876 g
 -7.0634937 -0.9828198 -6.7241154 46880 a
 -2.4980452E-4 -8.074704E-4 4.1545314E-5 47076 g
 -7.0742674 -0.98820674 -6.741473 47080 a
 -2.4980452E-4 -5.4115435E-4 4.1545314E-5 47276 g
 -7.047333 -0.97025025 -6.773795 47279 a
 1.6511598E-5 5.241101E-4 4.1545314E-5 47475 g
 -7.0527196 -0.94930094 -6.7468605 47479 a
 -2.4980452E-4 -8.522115E-6 3.0786142E-4 47676 g
 -7.068282 -0.98820674 -6.76362 47679 a
 1.6511598E-5 -2.748382E-4 -2.2477079E-4 47875 g
 -7.080253 -1.0073603 -6.71813 47878 a
 2.828277E-4 -0.0010737865 4.1545314E-5 48075 g
 -7.0593038 -0.9792285 -6.745663 48078 a
 1.6511598E-5 7.904262E-4 5.7417754E-4 48275 g
 -7.038953 -0.9780314 -6.7211227 48279 a
 1.6511598E-5 -8.522115E-6 4.1545314E-5 48475 g
 -7.04434 -0.973243 -6.7205243 48478 a
 2.828277E-4 -5.4115435E-4 -2.2477079E-4 48675 g
 -7.0832458 -0.99299514 -6.730101 48678 a
 2.828277E-4 -5.4115435E-4 -4.910869E-4 48875 g
 -7.049727 -0.97384155 -6.7205243 48878 a
 5.491438E-4 0.0010567423 4.1545314E-5 49073 g
 -7.0467343 -0.961272 -6.7480574 49077 a
 5.491438E-4 2.57794E-4 3.0786142E-4 49274 g
 -7.049727 -0.98341835 -6.749853 49277 a
 -5.1612064E-4 -8.522115E-6 5.7417754E-4 49474 g
 -7.100005 -0.99060094 -6.75943 49478 a
 -2.4980452E-4 -4.828311E-4 -6.657903E-5 49673 g
 -7.0515227 -0.97982705 -6.755839 49677 a
 1.6511598E-5 3.1611722E-4 -3.3289514E-4 49873 g
 -7.0425444 -0.9911995 -6.7606273 49877 a
 -2.4980452E-4 -2.1651499E-4 1.9973709E-4 50073 g
 -7.03596 -0.9576807 -6.7606273 50077 a
 1.6511598E-5 -4.828311E-4 -6.657903E-5 50273 g
 -7.067683 -0.9935937 -6.730101 50277 a
 2.828277E-4 -7.491472E-4 -6.657903E-5 50472 g
 -7.0461354 -0.98222125 -6.7342906 50477 a
 -2.4980452E-4 0.0011150655 1.9973709E-4 50674 g
 -7.041347 -0.95708215 -6.746262 50678 a
 -5.1612064E-4 -2.1651499E-4 1.9973709E-4 50872 g
 -7.015011 -0.9044097 -6.737882 50877 a
 1.6511598E-5 0.0011150655 -0.0013981595 51072 g
 -7.064092 -0.9343372 -6.7600284 51076 a
 0.0013480921 8.487494E-4 -0.008588694 51272 g
 -7.089231 -0.95468795 -6.7133417 51276 a
 2.828277E-4 -0.0058091534 -6.657903E-5 51473 g
 -7.08983 -1.0576386 -6.7091517 51477 a
 -0.0034455978 -0.007140734 -8.6552737E-4 51672 g
 -7.045537 -0.96426475 -6.741473 51683 a
 8.1545993E-4 0.0013813816 7.323693E-4 51872 g
 -7.079056 -1.0187328 -6.7324953 51876 a
 -5.1612064E-4 -0.0039449404 -6.657903E-5 52071 g
 -7.0952168 -0.9636662 -6.679224 52075 a
 -2.4980452E-4 -0.0015480955 7.323693E-4 52271 g
 -7.0610995 -1.0354922 -6.7091517 52275 a
 -0.0013150689 0.0019140139 1.9973709E-4 52474 g
 -7.1472907 -1.0187328 -6.733692 52477 a
 8.1545993E-4 -4.828311E-4 0.002330266 52670 g
 -7.04434 -0.9552865 -6.803723 52674 a
 0.0013480921 0.009903497 -0.0019307918 52870 g
 -7.045537 -1.0354922 -6.7103486 52874 a
 -2.4980452E-4 -0.0015480955 -6.657903E-5 53071 g
 -7.047333 -0.9588778 -6.728904 53075 a
 5.491438E-4 0.0016476978 0.0015313176 53270 g
 -7.047931 -0.93972415 -6.7690067 53274 a
 -0.0031792817 0.004310859 -0.0024634239 53470 g
 -7.104195 -1.0115502 -6.7402763 53474 a
 1.6511598E-5 -7.491472E-4 -3.3289514E-4 53670 g
 -6.997653 -1.01574 -6.770204 53674 a
 -5.1612064E-4 0.0040445426 -0.0016644757 53869 g
 -7.055712 -0.9935937 -6.697779 53873 a
 1.6511598E-5 -0.0018144116 9.986854E-4 54069 g
 -7.0610995 -0.97982705 -6.7809777 54073 a
 2.828277E-4 0.0035119106 -0.0011318434 54269 g
 -7.0006456 -0.9900024 -6.7959414 54274 a
 1.6511598E-5 4.980111E-5 -3.3289514E-4 54469 g
 -7.0263834 -0.9636662 -6.76362 54473 a
 -2.4980452E-4 8.487494E-4 1.9973709E-4 54668 g
 -7.0485296 -0.9888053 -6.7690067 54672 a
 1.6511598E-5 8.487494E-4 1.9973709E-4 54869 g
 -7.037756 -0.98940384 -6.771401 54873 a
 -2.4980452E-4 -4.828311E-4 -6.657903E-5 55068 g
 -7.0622964 -0.97144735 -6.7480574 55072 a
 1.6511598E-5 -4.828311E-4 1.9973709E-4 55268 g
 -7.021595 -0.95947635 -6.7372837 55272 a
 2.828277E-4 0.0013813816 -6.657903E-5 55468 g
 -7.0275807 -0.9648633 -6.7684083 55472 a
 -2.4980452E-4 -4.828311E-4 -6.657903E-5 55668 g
 -7.03177 -0.98222125 -6.7684083 55672 a
 1.6511598E-5 -7.491472E-4 -6.657903E-5 55868 g
 -7.0395517 -0.9792285 -6.7708025 55871 a
 4.4927528E-4 3.9947417E-4 -2.2477079E-4 56068 g
 -7.0527196 -0.97503865 -6.7630215 56072 a
 7.1559136E-4 -0.0017310547 4.1545314E-5 56267 g
 -7.0347633 -0.9840169 -6.7205243 56271 a
 4.4927528E-4 1.3315806E-4 5.7417754E-4 56467 g
 -7.0168066 -0.9516952 -6.7719994 56471 a
 1.8295916E-4 1.3315806E-4 4.1545314E-5 56667 g
 -7.021595 -0.9816227 -6.7600284 56671 a
 4.4927528E-4 -3.9947417E-4 8.4049365E-4 56866 g
 -7.016208 -0.97862995 -6.795343 56871 a
 -3.4967304E-4 6.657903E-4 4.1545314E-5 57066 g
 -7.0491285 -1.0061632 -6.787562 57070 a
 1.8295916E-4 6.657903E-4 5.7417754E-4 57267 g
 -7.076063 -1.0043676 -6.7504516 57271 a
 -6.1598915E-4 9.321064E-4 3.0786142E-4 57466 g
 -7.0209966 -0.985214 -6.706159 57470 a
 7.1559136E-4 -3.9947417E-4 3.0786142E-4 57666 g
 -7.0108213 -0.99179804 -6.7851677 57669 a
 -3.4967304E-4 3.9947417E-4 5.7417754E-4 57866 g
 -7.025785 -1.0049661 -6.7851677 57870 a
 1.8295916E-4 1.3315806E-4 5.7417754E-4 58065 g
 -7.0581064 -0.99060094 -6.779182 58069 a
 -3.4967304E-4 -1.3315806E-4 3.0786142E-4 58265 g
 -7.0461354 -0.97503865 -6.761824 58269 a
 -8.335694E-5 -0.0014647386 3.0786142E-4 58468 g
 -7.043741 -0.9923966 -6.7480574 58472 a
 1.8295916E-4 1.3315806E-4 8.4049365E-4 58665 g
 -7.0287776 -0.9792285 -6.7827735 58669 a
 -8.335694E-5 -1.3315806E-4 3.0786142E-4 58865 g
 -7.028179 -0.997185 -6.746262 58868 a
 -3.4967304E-4 -6.657903E-4 -2.2477079E-4 59065 g
 -7.04015 -0.98222125 -6.751649 59069 a
 4.4927528E-4 -0.0014647386 4.1545314E-5 59264 g
 -7.04434 -0.97862995 -6.7648168 59268 a
 1.8295916E-4 3.9947417E-4 5.7417754E-4 59464 g
 -7.008427 -0.9804256 -6.775591 59467 a
 4.4927528E-4 3.9947417E-4 3.0786142E-4 59665 g
 -7.017405 -0.97264445 -6.752846 59668 a
 4.4927528E-4 1.3315806E-4 8.4049365E-4 59861 g
 -7.015011 -0.99898064 -6.779182 59862 a
 -8.335694E-5 -3.9947417E-4 4.1545314E-5 60197 g
