 -0.0021789984 -0.062116634 -0.0143131595 3 g
 10.449493 -4.83928 6.607398 8 a
 0.102483235 0.09208039 0.044276383 122 g
 9.452309 -5.1463366 6.787562 126 a
 0.009006278 0.033490848 -0.05878795 321 g
 10.21965 -3.654749 7.129933 325 a
 0.12165586 0.08116862 0.014180001 524 g
 11.3640785 -4.2042184 7.489063 528 a
 -0.08340754 -0.037342045 -0.038284272 721 g
 10.421362 -3.5284548 6.777985 725 a
 -0.015763251 0.016453808 0.023501065 920 g
 7.803302 -2.405574 6.899491 927 a
 -0.040532246 -0.057310693 -0.03801982 1126 g
 7.433398 -2.2176294 6.6828156 1131 a
 -0.0035143073 -0.012303271 -0.017247165 1321 g
 6.8366427 -1.893215 6.2339025 1326 a
 -0.012036423 -0.029613819 -0.026035596 1521 g
 6.551733 -1.869273 5.855619 1525 a
 -0.019494073 0.00474309 0.01470997 1724 g
 5.901707 -0.9923966 5.6706667 1728 a
 -0.0107056415 -0.017627463 -0.022574285 1920 g
 5.849633 -0.9163807 5.919065 1926 a
 -0.0019172097 0.018591527 0.028292092 2120 g
 6.113594 -1.4939818 6.4044895 2124 a
 -0.010705908 0.004477839 -0.0026011094 2322 g
 6.9126587 -2.837129 6.989872 2326 a
 -0.009374327 0.007407316 0.01177996 2519 g
 7.315483 -3.5889084 7.2711906 2524 a
 -0.018162759 -0.0083053345 -0.004199006 2719 g
 7.9792757 -3.5847185 6.675633 2724 a
 0.010333065 0.020989439 0.01177996 2920 g
 8.254609 -2.8245595 5.8639984 2924 a
 0.006072007 0.009005213 -0.0018021611 3119 g
 8.025364 -2.4863784 5.9250507 3125 a
 0.0042077946 -0.0024463797 -0.0049979542 3319 g
 7.615357 -2.4462755 6.4044895 3323 a
 -0.0013851101 -0.010701113 -0.01192244 3522 g
 7.252037 -2.3517046 6.6205664 3527 a
 0.0047401604 -0.015228488 -0.0140529685 3718 g
 6.88752 -2.1936872 6.371569 3722 a
 -3.1984565E-4 -0.010434798 -0.011389807 3918 g
 6.743269 -2.0296845 6.0836663 3923 a
 -0.0011185276 -0.0024463797 -0.0023347933 4121 g
 6.4062853 -1.6837224 5.6880245 4125 a
 0.0026098979 -0.005642173 -0.0076611154 4318 g
 6.1770406 -1.389834 5.5084596 4322 a
 0.0034088462 4.8309742E-4 0.0016599483 4518 g
 5.832874 -0.7781156 5.6185927 4521 a
 -0.0011182614 -5.060006E-5 -0.0010026802 4720 g
 5.786187 -0.7721301 6.0477533 4724 a
 -0.0035151064 0.007406251 0.009649964 4917 g
 6.385336 -2.112883 6.7372837 4921 a
 -0.0037814225 0.014064154 0.017106814 5114 g
 6.9024835 -2.9586349 7.0712748 5116 a
 0.0015454324 0.011133611 0.011248128 5320 g
 7.5387425 -3.7666779 7.2143283 5324 a
 -0.0011177287 0.0106009785 0.0104491785 5517 g
 7.8589673 -3.6469676 6.7486563 5521 a
 0.0071380707 0.0084704505 0.004323908 5717 g
 7.97748 -3.0310593 6.145916 5721 a
 0.008734902 0.010337858 0.004056527 5920 g
 7.969699 -2.7162218 6.0082493 5924 a
 0.012729644 0.004212588 -0.0020687436 6116 g
 7.5680714 -2.441487 6.1249666 6122 a
 0.0050064763 7.5047876E-4 -0.0010034791 6316 g
 7.4124484 -2.896984 6.3925185 6320 a
 -0.016565127 -0.0021789984 0.0077849524 6517 g
 7.028179 -2.4007857 6.3823433 6521 a
 0.0034085799 -0.009103217 -0.0065961173 6717 g
 7.0503254 -2.5839422 6.445191 6721 a
 -0.006445116 -4.846953E-5 0.0013933659 6917 g
 7.253833 -2.4025815 6.26802 6921 a
 0.0060712085 0.0012849752 -0.003933755 7118 g
 7.2544312 -2.15538 6.233304 7125 a
 0.012462795 -0.008302405 -0.012988503 7316 g
 7.1610575 -2.1894975 6.4900823 7320 a
 0.016723853 -0.018688733 -0.01724956 7516 g
 7.0766616 -2.208651 6.5858502 7519 a
 -0.008576178 0.0036818201 0.006452573 7716 g
 6.7965403 -2.0027497 6.137536 7720 a
 0.00527226 -0.014693991 -0.015119032 7915 g
 6.203377 -1.4784195 5.571906 7919 a
 0.0042069955 -0.014161359 -0.016450612 8115 g
 6.0782795 -1.3180081 5.521628 8119 a
 -0.0011203919 0.0026197515 0.0032557144 8318 g
 5.868787 -0.92416185 5.607819 8322 a
 -0.0085772425 0.00475028 0.00219045 8514 g
 5.6545057 -0.6733692 5.5138464 8518 a
 0.018853316 -0.017620273 -0.015120097 8715 g
 5.895123 -0.9756372 5.861006 8719 a
 -0.008844092 0.020997694 0.024560204 8917 g
 6.257845 -1.7657237 6.489484 8921 a
 -0.02402411 0.004752411 0.008581238 9114 g
 7.271789 -3.5093012 7.297527 9118 a
 -0.013371466 0.038574558 0.043202333 9315 g
 7.7350674 -2.6611552 6.338649 9319 a
 0.019384617 -8.372978E-4 -0.019649334 9517 g
 8.015787 -2.6084828 6.029797 9521 a
 0.015656192 0.0076848175 0.0051180627 9714 g
 7.9475527 -2.4061728 6.101623 9718 a
 -0.0053827814 -0.0056309877 -0.007132478 9914 g
 7.5136037 -2.2439656 6.4619503 9918 a
 0.012726714 -0.012022574 -0.015388277 10114 g
 7.3938932 -2.433706 6.6642604 10120 a
 -0.013904897 0.0050216564 0.0040527987 10313 g
 7.0964136 -2.1679497 6.488885 10317 a
 0.0018077537 -0.021609955 -0.019915652 10513 g
 7.261614 -2.6940753 6.6510925 10517 a
 -0.012840431 0.016741695 0.023759391 10716 g
 6.795343 -2.1517887 6.3230867 10720 a
 0.005269064 -0.012819392 -0.014057496 10913 g
 7.211934 -3.141791 6.937798 10917 a
 -0.008046742 0.0031595742 0.009112006 11113 g
 7.7063365 -3.5847185 7.0569096 11117 a
 2.082592E-4 0.009287775 0.00937699 11316 g
 7.926005 -3.2549171 6.539762 11319 a
 0.007931426 0.0052930326 -0.0012756542 11512 g
 8.019379 -2.7329812 6.0411696 11516 a
 0.010328271 0.0114183035 0.0045833 11712 g
 8.052897 -2.4241292 6.071097 11716 a
 0.005534315 -0.0026953854 -0.005536978 11915 g
 7.820061 -2.3624785 6.4380083 11919 a
 0.005001683 -0.014146978 -0.015923306 12113 g
 7.5046253 -2.2613235 6.5218053 12117 a
 0.0113932695 -0.0074890754 -0.007134875 12311 g
 7.303512 -2.256535 6.50744 12316 a
 -0.0040538637 -0.009351158 -0.0068693575 12515 g
 6.927623 -1.8848352 6.2345014 12519 a
 0.002604039 -0.013612215 -0.016456738 12711 g
 6.5565214 -1.8046296 5.9687448 12716 a
 -0.0040538637 -0.0029595708 -0.002874616 12911 g
 6.389526 -1.7441759 5.803545 12915 a
 -0.014972825 0.0052962285 0.0064464477 13113 g
 6.4906807 -1.7657237 5.804742 13117 a
 -0.0027222834 0.002100435 0.0019190739 13311 g
 6.0878563 -1.1833342 5.7466826 13315 a
 0.0039356193 -0.011748003 -0.012461996 13511 g
 6.4248405 -1.6514006 5.993884 13515 a
 0.01032694 0.03219522 0.032811478 13714 g
 6.167464 -1.3425486 5.901707 13718 a
 -0.026158366 -0.026926955 -0.027908597 13910 g
 6.0142345 -1.1162965 5.916671 13915 a
 -0.006184659 0.01728152 0.021626199 14109 g
 6.105214 -1.3467385 6.2662244 14114 a
 -0.018701782 -0.028790103 -0.03057229 14313 g
 7.317279 -4.3197384 7.49445 14316 a
 -0.017902834 0.034326814 0.052518334 14509 g
 7.93199 -3.620033 6.835446 14514 a
 0.014587731 0.0074288878 -0.015658587 14709 g
 8.051102 -2.9616275 6.096236 14714 a
 0.017516144 0.018883409 0.017896175 14912 g
 8.003817 -2.3116016 5.9262476 14916 a
 0.020179303 0.0058339206 -0.009800699 15108 g
 7.6572556 -2.52289 6.407482 15113 a
 -0.0096481 -0.005617672 -0.004208061 15308 g
 7.176021 -2.2296004 6.495469 15313 a
 0.0068634986 -0.015471368 -0.016458603 15509 g
 6.9228344 -2.1990743 6.459556 15514 a
 -0.0032565133 -0.009346098 -0.0055396412 15708 g
 6.64391 -1.934515 6.1465144 15713 a
 0.0060645505 -0.0042860913 -0.0052733254 15908 g
 6.2315083 -1.4053963 5.7879825 15912 a
 0.004199805 -0.013871341 -0.014595188 16111 g
 6.250662 -1.4748282 6.0824695 16115 a
 -8.60201E-4 0.015689747 0.023754332 16307 g
 6.3326635 -1.7040731 6.447585 16311 a
 -0.008849684 -0.006947122 -0.009535182 16507 g
 6.9000893 -2.8311436 7.043741 16511 a
 0.002069276 0.0074339476 0.013101688 16707 g
 7.6919713 -3.6864722 7.237672 16711 a
 -5.938849E-4 0.014624483 0.014699584 16908 g
 7.8948803 -3.2968156 6.5906386 16911 a
 0.0031345405 0.010896057 0.0016500946 17109 g
 7.772177 -2.9322984 6.1620765 17113 a
 0.0031342742 0.005304484 0.0027150926 17310 g
 7.639299 -2.3133974 6.1764417 17314 a
 0.012189022 -0.01493554 -0.019921776 17507 g
 7.2747817 -2.1649568 6.3578024 17511 a
 0.0034005903 -0.0018860507 -0.004741758 17707 g
 7.1742253 -2.2661119 6.5241995 17710 a
 -0.008583368 -0.016001869 -0.0140625555 17910 g
 6.9048777 -1.9003977 6.190807 17914 a
 0.024972461 -0.026654514 -0.0247152 18104 g
 7.032369 -2.1721394 6.329671 18105 a
 -0.005920207 0.011162373 0.013101688 18306 g
 6.1369376 -1.2126632 5.505467 18310 a
 0.005531119 -0.026919765 -0.028177576 18508 g
 6.0507464 -1.2018893 5.379771 18513 a
 0.00206901 0.0063697486 0.01043826 18706 g
 5.971139 -1.0887632 5.5126495 18710 a
 -0.009915215 0.0013097426 8.5087994E-4 18905 g
 6.157288 -1.3108255 5.8933277 18909 a
 -0.0037899446 0.01995187 0.01869406 19106 g
 6.3422403 -1.7896658 6.465542 19110 a
 -0.011246796 0.003972904 0.00564457 19302 g
 6.7690067 -2.4199393 6.8522053 19304 a
 0.0031342742 0.00903291 0.009905628 19504 g
 7.258621 -2.9861681 6.9743094 19508 a
 -0.0021912488 0.0055676047 0.0032487903 19708 g
 7.491457 -2.947861 6.7971387 19711 a
 0.007396131 0.0010402307 -0.0039417446 19905 g
 7.85358 -3.09271 6.488885 19909 a
 -5.933523E-4 0.014622352 0.0136351185 20105 g
 7.789535 -2.8658595 6.3667808 20109 a
 0.004200071 -0.0024208133 -0.008203069 20307 g
 7.6482773 -2.5689783 6.2686186 20314 a
 7.379619E-4 0.003704457 0.0021832595 20505 g
 7.4896617 -2.2451627 6.341642 20509 a
 0.008727445 -0.012807142 -0.013795707 20704 g
 7.3029137 -2.2709002 6.4481835 20708 a
 -0.00219045 0.002103631 0.0019180086 20907 g
 7.281366 -2.1679497 6.464943 20911 a
 0.005000085 -0.010945858 -0.009267268 21104 g
 7.071873 -2.0141222 6.1806316 21108 a
 0.008728511 -0.01627218 -0.011930429 21304 g
 6.9557543 -1.9967642 6.113594 21308 a
 0.0015382419 -0.0032237566 -0.0020764668 21506 g
 6.6971807 -1.8369513 5.951387 21510 a
 -0.0053859768 -2.7963191E-5 -4.7857006E-4 21703 g
 6.423643 -1.5358804 5.649119 21707 a
 2.066613E-4 -0.0034900727 -0.0055385763 21904 g
 6.3338604 -1.5167267 5.6359506 21908 a
 -3.2676986E-4 -2.5033714E-5 0.0011182614 22106 g
 6.10282 -1.1510124 5.5521536 22110 a
 -0.0019246665 -0.0016229304 -0.0034091126 22303 g
 6.0920463 -1.1653777 5.7802014 22307 a
 -0.0043215114 0.0050349724 0.005379319 22502 g
 6.151303 -1.5831659 6.4541693 22506 a
 -0.020299945 0.005033108 0.008309595 22705 g
 6.8109055 -2.4516625 6.8144965 22709 a
 0.003135872 0.018881546 0.015766446 22901 g
 7.709928 -3.3039982 6.87914 22906 a
 -0.016038887 0.014620488 0.015766446 23099 g
 7.8745294 -3.2076318 6.5283895 23100 a
 0.018315358 -0.0037534593 -0.010333331 23305 g
 7.7488337 -2.7024553 6.151303 23309 a
 -0.0040551955 0.013823404 0.01150459 23501 g
 7.854179 -2.4648306 6.201581 23506 a
 0.0049995524 -0.0024218787 -0.006871222 23702 g
 7.0724716 -2.1440077 6.1860185 23706 a
 -0.004055728 -0.01760083 -0.011665178 23905 g
 6.673837 -1.8016368 5.9244523 23909 a
 0.0111242905 -0.01839978 -0.012464127 24100 g
 6.3326635 -1.3515269 5.737106 24105 a
 0.005531652 -0.0109429285 -0.010333598 24300 g
 6.435614 -1.4784195 5.720945 24305 a
 0.00926061 -0.0048187235 -0.0028764803 24504 g
 6.0770826 -1.110311 5.9160724 24508 a
 -0.015506788 -0.0016229304 -0.005007009 24700 g
 6.132149 -1.2802993 5.9968767 24704 a
 0.006597449 0.0010402307 8.5194525E-4 24900 g
 6.4589577 -1.9608512 6.6947865 24904 a
 -0.016305737 0.0018391791 0.0035151064 25100 g
 7.006033 -2.6282349 6.985682 25104 a
 0.00792903 0.00796445 0.008308796 25300 g
 7.908048 -3.5823243 7.067683 25304 a
 -0.009381518 0.026340261 0.022956181 25499 g
 7.7374616 -2.9269116 6.4697313 25504 a
 0.00979271 0.0069002504 -0.0018114821 25704 g
 7.707534 -2.7623103 6.3667808 25708 a
 0.0049990197 -0.0029534455 -0.0023441145 25899 g
 7.6823945 -2.3421278 6.2249246 25904 a
 0.01245587 -0.006948187 -0.011931494 26099 g
 7.593809 -2.3122003 6.4368114 26104 a
 -6.125271E-5 -0.0029523803 -0.0015456987 26303 g
 7.361572 -2.2062569 6.295553 26307 a
 0.014053501 -0.019197663 -0.014861504 26499 g
 7.2831616 -2.2547395 6.3524156 26504 a
 -0.005920207 0.005836051 0.0067101005 26699 g
 6.7887588 -1.8207904 5.9501896 26704 a
 -6.0453756E-5 -0.009346098 -0.009800699 26901 g
 6.415862 -1.4568717 5.567716 26906 a
 0.0031353396 -0.012541891 -0.011664912 27098 g
 6.31351 -1.3706805 5.5288105 27103 a
 0.0057985005 -0.012009258 -0.010333331 27298 g
 5.935226 -0.9103952 5.4761376 27302 a
 -0.0024578313 -0.0010892329 -0.001545166 27501 g
 6.0716953 -1.1875241 5.7903767 27506 a
 0.0020695424 2.4234765E-4 0.0029822078 27698 g
 6.5307837 -1.650802 5.952584 27703 a
 4.7164582E-4 0.0076991986 0.006178001 27898 g
 6.4607534 -1.9093759 6.5140243 27903 a
 -0.016838368 0.019682359 0.018162493 28100 g
 6.700772 -2.1033063 6.7534447 28104 a
 0.0020700751 0.0031707596 8.5194525E-4 28298 g
 6.719327 -1.9710265 6.447585 28302 a
 0.003934288 -0.010145046 -0.009534383 28497 g
 6.82946 -2.0931308 6.429629 28501 a
 0.007928497 0.0023728765 0.005379053 28700 g
 7.48188 -3.2213984 7.0700774 28705 a
 -0.006985205 0.007965514 0.009373794 28897 g
 6.945579 -2.1098902 6.4386067 28901 a
 0.0111242905 -0.0109429285 -0.015127287 29097 g
 7.2741833 -2.9873652 7.0952168 29100 a
 -0.014708372 0.005834986 0.016298013 29297 g
 7.0227923 -2.3900118 6.715137 29301 a
 0.0071295486 -0.0050839745 -0.0068714884 29497 g
 7.515998 -3.064578 7.0461354 29501 a
 0.0020695424 0.008231831 0.012036955 29697 g
 7.2819643 -2.689287 6.7570357 29701 a
 0.0068632322 -0.0080134515 -0.013529391 29897 g
 7.5764513 -2.9753942 6.7600284 29900 a
 -0.008583101 0.017286578 0.016031697 30096 g
 7.6069775 -2.8981812 6.655282 30100 a
 -0.0019251992 -0.0032197617 -0.0052735917 30296 g
 7.5932107 -2.3714569 6.389526 30300 a
 0.015651131 -0.0037502635 -0.009002816 30498 g
 7.769783 -2.2996306 6.393716 30502 a
 0.0018026937 -0.009609218 -0.010334397 30695 g
 7.6847887 -2.3373394 6.449381 30699 a
 0.0026016422 0.0063697486 0.0048456215 30896 g
 7.639299 -2.4642322 6.435614 30900 a
 -0.005654157 -0.0048155277 -0.0034101778 31096 g
 7.201759 -2.211644 6.325481 31100 a
 0.0026016422 0.007435013 0.008307731 31295 g
 7.120356 -2.055422 6.202778 31299 a
 0.010591125 -0.012538695 -0.011932293 31495 g
 6.4350157 -1.3994108 5.6185927 31499 a
 0.006597449 -0.017069265 -0.015659653 31697 g
 6.659472 -1.7788919 5.779603 31701 a
 0.003934288 0.0029044435 0.0059119514 31895 g
 6.1387334 -1.0875661 5.497087 31899 a
 -0.013109943 0.0029044435 -0.0036754287 32094 g
 6.578069 -1.8902222 6.1662664 32098 a
 -0.010180999 0.020748688 0.021091703 32297 g
 7.6590514 -3.6882677 7.373543 32301 a
 -0.029089442 0.021813951 0.021624336 32494 g
 7.1227503 -2.2122424 6.4685345 32498 a
 0.024706412 -0.015203986 -0.0252473 32693 g
 7.7344685 -3.13401 6.7827735 32697 a
 -0.012310995 0.022079203 0.02508671 32895 g
 7.731476 -2.92751 6.530185 32900 a
 0.012190087 -0.002954511 -0.0052733254 33094 g
 7.5471225 -2.6078842 6.353613 33098 a
 -0.0045878277 0.001572863 0.0016508936 33293 g
 7.6584525 -2.6880898 6.393117 33298 a
 0.0044658547 -0.0021523668 -0.0050080745 33496 g
 7.5082164 -2.5031378 6.3392477 33500 a
 -8.604673E-4 -0.002418683 -0.0010133327 33693 g
 7.455544 -2.3277626 6.3368535 33697 a
 0.008460596 -0.018663965 -0.016725983 33891 g
 7.162853 -2.2200236 6.371569 33896 a
 -0.0027241474 0.0018402443 0.00351484 34096 g
 7.244256 -2.184709 6.297349 34100 a
 0.0015369103 2.4234765E-4 8.516789E-4 34292 g
 6.997653 -2.0099323 6.1004257 34297 a
 0.0020695424 -0.010676613 -0.009268333 34491 g
 6.9210386 -1.9315223 6.007651 34496 a
 0.0047337688 -0.002956375 -0.002076733 34694 g
 6.630143 -1.5622166 5.873575 34698 a
 0.005799033 -0.021864818 -0.01938728 34891 g
 6.5259953 -1.5861586 5.965752 34896 a
 -5.9255335E-4 0.0045004757 0.00591275 35091 g
 6.857592 -2.0572178 6.2823853 35096 a
 -0.008316253 0.012491823 0.010971957 35295 g
 6.569091 -1.7663223 6.3589997 35299 a
 -0.009381518 0.0098286625 0.0072435318 35491 g
 7.1251445 -2.15538 6.4589577 35498 a
 0.006863765 0.0018391791 -4.7963532E-4 35690 g
 7.249643 -2.2152352 6.423643 35694 a
 -0.006451774 0.013822605 0.009108277 35895 g
 7.337031 -2.1290438 6.3727665 35899 a
 0.009260876 -0.02079849 -0.017257018 36090 g
 7.2885485 -2.191293 6.3344593 36094 a
 -0.008848619 0.022078404 0.020027237 36290 g
 7.6931686 -2.6060886 6.5607114 36295 a
 -0.0011251855 -0.026125876 -0.024979917 36493 g
 7.259818 -1.9428947 6.1584854 36497 a
 -0.00219045 0.01994681 0.015766446 36690 g
 7.6746135 -2.4600422 6.4140663 36694 a
 -0.0013915016 -0.013342704 -0.0127293775 36889 g
 7.0862384 -2.0632033 6.320094 36893 a
 -0.0051207263 0.026341327 0.021358019 37093 g
 7.349002 -2.1888988 6.3368535 37097 a
 -0.0067186225 -0.033579797 -0.031106254 37289 g
 7.240066 -2.2930467 6.417658 37294 a
 -0.0011259845 0.019417107 0.017363278 37489 g
 7.1724296 -2.1703439 6.3464303 37494 a
 -0.0037880803 -0.0077511305 -0.0071364725 37692 g
 6.751649 -1.4873978 5.7508726 37696 a
 0.035626702 -0.035980638 -0.037496507 37888 g
 7.2424603 -2.2080526 6.2099605 37893 a
 -0.011244931 0.016749952 0.019228822 38088 g
 6.84203 -1.7878702 5.9878983 38093 a
 0.0026035062 -0.0034900727 -0.004473312 38289 g
 6.721721 -1.6807296 5.811326 38293 a
 0.0044677192 -0.0013595438 -2.1225394E-4 38488 g
 6.4936733 -1.5795746 5.7059813 38492 a
 -0.0013912354 -0.004289021 -0.0034080471 38694 g
 6.5146227 -1.6262615 5.679645 38698 a
 -0.006450975 0.009558352 0.011239871 38887 g
 5.9783216 -1.0055647 5.668871 38889 a
 -0.012309929 0.006628874 0.0037830202 39087 g
 6.096236 -1.3311762 6.0010667 39091 a
 -0.006184659 0.009558352 0.009641974 39287 g
 6.4685345 -1.7340006 6.1740475 39291 a
 -3.259709E-4 -0.006952182 -0.008468053 39490 g
 6.717531 -1.9752164 6.3883286 39494 a
 0.0060656155 0.0018362496 5.406217E-5 39687 g
 6.9012866 -2.3864205 6.7600284 39691 a
 -0.005918609 0.0060973074 0.008043545 39887 g
 7.0754647 -2.4103625 6.697779 39890 a
 -5.9228705E-4 0.0010373013 5.406217E-5 40087 g
 7.5028296 -2.5246856 6.488885 40090 a
 0.0057992996 0.005032043 -2.1225394E-4 40286 g
 7.462128 -2.4013844 6.329671 40290 a
 -0.002989132 0.007695204 0.0059130164 40486 g
 7.406463 -2.4408886 6.341642 40490 a
 0.0028708875 -0.0064227455 -0.0052709286 40689 g
 7.3226657 -2.268506 6.3165026 40693 a
 -3.2490565E-4 0.0013004215 0.0024522387 40887 g
 7.3352356 -2.2744915 6.3033347 40890 a
 0.0023382555 -0.0032269522 -0.004205664 41086 g
 7.3609734 -2.2272062 6.355408 41089 a
 0.0036698359 -0.005091165 -0.00447198 41286 g
 7.189189 -2.054225 6.1884127 41290 a
 0.0145887965 -0.01840697 -0.014591992 41486 g
 7.217321 -2.1086931 6.2482677 41490 a
 -0.005917544 0.01168675 0.01124067 41685 g
 6.7630215 -1.8088194 5.917868 41689 a
 -0.004053331 -0.0104174875 -0.00926567 41886 g
 6.591237 -1.6729485 5.7263317 41890 a
 0.0023382555 -0.0042922166 -0.0023414511 42085 g
 6.1979895 -1.1599907 5.4527946 42088 a
 -0.0019228023 -0.008286959 -0.01059725 42286 g
 6.510433 -1.567005 5.703587 42290 a
 0.0015395734 0.0031638353 0.0040504015 42488 g
 6.317101 -1.3796587 5.7825956 42492 a
 -0.00778149 0.0028975192 0.0013872406 42685 g
 6.3182983 -1.401805 5.981314 42688 a
 0.0026048378 7.669904E-4 -2.1065604E-4 42884 g
 6.4368114 -1.5903485 6.232107 42888 a
 -0.004585431 0.0063585634 0.006181463 43086 g
 6.567295 -1.8441339 6.365584 43090 a
 -5.805691E-5 0.0042280345 0.003784618 43285 g
 7.264008 -2.9771898 7.015011 43289 a
 -0.006183327 0.022603845 0.0200299 43485 g
 7.2885485 -2.8095956 6.9366007 43488 a
 0.0012737899 -0.001365669 -0.0031393343 43687 g
 7.521983 -2.8736405 6.8988924 43690 a
 0.004735899 -0.011751997 -0.009530921 43885 g
 7.7464395 -2.8886044 6.7067575 43889 a
 0.01086117 0.003960653 5.890912E-4 44084 g
 7.603985 -2.4917655 6.2985463 44088 a
 -0.0011227888 0.017009078 0.013106481 44286 g
 7.7452426 -2.4714148 6.2883706 44290 a
 -0.0029870016 0.005024852 0.0027201527 44484 g
 7.9272017 -2.493561 6.3949127 44488 a
 0.0034045852 -0.013350959 -0.0129924975 44683 g
 7.6602483 -2.2463598 6.356007 44687 a
 0.0036709013 -0.005361476 -0.004736698 44884 g
 7.575254 -2.2361844 6.3482256 44888 a
 0.0066003785 -0.014416223 -0.012193549 45084 g
 7.507618 -2.2589293 6.381146 45087 a
 0.0034045852 -0.0048288438 -0.0050030146 45283 g
 7.526173 -2.220622 6.315904 45287 a
 0.0026056368 -0.009089901 -0.006867227 45484 g
 7.3657618 -2.231396 6.3578024 45487 a
 -0.0024543693 0.010084858 0.00911174 45682 g
 6.7612257 -1.7531542 5.945401 45690 a
 -0.014172278 0.001829059 0.0029864688 45881 g
 7.153276 -2.0799627 6.1638722 45885 a
 0.007932492 0.0010290454 0.0013888385 46086 g
 6.7229185 -1.7130513 5.9400144 46089 a
 -0.0013885722 -0.010156231 -0.010062754 46281 g
 6.6750345 -1.5011644 5.6766524 46286 a
 0.018318819 -0.020276243 -0.017253289 46481 g
 6.0561333 -0.94451255 5.3995233 46486 a
 -0.004850415 2.2903185E-4 8.5673895E-4 46685 g
 5.783194 -0.9163807 5.707777 46688 a
 -0.014704111 0.02499643 0.023227291 46880 g
 6.0477533 -1.2036849 5.922058 46884 a
 -5.893576E-4 -0.007760451 -0.0076653766 47080 g
 6.184223 -1.2467805 5.9244523 47084 a
 0.0052693305 0.002626942 0.0019214707 47284 g
 6.3925185 -1.4766239 5.927445 47287 a
 0.0028724854 -0.0032320123 -0.0031385354 47480 g
 6.443395 -1.5382746 6.1123967 47484 a
 -0.008312791 0.010350109 0.009112006 47677 g
 6.3392477 -1.3221979 5.9388175 47679 a
 0.009531453 -0.009627594 -0.009528524 47884 g
 6.4781113 -1.5167267 6.0699 47888 a
 -0.0024527714 0.0058187405 0.0064504426 48080 g
 6.5457473 -1.7363948 6.30513 48085 a
 7.4302196E-4 -0.008562329 -0.0065990468 48280 g
 6.9719152 -2.3666685 6.703765 48284 a
 -0.004317517 0.007418768 0.005650695 48483 g
 7.033566 -2.5187001 6.867768 48487 a
 4.761732E-4 -0.0013696637 -0.0012735237 48679 g
 7.297527 -2.8724434 7.105392 48684 a
 -0.004583833 0.0063535036 0.0067159594 48879 g
 6.9461775 -2.1260512 6.585252 48884 a
 0.009265137 -0.012557071 -0.014322214 49082 g
 7.418434 -2.830545 6.8851256 49086 a
 -0.0024527714 0.010346115 0.012309397 49280 g
 7.4908586 -2.7593174 6.7504516 49285 a
 0.0012756542 0.0010250506 8.578042E-4 49479 g
 7.6111674 -2.6408045 6.6415157 49483 a
 0.007667507 -0.0029707563 -0.0039356193 49681 g
 7.5830355 -2.328361 6.342839 49686 a
 -8.5460837E-4 0.010078733 0.006450709 49878 g
 7.766192 -2.497751 6.415862 49883 a
 -0.0013872406 0.009279785 0.0077822893 50078 g
 7.730279 -2.565387 6.5122285 50082 a
 0.005804093 -0.015223428 -0.013788517 50281 g
 7.243657 -1.9189527 6.1662664 50286 a
 0.01832095 -0.020017117 -0.018582206 50478 g
 7.2490444 -2.1260512 6.2195373 50483 a
 -5.8749336E-4 0.0042176484 0.004853611 50677 g
 7.121553 -1.9021933 6.037578 50682 a
 -0.010173275 0.007674698 0.0077849524 50880 g
 7.3633676 -2.1601684 6.2925606 50884 a
 -0.0032490564 0.006343117 0.0051217913 51077 g
 7.1963716 -2.0213048 6.1902084 51081 a
 0.0023435818 -0.009103217 -0.00846033 51277 g
 6.993463 -1.8644845 6.045359 51282 a
 -0.0024506408 0.003947337 0.004322577 51479 g
 7.053318 -2.0260932 6.131551 51486 a
 -0.00591275 0.0068768146 0.007252054 51676 g
 6.8330517 -1.8177977 6.0022635 51681 a
 0.0015441008 -0.004574778 -0.0036669064 51876 g
 6.613384 -1.4742297 5.895722 51880 a
 0.01139753 -0.016291622 -0.014319818 52080 g
 6.525397 -1.6681601 6.145317 52084 a
 -0.006711965 0.005812615 0.0072517875 52277 g
 6.6774287 -1.7926586 6.2943563 52281 a
 -0.0027172233 -5.7897123E-4 -0.0018029601 52477 g
 6.968324 -2.1308396 6.4643445 52481 a
 4.7883636E-4 0.005278918 0.002458364 52679 g
 7.0820484 -2.2583308 6.4427967 52683 a
 -0.0013853764 0.005545234 0.0045888927 52876 g
 7.459734 -2.4319103 6.5020533 52880 a
 -0.0045811697 0.005545234 0.0053878413 53075 g
 7.539341 -2.4905684 6.5816603 53079 a
 0.0071372716 -0.0024453145 -0.0036666403 53278 g
 7.399879 -2.2930467 6.4625487 53283 a
 0.0036751623 -0.004309527 -0.005530853 53475 g
 7.2849574 -2.0973208 6.3727665 53479 a
 -0.001917476 0.0047452203 0.0048554754 53675 g
 7.371747 -2.2134395 6.411672 53679 a
 0.004208061 2.167813E-4 -0.0010029464 53879 g
 7.3406224 -2.2373815 6.3500214 53883 a
 7.4595143E-4 -0.0013811153 -2.0399813E-4 54074 g
 7.323863 -2.0901382 6.257246 54078 a
 0.0012785837 -0.0037779603 -0.0010029464 54275 g
 7.140108 -1.922544 6.0321913 54279 a
 0.011931494 -0.019225359 -0.014584801 54477 g
 6.5026517 -1.3461399 5.625177 54481 a
 -0.003248524 0.0039441413 0.004057326 54674 g
 6.257845 -1.1558008 5.5431757 54678 a
 -0.0021832595 -0.004577974 -0.0044647898 54874 g
 6.4469867 -1.4107834 5.7664347 54878 a
 -5.2464275E-5 2.149171E-4 6.311692E-5 55077 g
 6.740875 -1.7058687 5.9651537 55081 a
 -0.0037808898 0.0060738716 0.0035252264 55274 g
 6.945579 -1.8776526 6.1076083 55277 a
 -0.0040472057 0.00953598 0.007253652 55473 g
 6.9126587 -1.917157 6.229713 55477 a
 2.1411815E-4 7.4648403E-4 5.960154E-4 55676 g
 7.1820064 -2.4714148 6.689998 55680 a
 -0.0064437846 0.003143329 0.0056560216 55873 g
 7.237672 -2.569577 6.7725983 55877 a
 4.8043425E-4 0.0010128001 6.338323E-5 56073 g
 7.4872675 -2.617461 6.5990186 56077 a
 -8.511463E-4 0.0028770128 0.006188654 56274 g
 7.6375036 -2.6258407 6.535572 56278 a
 0.0015456987 0.00580649 -0.0010018812 56473 g
 7.4872675 -2.558803 6.5547256 56477 a
 0.0018120148 4.8016795E-4 -2.0293288E-4 56673 g
 7.2711906 -2.2990322 6.5206084 56676 a
 2.1438446E-4 -0.0061788 -0.002332929 56875 g
 7.2867527 -2.2038627 6.329072 56879 a
 2.1438446E-4 0.001011735 5.965481E-4 57072 g
 7.2819643 -2.1122844 6.381745 57076 a
 0.0010133327 7.454188E-4 3.3023197E-4 57272 g
 7.530363 -2.3038206 6.417658 57276 a
 0.0026117621 -0.0048482846 -0.0033979272 57474 g
 7.3460093 -2.1188686 6.3380504 57478 a
 0.0010138655 -0.0040493365 -0.0036642433 57671 g
 7.138911 -1.9829975 6.1345434 57675 a
 0.011133878 -0.016299877 -0.012985307 57871 g
 6.634333 -1.4323312 5.771223 57876 a
 -5.8349856E-4 0.0010085391 0.0011302455 58074 g
 6.811504 -1.7483658 5.979519 58078 a
 -0.00804035 0.003405384 0.0029944582 58271 g
 6.995259 -1.951873 6.1501055 58275 a
 -0.0019150791 0.0071338094 0.0053913034 58471 g
 7.389105 -2.553416 6.5523314 58476 a
 -0.010437194 0.021781195 0.018707108 58671 g
 7.1939774 -2.0368671 6.2644286 58676 a
 0.003677559 -0.0064483117 -0.0084571345 58870 g
 7.2568254 -1.982399 6.265626 58875 a
 0.0055417717 -0.011508318 -0.0113866115 59070 g
 7.37055 -2.1763294 6.3805475 59074 a
 0.0039441413 -0.001123055 0.0019297266 59274 g
 7.318476 -2.1823149 6.4104753 59278 a
 -0.006708503 0.001540106 0.0045928876 59470 g
 7.3298483 -2.0763714 6.275801 59475 a
 0.0012809804 0.003670635 0.0035276231 59670 g
 7.385514 -2.055422 6.250662 59674 a
 4.8176583E-4 -0.009644105 -0.009522399 59874 g
 7.394492 -2.1613655 6.311714 59878 a
 7.4808195E-4 -0.0013883059 6.498113E-5 60192 g
