 0.11984784 0.0125959525 -0.0344392 2 g
 6.741473 -2.295441 6.652888 4 a
 0.0777699 0.0014106764 -0.034971833 111 g
 6.70975 -2.420538 6.5882444 115 a
 0.08096409 0.02032418 0.039061647 314 g
 6.7522473 -2.2403743 6.8827314 319 a
 -0.036481313 -0.0025790052 0.031338483 510 g
 6.559514 -2.7820623 6.8522053 515 a
 0.0074608456 -0.04518958 0.082204856 710 g
 6.6923923 -2.4893713 6.5140243 715 a
 -0.034084734 -0.004974785 -0.014468155 913 g
 6.71813 -2.574964 6.628946 918 a
 0.0024005733 0.018461032 -0.013136575 1110 g
 6.63134 -2.5246856 6.7205243 1114 a
 -0.0018604844 0.0056778593 -6.197176E-4 1309 g
 6.6720414 -2.552219 6.6786256 1313 a
 0.0016018914 3.50472E-4 0.0012447615 1511 g
 6.6492968 -2.5629928 6.666056 1515 a
 -7.9495355E-4 -9.811085E-4 0.0012447615 1708 g
 6.657078 -2.5510218 6.693589 1713 a
 5.3662696E-4 3.50472E-4 0.0012447615 1909 g
 6.6786256 -2.5240872 6.7109475 1913 a
 -2.6258768E-4 -1.8109495E-4 0.0017771274 2112 g
 6.633136 -2.5240872 6.670246 2116 a
 2.7004452E-4 -0.0017789915 0.0017771274 2309 g
 6.659472 -2.5390508 6.6846113 2313 a
 -5.289038E-4 3.5153725E-4 0.0023097596 2509 g
 6.6606693 -2.5384524 6.7121444 2513 a
 -7.938883E-4 -4.5167212E-4 0.0023113575 2712 g
 6.655881 -2.5169046 6.6893997 2715 a
 2.713761E-4 8.09601E-5 0.0020450414 2908 g
 6.6630635 -2.5258827 6.6852098 2912 a
 -2.612561E-4 6.1359233E-4 0.0023113575 3108 g
 6.664859 -2.5462334 6.6720414 3112 a
 -5.273059E-4 -4.5247105E-4 0.0033771545 3311 g
 6.658275 -2.5252843 6.697779 3315 a
 8.0427463E-4 0.001944374 0.0020455741 3507 g
 6.628946 -2.5067291 6.70975 3512 a
 5.379585E-4 0.002477006 0.0025782061 3708 g
 6.6307416 -2.5372553 6.6588736 3712 a
 0.0013371732 8.7804423E-4 0.0020461066 3910 g
 6.655282 -2.540248 6.6684504 3914 a
 -2.6072346E-4 -1.8722023E-4 9.808423E-4 4104 g
 6.651691 -2.541445 6.729502 4105 a
 -0.0031902005 -0.0015188007 0.0033776872 4312 g
 6.6469026 -2.5007436 6.6965823 4315 a
 8.053399E-4 7.590009E-5 0.00124849 4509 g
 6.667253 -2.5234885 6.6983776 4513 a
 6.391587E-6 7.590009E-5 0.0020474382 4706 g
 6.64391 -2.5061307 6.697779 4709 a
 2.727077E-4 -7.2304823E-4 0.0020474382 4906 g
 6.640917 -2.5396495 6.699575 4910 a
 -5.25708E-4 3.4008568E-4 0.0020482372 5105 g
 6.6708446 -2.5001452 6.697779 5106 a
 -5.25708E-4 6.0640177E-4 0.0023145534 5305 g
 6.623559 -2.5198972 6.6642604 5310 a
 -5.25708E-4 -0.0015241271 0.0023145534 5505 g
 6.643311 -2.5330653 6.6893997 5509 a
 -0.001057275 3.3609092E-4 0.0020501013 5708 g
 6.6163764 -2.5270798 6.683414 5712 a
 -0.0018562232 -4.628574E-4 0.0020501013 5905 g
 6.685808 -2.4983494 6.7306995 5909 a
 5.406217E-4 -1.9654128E-4 0.0015174692 6102 g
 6.6283474 -2.5264814 6.6905966 6104 a
 -5.2490906E-4 6.034723E-4 0.0017832527 6304 g
 6.6307416 -2.5234885 6.670246 6305 a
 -0.0010575412 -7.281082E-4 0.002582201 6501 g
 6.646304 -2.5300727 6.7085533 6504 a
 0.0010729876 0.0019350528 0.0015169366 6701 g
 6.6480994 -2.5264814 6.6947865 6703 a
 8.074704E-4 0.0019318571 0.0023172165 6908 g
 6.655282 -2.4875755 6.707356 6912 a
 2.748382E-4 3.339604E-4 0.0025835326 7105 g
 6.6666546 -2.521693 6.7324953 7109 a
 8.522115E-6 3.339604E-4 0.0017845843 7304 g
 6.6522894 -2.5187001 6.688801 7308 a
 -7.8776304E-4 3.2490565E-4 0.0017885789 7506 g
 6.6325374 -2.484583 6.7253127 7510 a
 -2.5513084E-4 -0.0010066748 0.002054895 7703 g
 6.646304 -2.52289 6.6864066 7707 a
 -7.8776304E-4 5.9122173E-4 0.0017885789 7905 g
 6.646304 -2.5073278 6.7109475 7909 a
 -0.0010503507 -0.001020257 0.00232707 8105 g
 6.6612678 -2.5210943 6.6989765 8109 a
 -5.177185E-4 -2.2130868E-4 0.0015281218 8303 g
 6.633734 -2.484583 6.7103486 8307 a
 5.475459E-4 8.439557E-4 0.0017944379 8503 g
 6.6642604 -2.4971523 6.703166 8507 a
 -7.821704E-4 -0.0012937636 0.002596582 8705 g
 6.6445084 -2.5198972 6.7001734 8709 a
 -7.821704E-4 5.704491E-4 0.0020639498 8902 g
 6.6486983 -2.5151088 6.712743 8906 a
 -7.821704E-4 3.7816888E-5 0.0017976337 9102 g
 6.645107 -2.4905684 6.687604 9106 a
 2.8336034E-4 -7.621967E-4 0.0017981663 9305 g
 6.642114 -2.5288756 6.7223196 9309 a
 -0.0010482202 3.6751622E-5 0.003129747 9502 g
 6.6564794 -2.5151088 6.6959834 9506 a
 -0.0013145363 3.6751622E-5 0.003129747 9709 g
 6.630143 -2.505532 6.691794 9724 a
 5.496764E-4 0.0011020161 0.002863431 9901 g
 6.625953 -2.5276785 6.7013707 9903 a
 1.704423E-5 0.0011020161 0.003129747 10099 g
 6.6295447 -2.528277 6.6923923 10103 a
 -2.4927186E-4 -7.621967E-4 0.0020644825 10301 g
 6.6103907 -2.5246856 6.715736 10305 a
 -2.4873923E-4 5.6751963E-4 7.337009E-4 10504 g
 6.666056 -2.4893713 6.711546 10508 a
 -5.150554E-4 3.488741E-5 0.0020652814 10700 g
 6.6241574 -2.5121162 6.697779 10704 a
 -5.150554E-4 -7.640609E-4 0.0017989653 10901 g
 6.6445084 -2.510919 6.717531 10905 a
 -0.0015811187 -7.611314E-4 0.0017976337 11100 g
 6.643311 -2.5300727 6.70975 11105 a
 -0.0010484866 -7.611314E-4 0.0020639498 11298 g
 6.6606693 -2.496554 6.71813 11299 a
 2.8309404E-4 3.04133E-4 0.0017976337 11500 g
 6.63134 -2.5127146 6.6947865 11505 a
 -2.495382E-4 3.04133E-4 0.0020639498 11701 g
 6.6612678 -2.5133133 6.717531 11715 a
 1.6777914E-5 -4.9481535E-4 0.0017976337 11900 g
 6.643311 -2.517503 6.727108 11904 a
 -7.821704E-4 0.0013693974 0.0020639498 12100 g
 6.6367273 -2.5276785 6.6852098 12104 a
 -5.1612064E-4 3.0519825E-4 0.0033949977 12303 g
 6.63972 -2.4863784 6.6630635 12307 a
 0.001422927 1.9121496E-4 2.1624868E-4 12500 g
 6.642114 -2.5187001 6.6965823 12504 a
 -1.7496968E-4 7.238472E-4 2.1624868E-4 12699 g
 6.6666546 -2.5067291 6.670246 12703 a
 -9.73918E-4 -0.0011403656 -3.1638352E-4 12899 g
 6.67683 -2.5061307 6.7223196 12904 a
 -4.4128578E-4 1.9121496E-4 -3.1638352E-4 13099 g
 6.6403184 -2.4995465 6.6983776 13103 a
 0.0011566109 9.901633E-4 -8.490158E-4 13299 g
 6.6415157 -2.5067291 6.692991 13303 a
 -4.4128578E-4 -0.0016729978 2.1624868E-4 13499 g
 6.651691 -2.4947581 6.7067575 13503 a
 -4.4128578E-4 4.5753107E-4 -8.490158E-4 13698 g
 6.652888 -2.5276785 6.6750345 13703 a
 -4.4128578E-4 -8.7404944E-4 -3.1638352E-4 13898 g
 6.6726403 -2.5145104 6.6864066 13902 a
 3.5766253E-4 -8.7404944E-4 -5.006743E-5 14099 g
 6.658275 -2.504335 6.723517 14103 a
 -1.7496968E-4 7.238472E-4 -5.006743E-5 14297 g
 6.645705 -2.497751 6.6774287 14302 a
 -1.7496968E-4 -8.7404944E-4 4.825648E-4 14497 g
 6.652888 -2.497751 6.6840124 14502 a
 -4.4128578E-4 1.9121496E-4 0.0012815131 14698 g
 6.631939 -2.4941597 6.7211227 14702 a
 3.5766253E-4 7.238472E-4 2.1624868E-4 14897 g
 6.6427126 -2.5127146 6.7522473 14902 a
 8.9029473E-4 -0.0011403656 -3.1638352E-4 15097 g
 6.623559 -2.5121162 6.70556 15102 a
 -1.7496968E-4 -3.4141724E-4 -5.006743E-5 15297 g
 6.655282 -2.4971523 6.6708446 15303 a
 9.1346425E-5 1.9121496E-4 -8.490158E-4 15496 g
 6.6588736 -2.5073278 6.7342906 15500 a
 -1.7496968E-4 -0.0011403656 -5.8269966E-4 15696 g
 6.649895 -2.498948 6.7085533 15700 a
 -4.4128578E-4 7.238472E-4 -8.490158E-4 15897 g
 6.6427126 -2.5067291 6.6989765 15901 a
 -1.7496968E-4 -6.077334E-4 -5.006743E-5 16095 g
 6.649895 -2.5181017 6.694188 16097 a
 3.5766253E-4 4.5753107E-4 -5.006743E-5 16297 g
 6.646304 -2.5031378 6.7265096 16301 a
 -1.7496968E-4 7.238472E-4 -3.1638352E-4 16494 g
 6.664859 -2.498948 6.6923923 16496 a
 9.1346425E-5 -0.0011403656 7.488809E-4 16697 g
 6.658275 -2.508525 6.71813 16701 a
 -1.7496968E-4 7.238472E-4 2.1624868E-4 16897 g
 6.6504936 -2.5151088 6.711546 16901 a
 -1.7496968E-4 4.5753107E-4 2.1624868E-4 17096 g
 6.6109896 -2.492364 6.6983776 17100 a
 6.239786E-4 -7.510114E-5 7.488809E-4 17296 g
 6.6480994 -2.5145104 6.743269 17300 a
 -1.7496968E-4 -7.510114E-5 -3.1638352E-4 17496 g
 6.655282 -2.5139117 6.7133417 17500 a
 -7.076019E-4 -6.077334E-4 -5.006743E-5 17697 g
 6.645705 -2.492364 6.715137 17701 a
 -4.4128578E-4 4.5753107E-4 -5.006743E-5 17892 g
 6.627749 -2.5013423 6.7145386 17894 a
 3.5766253E-4 4.5753107E-4 -5.8269966E-4 18097 g
 6.655282 -2.510919 6.7079544 18101 a
 3.5766253E-4 -0.0019393138 2.1624868E-4 18296 g
 6.651691 -2.493561 6.6654577 18300 a
 9.1346425E-5 7.238472E-4 -3.1638352E-4 18495 g
 6.663662 -2.5115175 6.699575 18499 a
 -7.076019E-4 1.9121496E-4 2.1624868E-4 18696 g
 6.6480994 -2.5103204 6.7223196 18700 a
 1.2463593E-4 -7.741809E-4 1.6511598E-5 18896 g
 6.6504936 -2.5031378 6.692991 18900 a
 -6.743124E-4 5.573996E-4 1.6511598E-5 19096 g
 6.637924 -2.5031378 6.681618 19100 a
 -6.743124E-4 -2.4154871E-4 5.491438E-4 19294 g
 6.6445084 -2.517503 6.6852098 19298 a
 6.5726816E-4 5.573996E-4 2.828277E-4 19495 g
 6.6510925 -2.5037365 6.6774287 19499 a
 6.5726816E-4 0.0013563479 5.491438E-4 19694 g
 6.655881 -2.4905684 6.669647 19699 a
 1.2463593E-4 -5.078648E-4 0.0016144082 19894 g
 6.655881 -2.4881742 6.7025676 19899 a
 1.2463593E-4 2.4767398E-5 -5.1612064E-4 20094 g
 6.64391 -2.4893713 6.733692 20098 a
 -4.0799627E-4 2.4767398E-5 -2.4980452E-4 20293 g
 6.627749 -2.493561 6.695385 20297 a
 -1.4168017E-4 -0.0015731292 -2.4980452E-4 20493 g
 6.6726403 -2.5252843 6.7145386 20498 a
 -9.4062847E-4 2.4767398E-5 1.6511598E-5 20694 g
 6.6367273 -2.4941597 6.7163343 20698 a
 -4.0799627E-4 -5.078648E-4 -5.1612064E-4 20893 g
 6.6283474 -2.4971523 6.703166 20897 a
 6.5726816E-4 -5.078648E-4 1.6511598E-5 21093 g
 6.6445084 -2.4821887 6.703166 21097 a
 1.2463593E-4 2.4767398E-5 2.828277E-4 21294 g
 6.657676 -2.5061307 6.724714 21298 a
 1.2463593E-4 -0.0015731292 2.828277E-4 21492 g
 6.6564794 -2.5240872 6.664859 21505 a
 1.2463593E-4 8.237157E-4 -5.1612064E-4 21692 g
 6.6480994 -2.5234885 6.7109475 21696 a
 -4.0799627E-4 8.237157E-4 8.1545993E-4 21893 g
 6.6492968 -2.5037365 6.7205243 21897 a
 3.9095205E-4 2.910835E-4 5.491438E-4 22092 g
 6.6774287 -2.5157075 6.683414 22096 a
 1.2463593E-4 8.237157E-4 8.1545993E-4 22292 g
 6.643311 -2.5073278 6.715736 22296 a
 -1.4168017E-4 -5.078648E-4 0.001081776 22492 g
 6.658275 -2.5462334 6.715137 22496 a
 3.9095205E-4 0.0013563479 -5.1612064E-4 22692 g
 6.6612678 -2.4546554 6.7360864 22696 a
 3.9095205E-4 8.237157E-4 -5.1612064E-4 22891 g
 6.6175733 -2.4893713 6.727707 22895 a
 1.2463593E-4 -0.001040497 -5.1612064E-4 23092 g
 6.642114 -2.528277 6.7306995 23096 a
 -1.4168017E-4 2.910835E-4 -2.4980452E-4 23290 g
 6.6307416 -2.5049336 6.695385 23295 a
 -9.4062847E-4 2.4767398E-5 1.6511598E-5 23491 g
 6.637326 -2.505532 6.6804214 23495 a
 1.2463593E-4 -2.4154871E-4 2.828277E-4 23691 g
 6.63972 -2.463035 6.742072 23695 a
 1.2463593E-4 8.237157E-4 -2.4980452E-4 23890 g
 6.619369 -2.486977 6.7306995 23895 a
 6.5726816E-4 -7.741809E-4 -2.4980452E-4 24090 g
 6.6445084 -2.5079262 6.6630635 24095 a
 -4.0799627E-4 2.4767398E-5 2.828277E-4 24291 g
 6.6606693 -2.504335 6.695385 24295 a
 -6.743124E-4 -0.001040497 1.6511598E-5 24490 g
 6.671443 -2.5049336 6.689998 24494 a
 0.0011899003 5.573996E-4 1.6511598E-5 24690 g
 6.6391215 -2.5121162 6.747459 24694 a
 3.9095205E-4 2.4767398E-5 -5.1612064E-4 24890 g
 6.63134 -2.5049336 6.679224 24894 a
 -4.0799627E-4 -7.741809E-4 5.491438E-4 25090 g
 6.655282 -2.510919 6.687604 25094 a
 -1.4993596E-4 0.0011150655 1.8295916E-4 25289 g
 6.6828156 -2.5061307 6.731298 25293 a
 -1.4993596E-4 8.487494E-4 7.1559136E-4 25489 g
 6.623559 -2.4636335 6.71394 25493 a
 6.4901233E-4 4.980111E-5 4.4927528E-4 25689 g
 6.652888 -2.510919 6.7211227 25693 a
 1.16380135E-4 5.824333E-4 1.8295916E-4 25889 g
 6.64391 -2.5234885 6.7372837 25893 a
 -9.488843E-4 5.824333E-4 9.819075E-4 26089 g
 6.6600704 -2.5025394 6.7043633 26093 a
 6.4901233E-4 4.980111E-5 -6.1598915E-4 26288 g
 6.6415157 -2.517503 6.723517 26292 a
 3.8269625E-4 4.980111E-5 -6.1598915E-4 26488 g
 6.631939 -2.505532 6.683414 26492 a
 -4.1625206E-4 -0.0012817794 1.8295916E-4 26688 g
 6.6606693 -2.508525 6.7091517 26692 a
 1.16380135E-4 8.487494E-4 -6.1598915E-4 26888 g
 6.669049 -2.5103204 6.675633 26892 a
 1.16380135E-4 -7.491472E-4 -6.1598915E-4 27087 g
 6.63134 -2.4947581 6.695385 27092 a
 -1.4993596E-4 -2.1651499E-4 7.1559136E-4 27288 g
 6.6492968 -2.5312698 6.694188 27292 a
 -4.1625206E-4 -2.1651499E-4 -3.4967304E-4 27487 g
 6.6510925 -2.4809916 6.6923923 27491 a
 -9.488843E-4 -4.828311E-4 7.1559136E-4 27687 g
 6.63972 -2.497751 6.7348895 27690 a
 9.1532845E-4 4.980111E-5 -3.4967304E-4 27886 g
 6.6600704 -2.5007436 6.6989765 27890 a
 3.8269625E-4 4.980111E-5 -8.335694E-5 28085 g
 6.6385226 -2.486977 6.6750345 28089 a
 -6.825682E-4 -4.828311E-4 4.4927528E-4 28285 g
 6.645705 -2.5157075 6.7133417 28289 a
 3.8269625E-4 5.824333E-4 -8.335694E-5 28486 g
 6.640917 -2.5025394 6.6905966 28490 a
 6.4901233E-4 0.0011150655 -8.335694E-5 28685 g
 6.681618 -2.5240872 6.689998 28689 a
 1.16380135E-4 4.980111E-5 9.819075E-4 28885 g
 6.647501 -2.496554 6.694188 28889 a
 -4.1625206E-4 8.487494E-4 -8.335694E-5 29085 g
 6.6534867 -2.484583 6.707356 29089 a
 -4.1625206E-4 5.824333E-4 4.4927528E-4 29284 g
 6.621763 -2.505532 6.7546415 29288 a
 -1.4993596E-4 -2.1651499E-4 -8.335694E-5 29484 g
 6.655282 -2.5192988 6.703765 29488 a
 -1.4993596E-4 4.980111E-5 -8.8230526E-4 29684 g
 6.64391 -2.4833858 6.7163343 29688 a
 -4.1625206E-4 4.980111E-5 -8.335694E-5 29884 g
 6.6666546 -2.4708161 6.715137 29888 a
 6.4901233E-4 4.980111E-5 -0.0014149374 30084 g
 6.627749 -2.4893713 6.7163343 30088 a
 -6.825682E-4 4.980111E-5 1.8295916E-4 30284 g
 6.6349316 -2.5103204 6.7199254 30288 a
 -4.1625206E-4 -0.0010154633 -8.335694E-5 30484 g
 6.6486983 -2.4863784 6.712743 30488 a
 9.1532845E-4 0.0011150655 -0.0019475697 30684 g
 6.6469026 -2.4809916 6.717531 30687 a
 6.4901233E-4 3.1611722E-4 -0.0011486213 30884 g
 6.691195 -2.4953568 6.7013707 30888 a
 0.0014479606 -7.491472E-4 -0.0014149374 31084 g
 6.623559 -2.4785974 6.682217 31087 a
 9.1532845E-4 0.00218033 -3.4967304E-4 31283 g
 6.6630635 -2.4797945 6.7372837 31287 a
 -4.1625206E-4 0.0011150655 -0.0016812535 31484 g
 6.628946 -2.5061307 6.6774287 31488 a
 5.824333E-4 -4.3276369E-4 0.0011816446 31684 g
 6.630143 -2.4881742 6.707356 31695 a
 -4.828311E-4 6.3250074E-4 3.8269625E-4 31883 g
 6.6163764 -2.480393 6.7372837 31887 a
 -4.828311E-4 3.6618466E-4 9.1532845E-4 32083 g
 6.6666546 -2.493561 6.7402763 32084 a
 -2.1651499E-4 -0.0017643442 -9.488843E-4 32283 g
 6.6510925 -2.4833858 6.7079544 32287 a
 4.980111E-5 3.6618466E-4 -9.488843E-4 32483 g
 6.6522894 -2.484583 6.7109475 32487 a
 4.980111E-5 -6.9907977E-4 -4.1625206E-4 32683 g
 6.627749 -2.5007436 6.742072 32687 a
 3.1611722E-4 -0.0012317119 -6.825682E-4 32883 g
 6.645705 -2.5049336 6.71813 32889 a
 -7.491472E-4 -1.6644757E-4 -1.4993596E-4 33083 g
 6.6504936 -2.4779987 6.7588315 33087 a
 -7.491472E-4 -9.653959E-4 -4.1625206E-4 33284 g
 6.630143 -2.4971523 6.715736 33288 a
 0.0011150655 -1.6644757E-4 3.8269625E-4 33482 g
 6.6349316 -2.472612 6.7001734 33486 a
 -2.1651499E-4 -1.6644757E-4 3.8269625E-4 33682 g
 6.6403184 -2.480393 6.6882024 33686 a
 -4.828311E-4 -6.9907977E-4 1.16380135E-4 33883 g
 6.6445084 -2.4893713 6.7067575 33886 a
 3.1611722E-4 6.3250074E-4 1.16380135E-4 34082 g
 6.6403184 -2.5007436 6.6684504 34086 a
 5.824333E-4 3.6618466E-4 9.1532845E-4 34280 g
 6.630143 -2.4714148 6.7043633 34285 a
 -7.491472E-4 -1.6644757E-4 6.4901233E-4 34481 g
 6.6600704 -2.4732103 6.6965823 34485 a
 8.487494E-4 3.6618466E-4 3.8269625E-4 34680 g
 6.63553 -2.4779987 6.701969 34684 a
 3.1611722E-4 -4.3276369E-4 3.8269625E-4 34880 g
 6.6624646 -2.4959552 6.7241154 34884 a
 0.00218033 0.001165133 1.16380135E-4 35080 g
 6.607398 -2.484583 6.7067575 35084 a
 0.0013813816 6.3250074E-4 -9.488843E-4 35279 g
 6.642114 -2.4486697 6.775591 35286 a
 -0.005276521 -0.0036285568 -0.002813097 35479 g
 6.666056 -2.4432828 6.706159 35483 a
 0.00218033 0.001165133 -0.0012152004 35680 g
 6.67683 -2.4690206 6.715736 35684 a
 -0.0018144116 -0.0022969765 0.0011816446 35879 g
 6.6720414 -2.4594438 6.7103486 35883 a
 5.824333E-4 6.3250074E-4 1.16380135E-4 36079 g
 6.6427126 -2.4779987 6.715736 36083 a
 -4.828311E-4 -0.0012317119 0.0014479606 36280 g
 6.655881 -2.4899697 6.723517 36284 a
 4.980111E-5 9.986854E-5 3.8269625E-4 36478 g
 6.6762314 -2.4797945 6.6983776 36483 a
 0.0011150655 9.986854E-5 6.4901233E-4 36678 g
 6.6564794 -2.4785974 6.729502 36682 a
 8.487494E-4 6.3250074E-4 0.002246909 36878 g
 6.654085 -2.4678235 6.729502 36889 a
 4.980111E-5 3.6618466E-4 0.0017142767 37077 g
 6.6588736 -2.4744074 6.7103486 37085 a
 4.980111E-5 9.986854E-5 0.0017142767 37277 g
 6.645107 -2.468422 6.707356 37283 a
 5.824333E-4 -6.9907977E-4 6.4901233E-4 37477 g
 6.6247563 -2.505532 6.71394 37483 a
 4.980111E-5 9.986854E-5 -1.4993596E-4 37677 g
 6.6534867 -2.4791958 6.7426705 37683 a
 3.1611722E-4 -4.3276369E-4 -1.4993596E-4 37878 g
 6.634333 -2.4636335 6.724714 37883 a
 -5.4115435E-4 -7.323693E-4 1.5792545E-4 38077 g
 6.6480994 -2.4426842 6.7085533 38084 a
 7.904262E-4 3.3289514E-4 -1.0839065E-4 38277 g
 6.642114 -2.4768016 6.6989765 38283 a
 -8.522115E-6 3.3289514E-4 -1.0839065E-4 38476 g
 6.6492968 -2.480393 6.711546 38482 a
 -5.4115435E-4 -0.0017976337 -1.0839065E-4 38677 g
 6.6295447 -2.4774003 6.679823 38682 a
 7.904262E-4 8.6552737E-4 -6.4102287E-4 38876 g
 6.6654577 -2.4833858 6.70556 38882 a
 -2.748382E-4 6.657903E-5 -9.07339E-4 39076 g
 6.6427126 -2.4546554 6.7145386 39082 a
 -8.522115E-6 6.657903E-5 9.5687376E-4 39277 g
 6.645705 -2.5037365 6.6965823 39282 a
 2.57794E-4 5.9921126E-4 1.5792545E-4 39476 g
 6.637924 -2.4959552 6.679823 39482 a
 -8.522115E-6 8.6552737E-4 6.9055764E-4 39676 g
 6.655881 -2.4756045 6.670246 39682 a
 -8.522115E-6 -1.9973709E-4 -3.7470675E-4 39876 g
 6.647501 -2.4660277 6.71394 39882 a
 -5.4115435E-4 -1.9973709E-4 -6.4102287E-4 40075 g
 6.6325374 -2.4756045 6.724714 40079 a
 -8.522115E-6 -7.323693E-4 -1.0839065E-4 40275 g
 6.6385226 -2.4827871 6.71813 40279 a
 -2.748382E-4 5.9921126E-4 -6.4102287E-4 40473 g
 6.6486983 -2.44448 6.7360864 40474 a
 2.57794E-4 -4.660532E-4 -0.001173655 40675 g
 6.6427126 -2.4995465 6.700772 40679 a
 -8.522115E-6 -7.323693E-4 1.5792545E-4 40872 g
 6.652888 -2.4827871 6.727108 40876 a
 -2.748382E-4 5.9921126E-4 -1.0839065E-4 41075 g
 6.649895 -2.472612 6.717531 41080 a
 -2.748382E-4 3.3289514E-4 -6.4102287E-4 41272 g
 6.646304 -2.4552538 6.736685 41276 a
 -5.4115435E-4 -4.660532E-4 4.2424156E-4 41475 g
 6.6283474 -2.4881742 6.7342906 41479 a
 -0.0037369477 6.657903E-5 -1.0839065E-4 41672 g
 6.6295447 -2.4797945 6.7223196 41676 a
 0.0010567423 8.6552737E-4 1.5792545E-4 41875 g
 6.637924 -2.4809916 6.703166 41881 a
 -8.522115E-6 -1.9973709E-4 0.0012231899 42070 g
 6.646304 -2.4833858 6.7025676 42075 a
 2.57794E-4 8.6552737E-4 -1.0839065E-4 42274 g
 6.6720414 -2.4732103 6.727707 42279 a
 -5.4115435E-4 3.3289514E-4 -6.4102287E-4 42470 g
 6.613384 -2.4660277 6.7013707 42473 a
 -8.074704E-4 -4.660532E-4 -3.7470675E-4 42673 g
 6.6469026 -2.5001452 6.7306995 42677 a
 -5.4115435E-4 6.657903E-5 -1.0839065E-4 42871 g
 6.6486983 -2.4708161 6.694188 42874 a
 -5.4115435E-4 6.657903E-5 -3.7470675E-4 43073 g
 6.652888 -2.4762032 6.681618 43077 a
 2.57794E-4 -4.660532E-4 -6.4102287E-4 43270 g
 6.6241574 -2.4821887 6.721721 43271 a
 -5.4115435E-4 6.657903E-5 -1.0839065E-4 43474 g
 6.6427126 -2.4708161 6.6882024 43478 a
 -8.522115E-6 3.3289514E-4 1.5792545E-4 43670 g
 6.643311 -2.4756045 6.739079 43672 a
 5.241101E-4 -1.9973709E-4 -3.7470675E-4 43873 g
 6.6391215 -2.4720132 6.7342906 43877 a
 -2.748382E-4 5.9921126E-4 4.2424156E-4 44073 g
 6.6522894 -2.4702177 6.717531 44077 a
 -2.748382E-4 5.9921126E-4 1.5792545E-4 44269 g
 6.6002154 -2.5019407 6.7121444 44271 a
 0.0017891116 5.40888E-4 -2.5806032E-4 44472 g
 6.6564794 -2.4702177 6.7241154 44475 a
 0.0023217439 2.745719E-4 -0.0026549052 44672 g
 6.64391 -2.4702177 6.7025676 44676 a
 1.9121496E-4 5.40888E-4 -0.0013233247 44871 g
 6.6624646 -2.4744074 6.731298 44875 a
 -6.077334E-4 -7.906925E-4 -7.906925E-4 45071 g
 6.628946 -2.4558525 6.7013707 45075 a
 9.901633E-4 8.072041E-4 -0.0013233247 45271 g
 6.6546836 -2.4468741 6.6893997 45275 a
 4.5753107E-4 2.745719E-4 -0.0013233247 45470 g
 6.6403184 -2.4528596 6.7372837 45475 a
 -6.077334E-4 -7.906925E-4 8.255799E-6 45670 g
 6.637924 -2.4660277 6.723517 45674 a
 -7.510114E-5 2.745719E-4 8.255799E-6 45871 g
 6.619968 -2.4827871 6.7085533 45875 a
 0.0036533244 2.745719E-4 0.0037366813 46070 g
 6.6367273 -2.4504654 6.7348895 46075 a
 0.0047185887 8.072041E-4 -0.0013233247 46269 g
 6.655282 -2.4516625 6.7229185 46274 a
 0.0012564794 0.002937733 -7.906925E-4 46470 g
 6.6732388 -2.4372973 6.7666125 46474 a
 1.9121496E-4 0.0018724685 -0.0047854343 46669 g
 6.6642604 -2.4037786 6.729502 46673 a
 0.0031206922 8.255799E-6 0.0013398363 46869 g
 6.6612678 -2.4037786 6.701969 46873 a
 -0.0019393138 8.072041E-4 -2.5806032E-4 47069 g
 6.6187706 -2.4516625 6.692991 47073 a
 -0.0043361587 -7.906925E-4 0.002937733 47269 g
 6.621165 -2.456451 6.7067575 47273 a
 -0.0016729978 -0.0013233247 0.0018724685 47468 g
 6.633734 -2.4797945 6.7211227 47472 a
 -0.0011403656 8.072041E-4 5.40888E-4 47669 g
 6.625953 -2.4600422 6.730101 47673 a
 -7.510114E-5 8.072041E-4 5.40888E-4 47868 g
 6.6469026 -2.4528596 6.723517 47872 a
 -7.510114E-5 -0.0010570086 5.40888E-4 48068 g
 6.6606693 -2.4678235 6.685808 48072 a
 -3.4141724E-4 5.40888E-4 2.745719E-4 48268 g
 6.6606693 -2.4672248 6.742072 48272 a
 -3.4141724E-4 5.40888E-4 2.745719E-4 48468 g
 6.637326 -2.4833858 6.7318964 48472 a
 -3.4141724E-4 8.255799E-6 -5.243764E-4 48667 g
 6.659472 -2.4666264 6.7163343 48672 a
 -3.4141724E-4 0.0016061524 8.255799E-6 48868 g
 6.671443 -2.457648 6.71813 48872 a
 -3.4141724E-4 0.0010735203 8.255799E-6 49067 g
 6.616975 -2.468422 6.743269 49071 a
 1.9121496E-4 5.40888E-4 8.072041E-4 49267 g
 6.63134 -2.4654293 6.730101 49271 a
 -6.077334E-4 2.745719E-4 2.745719E-4 49467 g
 6.6612678 -2.4594438 6.707356 49474 a
 -6.077334E-4 2.745719E-4 -5.243764E-4 49667 g
 6.646304 -2.4474726 6.715736 49670 a
 4.5753107E-4 8.255799E-6 -2.5806032E-4 49866 g
 6.6349316 -2.4648306 6.7624226 49870 a
 -8.7404944E-4 2.745719E-4 -5.243764E-4 50067 g
 6.637924 -2.4522612 6.740875 50070 a
 -3.4141724E-4 -2.5806032E-4 -2.5806032E-4 50266 g
 6.6415157 -2.4540567 6.736685 50270 a
 -6.077334E-4 -5.243764E-4 2.745719E-4 50466 g
 6.637924 -2.4552538 6.7402763 50470 a
 -7.510114E-5 8.255799E-6 2.745719E-4 50667 g
 6.6403184 -2.472612 6.712743 50670 a
 -1.9973709E-4 -5.9095543E-4 -4.245079E-4 50865 g
 6.6445084 -2.4372973 6.7103486 50869 a
 -1.9973709E-4 -5.832323E-5 1.0812434E-4 51065 g
 6.671443 -2.44029 6.741473 51069 a
 3.3289514E-4 -5.832323E-5 3.7444045E-4 51266 g
 6.631939 -2.4744074 6.7372837 51270 a
 -7.323693E-4 -3.2463935E-4 3.7444045E-4 51465 g
 6.6600704 -2.4702177 6.737882 51468 a
 8.6552737E-4 2.0799288E-4 1.0812434E-4 51665 g
 6.6271505 -2.4450784 6.723517 51668 a
 6.657903E-5 -5.832323E-5 3.7444045E-4 51865 g
 6.63972 -2.4714148 6.7318964 51869 a
 -1.9973709E-4 -5.9095543E-4 -1.5819176E-4 52064 g
 6.6486983 -2.4552538 6.711546 52076 a
 6.657903E-5 -0.0011235876 -1.5819176E-4 52265 g
 6.621165 -2.4588451 6.707356 52268 a
 6.657903E-5 2.0799288E-4 -4.245079E-4 52464 g
 6.633136 -2.4660277 6.725911 52468 a
 -1.9973709E-4 -0.0011235876 1.0812434E-4 52664 g
 6.633734 -2.4474726 6.71813 52668 a
 6.657903E-5 -8.5727155E-4 -1.5819176E-4 52864 g
 6.6325374 -2.4570496 6.733692 52868 a
 -4.660532E-4 -5.9095543E-4 1.0812434E-4 53064 g
 6.645705 -2.4702177 6.733692 53068 a
 -7.323693E-4 -3.2463935E-4 6.4075657E-4 53264 g
 6.6295447 -2.4474726 6.7283053 53267 a
 5.9921126E-4 -8.5727155E-4 -4.245079E-4 53463 g
 6.642114 -2.469619 6.7504516 53467 a
 6.657903E-5 -5.832323E-5 3.7444045E-4 53664 g
 6.655282 -2.4600422 6.7600284 53668 a
 -1.9973709E-4 2.0799288E-4 3.7444045E-4 53863 g
 6.633136 -2.4510639 6.7318964 53867 a
 -1.9973709E-4 -3.2463935E-4 6.4075657E-4 54063 g
 6.643311 -2.456451 6.743269 54067 a
 -1.9973709E-4 2.0799288E-4 1.0812434E-4 54264 g
 6.633734 -2.4690206 6.7630215 54268 a
 -1.9973709E-4 4.74309E-4 1.0812434E-4 54463 g
 6.6247563 -2.4588451 6.758233 54467 a
 6.657903E-5 -8.5727155E-4 1.0812434E-4 54662 g
 6.6385226 -2.480393 6.699575 54666 a
 -1.9973709E-4 -5.832323E-5 -4.245079E-4 54863 g
 6.615778 -2.4714148 6.699575 54867 a
 6.657903E-5 -0.0011235876 -1.5819176E-4 55062 g
 6.6403184 -2.468422 6.742072 55066 a
 -1.9973709E-4 -0.0016562198 3.7444045E-4 55262 g
 6.621165 -2.4714148 6.716933 55266 a
 -4.660532E-4 7.406251E-4 3.7444045E-4 55463 g
 6.603208 -2.4821887 6.727108 55468 a
 -1.9973709E-4 -8.5727155E-4 -1.5819176E-4 55662 g
 6.621763 -2.4546554 6.752846 55666 a
 -4.660532E-4 -0.0011235876 -1.5819176E-4 55862 g
 6.63134 -2.4516625 6.7360864 55866 a
 -4.660532E-4 7.406251E-4 -1.5819176E-4 56062 g
 6.6241574 -2.4223335 6.7324953 56066 a
 -1.9973709E-4 -5.832323E-5 3.7444045E-4 56260 g
 6.657078 -2.4498668 6.7318964 56265 a
 -1.9973709E-4 -8.5727155E-4 6.4075657E-4 56460 g
 6.622362 -2.4642322 6.736685 56465 a
 6.657903E-5 2.0799288E-4 1.0812434E-4 56661 g
 6.645705 -2.4570496 6.7510505 56665 a
 -4.660532E-4 -3.2463935E-4 1.0812434E-4 56862 g
 6.6241574 -2.4821887 6.7103486 56866 a
 3.3289514E-4 -0.0011235876 -4.245079E-4 57060 g
 6.6247563 -2.4570496 6.7486563 57067 a
 1.8295916E-4 5.824333E-4 -5.078648E-4 57262 g
 6.6522894 -2.4558525 6.7121444 57272 a
 -8.335694E-5 -2.1651499E-4 -2.4154871E-4 57457 g
 6.634333 -2.4558525 6.730101 57458 a
 -8.335694E-5 -2.1651499E-4 -2.4154871E-4 57659 g
 6.6522894 -2.4546554 6.7504516 57664 a
 -3.4967304E-4 8.487494E-4 2.4767398E-5 57860 g
 6.637326 -2.4648306 6.751649 57864 a
 -3.4967304E-4 5.824333E-4 -5.078648E-4 58059 g
 6.666056 -2.4450784 6.727707 58064 a
 -8.335694E-5 -7.491472E-4 -2.4154871E-4 58259 g
 6.6600704 -2.4432828 6.7145386 58264 a
 7.1559136E-4 8.487494E-4 -7.741809E-4 58459 g
 6.63972 -2.4582467 6.721721 58463 a
 1.8295916E-4 4.980111E-5 5.573996E-4 58659 g
 6.633734 -2.4492683 6.7163343 58663 a
 -8.335694E-5 -7.491472E-4 8.237157E-4 58858 g
 6.6361284 -2.457648 6.7306995 58862 a
 -8.335694E-5 5.824333E-4 2.4767398E-5 59059 g
 6.64391 -2.4660277 6.688801 59063 a
 4.4927528E-4 4.980111E-5 2.4767398E-5 59258 g
 6.645107 -2.4313118 6.724714 59262 a
 4.4927528E-4 -2.1651499E-4 5.573996E-4 59458 g
 6.664859 -2.4426842 6.737882 59462 a
 1.8295916E-4 4.980111E-5 -7.741809E-4 59658 g
 6.621165 -2.44448 6.6959834 59662 a
 -8.335694E-5 4.980111E-5 -2.4154871E-4 59857 g
 6.6600704 -2.441487 6.70556 59861 a
 -3.4967304E-4 -2.1651499E-4 -2.4154871E-4 60232 g
