 0.31260505 -0.032282837 0.04320899 6 g
 3.6948519 4.522647 1.1869255 11 a
 0.21247019 0.15387212 0.10712486 93 g
 13.500903 -5.8029466 3.0544028 98 a
 -0.46663588 0.18476479 0.1342891 292 g
 16.529568 -6.5337763 10.114903 296 a
 -0.5393415 0.18823089 0.045604236 494 g
 5.2409077 0.19632454 0.91458505 498 a
 0.29955423 -0.30818233 -0.37916994 692 g
 2.0931308 3.645172 4.404134 696 a
 0.099018194 0.1520119 0.32816562 891 g
 13.297397 -7.9385743 6.0208187 896 a
 -0.030145653 -0.03307566 0.20805626 1094 g
 8.672397 -0.6757634 4.845266 1098 a
 0.26093784 -0.0304125 0.0059223375 1291 g
 5.357026 -0.7661445 3.4979286 1295 a
 -0.20857744 0.056140233 -0.097141996 1491 g
 4.285621 3.9079356 2.2361844 1495 a
 -0.04718935 0.023381222 -0.015648467 1694 g
 9.507375 -6.2362967 4.3837833 1698 a
 -0.2216264 -0.0069788136 0.18408862 1891 g
 9.527725 -2.3020248 4.277241 1895 a
 0.074250795 0.09235709 -0.034823228 2090 g
 7.2460513 -2.8502972 2.1212628 2094 a
 0.024716532 -0.03627545 -0.0641172 2294 g
 4.197036 3.70383 2.5594015 2298 a
 0.011933358 0.02044988 -0.069443524 2491 g
 8.568848 -3.5733461 2.6007016 2496 a
 -0.0469225 -0.011508051 0.19127995 2690 g
 13.907918 -6.181829 7.597999 2694 a
 -0.06263382 0.07504042 0.09700564 2893 g
 7.3346367 -2.9783869 1.1994951 2896 a
 0.017793644 -0.011512313 -0.121639885 3091 g
 7.864354 -3.0699651 4.425083 3095 a
 -0.04425801 0.01218982 0.03894873 3289 g
 8.004415 1.5867572 3.1118636 3293 a
 0.43218285 -0.18542072 -0.06464664 3493 g
 3.6882677 4.2580876 4.3873744 3497 a
 0.027648672 0.059323777 0.12097569 3690 g
 9.06744 -3.9773676 6.6504936 3694 a
 -0.35105282 0.24521242 0.20566422 3891 g
 4.345476 -4.477157 6.6828156 3895 a
 -0.34226307 -0.21179108 -0.27796397 4091 g
 5.0721164 -3.66253 2.2547395 4094 a
 0.19676073 0.05505766 0.20753029 4285 g
 2.825158 -0.99299514 7.751827 4288 a
 -0.020819528 -0.05865932 0.25866297 4484 g
 3.003526 -4.223372 14.861408 4485 a
 -0.23600215 -0.12976785 -0.027892351 4686 g
 8.397064 -4.979341 5.37199 4687 a
 0.24949212 0.17862621 0.026968766 4888 g
 10.74817 -2.2786815 0.79248077 4892 a
 0.359747 0.20632307 0.107928865 5088 g
 19.612701 -5.427655 -10.54167 5091 a
 -0.023480825 -0.09381944 0.009926134 5291 g
 1.8435353 0.04129998 5.910087 5295 a
 -0.5270846 0.0324144 -0.2286931 5488 g
 1.6531962 -4.4927197 12.406155 5493 a
 -0.35770753 -0.081302576 0.057863034 5688 g
 8.750807 -4.542998 6.589442 5691 a
 0.17705813 0.11336544 0.12630974 5890 g
 14.651916 -4.2598834 -3.3010056 5894 a
 0.498768 0.11975703 0.10234129 6087 g
 7.9289975 -5.0002904 4.015076 6091 a
 -0.20510548 -0.05547897 0.01712013 6287 g
 2.4791958 -4.2060137 11.762115 6291 a
 -0.3779433 -0.11407278 -0.07715444 6490 g
 6.6283474 -5.568913 5.245696 6495 a
 0.3261965 0.03533056 0.044285707 6686 g
 11.243171 -2.9400797 1.4802152 6690 a
 0.3991671 0.25983503 0.10101104 6886 g
 13.699023 -6.7690067 -1.1498153 6890 a
 -0.074075826 -0.040039826 0.03230281 7089 g
 2.2182279 -2.3415294 13.199833 7093 a
 -0.62854594 -0.29437172 -0.08700681 7286 g
 6.8204823 -4.8853683 5.006874 7290 a
 0.2734667 -0.032050345 0.04002598 7486 g
 7.992444 -1.745373 1.2006922 7491 a
 0.5797313 0.11495295 0.24748729 7689 g
 9.238626 -5.9041014 1.4167689 7692 a
 -0.24611497 -0.029124063 -0.020160396 7885 g
 1.9087774 -3.7283707 14.708778 7889 a
 -0.54066056 -0.123399965 -0.11070787 8085 g
 7.799112 -6.3589997 3.6140475 8090 a
 0.48811775 0.21482362 0.06505996 8289 g
 12.578537 -2.393603 1.6406267 8292 a
 0.24204166 0.1549025 0.10607264 8485 g
 2.556409 -3.3961751 6.385336 8490 a
 -0.67887944 -0.012077702 -0.14000344 8685 g
 2.7736826 -3.3237505 8.603564 8690 a
 -0.2181523 -0.094104126 -0.052917544 8888 g
 7.771579 -3.6828809 2.2888567 8892 a
 0.48998222 -0.048564073 0.15907007 9085 g
 11.098322 -3.5895069 3.0627825 9089 a
 -0.13159958 -0.094104126 -0.08673969 9284 g
 3.53863 -3.0819361 7.8865004 9289 a
 -0.28526422 -0.033116676 -0.07049494 9488 g
 8.055291 -4.223372 3.4051533 9492 a
 0.42526713 0.057963435 0.09488736 9683 g
 13.78342 -3.280655 -2.9562407 9688 a
 0.18425107 0.0656866 0.038960982 9884 g
 3.751714 -3.3279405 6.5026517 9888 a
 -0.40057936 -0.07812303 -0.07688679 10086 g
 8.899248 -4.923676 4.1060557 10093 a
 0.40049946 0.031066572 0.08183761 10286 g
 9.455301 -5.080496 1.4975731 10294 a
 0.051891692 -0.008348211 0.06692391 10480 g
 10.960655 -3.0418332 -0.23882163 10482 a
 0.07133277 -0.054154582 0.06585864 10684 g
 3.4560301 -2.8975825 8.598177 10689 a
 -0.45836997 -0.012609269 -0.15598267 10882 g
 8.1343 -5.2648497 6.2392898 10886 a
 0.12406336 0.062225558 0.025112277 11082 g
 9.464279 -3.393781 2.1057005 11086 a
 0.3195391 0.025741316 0.10926764 11285 g
 4.1024647 -3.5637693 5.9561753 11289 a
 -0.50257874 0.024676051 -0.11896527 11482 g
 6.691195 -4.3394904 6.5110316 11486 a
 -0.040520262 -0.01899979 -0.011639878 11682 g
 11.582549 -4.2874165 -0.18435353 11686 a
 0.3397778 0.077943265 0.11113051 11884 g
 5.8891377 -4.0904937 5.5312047 11889 a
 -0.16648911 -0.008609467 -0.03081597 12081 g
 4.947019 -4.435259 8.713697 12085 a
 -0.15104277 -0.06347059 -0.051055994 12281 g
 9.619304 -4.7884035 2.1547816 12285 a
 0.36827338 0.07767802 0.11778788 12484 g
 11.158775 -5.6042275 2.4247277 12488 a
 -0.036260802 -0.023522103 0.010462495 12681 g
 4.9536033 -3.1747115 7.213131 12685 a
 -0.41682652 -0.06906216 -0.12322819 12881 g
 6.601413 -6.2009826 4.3460746 12885 a
 -0.1510425 -0.021393705 0.004604339 13083 g
 12.882601 -6.043564 -2.212841 13087 a
 -0.050907657 0.10883487 0.008332765 13281 g
 6.355408 -3.5523968 6.6415157 13286 a
 -0.2628953 0.024678981 -0.031348336 13480 g
 5.3462524 -4.7429137 7.8224554 13484 a
 -0.08206664 -0.13058332 -0.0023198796 13681 g
 8.234857 -3.1250317 0.6206968 13685 a
 0.7453775 -0.032312665 0.17451401 13880 g
 9.779117 -5.333683 2.066196 13883 a
 -0.015487613 0.060099024 -0.0079125175 14080 g
 3.1226375 -2.834735 8.403648 14084 a
 -0.24318841 0.024414795 -0.05478495 14282 g
 5.7616463 -6.227917 8.030751 14286 a
 -0.1553041 -0.112738 -0.037740722 14480 g
 8.618527 -4.052785 2.071583 14485 a
 0.38824707 0.18899815 0.11539104 14680 g
 7.375937 -4.68246 5.515642 14684 a
 -0.3763462 -0.015800001 -0.06543706 14882 g
 1.6795325 -4.088698 8.908825 14886 a
 -0.33852932 -0.06879691 -0.10858027 15079 g
 9.098565 -4.8482585 1.91596 15083 a
 0.5933107 -0.02272422 0.13856107 15278 g
 8.610147 -4.8081555 4.514866 15283 a
 -0.26049897 0.019088473 -0.044398624 15482 g
 5.708974 -5.3624134 6.285378 15486 a
 -0.24238947 -0.028049478 -0.06623654 15679 g
 9.7719345 -5.171476 1.7052702 15683 a
 0.35469124 0.05637273 0.10740156 15878 g
 5.6987987 -3.9085343 5.6646814 15882 a
 -0.27008635 -0.04642529 -0.071562864 16078 g
 7.2550297 -5.324106 5.747281 16082 a
 0.14802994 -0.015798938 0.02510988 16279 g
 12.1128645 -5.1038394 -0.5153519 16283 a
 0.4034271 0.09605383 0.12045105 16478 g
 3.6224272 -3.5272577 5.993884 16482 a
 -0.47168764 -0.049621083 -0.11310818 16678 g
 8.39886 -5.266645 4.380192 16682 a
 0.28917748 -0.009141034 0.07704152 16877 g
 11.2312 -4.003105 -0.6853402 16881 a
 0.34776703 -0.024054736 0.11379314 17077 g
 4.295198 -3.6445735 7.3537903 17081 a
 -0.45757288 -0.02378842 -0.13920715 17278 g
 8.013991 -5.052963 2.147599 17282 a
 0.46441346 0.10830437 0.14255528 17477 g
 8.011598 -5.1960163 5.4821234 17481 a
 -0.23493262 -0.029114742 -0.057980746 17677 g
 5.8987145 -4.5783124 8.429385 17681 a
 -0.22507893 -0.101286404 -0.064638644 17877 g
 8.240244 -3.7738605 1.6962919 17881 a
 0.4281945 0.03160533 0.14042476 18076 g
 6.4601545 -4.914099 5.081693 18080 a
 -0.35078013 0.03906218 -0.08301446 18276 g
 5.6646814 -4.736928 7.6165543 18280 a
 -0.2543737 -0.052284244 -0.05744811 18478 g
 9.937733 -4.9996915 0.9624691 18482 a
 0.43751556 0.089395925 0.13696265 18676 g
 5.391742 -3.9043443 5.591658 18681 a
 -0.44505602 -0.02858211 -0.11683661 18876 g
 6.601413 -5.143344 6.589442 18881 a
 -0.06875163 -0.034173682 -0.0060493704 19079 g
 10.70687 -5.6221843 0.2753332 19083 a
 0.41221526 0.08247277 0.119918145 19276 g
 5.3564277 -4.3766007 5.8891377 19280 a
 -0.32761088 -0.02751578 -0.083813675 19475 g
 8.255207 -5.127183 3.5218706 19480 a
 0.3520278 -0.025917884 0.09674865 19676 g
 10.476428 -4.5645456 1.2785037 19681 a
 0.07985275 -0.04882107 0.03096857 19875 g
 4.731541 -4.010288 6.815694 19879 a
 -0.24079184 -0.020325245 -0.07395998 20075 g
 7.1305313 -4.8817773 5.156512 20081 a
 0.108082265 -0.043761063 0.021647505 20275 g
 8.611345 -4.674679 2.0482395 20279 a
 0.23245189 0.091793835 0.0876939 20475 g
 8.931569 -5.237316 3.9522285 20479 a
 -0.09804641 0.0041758367 0.008065383 20674 g
 4.9583917 -3.8786068 7.9068513 20679 a
 -0.1244117 -0.07758321 -0.04093678 20874 g
 8.193557 -5.1984105 2.7509377 20879 a
 0.31793934 0.008969527 0.08796021 21074 g
 9.288904 -4.345476 1.5831659 21080 a
 -0.002971555 0.05397695 0.002472745 21273 g
 5.7784057 -4.3742065 6.0824695 21277 a
 -0.1371946 0.025746375 -0.037474405 21477 g
 9.398438 -5.141548 5.5383873 21481 a
 0.09556567 0.10297804 -0.051855475 21674 g
 8.103176 -4.4639893 4.587889 21678 a
 -0.39392334 -0.15588121 -0.15758297 21873 g
 8.177995 -4.5579615 3.4703953 21877 a
 0.25934982 -0.05974003 0.081035994 22076 g
 7.681796 -4.1916485 4.2658687 22080 a
 0.07452643 0.05797169 -0.005783054 22273 g
 6.314707 -4.51307 5.6299653 22277 a
 -0.109497994 -0.0725232 -0.029751504 22473 g
 7.2861543 -4.223372 5.954978 22477 a
 0.067603275 0.002308428 -0.0023198796 22676 g
 8.355764 -4.657321 3.0029275 22680 a
 0.103289634 0.049979012 0.025110679 22872 g
 9.639056 -4.7560816 1.407192 22876 a
 -0.03865685 -0.0032842103 -0.011907259 23072 g
 8.113351 -4.1934443 3.9474401 23076 a
 -0.12308039 -0.026449451 -0.01377307 23275 g
 5.4845176 -3.957017 6.5631056 23279 a
 -0.22294892 -0.005410478 -0.03720889 23472 g
 8.104373 -4.457405 3.3542767 23476 a
 0.21540739 0.049716957 0.04162068 23672 g
 10.527305 -5.0918684 1.3790601 23676 a
 0.059879314 0.009501093 0.018185662 23875 g
 5.57849 -3.9839516 5.5282116 23879 a
 -0.35424224 -0.053083193 -0.06943234 24071 g
 7.617751 -4.9895163 4.484938 24075 a
 0.10302252 0.011897938 0.018451978 24272 g
 10.199299 -5.12838 0.10354923 24275 a
 0.26867115 0.011897938 0.045882538 24468 g
 9.55047 -4.5807066 2.7808652 24470 a
 -0.0032376049 -0.02245684 0.0022066953 24671 g
 6.155493 -3.9953241 5.866991 24675 a
 -0.086594544 -0.048555817 -0.025756495 24871 g
 6.357204 -5.8221 6.682217 24875 a
 -0.18246755 -0.0099421125 -0.026022013 25074 g
 8.372523 -4.049194 1.5442601 25078 a
 0.31980464 0.079540096 0.08583075 25271 g
 8.23366 -5.4498014 4.248511 25275 a
 -0.24292131 -0.01420317 -0.030815704 25470 g
 5.3049526 -4.0222588 7.3364325 25474 a
 -0.18779333 -0.08451249 -0.044397026 25673 g
 8.389283 -4.3634324 1.780089 25677 a
 0.40103158 0.071815066 0.0866305 25870 g
 9.503783 -5.744887 3.834314 25873 a
 -0.16036278 -0.07758827 -0.008976983 26070 g
 5.840655 -4.1132383 5.7987566 26074 a
 -0.10390429 -0.019263176 -0.034011498 26273 g
 8.983045 -4.156334 1.5077485 26277 a
 0.3506973 0.07581168 0.07331389 26469 g
 7.7488337 -4.8015714 4.361637 26473 a
 -0.23732866 0.0012431636 -0.054784153 26669 g
 4.7776294 -3.8714242 6.76362 26673 a
 -0.22827365 -0.009143963 -0.055049937 26870 g
 6.983288 -4.8177323 5.803545 26874 a
 0.15096049 0.013759222 0.058400724 27068 g
 9.4774475 -4.6297874 1.7274165 27072 a
 0.27106905 0.077142455 0.050144926 27268 g
 9.196728 -6.0244102 4.2275615 27272 a
 -0.30390742 0.015357118 -0.028418325 27468 g
 3.970185 -3.9402575 7.9511437 27472 a
 -0.23786104 -8.921589E-5 -0.064371 27667 g
 9.002797 -4.8081555 1.6220716 27671 a
 0.4220703 0.0060360543 0.102875516 27867 g
 10.271125 -5.6407394 2.355296 27871 a
 -0.0019046929 -0.017400827 0.015790414 28070 g
 6.072294 -3.091513 5.6778493 28074 a
 -0.040786844 0.035329763 -0.012172776 28271 g
 4.997896 -4.4184995 7.5028296 28274 a
 -0.024541562 -0.07705563 -0.005514874 28467 g
 9.016563 -4.947019 4.0737343 28472 a
 0.30755544 0.070480295 0.038960982 28670 g
 7.5136037 -4.606444 4.5418005 28674 a
 -0.33320114 -0.0072840117 -0.11097499 28867 g
 6.133346 -4.635773 5.6203885 28871 a
 0.07719199 -0.07226514 0.02537886 29071 g
 7.9331875 -4.510676 3.6882677 29075 a
 0.26254854 -0.00914929 0.078642614 29269 g
 8.046912 -4.1659107 3.8067808 29274 a
 -0.028268656 0.05450026 -0.009774334 29468 g
 6.087258 -4.341286 6.669647 29472 a
 -0.1579646 -0.030720895 -0.04759122 29666 g
 7.269395 -4.871003 5.6826377 29670 a
 -0.09511214 -0.008622783 -0.016163524 29868 g
 7.8888946 -4.739322 2.6042929 29872 a
 0.15415974 0.0094867125 0.051214453 30066 g
 10.907983 -5.225345 1.1079168 30071 a
 0.02153432 -0.06960917 0.0030112362 30265 g
 6.4380083 -4.2263646 5.325303 30270 a
 -0.16595115 0.007884821 -0.04306012 30467 g
 4.507085 -4.0294414 7.545925 30474 a
 -0.10576371 -0.017415209 -0.023619043 30665 g
 8.857947 -4.960786 2.5073278 30670 a
 0.2465725 0.06887121 0.06612948 30865 g
 11.220427 -5.117606 1.5298948 30870 a
 -0.15769455 -0.029934198 -0.015895076 31069 g
 3.9851487 -3.0759506 6.6109896 31073 a
 -0.39258537 0.016937438 -0.10377939 31265 g
 4.3478703 -5.903503 8.387487 31270 a
 0.19623955 -0.07281109 0.051216584 31464 g
 9.76954 -5.9759274 3.9725792 31469 a
 0.2210088 -0.012896091 0.05734425 31669 g
 10.59554 -4.648941 0.6326678 31673 a
 0.11102026 0.078184016 0.06719795 31862 g
 13.114839 -6.5259953 -5.8634 31863 a
 0.097704455 -0.057370882 0.06426847 32064 g
 1.922544 -0.78649527 6.691794 32069 a
 -0.3662182 0.10215247 -0.11070121 32265 g
 5.3923407 -6.475717 11.11149 32269 a
 -0.07859681 0.06353663 -0.049981143 32464 g
 10.142437 -5.886145 0.40880993 32468 a
 0.09211182 -0.021151891 0.08424217 32664 g
 11.979987 -5.4312468 0.04070143 32669 a
 0.22473778 -0.029942453 0.08850403 32866 g
 2.2679076 -2.6252422 7.398083 32871 a
 -0.37953347 0.05048501 -0.13892992 33063 g
 7.3346367 -6.6606693 5.0403934 33068 a
 0.09850394 -0.107706755 0.061872423 33263 g
 10.247183 -4.581305 1.5047557 33268 a
 0.38213032 0.04622502 0.13217933 33466 g
 4.9428296 -4.3879733 5.29358 33471 a
 -0.41548643 -0.004907673 -0.07368301 33663 g
 3.2878375 -5.3486466 11.110891 33667 a
 -0.33772212 -0.22728162 -0.04891561 33862 g
 8.723274 -4.317344 1.2539631 33866 a
 0.5797371 0.16127251 0.17079571 34062 g
 17.508797 -9.018359 -8.46051 34063 a
 0.13498925 -0.009436112 0.03417555 34263 g
 -0.18614918 -2.5288756 11.568184 34267 a
 -0.5403884 -0.044856153 -0.11655937 34462 g
 8.153454 -7.8613615 1.8734628 34466 a
 0.37307584 0.11706404 0.100754574 34663 g
 11.364676 -6.625953 0.8655039 34667 a
 -0.16701323 0.061137658 -0.016957145 34862 g
 7.144298 -5.449203 4.408324 34866 a
 0.33046526 -0.1250173 0.12578829 35062 g
 9.003395 -3.0502129 1.2354081 35066 a
 0.16215348 -0.4789514 0.020593425 35262 g
 13.508086 -6.011242 -1.7543513 35266 a
 -0.10149946 0.23956944 -0.12241832 35461 g
 2.4959552 -3.2154129 10.748769 35465 a
 -0.6884602 0.0073418026 -0.20071526 35661 g
 7.3729444 -5.443816 4.1635165 35665 a
 0.4737436 0.040630516 0.12259276 35864 g
 9.222465 -2.9670146 1.590947 35869 a
 0.25456545 -0.12102336 0.17372546 36062 g
 10.396222 -6.151303 1.1510124 36066 a
 -0.15209925 0.30215293 -0.07634537 36262 g
 5.829881 -3.5236664 6.543952 36266 a
 -0.5529055 -0.005173989 -0.14638731 36464 g
 9.420585 -5.3049526 2.8281507 36468 a
 0.33978605 0.036637638 0.062138207 36660 g
 5.145738 -4.0264487 4.541202 36664 a
 -0.35183686 0.030512368 -0.16050206 36860 g
 4.201824 -4.329315 6.9767036 36864 a
 0.11661343 -0.1894658 0.04775767 37063 g
 8.040926 -5.554548 4.188656 37067 a
 0.3624232 -0.021686653 0.089036666 37262 g
 9.69532 -3.7140055 -0.5638345 37266 a
 0.24737464 -0.0704225 0.069062956 37460 g
 10.331579 -6.415862 2.8191724 37464 a
 -0.22959724 0.17059277 -0.0015105449 37663 g
 4.5178585 -3.0843303 8.369531 37667 a
 -0.1976393 -0.04432432 -0.07448116 37860 g
 8.400655 -5.825691 4.1784806 37863 a
 0.084123135 -0.053645384 0.03976845 38059 g
 8.123527 -3.2722752 1.0522517 38063 a
 0.2817297 -0.02594851 0.090901144 38259 g
 10.257359 -6.169259 1.7184383 38263 a
 -0.091911815 0.14049906 0.020327376 38459 g
 0.85891986 -2.9646204 9.020754 38463 a
 -0.6732799 0.029178925 -0.18793182 38659 g
 6.11539 -6.0285997 5.9561753 38663 a
 0.17254008 -0.021953769 0.12685382 38859 g
 10.072407 -4.630386 2.2164323 38868 a
 0.48812467 -0.11463177 0.0653348 39059 g
 9.876082 -4.5364137 0.97503865 39063 a
 -0.01627804 0.16207066 0.02964844 39258 g
 2.542642 -3.4051533 7.6584525 39262 a
 -0.4831307 0.22039576 -0.06888932 39461 g
 6.2823853 -4.6273932 4.972757 39465 a
 0.3352587 -0.06269827 0.06746453 39658 g
 8.642469 -4.8937483 2.4235306 39662 a
 0.35496607 -0.3063775 -0.06276405 39858 g
 6.6864066 -1.9189527 3.532046 39861 a
 -0.21921171 -0.0035750275 -0.17088865 40061 g
 6.06571 -5.6784477 4.4358573 40064 a
 0.30250153 -0.27708167 0.21127497 40258 g
 6.531981 -2.8455088 2.509722 40261 a
 -0.21255381 0.1258546 -0.18713394 40457 g
 7.680599 -6.499659 5.0787005 40461 a
 -0.6335993 0.11972827 0.09462877 40660 g
 6.1381345 -4.6842556 1.0755951 40668 a
 0.9373994 -0.3425965 0.14203304 40857 g
 10.149021 -2.9765913 0.3274071 40861 a
 0.62421167 -1.1274301 0.09409614 41057 g
 9.247604 -3.196858 2.1559787 41061 a
 -0.4197472 1.2201453 -0.4129692 41260 g
 3.7702692 -5.185841 7.0724716 41264 a
 -1.7619804 0.5929709 -0.07394879 41456 g
 4.970961 -5.668871 5.3941364 41461 a
 0.36455372 -0.7039885 0.05920926 41656 g
 10.035895 -3.3327289 0.40462008 41660 a
 1.6719011 -1.1117235 0.3015588 41859 g
 9.075222 -3.6828809 1.6424223 41863 a
 0.12646872 -0.032078043 -0.003639476 42056 g
 7.149685 -5.6006365 3.8863878 42060 a
 -0.5571647 1.431329 -0.5634359 42255 g
 5.4976854 -5.1170077 5.192425 42259 a
 -1.5044527 0.23291154 -0.09046039 42458 g
 6.4727244 -5.159505 4.4179006 42462 a
 4.9960904E-4 -0.051780373 -0.011630823 42655 g
 8.901642 -4.659715 3.6284127 42659 a
 0.9152954 -0.21609741 0.20115575 42855 g
 7.709928 -6.3787518 3.3518825 42859 a
 0.4050343 -0.73674726 0.20781446 43058 g
 6.5708866 -2.7443538 2.813187 43062 a
 0.17786667 -0.07495174 0.025920548 43254 g
 9.006389 -4.144363 3.6996403 43258 a
 -0.013348296 0.47845313 0.062139537 43454 g
 13.429077 -6.38354 4.705205 43459 a
 -0.05063255 0.21346861 -0.051311124 43656 g
 11.103709 -10.481815 7.667431 43660 a
 -0.02879463 -0.015563247 -0.024945829 43855 g
 6.5858502 -4.684854 2.4851813 43859 a
 0.04177914 -0.12688337 -0.051311124 44054 g
 3.1561563 0.92895025 1.3192052 44059 a
 0.026332006 -0.042458244 -0.022284001 44258 g
 6.9557543 -2.7192147 4.4795513 44262 a
 -0.0045606634 0.08137874 0.056811884 44454 g
 10.9899845 -4.821324 4.571728 44458 a
 -0.008555405 0.05634503 0.031245537 44651 g
 13.067553 -6.9545574 5.629367 44652 a
 -0.02639885 0.05075346 0.035772644 44856 g
 10.880449 -10.028113 6.9348054 44861 a
 -0.016811471 0.014001836 -0.042257976 45053 g
 7.680599 -5.366603 2.8125885 45057 a
 0.03938123 -0.15324467 -0.05291062 45253 g
 8.180987 -4.957195 3.4368765 45257 a
 0.038050447 0.05607685 -0.083003275 45456 g
 7.855376 -3.4476504 3.1794999 45460 a
 -0.06421494 -0.2738888 -0.43001315 45653 g
 6.9407907 -1.6460136 2.094328 45657 a
 -0.026398052 0.3295835 0.3335151 45852 g
 6.045359 -4.803367 4.4597993 45856 a
 -0.21947724 0.03477156 0.011538944 46053 g
 8.214506 -4.226963 5.04578 46057 a
 -0.16088769 0.101616904 -0.26889193 46252 g
 7.0449386 -4.5238442 3.892972 46256 a
 -0.34198263 0.026249448 -0.00390739 46452 g
 11.419145 -5.257068 4.261679 46456 a
 0.08172655 -0.22515403 -1.7843179E-4 46655 g
 12.0159 -10.213664 6.139332 46659 a
 0.27187625 0.018525215 0.14709437 46852 g
 12.118252 -8.049905 5.017648 46855 a
 0.19677511 -0.16470027 -0.029206887 47051 g
 8.301894 -2.2523453 1.7124528 47055 a
 0.1448432 -0.15617709 -0.03480006 47254 g
 7.727885 -4.0683475 3.5380316 47258 a
 -0.22453724 0.20521387 -0.004440022 47451 g
 15.30254 -13.063962 7.5363483 47455 a
 -0.14970241 0.046223156 -0.035066374 47651 g
 6.3793507 -1.9297266 2.333748 47655 a
 0.22553645 -0.20837317 -0.0454535 47854 g
 4.2916064 4.048595 0.55844754 47858 a
 0.12486897 -0.010500312 0.11646669 48051 g
 14.425065 -13.874997 7.6692266 48054 a
 -0.14943662 0.1913673 0.108477205 48250 g
 6.75524 -1.2988545 2.504335 48254 a
 0.02526754 -0.0957244 -0.15224493 48454 g
 10.093356 -8.010999 5.878962 48458 a
 0.049502306 0.007073622 0.052285843 48650 g
 6.1764417 -1.6645688 3.643975 48654 a
 0.020473849 -0.02568326 -0.020951089 48850 g
 2.4378958 2.8383262 1.8076223 48854 a
 0.013016732 -0.004110589 0.0048810416 49052 g
 7.4884644 -2.2457612 0.9636662 49056 a
 0.0079567265 0.06459897 0.08131377 49249 g
 17.169418 -15.83525 9.989208 49253 a
 -0.036518063 0.003612578 -0.017489512 49449 g
 6.6642604 -1.7357962 3.5727475 49453 a
 0.062018897 -0.09279385 -0.0949875 49649 g
 3.1256304 2.7497406 1.7770962 49653 a
 0.009554623 -0.03953063 -0.011097925 49849 g
 3.4955344 1.6112977 1.3892355 49853 a
 0.0108862035 -0.053645384 0.011538944 50049 g
 10.533889 -6.0118403 3.5535939 50053 a
 0.07293812 -0.22115928 0.14283332 50251 g
 10.795456 -4.534618 1.8435353 50255 a
 0.07959603 -0.007573764 -0.05157744 50449 g
 12.473791 -6.469133 3.6020765 50453 a
 -0.08738417 0.33304453 -0.10324276 50649 g
 13.133393 -2.9652188 -0.46986207 50653 a
 0.22979778 -0.39239842 0.047225036 50852 g
 14.21258 -2.0111294 -2.569577 50864 a
 -0.10416262 0.05155054 -0.0023097596 51048 g
 13.240534 -7.5106106 -1.1994951 51052 a
 -0.299106 0.23211287 -0.07448143 51247 g
 4.8877625 -5.3139305 5.7137623 51251 a
 -0.4884557 -0.08933388 -0.11203093 51450 g
 2.7072437 -7.8811135 19.612701 51454 a
 -0.31907865 -0.11703075 -0.07687721 51647 g
 8.485051 -8.300098 2.461838 51651 a
 0.63300145 0.32611924 0.041367147 51847 g
 9.066842 -2.4887726 2.3894134 51851 a
 0.42420906 -0.15644446 0.024855282 52050 g
 11.894394 -1.0462662 -0.12988544 52054 a
 0.3091605 -0.3702963 0.105282746 52246 g
 10.441113 -2.3810337 -3.2279825 52250 a
 -0.15928952 0.08377266 -0.064893246 52446 g
 7.097611 -4.237737 2.9071593 52451 a
 -0.3030997 0.13570324 -0.07927405 52650 g
 5.3624134 -3.2190042 10.229825 52653 a
 -0.2221396 -0.04166329 -0.09711723 52846 g
 9.473856 -6.2566476 3.1741128 52850 a
 0.063617595 0.15993801 -0.010564494 53046 g
 10.644022 -2.1721394 -0.22505496 53050 a
 0.3733435 -0.062437013 0.09010353 53249 g
 10.058042 -5.985504 -1.1438298 53253 a
 -0.12599921 0.022784142 -0.019618709 53445 g
 5.322909 -3.755904 7.8912888 53453 a
 -0.34331316 -0.009706423 -0.07208298 53646 g
 8.624513 -5.7359085 3.1118636 53650 a
 0.31448764 0.25607705 0.12312672 53846 g
 11.242573 -6.022016 0.9744401 53850 a
 -0.032522257 -0.16150661 -0.028140824 54045 g
 10.055049 -7.539341 4.3275194 54049 a
 -0.22959618 0.3383687 -0.027341876 54245 g
 7.197569 -2.712032 3.0334535 54249 a
 -0.18964876 -0.19852455 -0.48780242 54445 g
 10.4644575 -6.9611416 4.022857 54452 a
 0.04497573 0.07098736 0.42219973 54646 g
 7.6584525 -5.2528787 4.0132804 54651 a
 -0.13718449 -0.0358054 -0.27847797 54844 g
 8.414422 0.047285482 0.8415619 54849 a
 0.35097295 -0.2475267 -0.24199265 55045 g
 6.151303 -9.012374 7.8368206 55049 a
 0.13472426 1.1543612 1.1447153 55244 g
 6.8719573 -1.8938135 2.558803 55248 a
 -0.30389836 -0.63128823 -0.6957953 55444 g
 6.654085 -4.5124717 2.8532898 55449 a
 -0.056224655 0.1894991 0.21686946 55647 g
 9.100959 -4.353257 3.122039 55651 a
 -0.0271962 -0.22675298 -0.29738694 55844 g
 7.165247 -4.4556093 -0.4249708 55848 a
 0.33472738 -0.07948018 0.76068693 56043 g
 3.946243 -3.5140896 3.879804 56047 a
 0.20370013 -0.08187809 -0.05770191 56246 g
 10.127473 -4.7734394 4.912902 56250 a
 0.047372576 0.26965916 0.050688744 56443 g
 4.647744 -4.4843397 5.405509 56448 a
 -0.013081181 0.32052556 0.083711945 56643 g
 6.2530565 -5.1720743 5.561132 56647 a
 -0.057289656 0.0044083307 -0.11549251 56843 g
 5.2744265 -4.782418 5.3821654 56847 a
 0.008224107 0.20973805 8.876316E-4 57042 g
 7.355586 -5.1900306 4.2862196 57046 a
 0.022871494 -0.04965384 -0.060365073 57242 g
 6.5966244 -3.6936548 3.964798 57246 a
 -0.19870351 -0.44300273 -0.4047118 57443 g
 7.9702973 -3.0148985 2.2068555 57447 a
 -0.0029611688 0.16632852 0.1359099 57642 g
 6.5367694 -3.645172 4.2143936 57646 a
 -0.4264038 -0.07735071 -0.17461468 57842 g
 5.449203 -2.641403 3.6858735 57846 a
 -0.2298625 -0.17934978 -0.26942322 58042 g
 5.389348 -1.4646529 0.59855044 58046 a
 0.48333204 -0.37376055 0.13537727 58241 g
 9.063251 -5.5856724 3.4524388 58245 a
 0.13312636 -0.12289077 0.057612963 58441 g
 8.426991 -5.1475334 3.6595373 58445 a
 -0.013080648 0.12078634 0.030449519 58644 g
 5.5623293 -1.3054385 1.6502035 58648 a
 0.00209937 -0.019295933 0.024590565 58841 g
 10.096947 -9.077017 3.7134068 58845 a
 0.028730981 0.093622096 0.110610664 59041 g
 12.482769 -10.718841 6.935404 59045 a
 -0.00722196 0.09948212 0.025921611 59244 g
 12.300211 -8.731055 5.1517234 59248 a
 -0.0037598507 0.010266219 -0.016156333 59441 g
 8.124723 -4.526837 3.4368765 59444 a
 0.02287176 -0.07069388 -0.037195306 59640 g
 3.7373488 0.3172317 2.3505075 59644 a
 0.02553492 -0.1239571 -0.11442698 59841 g
 6.9647326 -4.3999443 2.2254105 59845 a
 -0.010684069 0.0054725297 0.026720561 60221 g
