 0.41368878 -1.9594709 -0.26574194 2 g
 -1.2419921 7.6482773 1.1593921 3 a
 -0.0145475175 -3.2052975 -0.50915486 121 g
 -0.5955577 10.392033 -1.417966 129 a
 -1.1397331 -0.2808804 0.67302233 318 g
 -1.6968905 8.780735 -2.5803509 323 a
 -1.5706326 -1.7008779 -0.14430179 519 g
 3.342904 7.555502 -0.6745663 523 a
 0.35190344 -3.1368544 -0.1610797 720 g
 0.46208093 11.626842 2.6072857 725 a
 -0.059022307 1.2965099 -0.20502186 920 g
 1.5915456 7.571663 -2.7635074 924 a
 -0.35250264 1.548445 -0.6716077 1120 g
 2.7090392 8.350377 -0.6147113 1124 a
 0.41288984 -2.366402 0.7449277 1320 g
 2.3720553 9.743802 -2.794632 1324 a
 -0.12426975 1.1271329 -0.12166492 1523 g
 -0.22325931 11.514315 -3.1890767 1536 a
 -2.5107284 -1.0385498 1.2799567 1721 g
 0.46627077 9.168595 -0.18734628 1726 a
 0.10582736 0.5255248 0.46023577 1920 g
 11.105505 9.900622 3.5093012 1924 a
 0.58679426 0.8419083 0.09591535 2121 g
 -0.57999533 5.751471 -2.2301989 2125 a
 0.46961516 -0.7432052 -0.97760487 2321 g
 2.858677 9.876082 -1.7250223 2325 a
 0.29411286 2.128215 -0.20608713 2521 g
 1.9303252 9.369708 -0.22744916 2525 a
 0.44138566 1.090115 -0.7911836 2722 g
 4.968567 11.306019 1.6585833 2728 a
 -2.4697156 -0.15810868 0.98407954 2921 g
 3.6601357 9.179369 -0.80086046 2925 a
 -0.44145223 2.7588515 1.3044578 3122 g
 -1.0582372 7.7769656 -0.545878 3125 a
 0.95377785 0.17611803 -0.66281927 3322 g
 -0.32441434 14.519037 -2.8395233 3327 a
 1.7346166 1.3415173 -1.4053086 3524 g
 1.5442601 7.992444 -2.7126305 3537 a
 0.75350815 3.1724405 -0.6497698 3727 g
 1.7890673 9.998186 -2.8568811 3739 a
 -0.87288433 -2.4201977 0.111627996 3938 g
 3.4560301 12.115259 4.252701 3942 a
 -3.2721262 -0.292332 1.5081897 4125 g
 2.2984335 8.643666 -2.0649989 4132 a
 -0.76555896 1.3843942 0.7699614 4325 g
 3.1172507 9.879075 4.7483006 4332 a
 1.3468604 0.37132776 -0.4606853 4536 g
 -2.111686 6.3793507 -2.6402059 4541 a
 -0.20416458 -0.27608672 -0.8660184 4739 g
 2.1440077 8.464102 -2.5582044 4743 a
 0.77188396 1.1391171 -0.21194607 4928 g
 4.019266 11.956045 1.5981296 4938 a
 -1.5296198 -5.206929 -0.059346948 5128 g
 2.3840263 11.365275 -3.6942532 5140 a
 -0.87821066 3.9753835 2.5430942 5328 g
 0.801459 6.136339 -2.5151088 5340 a
 -0.46302384 2.4821491 0.5443917 5528 g
 19.612701 15.124771 5.4288526 5542 a
 0.9002483 -2.2612069 1.3401442 5742 g
 -1.8501194 2.4791958 -1.1294646 5745 a
 -0.60896504 0.2632034 -1.3983843 5932 g
 2.484583 9.801263 -0.57161564 5942 a
 0.5447163 -2.7544243 0.374482 6132 g
 4.5352163 10.009559 -3.1190462 6142 a
 0.3905193 2.4557838 -0.0337806 6340 g
 2.0685902 14.291589 -3.016694 6344 a
 -1.1858058 5.0057607 2.3039422 6528 g
 -1.6142905 5.7335143 -3.107674 6542 a
 0.19930431 1.6839998 0.5414622 6742 g
 10.498574 11.769297 4.324527 6745 a
 0.7521766 -0.38740686 0.17767438 6941 g
 -0.4261679 10.310031 -2.2637177 6945 a
 0.3114234 0.67546076 -1.1451178 7133 g
 3.7403417 7.9553337 1.8136078 7142 a
 1.9828233 -1.3251059 0.5696917 7339 g
 4.2969937 10.8229885 -0.3669114 7343 a
 -0.34451318 0.5028879 -0.0899733 7544 g
 3.7834373 14.487913 -5.925649 7547 a
 -2.2010028 4.305882 1.3388126 7743 g
 -2.010531 6.4751186 -2.8592753 7747 a
 0.25389913 2.265368 0.42215258 7940 g
 6.2345014 9.276933 2.486977 7943 a
 0.7316702 0.76334506 0.596057 8140 g
 -0.31364042 8.451532 -2.1164744 8144 a
 0.34524554 -0.9453391 -1.0242102 8340 g
 3.1585505 7.869741 2.2691047 8344 a
 2.1561952 -1.6904916 0.5917959 8540 g
 2.6120741 10.878654 1.1869255 8544 a
 -0.28832048 -0.49206907 -0.13098598 8744 g
 2.508525 13.578715 -4.5699325 8747 a
 -1.4350777 5.8883324 1.3790263 8940 g
 -1.6723499 5.390545 -2.7593174 8944 a
 -0.029727535 1.7175556 0.59019804 9141 g
 5.003283 11.116279 5.2887917 9144 a
 0.81822294 -0.014564295 0.3616988 9341 g
 1.4562732 9.012972 -3.7247794 9344 a
 0.30876023 1.814761 -1.2399262 9543 g
 2.2870612 11.461642 -2.8526914 9547 a
 1.1194265 -2.8961046 0.30364192 9740 g
 3.2142158 12.788629 5.3354783 9745 a
 1.0517821 2.1463246 -0.096364886 9943 g
 4.823119 15.015835 -4.4167037 9947 a
 -2.3834293 5.475276 1.0123091 10140 g
 -3.389591 5.1810527 -2.6252422 10147 a
 0.5519068 2.3063805 0.6296128 10342 g
 7.4603324 7.9278 2.8927941 10346 a
 1.1556455 0.04535683 0.17927228 10542 g
 -1.1294646 9.591172 -1.258153 10546 a
 0.59531635 -0.55491966 -1.1776083 10741 g
 4.0599675 8.51019 1.2443863 10746 a
 1.2451277 -2.5174031 0.84293205 10942 g
 4.482544 12.142793 -1.6112977 10946 a
 0.3180813 1.5396565 0.043184754 11144 g
 2.7072437 16.843208 -3.3596635 11148 a
 -2.5714486 2.9617846 1.7926153 11342 g
 -3.3291376 5.269638 -3.1585505 11345 a
 0.42300984 0.85975146 0.5201569 11545 g
 1.328782 8.251018 1.4437037 11548 a
 1.0834738 -0.17408764 -0.24816507 11743 g
 0.6027403 12.065579 -3.1262288 11748 a
 1.1516507 3.1506026 -1.6636351 11942 g
 1.1234791 5.699397 4.4442368 11946 a
 3.323725 -3.2718766 0.37528095 12143 g
 7.801506 11.227609 2.8125885 12146 a
 -0.63373244 0.6424375 0.590997 12343 g
 -0.8439561 9.60015 -1.3024458 12346 a
 -0.7820705 -6.097757 2.5052772 12543 g
 -4.1760864 5.568913 -1.9135658 12546 a
 1.0323411 0.7058208 -0.53072643 12742 g
 1.3916297 14.0072775 0.6063316 12746 a
 0.8373977 -0.8758306 -0.5744023 12949 g
 -0.014963761 11.502942 -4.763264 12953 a
 1.1082412 2.5545871 -0.9629575 13143 g
 2.6120741 15.015236 3.4422636 13146 a
 -0.89791805 -8.72683 0.83121413 13343 g
 2.1296425 15.708956 -4.155137 13346 a
 -0.63027036 3.6829686 1.6418804 13543 g
 -0.6171055 5.5988407 -3.3423057 13549 a
 1.0967896 0.9606853 -1.0913218 13736 g
 1.2036849 18.983027 -2.409764 13740 a
 1.3378056 -0.24146561 0.014422615 13932 g
 2.3660698 7.517793 -0.4141969 13936 a
 1.544467 0.63604593 -0.63272554 14143 g
 13.753491 19.612701 -3.0986955 14146 a
 -0.52134705 1.1519003 3.1074178 14337 g
 1.7304093 3.5332432 0.82240826 14342 a
 1.274955 2.0501845 -1.3376642 14537 g
 1.7232267 12.2224 -3.696049 14542 a
 -0.34557843 6.887284 -1.8045164 14741 g
 3.8869865 2.540248 -8.565855 14744 a
 0.18838535 2.799598 2.9604113 14938 g
 2.2343888 9.085397 -3.2812533 14943 a
 1.4866763 -0.17462027 -0.51075274 15141 g
 3.3806129 5.556942 -4.406528 15154 a
 0.076266274 -1.3397533 -0.20928292 15341 g
 0.36511576 8.814852 -3.8133647 15345 a
 1.6256934 0.51327425 -1.0950503 15538 g
 2.742558 9.701904 -0.11791443 15543 a
 0.616888 0.08423898 -0.537917 15740 g
 4.1683054 10.62427 0.10354923 15743 a
 -2.4625251 -1.3458785 1.3699716 15942 g
 2.2331917 8.040328 -1.365892 15946 a
 -1.1892679 2.6043882 2.0195165 16142 g
 -3.120842 7.3220673 0.7565677 16146 a
 2.477106 -0.30484885 -1.0519071 16340 g
 -2.1697452 13.628993 -5.1241903 16344 a
 0.12500212 2.4416692 -1.6505857 16543 g
 0.45848963 9.536105 -1.2479776 16546 a
 1.1806792 0.62139857 -0.5323244 16740 g
 2.782661 9.737218 -1.3210008 16744 a
 1.1303455 -1.0939435 -0.6383182 16941 g
 -0.18914193 9.224859 7.3466077 16944 a
 -2.2667828 -3.6519096 1.4812918 17145 g
 1.5921441 7.067683 -1.827973 17149 a
 -0.558365 -0.745602 1.0008575 17341 g
 4.8422728 13.557167 12.995727 17345 a
 0.32420656 0.28823712 -0.6630856 17541 g
 0.40521863 10.445304 -3.0304608 17545 a
 0.69065756 1.5585649 -0.86761636 17745 g
 1.9865888 9.196129 -0.5117606 17748 a
 1.5426028 2.4480608 -0.5874518 17942 g
 2.4851813 9.651626 -2.2631192 17945 a
 0.03498728 -2.7411087 -0.10462069 18144 g
 6.0848637 11.230601 1.4460979 18148 a
 -2.647615 -2.6273916 0.9654374 18344 g
 4.049194 10.525509 -1.2042835 18348 a
 -0.86143273 -0.7922073 1.3484 18542 g
 -1.5783775 7.7667904 0.7493851 18546 a
 0.82994086 1.3122226 -0.42047158 18742 g
 2.60549 8.53892 -0.7032967 18746 a
 1.0208895 0.86241466 -0.18052077 18938 g
 -0.7218518 9.898229 -3.247136 18952 a
 1.2762866 0.09382636 -0.96162593 19144 g
 2.131438 10.157401 -1.5801731 19148 a
 0.4371246 -3.0420458 0.5374674 19342 g
 1.0313023 10.049063 0.107140526 19346 a
 0.14417689 1.6853315 0.09804587 19544 g
 -0.95827925 8.79929 0.5895722 19548 a
 -1.2720922 -2.4116757 2.0874271 19744 g
 0.8631097 8.94773 -1.4987702 19747 a
 0.51408994 -0.008172709 0.76223826 19944 g
 5.708974 8.774151 1.2030864 19948 a
 0.9015799 3.5735126 -0.10355542 20148 g
 1.1994951 16.191986 4.414908 20168 a
 1.1452591 1.3407184 -0.043101665 20344 g
 5.85921 8.59698 0.62728083 20348 a
 1.3788184 -0.27981514 -0.56055385 20544 g
 3.8594532 9.902418 0.14544775 20547 a
 0.5311342 2.8179739 -0.24923033 20746 g
 -0.142455 9.703101 -0.842759 20751 a
 1.0496516 -0.78475046 0.057033192 20944 g
 3.3476925 11.476007 1.1917139 20947 a
 0.6911902 0.42592254 -0.3086188 21146 g
 4.654328 8.371924 1.7130513 21151 a
 -1.3687649 2.4206302 0.19977863 21347 g
 1.0773908 9.886257 -0.8535329 21351 a
 0.621948 0.4520215 1.1452008 21545 g
 2.1152773 9.205706 1.6998832 21548 a
 0.86349666 1.2083592 0.6325423 21745 g
 6.299743 8.895657 0.5530606 21749 a
 1.1061107 1.3582952 0.052505817 21947 g
 -3.4919431 5.33907 0.012569559 21952 a
 0.22780015 -0.12082442 -1.4559087 22147 g
 2.5091233 10.610503 -0.6326678 22152 a
 0.4176835 -1.0023308 0.43227258 22345 g
 2.8898015 9.481637 -0.66139823 22350 a
 0.9726863 -0.6081829 -0.19649974 22545 g
 1.8567034 11.30123 1.1384429 22548 a
 -1.5354788 -2.582384 0.32095245 22745 g
 1.7585411 12.303204 -1.970428 22748 a
 -1.7101822 -1.2041984 1.441877 22945 g
 -0.36870706 6.55293 0.107739076 22948 a
 0.55084157 0.58038586 -0.3648115 23147 g
 3.3333273 8.611345 -0.54288524 23151 a
 0.6672217 1.8587033 -0.1842492 23349 g
 -1.7220296 8.8777 -1.1677719 23353 a
 0.36388767 0.66134596 -1.1717494 23545 g
 1.027711 9.804854 -1.9063832 23549 a
 0.07919575 -5.66739 0.5065748 23750 g
 2.710835 9.032724 -1.4185646 23754 a
 1.4059826 -0.05531066 -0.4750664 23947 g
 1.9111716 11.935096 2.7503393 23951 a
 -2.8119318 -3.9805439 1.034147 24147 g
 3.4674027 8.75799 -0.7200562 24151 a
 0.4768057 -3.4697495 1.1987303 24353 g
 -1.1988965 7.615956 1.0522517 24357 a
 0.59984374 0.23763706 -0.65269923 24548 g
 1.8004397 10.475231 -2.4091654 24551 a
 1.1175623 1.423809 -1.0140902 24748 g
 0.92775315 12.306197 -4.771045 24752 a
 1.2653677 2.4805512 -0.8343268 24952 g
 3.9713821 8.288128 -3.0819361 24955 a
 -0.35436687 -3.1594913 0.86530256 25151 g
 2.8580782 10.25257 -2.3307555 25163 a
 0.020872524 0.14815484 -0.35868624 25351 g
 2.3750482 11.007941 -2.7365725 25355 a
 -0.5929861 4.337307 2.3436234 25541 g
 0.16160862 8.165425 -2.260725 25542 a
 0.20383169 2.264569 0.5441254 25744 g
 15.519814 9.60853 4.7141833 25748 a
 0.96549577 -0.6342819 0.4442568 25946 g
 -0.694917 4.697424 -3.618836 25951 a
 -0.25769413 1.4688164 -1.1539061 26149 g
 1.2850877 8.738237 -0.2885013 26152 a
 0.72847444 -1.2310963 0.21442601 26353 g
 2.932897 9.378088 -1.5424645 26357 a
 0.9255483 -1.2366889 -0.47586533 26546 g
 3.970185 11.113884 1.0600328 26550 a
 -1.8816898 -2.214868 0.415761 26753 g
 -0.25019407 10.526108 -0.5805939 26757 a
 -1.1242868 -3.6367297 1.4365506 26950 g
 -0.76195467 6.205172 0.20171149 26954 a
 0.49464887 0.62752384 -0.12832282 27151 g
 2.6868927 8.573038 0.17956513 27155 a
 0.85950196 1.1899835 -0.38345364 27353 g
 -0.2813187 9.365519 -2.541445 27357 a
 0.6099638 -0.05744119 -0.8937153 27549 g
 4.362834 9.734225 -2.369661 27552 a
 -0.15383084 -4.3126397 1.0850134 27751 g
 0.98581254 10.905589 -1.6274586 27755 a
 -0.023602266 -0.85532427 -0.62633395 27952 g
 1.8076223 8.218696 2.0410569 27955 a
 -2.3277693 -1.455867 1.7302973 28153 g
 3.5290532 8.829217 0.54527944 28157 a
 -0.3533016 0.7231313 1.4964718 28353 g
 1.5568297 9.09617 1.4371196 28357 a
 0.67920595 -0.7141767 -0.7078267 28551 g
 0.19692309 15.991471 -2.7263973 28555 a
 1.1644338 1.2110224 -1.3970528 28753 g
 1.0079589 9.119514 -3.3919852 28757 a
 0.9380652 2.018493 -0.486518 28953 g
 3.6942532 8.737639 -0.53809685 28957 a
 0.6997123 -3.1118207 0.070615314 29155 g
 7.1233487 10.881048 5.985504E-4 29160 a
 -1.2902017 0.8094177 0.42135364 29355 g
 -0.25139117 15.553931 -1.7531542 29360 a
 -2.2031333 -0.64360297 1.2410746 29551 g
 -1.8650831 6.5367694 -0.6967127 29555 a
 0.5859953 1.2557635 -0.054553255 29754 g
 4.0025067 8.1756 -0.008978256 29759 a
 0.5111605 0.9937085 -0.038307972 29954 g
 -0.44113165 8.016386 -1.3599066 29958 a
 0.19024956 -0.39619526 -1.0143565 30151 g
 3.8031895 9.775525 -1.1971009 30163 a
 -0.13518871 -4.08707 0.85172045 30355 g
 2.047641 10.002377 -0.9235633 30360 a
 0.17746639 1.5689512 -0.38132313 30567 g
 1.2785037 8.863934 3.2411506 30568 a
 -3.1893017 -3.7579036 2.1742463 30753 g
 3.117849 8.7609825 -0.65660983 30758 a
 -0.31415313 1.5694839 1.301262 30955 g
 2.9514523 9.201516 1.4287399 30960 a
 1.090398 -0.73308516 -1.0090302 31154 g
 -0.9840169 9.207501 -4.5232453 31158 a
 0.28612337 -0.40604898 -0.77919936 31354 g
 1.1881226 9.606135 -2.1428106 31358 a
 1.0858706 2.4427345 -0.45456004 31553 g
 2.7311857 9.734824 -2.693477 31558 a
 0.12260528 -4.372561 -0.03857429 31755 g
 4.955399 10.87626 1.6190789 31759 a
 -1.6462663 -1.5317671 0.2274755 31955 g
 0.19393034 9.152434 -0.61411273 31960 a
 -0.09098024 -3.5911896 1.4551928 32155 g
 0.08738836 6.9120603 1.0414777 32159 a
 0.38679084 0.11486533 -0.026323749 32355 g
 2.7521348 8.139089 -0.374094 32359 a
 0.3194129 1.4823985 -0.25908402 32559 g
 0.22625206 8.3629465 -2.3355439 32562 a
 0.25709492 1.1023655 -0.86229 32757 g
 1.7830818 10.605715 -3.5003228 32761 a
 -0.36874795 -6.7672753 0.75078666 32956 g
 1.9937714 9.452907 -1.4867992 32961 a
 1.1934624 -0.43694165 -0.5280633 33156 g
 1.8441339 10.879851 1.1737574 33161 a
 -3.1496208 -5.031427 1.0333481 33354 g
 3.8097734 8.659827 -1.2725182 33363 a
 0.8701546 -3.1786659 1.1824851 33552 g
 -1.365892 7.6865845 0.94570965 33556 a
 0.3609582 -0.42708793 -0.59650654 33753 g
 -0.32621 11.193492 -0.46208093 33756 a
 0.7929229 1.3729426 -1.1176871 33954 g
 1.2012907 9.947908 -3.6727054 33963 a
 1.0754843 2.2102404 -1.0769408 34153 g
 4.0467997 8.652046 -3.2196028 34156 a
 -0.67314726 -3.2167492 0.47355157 34354 g
 2.6521769 9.779117 -2.64679 34358 a
 0.22833277 0.015795741 -0.21407661 34555 g
 1.3664906 8.911219 2.0638018 34565 a
 -2.0705078 -1.6334999 1.9042017 34754 g
 3.90614 8.76637 0.51116204 34759 a
 -0.41375536 1.3676163 1.1918061 34953 g
 2.2750902 8.622119 0.75118077 34959 a
 0.56149423 -1.2486731 -0.7451109 35155 g
 -3.1411927 16.4338 3.0753522 35163 a
 1.5308849 1.2051635 -1.9240923 35356 g
 1.6041151 9.655815 -4.317344 35358 a
 1.7234313 4.133309 -0.84204996 35556 g
 4.63697 7.8912888 -1.8860323 35570 a
 -0.12773186 -2.7823875 0.30364192 35755 g
 3.4811692 10.594342 -2.110489 35758 a
 -0.22706777 1.2594919 -0.046830088 35954 g
 2.6192567 8.968081 -2.8089972 35961 a
 -0.8204201 2.5537882 2.3827717 36155 g
 1.7184383 9.5253315 -1.8417397 36163 a
 0.7926566 2.4110427 0.6951266 36358 g
 8.330027 8.998607 3.5458126 36367 a
 0.45949516 -0.32295835 0.07141426 36555 g
 -1.3587095 19.612701 5.2127757 36561 a
 0.41928142 3.6888275 -1.7941301 36758 g
 2.4678235 8.693945 -4.9655743 36761 a
 1.4573816 2.9162445 -0.4833222 36956 g
 3.0298622 8.362348 -2.8119898 36960 a
 -0.7897937 -2.8084865 0.25277552 37161 g
 2.8485014 10.364499 -1.7040731 37164 a
 0.36894768 0.7971672 -0.099294364 37362 g
 2.7665 9.469068 -3.1387985 37365 a
 -0.39271638 3.7562056 1.80673 37565 g
 2.2744915 8.99741 0.49200845 37571 a
 -0.27793413 -0.39273316 1.3329537 37764 g
 6.117185 11.040861 5.2887917 37767 a
 0.5628258 -0.36077523 -0.15335654 37962 g
 -0.29209262 8.825626 -5.2660465 37966 a
 0.014747255 1.7340673 -0.7451109 38164 g
 0.5823896 9.044696 -1.827973 38168 a
 0.87281775 1.6930546 -0.16986813 38362 g
 2.9053638 9.38168 -0.87927055 38366 a
 1.2805477 -2.467602 -0.31074935 38562 g
 4.643554 11.370663 -2.1350293 38566 a
 -0.14956978 2.6030567 0.08712691 38767 g
 2.0207062 13.63019 -3.0466216 38772 a
 -0.91815805 3.4209135 1.7081931 38963 g
 -0.35673606 7.318476 -0.533907 38966 a
 0.109289475 1.4728111 0.2591671 39162 g
 16.83902 9.255983 4.3783965 39166 a
 0.84991455 -0.36556894 -0.21460924 39365 g
 -1.3347675 5.589264 -1.6364368 39370 a
 -0.18712035 1.1026318 -1.1941199 39563 g
 2.0009542 9.270947 -0.37708676 39568 a
 0.6099638 -1.3253722 0.04691318 39765 g
 2.6725276 9.32781 -1.941099 39768 a
 1.034738 -0.87263477 -0.37173575 39967 g
 3.537433 11.428123 -1.8315643 39971 a
 -0.3833953 1.5076985 0.120416425 40164 g
 2.885013 11.829751 -3.8935704 40176 a
 -1.0550445 2.432348 1.487417 40364 g
 -0.26276365 6.983288 -0.24480712 40368 a
 0.29997182 1.4600279 0.13692802 40567 g
 12.591106 9.950901 2.9867666 40574 a
 0.82994086 0.6355133 -0.2782588 40765 g
 -0.7015011 6.623559 -1.5598224 40769 a
 0.11861054 0.3076782 -0.99731225 40965 g
 1.5616181 11.052833 -1.6693572 40970 a
 1.2472582 0.56440693 -0.05295536 41168 g
 2.3199813 9.488221 -1.050456 41172 a
 1.1439276 0.035769448 -0.10435437 41365 g
 3.8259344 12.109274 -2.5091233 41370 a
 -0.6044377 1.1071591 0.098578505 41565 g
 3.481768 12.429498 -4.8141413 41568 a
 -1.1099057 4.123189 1.1787566 41765 g
 -0.54887074 7.6015906 -1.536479 41769 a
 0.27786756 1.9258149 0.53879905 41965 g
 14.404116 10.411186 5.48332 41968 a
 1.1540476 -0.6611798 0.28420082 42165 g
 -1.0366893 5.6724625 -3.881001 42168 a
 -0.3234742 1.5740113 -1.0050354 42367 g
 1.8136078 9.334992 -2.059612 42372 a
 1.2909341 3.0989373 -0.6287308 42567 g
 2.9364884 8.920795 -0.81522566 42570 a
 0.46775097 -1.8494823 0.118285894 42767 g
 3.4799721 10.674548 -2.1601684 42771 a
 -0.22333935 2.0685604 0.009895241 42970 g
 0.8242039 14.412496 -3.7726634 42975 a
 -1.837215 1.6728146 1.394739 43167 g
 -0.9540894 6.729502 -0.7260417 43183 a
 0.119942114 1.0179433 -0.078521706 43363 g
 9.2069025 8.139089 2.8179753 43367 a
 0.37400767 1.3721436 -0.10675121 43570 g
 -0.8571242 8.434174 -0.7062895 43574 a
 0.017943047 0.9990348 -1.2292736 43768 g
 1.0061632 10.284293 -2.271499 43772 a
 -0.3019026 -3.6359308 0.49325898 43960 g
 3.2914288 9.870096 -1.1204864 43962 a
 1.1178286 0.33111402 -0.5677444 44162 g
 4.696825 12.223597 -2.1362264 44163 a
 -0.11388343 1.7817378 0.48740003 44370 g
 2.9724014 11.510124 -4.0707417 44374 a
 -2.1280322 0.57825536 0.9518553 44568 g
 1.1055226 7.007828 -1.3449428 44571 a
 0.6027732 1.7364641 0.37927568 44771 g
 7.641693 9.961675 5.1277814 44776 a
 0.48799098 -0.027347468 0.36116618 44965 g
 -0.7374141 10.034698 -3.50152 44968 a
 0.09863683 1.960436 -0.5190086 45168 g
 2.267309 10.773309 -1.602918 45181 a
 0.9567073 4.5674043 -0.7807973 45368 g
 2.7222073 9.764751 -1.1300632 45377 a
 -0.51282495 -1.8974192 0.22800814 45568 g
 1.429937 9.320028 -1.4826094 45575 a
 -0.0030959249 -0.1336076 0.012824719 45768 g
 2.5659857 9.800066 -1.543063 45772 a
 0.13139372 0.92686313 -0.07559223 45971 g
 1.2078748 12.229582 -3.4219127 45975 a
 -1.1602395 0.5806522 1.0700997 46168 g
 -0.41240123 7.744644 0.3184288 46172 a
 0.15909058 1.1172792 -0.013540576 46368 g
 8.667608 10.088568 1.5424645 46372 a
 0.24138226 -0.1437276 0.25410712 46570 g
 -0.3465607 3.9031472 -3.0585926 46574 a
 0.44058672 1.3313973 -0.8303321 46771 g
 0.6937199 8.697536 -1.9416976 46775 a
 0.32340762 3.2241058 -0.1477639 46971 g
 2.1092918 8.963891 -1.7393875 46975 a
 -0.18019614 -2.3823807 0.028271053 47173 g
 2.8724434 8.667608 -2.570774 47178 a
 -0.14797188 0.22219072 0.17021754 47371 g
 -1.0696096 9.801263 -2.5839422 47375 a
 -0.97408444 -3.9299438 0.023211047 47570 g
 -2.5677812 9.808446 -2.2601264 47574 a
 -0.07899602 -2.1434953 -0.1957008 47775 g
 -1.7082629 9.598354 0.21787235 47779 a
 -0.32560474 -3.508898 0.038391065 47971 g
 -0.1921347 9.225458 0.770933 47975 a
 0.17160743 -1.9189907 -0.16374286 48171 g
 -2.8652608 9.212888 2.6982653 48175 a
 0.17480324 -1.1152488 -0.23618084 48373 g
 -0.41240123 9.730036 0.16819267 48378 a
 0.9913284 -0.74187356 0.21975233 48570 g
 -1.453879 10.503962 -3.2465374 48574 a
 0.07253785 -0.31949624 -0.06707011 48774 g
 2.3948002 9.242217 -2.5683799 48778 a
 -0.3000384 -1.7565379 0.32894194 48974 g
 1.2599486 9.69951 -1.7585411 48976 a
 0.20329906 -1.3112574 0.04425002 49173 g
 1.8381484 9.555259 -1.5652094 49177 a
 -0.079794966 -0.3027183 0.054636348 49375 g
 -1.9261353 10.631453 -0.24839842 49378 a
 -2.8244488 -7.3185496 0.8658352 49577 g
 1.3724761 10.952874 0.15741876 49581 a
 -0.976215 -0.82523054 1.3939401 49777 g
 -0.18136078 7.700351 0.9672575 49781 a
 0.19424431 0.62326276 -0.08917435 49975 g
 1.2814964 8.662222 0.2669535 49978 a
 0.66988486 1.6871957 0.009895241 50177 g
 0.10115502 8.973468 -1.3126211 50189 a
 0.58386475 0.6064849 -0.367741 50376 g
 1.0366893 9.854534 -1.1677719 50380 a
 0.9071725 1.3796005 0.034662638 50576 g
 0.8086416 9.528923 -1.6364368 50580 a
 0.2600244 0.24908864 -0.08278276 50781 g
 1.9806033 9.566033 -1.7896658 50784 a
 0.43099934 -0.62256396 -0.15974812 50975 g
 3.25791 13.377004 1.0773908 50980 a
 -1.4949988 -2.5381758 1.5119181 51176 g
 2.678513 10.68652 -1.1528081 51180 a
 -0.6893925 -0.8481337 0.99073744 51378 g
 1.0283096 7.315483 1.0414777 51383 a
 0.32180974 1.5532386 -0.10195752 51575 g
 7.4866686 8.898649 2.5899277 51578 a
 0.44857618 1.3194131 0.06528899 51779 g
 1.2186487 9.264363 -0.8026561 51783 a
 0.26828018 1.089316 -0.59490865 51977 g
 2.404377 9.728839 -1.7711107 51981 a
 1.1101054 2.0129 -0.7017014 52177 g
 0.99658644 9.276933 -2.0745757 52181 a
 -0.3895206 -2.561878 0.3832704 52377 g
 1.7549498 9.658808 -1.5269021 52381 a
 0.31062445 -0.14186339 -0.27506298 52580 g
 3.8486793 11.799225 -1.951873 52584 a
 -0.12879713 0.056542106 0.291924 52780 g
 1.3796587 10.9103775 -1.2198458 52784 a
 -0.8904612 -1.3671838 1.2653093 52977 g
 0.25558102 7.32925 0.10534488 52982 a
 0.27733493 1.0315254 0.10097535 53181 g
 5.321712 7.9768815 3.0669725 53184 a
 0.5945174 0.35321826 -0.25508928 53378 g
 1.4383167 14.535198 2.111686 53382 a
 1.0959907 1.793722 -0.7062288 53578 g
 2.3732524 10.481815 -2.0949266 53582 a
 0.9913284 0.14096431 -0.501698 53782 g
 0.97144735 9.555858 -1.8992004 53785 a
 -0.30083734 -2.1914322 0.54758745 53979 g
 1.4227544 9.77792 -2.5127146 53982 a
 0.17613481 -0.65665245 -0.08677751 54179 g
 2.8287494 9.090185 -2.1164744 54183 a
 -0.32667 -1.3461448 0.1960502 54380 g
 0.8158242 9.787497 -1.7357962 54384 a
 -0.05076651 -1.5826335 -0.07612486 54578 g
 2.0566192 8.437765 0.14784196 54582 a
 -1.1559783 1.0368516 0.7417319 54782 g
 2.9873652 10.675745 -0.075417355 54786 a
 -0.5098955 -2.4950325 1.7707773 54981 g
 0.030526072 7.5333557 0.5979519 54984 a
 0.023003053 0.7857156 -0.2588177 55180 g
 8.239645 9.021951 2.9191303 55193 a
 0.57560897 0.955359 0.11295957 55379 g
 -0.95588505 7.5985975 -0.82001406 55383 a
 0.60490376 0.93352103 -1.1379272 55579 g
 1.0372878 10.217256 -0.6901286 55582 a
 1.1955929 -0.5373428 0.25756922 55783 g
 1.3084313 9.704897 -1.1713632 55788 a
 0.7135607 0.2168644 -0.1147407 55981 g
 2.4229321 9.649231 -2.3361423 55985 a
 -0.3482416 -0.026015887 0.08899113 56182 g
 0.688333 10.814011 0.7404069 56186 a
 -1.9168434 1.4160858 0.8554489 56382 g
 2.7665 9.328408 -0.7811083 56385 a
 -0.104562365 -0.01216745 0.70471394 56584 g
 4.7536874 10.173561 4.9919105 56587 a
 -0.47101334 0.84776723 0.4261473 56784 g
 3.7966053 7.053318 1.4173675 56788 a
 0.14204635 1.2581604 -0.070532225 56982 g
 3.080739 10.654198 1.0869676 56986 a
 0.5561679 1.6214155 -0.31074935 57183 g
 1.8441339 9.622296 -2.4384944 57186 a
 0.8786767 2.378286 -1.2535083 57385 g
 1.3628993 10.12448 -2.3451207 57388 a
 -0.69977885 -4.0188932 0.5803443 57578 g
 1.9614497 9.512762 -1.7477672 57582 a
 0.29890653 -0.30112043 -0.17173234 57783 g
 1.6753427 10.2657385 -2.19668 57787 a
 -0.23985094 -1.5251093 0.23679656 57985 g
 0.5710171 8.403648 1.5855601 57990 a
 -1.4878082 0.67253125 1.162245 58184 g
 2.5605986 8.944737 -0.4854244 58187 a
 -0.33945316 0.47545734 0.5941928 58382 g
 2.03567 8.513782 1.4508862 58387 a
 0.2869223 0.11246849 0.064756356 58586 g
 5.294777 8.576629 2.517503 58593 a
 0.3050318 1.7316704 0.27115133 58784 g
 0.7781156 8.098986 -1.7357962 58787 a
 1.0536464 -0.34293205 -0.45775583 58983 g
 1.3042414 10.096349 -1.6059108 58987 a
 0.6464491 2.1135678 -0.41408 59186 g
 2.0081367 9.209297 -2.0548236 59191 a
 -0.53066814 -0.44333324 0.22481234 59384 g
 1.5765818 9.65821 -1.8698715 59388 a
 0.22460435 -0.9472033 -0.05215641 59584 g
 3.5063083 9.695918 -2.4588451 59588 a
 0.091179974 -0.16556552 -0.067602746 59787 g
 -0.46387658 10.010756 3.5236664 59793 a
 -1.574361 1.38759 0.4474526 59985 g
 2.4558525 9.998785 -0.44771573 59988 a
 -0.40496692 1.1995709 0.8144362 60323 g
