 -2.7544076 -5.4780393 0.26262924 2 g
 -0.17357962 11.045051 -0.43035775 4 a
 -1.3242902 -3.9640322 1.1928713 119 g
 1.8070238 6.877943 0.9307459 124 a
 1.0685601 1.1204749 -0.39543787 315 g
 0.2837129 12.704233 -1.7501614 319 a
 0.4403204 1.0413791 -0.21940292 518 g
 2.7563248 10.226234 -3.0490158 523 a
 1.2094413 3.2398186 -0.8223426 717 g
 2.204461 9.188946 -1.9602526 721 a
 0.18039587 -1.8116654 0.36702514 916 g
 3.323152 11.4377 -2.5875335 920 a
 -0.21055618 0.5747933 -0.1661397 1119 g
 2.2750902 10.682329 -1.8303672 1124 a
 -1.5298861 3.395347 0.9233595 1323 g
 1.6118963 9.036316 -1.2635399 1327 a
 -0.45183855 1.9588381 0.62881386 1519 g
 8.026561 10.972627 7.4585366 1524 a
 0.7164902 -0.23427509 -0.40342736 1718 g
 -0.32680854 6.729502 -1.6304513 1722 a
 0.57081527 -0.29020146 -0.42846107 1921 g
 3.4159272 9.088988 -1.0187328 1925 a
 1.8043915 0.7345829 -0.020464795 2120 g
 2.8101943 8.899846 -0.79846627 2125 a
 0.12580107 -0.18287608 -0.018866898 2320 g
 4.7219644 10.376471 1.204882 2325 a
 -0.26808044 0.5769238 0.0027047063 2522 g
 3.2519245 14.634558 -4.0037036 2527 a
 -2.0313594 2.1436615 0.06528899 2723 g
 -0.45489833 5.7586536 -0.8690952 2727 a
 0.23818646 0.95216316 -0.104887 2921 g
 1.1976994 8.521563 1.1486182 2925 a
 0.25443175 2.202251 -0.10462069 3115 g
 0.26276365 8.535329 -1.7399861 3118 a
 0.4174172 -0.30138674 -0.83778894 3323 g
 1.9231426 9.097368 -1.4867992 3327 a
 -0.055560198 -4.9824247 0.7806141 3522 g
 2.5073278 9.304466 -1.8800468 3526 a
 0.5250089 -0.30538148 -0.24070822 3728 g
 1.9596541 11.911154 0.8170213 3732 a
 -1.7061875 -3.6652255 0.15743436 3922 g
 2.461838 12.945449 -1.7034745 3927 a
 -1.677159 1.1122191 0.5435927 4123 g
 -0.023942016 6.282984 0.27832595 4127 a
 0.46269095 1.1242033 0.087659545 4320 g
 3.7014358 8.438364 2.079364 4325 a
 0.5361942 1.8126305 0.19019124 4525 g
 -0.060453594 6.5762734 -1.9009962 4528 a
 0.21794644 -0.094725445 -0.99784493 4720 g
 1.4059949 9.998785 -1.2934675 4724 a
 0.07733154 -4.3448644 0.9180332 4929 g
 2.8161798 9.231443 -1.702876 4933 a
 0.62248063 -0.13653708 -0.28624827 5125 g
 3.0986955 10.972627 -2.1481974 5129 a
 -0.2920489 -0.576225 0.1827344 5326 g
 2.8502972 11.311406 -3.5314474 5329 a
 -1.3147027 2.6813536 0.75558037 5527 g
 1.5658079 7.5830355 -0.9876082 5530 a
 -0.285391 0.81101567 0.48260632 5725 g
 10.387244 10.658387 8.461707 5728 a
 0.38998663 -0.23374245 -0.29796618 5922 g
 1.0857705 8.2115135 -1.287482 5929 a
 0.8336693 -0.24546036 -0.36081678 6127 g
 2.2415714 9.278131 -1.3664906 6131 a
 1.2957277 1.7878631 -0.2404419 6326 g
 3.433884 8.653842 -1.5520413 6330 a
 -0.07153916 -1.5362946 -0.10142489 6526 g
 2.8652608 9.381081 -1.8992004 6529 a
 -0.51309127 0.26560026 0.15423857 6727 g
 -2.3732524 9.649231 3.7720647 6730 a
 -3.4731948 -1.5994115 0.14411856 6931 g
 0.88944596 10.20289 -0.374094 6935 a
 0.15136741 -1.9229856 0.4077715 7129 g
 3.739743 9.82341 3.2094274 7134 a
 -0.3833953 -0.5522565 0.17394596 7330 g
 4.8219223 8.032547 0.02932897 7334 a
 0.7279418 1.3021026 -0.16374286 7527 g
 0.80804306 10.420164 -1.0061632 7532 a
 1.081077 0.12791482 -0.37706205 7727 g
 2.1212628 9.9712515 -1.9315223 7731 a
 0.14018214 -0.5357449 -0.045764826 7932 g
 2.2212207 9.469068 -1.9189527 7936 a
 -0.22999725 -1.3221763 0.10630167 8130 g
 2.8616695 9.41879 -1.7483658 8135 a
 -0.086719185 -0.6475977 -0.0255248 8328 g
 2.0697873 9.812037 -2.3594859 8333 a
 -0.07739812 -0.8132463 -0.1280565 8532 g
 2.6431987 9.510966 -1.8166006 8535 a
 0.044840973 0.53031844 -0.21487555 8728 g
 1.910573 9.584588 -1.5969325 8732 a
 -0.08086023 -0.117096 -0.017535318 8932 g
 1.934515 9.671976 -1.1797429 8936 a
 0.08558734 0.39929095 -0.0337806 9135 g
 1.1150994 9.427768 -1.7184383 9138 a
 -0.5410545 -0.030543262 0.0096289255 9329 g
 0.8702923 9.621698 -1.7848774 9334 a
 0.4533699 -0.4859438 0.055701613 9529 g
 1.7435774 9.560646 -1.2850877 9534 a
 -0.7410579 -0.0742191 0.0620932 9732 g
 1.702876 9.586384 -1.3563153 9736 a
 0.21501696 0.092228465 -0.04523219 9931 g
 1.6801311 9.670779 -1.3215994 9935 a
 -0.09098024 0.0054094126 0.046646863 10133 g
 1.6729485 9.636662 -1.5939398 10141 a
 0.06481468 0.036035765 -0.0042195125 10336 g
 1.7429788 9.609727 -1.4862007 10340 a
 -0.0076232986 0.05600947 -0.013806893 10530 g
 1.7298107 9.614515 -1.4706384 10535 a
 0.046172556 0.029644178 -0.02765533 10731 g
 1.6531962 9.595362 -1.5436616 10734 a
 -0.010552776 0.010735735 -0.006083725 10933 g
 1.6101006 9.598354 -1.5873557 10936 a
 -0.01028646 -0.0055095474 -0.0047521447 11134 g
 1.6962919 9.601946 -1.5580268 11138 a
 0.0075567197 0.049884204 -0.02153006 11332 g
 1.7489643 9.572019 -1.4371196 11336 a
 -0.029194903 0.05627579 -0.010877415 11536 g
 1.5586253 9.592369 -1.407192 11539 a
 0.0253999 -0.01083587 0.014156299 11732 g
 1.6484078 9.634866 -1.6089035 11735 a
 0.012883042 -0.04146222 0.0051015513 11933 g
 1.6747441 9.566033 -1.6962919 11936 a
 0.017410416 0.07332002 -0.025791118 12137 g
 1.6065093 9.698911 -1.6136919 12141 a
 0.026997795 0.08636951 -0.0042195125 12333 g
 1.5813702 9.681553 -1.5957354 12337 a
 0.025666215 0.09702215 -0.003420564 12533 g
 1.4646529 9.589975 -1.6262615 12537 a
 -0.018009627 -0.004177967 -0.027389014 12735 g
 1.560421 9.633071 -1.4454993 12739 a
 0.05815678 0.13563798 -0.015404789 12934 g
 1.0803835 9.835979 -1.6543933 12937 a
 -0.007889614 -0.10617704 0.055701613 13132 g
 1.9405005 9.493608 -1.3497312 13136 a
 -0.015080149 -0.007906392 0.016553143 13338 g
 1.7896658 9.5971575 -1.5143325 13343 a
 0.15083478 0.1854391 -0.06627116 13534 g
 1.5652094 9.677961 -1.79206 13538 a
 0.038449388 0.19289595 -0.036177445 13734 g
 1.2114661 9.509171 -1.8662802 13737 a
 -0.1365203 -0.4366753 0.07833848 13936 g
 1.2940661 9.778519 -1.3042414 13940 a
 0.19291273 -0.11576442 0.107366934 14135 g
 1.5466543 9.435549 -1.9913772 14138 a
 9.986854E-5 0.0043441486 -0.009812151 14337 g
 1.6412252 9.60015 -1.4407109 14342 a
 0.069608375 0.083440036 -0.056683786 14537 g
 1.0450691 9.643246 -1.8309658 14542 a
 -0.11201921 -0.22308981 0.040521592 14735 g
 1.6370354 9.612122 -1.4939818 14738 a
 0.074402064 -0.14639077 0.04771213 14936 g
 1.7064673 9.546879 -1.7525556 14939 a
 -0.022537 -0.06836015 0.03199948 15136 g
 1.7393875 9.547478 -1.6885108 15148 a
 0.01634515 -0.027613785 -0.006083725 15334 g
 1.7064673 9.553463 -1.7363948 15337 a
 0.017676732 -0.0036453349 0.024009995 15534 g
 1.6980876 9.551069 -1.7932571 15538 a
 0.05203151 0.021654695 -0.0047521447 15736 g
 1.7681179 9.515755 -1.863886 15740 a
 -0.0116180405 0.042161036 -0.012475312 15934 g
 1.7561469 9.576807 -1.7968484 15938 a
 0.028063059 0.06612948 -0.01806795 16134 g
 1.650802 9.545682 -1.9626468 16138 a
 0.04244413 0.08237477 -0.02073111 16336 g
 1.7735049 9.531916 -1.8992004 16341 a
 0.0032956619 0.028312597 -0.009279518 16536 g
 1.6705543 9.515755 -1.9015948 16541 a
 -0.003894873 -0.018292721 -0.006083725 16735 g
 1.6861166 9.552266 -1.9177556 16740 a
 -0.004427505 -0.024950624 0.0056341835 16936 g
 1.6484078 9.536105 -1.8902222 16943 a
 -0.0054927696 -0.005775864 -7.5740303E-4 17136 g
 1.6753427 9.542689 -1.8818425 17141 a
 -0.008155931 -0.007107444 -0.0015563513 17334 g
 1.6340426 9.509171 -1.8920178 17338 a
 -0.015879098 -0.008705341 0.008563661 17537 g
 1.5795746 9.614515 -1.7788919 17541 a
 -0.014014885 -0.04838644 0.0029710224 17764 g
 1.553837 9.569026 -1.7986441 17768 a
 0.013149357 -0.02255378 0.0035036546 17933 g
 1.608305 9.568427 -1.8309658 17934 a
 0.01634515 -0.011368502 0.008829976 18139 g
 1.5310919 9.563639 -1.8608932 18144 a
 -1.6644757E-4 0.03763366 0.010427874 18337 g
 1.5215151 9.597756 -1.7543513 18343 a
 -0.018009627 -0.035869583 0.004302603 18543 g
 1.5975311 9.567828 -1.7950528 18547 a
 0.01021988 0.016062057 0.0021720743 18743 g
 1.6112977 9.53012 -1.8052281 18746 a
 0.0056925067 -0.005775864 0.0021720743 18940 g
 1.6394296 9.546879 -1.7711107 18947 a
 0.0032956619 -0.0052432315 0.0048352354 19140 g
 1.6077064 9.5809965 -1.8183962 19145 a
 -0.0012317119 -0.006574812 -0.003154248 19343 g
 1.6639702 9.573814 -1.8255788 19347 a
 -4.3276369E-4 0.01659469 -0.008746887 19543 g
 1.6382325 9.55885 -1.8124107 19547 a
 0.03285675 0.023252591 -0.0076816217 19741 g
 1.429937 9.533711 -1.9141643 19744 a
 -0.086452864 -0.21323611 0.011226822 19946 g
 1.6160861 9.632472 -1.6597804 19953 a
 0.017943047 -0.15757604 0.01069419 20141 g
 1.6454151 9.52174 -1.7782934 20157 a
 -0.024933845 -0.03001063 -0.0066163572 20336 g
 1.4508862 9.542689 -1.7196354 20345 a
 -0.04304334 -0.018825352 -0.005817409 20545 g
 1.541866 9.601347 -1.654992 20549 a
 0.007823036 0.07758108 -0.0018226674 20741 g
 1.4454993 9.628283 -1.8177977 20745 a
 -0.010552776 -0.04092959 -0.0130079435 20945 g
 1.5813702 9.627085 -1.6041151 20951 a
 -0.027330691 -0.015096927 0.017085776 21145 g
 1.5095441 9.578603 -1.6334441 21149 a
 -0.024933845 -0.056375924 0.0208142 21343 g
 1.7232267 9.642648 -1.5161282 21346 a
 0.06774416 0.098353736 -0.041770082 21545 g
 1.3946224 9.551069 -1.6639702 21549 a
 -0.103497095 0.120990604 -0.0026216158 21745 g
 1.4616601 9.626487 -1.4215573 21749 a
 0.061885204 0.06266738 -0.0068826736 21946 g
 1.4652514 9.56723 -1.6663644 21952 a
 0.04777045 -0.06862646 0.008563661 22144 g
 1.460463 9.561244 -1.6693572 22147 a
 -0.02599911 0.083440036 0.0061668158 22346 g
 1.7202339 9.576807 -1.5801731 22350 a
 0.03472096 0.06266738 -7.5740303E-4 22546 g
 1.5801731 9.464878 -1.7705121 22550 a
 0.0064914552 -0.096855976 -0.0023552997 22754 g
 1.6597804 9.5253315 -1.7357962 22763 a
 -0.052098088 0.08370635 -0.03724271 22947 g
 1.4371196 9.631873 -1.6992847 22954 a
 0.021671474 -0.01562956 0.0096289255 23144 g
 1.4173675 9.75697 -1.8872294 23148 a
 -0.111486584 -0.20950769 -0.02073111 23345 g
 1.5939398 9.630676 -1.4850036 23348 a
 -0.0025632926 -0.17248975 0.06422373 23549 g
 1.9111716 9.432556 -1.7531542 23554 a
 0.021405157 0.10234848 -0.05774905 23745 g
 1.2910733 9.619304 -1.5885528 23748 a
 -0.035852805 0.12178955 -0.016470054 23948 g
 1.4287399 9.578603 -1.5897499 23954 a
 0.04563992 0.0043441486 -0.005817409 24146 g
 1.311424 9.688137 -1.7112557 24150 a
 -0.023868581 -0.11097073 0.058897406 24346 g
 1.4478935 9.741408 -1.6771383 24350 a
 -0.020672787 -0.10591072 0.047179498 24548 g
 1.7585411 9.66659 -1.6777369 24552 a
 0.16308533 0.08210845 -0.003953196 24746 g
 1.7004818 9.455301 -1.7459716 24750 a
 0.055759937 0.13457273 0.04744581 24948 g
 2.32058 9.435549 -2.0614076 24954 a
 0.080261014 0.08423898 0.028803686 25147 g
 2.1386206 9.343372 -2.3678656 25159 a
 0.024600951 0.1806454 -0.010877415 25347 g
 2.4534583 9.237429 -2.1721394 25351 a
 -0.027330691 0.29596028 -0.049759567 25549 g
 1.8369513 9.301474 -1.9009962 25553 a
 -0.051565457 -0.436409 0.07381111 25746 g
 1.8632874 9.483433 -1.8974048 25750 a
 -0.09497498 -0.28514147 0.06608794 25949 g
 1.8309658 9.409811 -2.1493945 25956 a
 -0.016411731 -0.09818755 -2.2477079E-4 26147 g
 1.8106151 9.458893 -1.8166006 26151 a
 -0.11468238 -0.13813497 0.05836477 26347 g
 2.2266076 9.390059 -1.816002 26352 a
 0.014214622 -0.25504774 0.045847915 26550 g
 2.231396 9.425373 -2.0530279 26555 a
 0.036318857 0.047753673 -0.01327426 26747 g
 2.147599 9.3822775 -2.1045034 26752 a
 0.007823036 0.13750221 -0.015138472 26946 g
 1.9871874 9.458893 -2.1511903 26950 a
 -0.010552776 0.023785224 0.0056341835 27147 g
 2.2571337 9.458294 -1.7902644 27151 a
 0.028595692 0.014996792 -4.910869E-4 27347 g
 1.9321208 9.463082 -2.2679076 27351 a
 0.0016977652 -0.13467287 0.02161315 27548 g
 2.0123265 9.354146 -2.0141222 27552 a
 -0.031858064 0.02192101 0.035195272 27751 g
 1.9183542 9.431957 -2.247557 27755 a
 0.005958823 -0.08487175 -0.008214254 27949 g
 2.0039468 9.544485 -2.0332758 27953 a
 -0.10882342 -0.14825498 0.04744581 28149 g
 2.083554 9.317036 -2.1960814 28154 a
 -0.17806561 -0.565306 0.0538374 28353 g
 2.2451627 9.457695 -2.44029 28357 a
 -0.34318158 -0.21669821 0.018417357 28550 g
 0.3585317 9.7084875 -1.5328877 28554 a
 -0.6790062 -2.2473586 0.503379 28750 g
 0.51355624 9.857527 1.2276269 28753 a
 -1.8180403 -1.5277724 0.3776778 28953 g
 5.473145 7.553706 0.878672 28958 a
 -0.7189536 1.069076 -0.2881125 29150 g
 1.9165585 9.204509 1.7016789 29154 a
 1.2328771 1.3090267 -0.06201011 29350 g
 1.7471687 9.392453 0.76315176 29355 a
 0.0022303974 0.14682327 -0.030052174 29546 g
 0.31603462 10.457274 0.5770026 29550 a
 0.57481 0.49117 0.3087019 29746 g
 0.6596026 9.794679 -0.34955344 29750 a
 0.16148743 -0.04092959 -0.026323749 29947 g
 1.4089876 9.583989 -0.7272388 29950 a
 0.26881284 -0.05504434 0.16276069 30147 g
 2.2960393 10.001778 -1.8956091 30151 a
 -0.069674954 0.38810566 -0.20129344 30347 g
 3.3243492 9.169194 -0.6344634 30350 a
 0.34364766 -0.42522374 -0.032715335 30547 g
 1.4089876 9.493608 -0.62967503 30552 a
 -1.0654309 0.7164734 0.1150901 30748 g
 1.6813282 9.561244 0.842759 30753 a
 -1.2475911 0.114066385 -0.36028415 30948 g
 1.751957 10.373477 1.1366472 30952 a
 1.8299578 0.7457682 0.2849998 31148 g
 2.280477 9.910798 -0.24720132 31152 a
 -0.47633964 -0.9527959 -0.44736952 31349 g
 -0.4261679 9.973047 1.1707647 31353 a
 0.09517472 0.06879265 0.05729951 31548 g
 1.2144588 9.671378 0.8295909 31553 a
 0.046705186 0.119925335 -0.009279518 31754 g
 1.3102269 9.690532 1.0702082 31759 a
 0.0027630297 -0.02441799 -0.018866898 31949 g
 1.258153 9.655815 0.908001 31954 a
 -0.020939104 -0.052913815 0.0053678676 32149 g
 1.2695254 9.69113 1.0085574 32153 a
 -0.035320174 -0.033739056 0.009096293 32349 g
 1.22224 9.727043 1.0791864 32353 a
 -0.007889614 -0.035869583 0.004302603 32550 g
 1.1749545 9.812037 1.079785 32554 a
 0.0014314491 0.019524166 0.014688931 32750 g
 1.3377602 9.72824 1.1785458 32754 a
 -0.020140156 3.4940674E-4 0.015221563 32950 g
 1.2587515 9.813833 1.1121067 32954 a
 0.015812518 0.0349705 0.01894999 33147 g
 1.3682863 9.727641 1.2641385 33148 a
 -0.015080149 0.065330535 0.02294473 33350 g
 1.3856442 9.697116 1.110311 33354 a
 0.11381685 0.1225885 -0.013806893 33550 g
 1.3221979 9.698911 1.0360907 33555 a
 -0.059821256 -0.072887525 -0.0050184606 33752 g
 1.2785037 9.655815 1.0893618 33755 a
 0.001165133 -0.024151675 -0.003154248 33951 g
 1.1893197 9.604341 1.0163386 33955 a
 -0.05183177 -0.05877277 0.020547885 34151 g
 1.3814543 9.648633 1.2791022 34155 a
 0.0027630297 0.0035452 -0.003420564 34352 g
 1.3455414 9.673772 1.2108675 34356 a
 -0.01028646 0.04801999 0.01681946 34552 g
 1.4508862 9.685144 1.2186487 34556 a
 -0.027330691 -0.023352727 -0.006083725 34752 g
 1.2838906 9.642049 1.4341269 34756 a
 -0.025466477 -0.003911651 0.0016394419 34953 g
 1.4760253 9.47206 1.2012907 34957 a
 0.0056925067 0.013665212 8.4049365E-4 35153 g
 1.4820108 9.557653 1.1617863 35165 a
 0.013948306 -0.06543067 -0.015138472 35357 g
 1.271321 9.64145 1.3575124 35361 a
 -0.0036285568 -0.058240138 -4.910869E-4 35556 g
 1.5394717 9.575011 1.1575965 35560 a
 -0.027330691 -0.038532745 0.009096293 35754 g
 1.4449008 9.616311 1.4915876 35758 a
 -0.009753827 0.030443126 0.0021720743 35953 g
 1.3383588 9.698313 1.2797008 35957 a
 0.023802003 0.05947158 0.0021720743 36154 g
 1.4161704 9.657611 1.3724761 36158 a
 -0.0070906663 -4.4954158E-4 0.0016394419 36354 g
 1.4431051 9.611523 1.3144168 36358 a
 -0.0054927696 -0.0015148061 5.7417754E-4 36554 g
 1.5059528 9.634866 1.3425486 36558 a
 -0.015080149 -0.0047105993 -2.2477079E-4 36755 g
 1.42455 9.701904 1.389834 36762 a
 -0.015080149 -0.06463172 -0.0015563513 36957 g
 1.7459716 9.504981 1.3754689 36961 a
 -0.0116180405 -0.08140964 -0.015138472 37154 g
 1.4670471 9.634866 1.365892 37158 a
 0.05895573 0.12392008 -0.0036868802 37355 g
 1.258153 9.675568 1.1510124 37359 a
 0.059754677 0.10394637 -0.012475312 37555 g
 1.2503718 9.697116 1.0857705 37559 a
 0.0110188285 0.0123336315 -0.0068826736 37755 g
 1.228824 9.74859 1.1546037 37759 a
 0.005958823 0.02751365 -0.0018226674 37956 g
 1.3401544 9.683349 1.1563994 37960 a
 0.015812518 0.006474677 -0.0050184606 38156 g
 1.276708 9.68694 1.1258733 38160 a
 -0.0036285568 -0.014031663 0.0035036546 38355 g
 1.271321 9.716867 1.1779473 38359 a
 -0.016678046 -0.032407474 0.006699448 38556 g
 1.3736732 9.730635 1.1976994 38560 a
 -0.0030959249 -0.0017811222 -0.0023552997 38756 g
 1.4167689 9.640852 1.1755531 38760 a
 0.0051598744 0.026714701 0.00723208 38956 g
 1.2910733 9.665991 1.1755531 38960 a
 -0.0022969765 0.012599948 0.001905758 39157 g
 1.299453 9.692925 1.1833342 39160 a
 -0.013215937 -0.023885358 0.0032373385 39356 g
 1.3485341 9.657013 1.2252327 39360 a
 -0.012416989 -0.027347468 0.007498396 39557 g
 1.3563153 9.66659 1.2545617 39560 a
 -0.015879098 -0.022820095 0.0053678676 39757 g
 1.2372037 9.63726 1.1713632 39761 a
 -0.012150672 -0.027081152 0.0056341835 39957 g
 1.3210008 9.656414 1.4969746 39960 a
 -0.09790446 -0.2380035 0.06955005 40157 g
 1.6286557 9.52174 1.6777369 40160 a
 -0.059288625 -0.006574812 0.112426944 40359 g
 1.9506758 9.502586 1.7351977 40363 a
 0.05815678 0.042161036 0.19312072 40559 g
 2.0009542 9.758766 1.7070658 40563 a
 0.21448433 0.7233976 0.07594164 40758 g
 1.8938135 7.9631147 1.271321 40762 a
 0.091179974 0.8200704 -0.20182607 40958 g
 -3.6152446 11.20247 0.82480246 40963 a
 0.52580786 0.07065686 0.10896483 41158 g
 2.0602105 7.7027454 -0.27593175 41162 a
 1.1985223 -0.67236507 -0.3229999 41358 g
 3.8414967 9.325416 -1.1731589 41363 a
 0.8312724 0.7609482 -0.032715335 41560 g
 2.1679497 9.451111 -2.1170728 41564 a
 0.11834422 0.19023278 0.11082905 41759 g
 1.8243817 9.394249 -1.9003977 41763 a
 -0.006291718 0.19129805 0.1382596 41959 g
 2.5001452 9.32781 -1.429937 41963 a
 0.41688457 -0.62416184 0.02986895 42159 g
 2.3828292 9.54209 -2.0009542 42164 a
 -0.08964866 0.23737074 0.07993638 42359 g
 2.260725 9.546281 -2.0919337 42364 a
 0.09011471 0.25734445 -0.13684493 42559 g
 2.219425 9.441534 -2.0027497 42564 a
 -0.060620204 0.09489162 0.031466845 42762 g
 2.2661119 9.379285 -2.0769699 42765 a
 0.0403136 -0.052647498 -0.014339524 42960 g
 2.35769 9.361927 -2.0937295 42964 a
 0.007823036 0.034704186 -0.014605841 43160 g
 2.3558946 9.397242 -2.0829554 43164 a
 0.004627242 0.063466325 0.01681946 43362 g
 1.6154876 9.632472 -2.3570917 43365 a
 -0.6076335 -0.65398926 0.21016495 43561 g
 2.9670146 9.711481 3.608062 43565 a
 -1.7754296 -7.7041755 0.9949985 43762 g
 0.5446809 6.915053 0.27832595 43765 a
 -0.72720945 0.3707951 -0.03777534 43962 g
 1.0378864 9.36492 4.8775873 43966 a
 0.80037975 1.8861338 -0.44843477 44162 g
 3.5745432 7.100005 -2.0524294 44165 a
 -0.2819289 -0.5868776 -0.089440666 44362 g
 2.5264814 10.003573 0.31543607 44366 a
 0.6057027 -0.1831424 0.2407913 44563 g
 2.4366987 9.51755 -0.78050977 44567 a
 0.21235381 0.18783595 0.22028497 44763 g
 3.044826 9.545084 -1.1611878 44767 a
 0.14417689 0.21260335 -0.022595324 44963 g
 2.5917234 9.485229 -0.7212533 44966 a
 0.095441036 0.20008649 -0.0652059 45163 g
 2.2679076 9.5492735 -0.8523358 45175 a
 -0.013748569 0.083440036 0.03679317 45365 g
 2.5971103 9.454702 -0.7410054 45369 a
 0.026465163 0.12951271 -0.0026216158 45565 g
 2.6192567 9.46847 -0.81163436 45569 a
 -0.004427505 0.04535683 0.013889983 45764 g
 2.734777 9.528923 -0.78529817 45768 a
 -0.004427505 0.04189472 -0.009812151 45964 g
 2.3642743 9.483433 -1.2090719 45967 a
 0.14657372 0.17771593 -0.039905872 46163 g
 2.6868927 9.532514 -0.8170213 46167 a
 0.060287308 0.01313258 -0.06041221 46365 g
 2.2643163 9.46009 -1.0480618 46368 a
 0.019540945 0.042161036 -0.020997427 46564 g
 2.5713725 9.484032 -1.2755109 46568 a
 -0.019873839 -0.020156933 -0.05908063 46765 g
 2.546832 9.324817 -1.4101849 46769 a
 0.04244413 0.05947158 -0.12033334 46965 g
 2.6491842 9.531916 -1.2785037 46969 a
 0.29411286 0.06266738 -0.11447438 47165 g
 2.825158 9.132683 -1.6346412 47168 a
 -0.20096879 0.1918307 -0.15175864 47365 g
 1.8872294 9.591172 0.009576807 47369 a
 -0.008688563 2.5061176 -0.25109455 47565 g
 1.2324153 10.212467 0.521936 47570 a
 -0.9730192 0.006474677 0.2719503 47765 g
 1.062427 10.067019 1.555034 47769 a
 0.36388767 0.60994697 0.5462559 47966 g
 0.87328506 9.179369 1.0702082 47969 a
 -0.24624252 0.2911666 -0.28118825 48166 g
 3.3147724 8.986037 1.2623428 48169 a
 0.8933241 -1.9573402 -0.16800392 48365 g
 3.469797 9.350554 -1.8315643 48369 a
 0.33086446 1.4038353 -0.24736612 48566 g
 1.6962919 9.204509 -2.2667105 48569 a
 -0.383129 -1.7133948 0.067952156 48767 g
 2.5192988 9.300277 -1.5676036 48771 a
 0.07599996 -0.07794753 0.122546956 48966 g
 1.7471687 9.644443 -2.0883424 48970 a
 0.10396315 0.15055169 -0.052689046 49169 g
 2.3786395 9.394848 -1.9644425 49173 a
 0.105294734 0.13031167 -0.06733643 49367 g
 1.8908207 9.294291 -2.166154 49372 a
 -0.007889614 0.20141807 0.025874207 49566 g
 2.3505075 9.386468 -2.0374656 49570 a
 0.06587995 -0.060636982 -0.022595324 49767 g
 1.9853917 9.3822775 -2.3343468 49772 a
 -0.003894873 0.12232219 -0.016203737 49967 g
 2.1278467 9.414599 -2.146402 49971 a
 -4.3276369E-4 -0.04013064 0.016286828 50167 g
 2.256535 9.391256 -2.1218612 50179 a
 0.027530428 -0.10484546 0.008297345 50387 g
 1.8872294 9.398438 -2.4809916 50407 a
 -0.034521226 0.053878944 -0.017801633 50569 g
 2.0859482 9.352949 -1.9847932 50574 a
 -0.03425491 0.015529425 0.0056341835 50769 g
 2.1841104 9.385869 -2.123657 50773 a
 0.014747255 -0.0790128 -0.011143731 50968 g
 1.9788077 9.419987 -2.2583308 50972 a
 0.009154616 0.058672633 -0.02019848 51169 g
 2.172738 9.406818 -2.1003134 51173 a
 -0.036651753 0.06692843 0.008031028 51369 g
 2.0392613 9.382876 -2.1529858 51372 a
 -0.06354968 0.111136906 -0.024725853 51569 g
 1.75076 9.540894 -1.8644845 51572 a
 -0.05529388 -0.087801225 0.046114232 51770 g
 2.4211364 9.481637 -1.8543092 51775 a
 0.042710446 0.03150839 -0.053221676 51969 g
 1.9554642 9.483433 -2.0901382 51974 a
 -0.018009627 0.12525167 -0.018600583 52169 g
 1.9452889 9.451111 -1.8393455 52173 a
 -0.0046938215 -0.020689566 0.017085776 52370 g
 2.1757307 9.458294 -1.9452889 52374 a
 0.019540945 -0.050250653 0.004568919 52570 g
 2.1428106 9.41879 -2.0374656 52574 a
 0.0075567197 0.016062057 -0.009812151 52771 g
 2.112883 9.438541 -1.9985598 52776 a
 8.9881686E-4 0.039497875 -0.011942679 52971 g
 1.7968484 9.487623 -2.0368671 52975 a
 -0.035320174 -0.10031808 0.017085776 53170 g
 2.023699 9.435549 -1.9243397 53175 a
 0.019274628 -0.18474029 0.011759454 53371 g
 2.2577322 9.461885 -2.1470003 53375 a
 0.005958823 0.05414526 -0.060145896 53572 g
 1.9506758 9.451111 -1.9075803 53576 a
 -0.05050019 0.10794111 0.06129425 53772 g
 1.8926164 9.519944 -2.106299 53777 a
 -0.0390486 -0.049718022 0.02374368 53971 g
 2.3594859 9.279327 -1.822586 53976 a
 0.07120627 0.09356005 -0.0063500414 54172 g
 2.2822728 9.248801 -1.596334 54177 a
 0.18012956 0.16786224 0.21842076 54372 g
 1.4209588 9.865907 -2.6396074 54376 a
 -0.118410796 -2.0894332 -0.16960181 54573 g
 2.9933507 9.287108 -2.2583308 54577 a
 0.06215152 0.22378862 0.039722644 54774 g
 1.316811 9.171588 -0.521936 54778 a
 0.5612279 -0.48221537 0.22507866 54972 g
 3.168726 9.331401 -2.0308816 54977 a
 -0.18472351 1.4325974 -0.29556933 55172 g
 1.6118963 9.460688 -2.2176294 55184 a
 0.024867266 -0.9631823 0.21735549 55376 g
 2.6013002 9.309255 -1.751957 55379 a
 0.0072904034 0.3324456 -0.08278276 55573 g
 2.0721815 9.405622 -2.1374235 55577 a
 0.061352573 0.078380026 -0.030851124 55775 g
 2.1080947 9.524135 -1.9829975 55778 a
 -0.006025402 0.08423898 0.02986895 55975 g
 2.267309 9.378088 -2.007538 55978 a
 -0.2920489 -0.7706357 0.1747449 56174 g
 1.9740193 9.464878 -1.6256629 56178 a
 -0.4553007 -1.1352224 0.31935456 56375 g
 3.9282866 8.959103 0.4345476 56378 a
 -0.5636913 -2.097689 0.2687545 56575 g
 0.8194155 11.2210245 1.3299791 56579 a
 -1.8486665 -0.2726246 -0.08198381 56776 g
 3.2872388 7.8302364 -0.29927522 56779 a
 0.097305246 1.5119597 -0.28092194 56982 g
 2.3475149 9.108741 0.34237084 56985 a
 -0.5138902 -1.6342988 -0.19436921 57175 g
 1.228824 9.634268 1.2557588 57179 a
 0.25043702 -0.23028034 0.05650056 57376 g
 1.7812861 9.658808 1.3245921 57379 a
 0.08798418 -0.008971657 -0.030052174 57575 g
 1.2623428 9.563639 0.9540894 57579 a
 -0.04650545 0.013398896 -0.034845866 57777 g
 1.2455834 9.792884 1.0761937 57780 a
 0.023535686 -0.07368647 -0.018600583 57976 g
 1.3156139 9.755774 1.0540473 57979 a
 -0.0036285568 -0.10298124 -0.012208995 58176 g
 1.2192472 9.7162695 1.2030864 58180 a
 -0.027330691 -0.06729488 0.008031028 58377 g
 1.352724 9.644443 1.0755951 58381 a
 8.9881686E-4 -0.07022436 -4.910869E-4 58576 g
 1.6238673 9.63726 1.3018472 58580 a
 0.028862009 0.20914124 -0.03404692 58777 g
 1.5532384 9.745 1.2707225 58780 a
 0.0027630297 0.14975274 0.06129425 58978 g
 1.697489 9.659407 0.842759 58982 a
 0.12766528 0.090097934 0.11269326 59177 g
 2.0751743 9.722255 1.4185646 59181 a
 0.037384123 0.038166296 0.041320544 59377 g
 2.4019828 9.186552 0.9636662 59381 a
 -0.08432234 0.25042024 0.120416425 59578 g
 1.3868413 9.668983 0.91338795 59583 a
 0.48133308 1.1367202 0.08313217 59778 g
 0.22625206 11.190498 -0.22385786 59782 a
 0.56415737 -0.43747428 0.079670064 59978 g
 2.123657 9.501988 -1.1971009 59982 a
 0.66136277 0.44030362 -0.070265904 60311 g
