 1.2571119 -1.6769094 0.0059005 2 g
 6.6403184 5.439626 -2.9173348 4 a
 0.30423287 -1.5682524 0.059430037 114 g
 7.5566993 3.867833 -2.9095535 121 a
 -2.4742432 -2.6995633 1.8559985 317 g
 8.875904 0.85054016 -1.6944963 330 a
 -0.47261122 -0.41883215 0.04744581 517 g
 8.939949 6.4601545 2.7581203 530 a
 -3.9251332 0.7305882 1.5004665 715 g
 6.5379663 2.2613235 -1.0989386 729 a
 -0.88273805 0.45921206 -0.016203737 916 g
 12.810176 -2.179322 0.8475474 934 a
 -0.5053681 -2.5546873 -0.7515025 1129 g
 3.2632968 4.033033 -3.3446999 1132 a
 2.2315626 2.2179637 -0.5477707 1317 g
 9.108142 2.006341 -2.7700913 1329 a
 0.47467518 -1.550942 -0.4178084 1516 g
 10.9343195 3.084929 -2.1493945 1530 a
 -2.2936807 -0.09552439 0.6565108 1722 g
 10.448297 2.1015105 -2.521693 1727 a
 -0.28592363 0.89383996 0.53214115 1921 g
 9.831191 6.091448 -2.0272903 1928 a
 -3.0351048 0.51327425 1.533756 2119 g
 6.341043 3.9827545 0.9792285 2122 a
 -0.81882215 -0.7743642 -0.7757373 2322 g
 10.535685 0.24001873 4.7578773 2325 a
 -0.21987724 -2.436443 -0.6886519 2518 g
 3.5464113 5.2678423 -0.9223662 2522 a
 -0.2110888 -1.7394937 0.47754633 2719 g
 10.931925 2.815581 -2.5773582 2722 a
 0.48080045 -0.931757 0.07088163 2926 g
 11.250354 4.0138793 -1.6077064 2930 a
 0.057091516 -0.5631755 -0.4769306 3120 g
 6.39611 5.9483943 0.1921347 3124 a
 -4.1278 -2.799698 -0.16747129 3327 g
 10.925341 0.9056068 0.5386954 3331 a
 -1.1594405 1.9114338 2.4501498 3523 g
 8.3150625 2.541445 1.3850456 3528 a
 -0.54877764 -0.38128158 0.14571646 3720 g
 5.895123 4.5076833 0.670975 3724 a
 1.240334 0.65069336 0.35051355 3920 g
 10.952275 1.951873 4.255095 3937 a
 -1.4167018 -0.57302916 -0.52273697 4123 g
 8.347982 3.413533 4.2610803 4127 a
 0.770286 0.08850004 0.1563691 4325 g
 9.120112 3.0550013 2.0242975 4330 a
 -0.49098703 -0.3599763 0.059430037 4520 g
 8.400057 3.0292637 3.0430303 4524 a
 -0.4608933 0.20940755 -0.15149231 4725 g
 7.3124905 5.018845 1.9153614 4730 a
 0.053629406 -0.0132327145 -0.18717867 4925 g
 9.385271 -2.6342204 0.789488 4929 a
 -0.9421265 -0.38607526 0.2687545 5125 g
 7.7290816 6.5864487 2.8658595 5130 a
 0.2847918 0.55801535 -0.58984864 5329 g
 7.467515 5.061941 3.2513258 5333 a
 -0.38552585 -0.33148047 -0.008214254 5522 g
 7.307702 4.7578773 4.011485 5526 a
 -0.6494451 -0.15145077 0.17794071 5724 g
 7.2550297 4.6896424 4.0378213 5729 a
 -0.21907829 -0.14612445 -0.17625971 5925 g
 7.342418 5.843648 4.4556093 5930 a
 0.07386943 -0.014297979 -0.060145896 6124 g
 8.112154 4.483143 3.3973722 6129 a
 0.5678858 0.30954242 -0.09689752 6327 g
 5.317522 6.464943 5.891532 6332 a
 0.14178003 -0.07501805 -0.17492814 6528 g
 7.6464815 5.145139 3.0346506 6532 a
 0.781205 0.7162071 0.02427631 6724 g
 4.1359835 7.4776907 2.2720973 6728 a
 0.3713445 -0.10511177 -1.0849303 6924 g
 5.349245 7.8972745 2.7072437 6928 a
 0.6357964 0.92073786 -1.1970494 7129 g
 -2.4516625 8.309077 3.7541082 7132 a
 -0.08086023 1.0139486 -1.2939885 7329 g
 -4.219182 8.288726 0.38606504 7332 a
 -0.42653853 -0.10111703 0.010427874 7526 g
 -3.457826 9.829993 4.198831 7530 a
 -0.044907555 0.038166296 -0.85350156 7729 g
 -5.732916 8.049905 3.0933087 7733 a
 -0.105627626 0.7311208 -0.25908402 7926 g
 -3.0873232 8.670602 3.4368765 7931 a
 -0.031325433 -0.09099702 0.09804587 8126 g
 -4.174889 8.71669 2.7970262 8131 a
 0.039248336 0.40967727 0.15557015 8332 g
 -4.2221746 8.728661 1.5101427 8336 a
 -0.010020143 -0.45664904 0.030667897 8527 g
 -2.4384944 8.485051 2.5037365 8530 a
 0.56548893 -0.2758204 0.28659767 8727 g
 -1.4838065 9.928156 2.4319103 8731 a
 0.96336526 -0.261173 -0.19303763 8931 g
 -1.845331 9.962274 -0.37469256 8936 a
 0.97028947 -0.35837838 0.08313217 9131 g
 -1.5149311 9.979631 1.2934675 9135 a
 0.33033183 -2.3179324 0.5893991 9341 g
 -1.283292 10.269928 -0.089782566 9345 a
 -0.07686549 -0.59300286 0.3696883 9531 g
 -1.2569559 9.522937 -1.0384849 9535 a
 0.003561978 -0.58235025 0.2735482 9729 g
 1.4951789 10.128671 -1.5089456 9732 a
 0.48000148 -0.17222343 -0.22286503 9929 g
 0.9900024 9.602545 -1.9692309 9933 a
 0.45097303 -1.4814334 0.24718289 10132 g
 0.83976626 9.712678 -0.96426475 10139 a
 0.07280417 -1.595683 0.13692802 10335 g
 0.7846996 11.979987 -1.6807296 10339 a
 -0.4869923 1.5018396 -0.02153006 10529 g
 0.54049104 11.844116 -1.287482 10532 a
 -1.7631791 0.41899833 -1.5057098 10733 g
 -0.059855044 8.1079645 -1.5939398 10736 a
 0.14817162 1.5457817 1.0000585 10930 g
 -8.157643 11.138425 0.9427169 10934 a
 0.6006427 6.388474 -0.17173234 11130 g
 2.2296004 7.6572556 -2.2098482 11134 a
 -0.13438976 -0.7589178 4.314096 11333 g
 12.594698 4.174889 -2.1918917 11337 a
 -0.15036874 0.3955625 -0.37732837 11530 g
 7.984064 5.5383873 -2.710835 11534 a
 0.44271722 0.5076816 -0.0569501 11730 g
 7.9008656 5.522825 -1.7405846 11734 a
 0.06481468 -0.30937624 -0.20209238 11933 g
 8.1881695 5.1361613 -2.6420016 11936 a
 0.43099934 0.87333363 -0.1991629 12131 g
 7.237672 6.9545574 2.0296845 12135 a
 -0.27287415 -0.3684984 0.055967927 12330 g
 8.173804 5.481525 1.423353 12334 a
 -0.85157907 2.0232866 0.14012381 12536 g
 6.839037 6.547543 2.52289 12539 a
 0.28852022 0.2514855 0.028537368 12732 g
 7.1754227 5.5910597 2.8101943 12736 a
 -0.1546298 0.17771593 -0.053487994 12932 g
 6.9946604 5.7383027 2.8904 12936 a
 0.035786226 -0.022820095 0.11748695 13134 g
 6.7402763 4.1695023 0.6871359 13138 a
 -0.16767928 -0.118693896 -0.14829652 13333 g
 6.981492 6.4104753 3.1453824 13336 a
 -0.09337708 0.09542426 -0.022595324 13534 g
 8.853758 4.7309427 3.0891187 13538 a
 0.7497797 0.56041217 -0.65323186 13733 g
 7.6704235 5.8903346 3.0304608 13737 a
 0.43020037 0.315934 -0.8404521 13933 g
 2.5234885 9.314043 2.0685902 13936 a
 0.8962536 1.7873305 -0.2982325 14133 g
 2.4528596 8.433576 1.9045875 14137 a
 -1.2537163 -4.6279583 1.2693042 14325 g
 6.3272767 7.8092875 2.1164744 14326 a
 0.30449918 0.72233236 -1.0199492 14526 g
 -0.9451111 9.231443 3.2890346 14528 a
 -0.011351724 1.1529655 -0.49930117 14735 g
 2.2643163 8.890269 1.6502035 14740 a
 0.5894574 0.07518423 0.6860718 14936 g
 2.2655134 9.20391 2.131438 14941 a
 -0.40549955 -0.78075576 -0.025791118 15134 g
 0.6607997 9.687539 0.79008657 15148 a
 0.7878629 2.11703 -0.8359247 15334 g
 1.079785 10.368689 1.988983 15337 a
 0.04457466 -0.66091347 0.33373562 15535 g
 0.53689975 9.437345 2.111686 15539 a
 -0.11468238 -0.25691196 -0.054020625 15737 g
 -0.5835867 9.610924 2.569577 15740 a
 0.15722637 0.07065686 -0.052689046 15935 g
 -2.6767175 8.664018 1.5448587 15939 a
 -0.18365824 0.09329373 -0.38212207 16134 g
 -0.85652566 10.492589 0.5590461 16138 a
 0.040047284 -1.1125855 0.18992493 16334 g
 -1.9883845 10.220847 2.0093338 16337 a
 0.18652114 0.37638775 0.7984572 16535 g
 -0.8810662 9.931149 2.0578163 16539 a
 -0.13545503 -0.7783589 0.2525092 16739 g
 -1.91596 8.957906 2.2427685 16744 a
 0.45523408 1.269612 0.021080518 16936 g
 -1.1127052 9.707291 0.09816227 16941 a
 -0.04996756 -0.4265553 0.082599536 17136 g
 -1.0121487 9.973047 -0.0017956513 17141 a
 0.0016977652 0.028578915 0.045315284 17339 g
 -1.0354922 9.632472 0.8655039 17344 a
 -0.05822336 -0.5469302 0.07088163 17536 g
 -0.51355624 9.785102 0.760159 17540 a
 0.034454647 0.14123063 0.012292086 17737 g
 -1.0324994 10.324995 0.3645172 17742 a
 0.064548366 -0.027081152 0.037059486 17937 g
 -1.127669 10.13286 0.5434838 17942 a
 -0.04091281 0.19476016 -0.06201011 18136 g
 -1.0348936 10.096349 0.47285482 18141 a
 0.016611468 0.2964929 -0.014339524 18336 g
 -0.39145198 9.610924 0.97743285 18341 a
 -0.020939104 0.2616055 0.019216305 18539 g
 -0.7338228 10.352529 0.6979098 18543 a
 -0.54451656 -1.1187109 -0.55389595 18736 g
 -0.4782418 11.585542 1.4287399 18741 a
 -0.05822336 -0.3338773 0.096714295 18937 g
 -0.5686229 5.5922565 1.6813282 18941 a
 0.07067364 0.07758108 0.13959119 19139 g
 -0.54647654 10.961852 1.5101427 19144 a
 0.11861054 0.1654654 0.19072388 19336 g
 -1.1749545 9.190742 1.762731 19340 a
 -0.05742441 0.23657179 0.15849963 19536 g
 -0.61052144 9.587581 1.4921862 19540 a
 -0.092578135 -0.10804125 -0.07159749 19740 g
 0.077213004 10.040684 1.4335283 19744 a
 -0.08219181 0.3425656 0.12760696 19937 g
 -0.41479546 9.974843 1.5131354 19941 a
 -0.18259299 0.72233236 0.36516094 20136 g
 -0.7188591 9.67018 0.98940384 20150 a
 0.28239495 0.13350746 0.4091031 20342 g
 1.2306197 9.306262 -0.91219085 20346 a
 1.0539128 -0.9916781 0.14118908 20536 g
 2.0452468 9.411607 -1.8459295 20540 a
 0.24005067 -1.8976855 1.3177737 20739 g
 6.791153 6.399701 -2.4504654 20744 a
 -0.5117597 -0.70991564 1.9417523 20943 g
 6.4248405 8.3390045 0.3716998 20947 a
 -0.6132261 0.02192101 0.019482622 21139 g
 6.573281 7.4322004 0.05686229 21144 a
 -0.6675546 0.39955726 0.42801154 21339 g
 6.5427547 8.89805 0.3369839 21344 a
 -1.1892679 1.3929163 0.026673157 21541 g
 6.6385226 7.065888 0.059855044 21546 a
 -0.35436687 0.05201473 0.5057758 21736 g
 5.883152 6.5098343 2.0470424 21740 a
 -0.33865422 -0.020955881 0.26129764 21941 g
 7.955932 5.7466826 3.1681273 21945 a
 -0.35756266 0.4482931 0.26475975 22142 g
 6.495469 5.9890957 0.96067345 22146 a
 0.16974322 -0.6151071 -0.5507002 22339 g
 7.307702 7.937377 0.694917 22344 a
 -0.4542354 -1.1682457 -0.8393868 22540 g
 6.843227 5.48332 0.21547815 22544 a
 0.31595078 -0.62442815 -0.65136766 22743 g
 6.3218894 8.395268 -1.1671734 22747 a
 -0.44145223 -2.1064773 0.6368033 22943 g
 7.3885064 7.877522 -2.7982233 22947 a
 -0.22014356 -0.59566605 -0.17333025 23144 g
 8.77834 4.4921207 -2.0524294 23147 a
 0.030992538 -0.9866181 0.71137184 23344 g
 7.787141 5.915474 -0.5554548 23348 a
 -0.7802063 -1.1107213 0.030667897 23544 g
 10.267534 6.7708025 1.6986861 23547 a
 -1.3959292 0.9851864 0.17687544 23740 g
 6.317101 8.156446 0.45609543 23744 a
 -0.9999171 0.970539 0.3830041 23944 g
 6.601413 5.559336 1.5053543 23948 a
 1.0541791 0.5233942 0.4786116 24141 g
 7.2831616 2.6126726 2.285864 24146 a
 0.5247426 1.0512328 0.9169679 24343 g
 10.575189 10.659584 4.0815153 24347 a
 2.177234 0.908221 0.039190013 24546 g
 7.8212585 6.5499372 -2.896984 24551 a
 0.37054557 -0.07342015 -1.3925254 24744 g
 7.216124 6.054936 -0.6171055 24747 a
 0.4584299 -1.678241 0.07354479 24947 g
 7.7667904 6.405687 -2.3900118 24951 a
 0.8720188 0.0032788839 -0.043367982 25157 g
 6.7893577 6.4457893 -2.415151 25162 a
 -0.6582335 1.4384564 0.26316187 25344 g
 6.7510505 6.609194 -1.055843 25352 a
 0.79824924 0.7050218 1.0266901 25545 g
 10.742185 3.9935284 0.7320272 25549 a
 3.3282523 1.783602 0.13240065 25745 g
 7.9846625 8.54311 -0.3489549 25749 a
 1.2062455 0.04748736 0.73906875 25949 g
 9.63726 4.924873 0.22744916 25953 a
 1.4496584 1.7066367 -0.19969553 26150 g
 5.722142 7.32506 -0.5327099 26154 a
 1.2203603 -1.8891634 0.1249438 26349 g
 7.9691005 5.2259436 -1.5131354 26353 a
 0.52207947 0.594767 -0.21966924 26546 g
 6.8611836 6.4260373 -2.7659016 26550 a
 0.020073576 -0.22655192 0.1150901 26746 g
 6.977901 6.3859344 -2.296638 26751 a
 0.13485582 0.051215783 -0.06973328 26953 g
 7.5285673 6.165668 -2.421735 26956 a
 -0.15409715 -0.86384636 0.12015011 27150 g
 6.925827 6.27221 -2.7988217 27154 a
 0.021138841 0.13617063 0.02294473 27347 g
 7.383718 6.2351 -2.259528 27351 a
 0.16814533 -0.26676565 0.016286828 27548 g
 7.5088153 5.954978 -2.2870612 27552 a
 -0.12187291 0.21073914 0.026939472 27746 g
 6.9252286 6.3901243 -2.9388826 27750 a
 0.12233896 0.09569057 -0.049759567 27946 g
 7.409456 6.0387754 -2.0380642 27950 a
 -9.653959E-4 0.028312597 -0.02073111 28151 g
 7.009624 6.3111157 -2.7299886 28155 a
 -0.07340337 -0.06409909 -0.04469956 28349 g
 7.2065473 6.2650275 -2.2301989 28352 a
 0.021671474 0.050949465 0.0053678676 28548 g
 7.2502413 6.1806316 -2.32058 28552 a
 0.05336309 -0.041195907 -0.0063500414 28749 g
 7.0341644 6.408081 -2.6635494 28753 a
 -0.014281201 0.021122063 0.006699448 28949 g
 7.150882 6.3063273 -2.4516625 28953 a
 0.08691892 0.103147425 -0.016470054 29154 g
 7.216124 5.8681884 -2.3427265 29158 a
 -0.24517727 0.15348117 -0.002887932 29354 g
 7.6488757 5.9902925 -2.678513 29357 a
 -0.4553007 -0.3003215 -0.29263985 29549 g
 7.3466077 5.597045 -2.2164323 29553 a
 -0.8132295 -0.6827514 0.42481574 29750 g
 5.3755813 8.916606 -2.574964 29754 a
 -1.3543838 -0.82363266 0.4043094 29953 g
 7.414244 6.319495 1.7651252 29956 a
 -0.68832725 -0.093660176 -0.033247966 30148 g
 7.480085 6.721721 1.3395559 30161 a
 -0.069674954 -0.25371617 0.12201432 30351 g
 7.2310877 6.4685345 0.748188 30355 a
 -0.090447605 -0.13786866 -0.17119971 30552 g
 7.0407486 6.728904 0.76554596 30556 a
 0.11248527 0.055743158 -0.0966312 30751 g
 7.0251865 6.6905966 0.6781576 30755 a
 0.19184746 0.044824198 -0.07426065 30951 g
 6.904279 6.867768 0.50397944 30955 a
 -0.10376342 -0.14239603 -0.040971134 31153 g
 7.067683 6.724714 0.3345897 31157 a
 0.119942114 -0.003911651 -0.012475312 31352 g
 6.704962 7.318476 0.0023942017 31355 a
 -0.095507614 -0.03959801 0.0439837 31552 g
 6.6654577 7.3106947 -0.4261679 31555 a
 -0.29497838 0.08583688 0.07514269 31751 g
 6.754043 7.480085 0.25019407 31754 a
 -0.583665 0.18943384 0.09831219 31953 g
 5.903503 7.1544733 0.3561375 31956 a
 -0.62361246 -1.0545287 -0.20049448 32152 g
 7.179612 5.8693852 2.011728 32156 a
 -0.11574764 -0.64546716 0.004036287 32353 g
 7.0365586 5.9412117 -1.246182 32357 a
 -0.07526759 -0.68301773 0.15423857 32552 g
 6.417658 7.221511 -2.2307975 32556 a
 0.1031642 -0.5224291 0.33107248 32753 g
 5.844845 5.6706667 -2.2134395 32757 a
 -0.69125676 -0.34932363 -0.23458295 32954 g
 8.10138 4.2820296 -1.34195 32957 a
 -0.06301705 -1.7307053 0.41735888 33153 g
 7.1790137 6.5110316 -1.4873978 33156 a
 0.05549362 0.13590431 0.09564903 33353 g
 8.200739 5.3265004 -2.1092918 33357 a
 0.5793374 0.41207412 -0.23191978 33553 g
 7.645883 5.952584 -1.3162124 33556 a
 0.2698781 0.44403204 0.013889983 33755 g
 6.8372416 6.4541693 -1.7986441 33758 a
 -0.5413208 -0.38793948 -0.25508928 33953 g
 8.782531 3.6697125 -2.0530279 33957 a
 0.21022327 0.7758619 -0.20022817 34156 g
 5.8747725 13.010092 -0.8846575 34166 a
 -0.32880053 2.2480574 -0.062276423 34354 g
 7.2664022 4.9625816 -0.46327803 34357 a
 0.0799947 0.39263302 0.28686398 34553 g
 6.8599863 7.270592 2.8161798 34557 a
 0.73300177 0.78784615 0.03679317 34756 g
 7.2221093 5.765238 0.6314707 34760 a
 0.65923226 0.23284337 -0.07372802 34953 g
 6.976105 7.3549876 1.4437037 34956 a
 0.21315275 -0.37435734 -0.141106 35153 g
 7.8529816 6.029797 -0.025737667 35171 a
 -0.06994127 -0.15491289 -0.14137231 35352 g
 7.1784153 6.6959834 0.05865794 35356 a
 -0.103497095 -9.821738E-4 -0.07292907 35554 g
 6.8929067 6.52001 0.02932897 35557 a
 -0.04863598 -0.06489804 -0.015404789 35756 g
 7.105392 6.7468605 0.3172317 35761 a
 -0.0046938215 0.017393637 0.0032373385 35955 g
 6.999449 6.885724 0.22266077 35960 a
 -0.019607523 0.04801999 -2.2477079E-4 36153 g
 6.997653 6.777985 0.2813187 36157 a
 -0.02812964 0.035769448 -0.003953196 36354 g
 6.962937 6.7145386 0.6344634 36357 a
 -0.13465609 0.0019473034 0.016286828 36556 g
 7.152079 6.5631056 0.61530983 36562 a
 0.09517472 0.013931528 -0.018866898 36754 g
 7.204153 6.4990606 0.66858083 36757 a
 -0.072604425 -0.0031127026 0.007498396 36954 g
 7.1107793 6.68102 0.5883751 36957 a
 8.9881686E-4 -0.009237973 -0.009812151 37156 g
 7.028179 6.8528037 0.599149 37166 a
 -0.04996756 -0.006841128 0.009096293 37356 g
 6.9701195 6.7630215 0.6290765 37361 a
 -0.059022307 -0.04359275 0.0059005 37559 g
 7.161656 6.637924 0.75956047 37563 a
 -0.021471737 -0.0028463865 0.0059005 37761 g
 7.2047515 6.7001734 0.7218518 37764 a
 -0.06940863 -0.028412733 0.006699448 37955 g
 7.1191587 6.7648168 0.8367735 37958 a
 -0.013748569 0.003811516 0.009096293 38156 g
 7.149685 6.6403184 0.82599956 38163 a
 0.03418833 0.008072574 -0.0050184606 38359 g
 7.1688385 6.697779 0.82599956 38363 a
 0.028329376 0.0043441486 -0.0044858283 38559 g
 7.0610995 6.782175 0.760159 38563 a
 -9.653959E-4 -0.031608526 -0.0042195125 38756 g
 7.1353197 6.655282 0.6751649 38761 a
 0.031791486 -0.010569554 -0.0036868802 38957 g
 7.07726 6.7749925 0.60094464 38963 a
 0.026198847 0.0035452 0.0037699707 39157 g
 7.1287355 6.727707 0.66379243 39167 a
 -0.0049601374 0.008871522 0.0059005 39358 g
 7.20116 6.7121444 0.6536171 39363 a
 -0.026265426 -0.00124849 0.0053678676 39562 g
 7.073669 6.7570357 0.6835446 39566 a
 0.009420932 0.035769448 0.007498396 39762 g
 7.1221514 6.609194 0.7164649 39766 a
 -0.026531743 0.034704186 0.01681946 39959 g
 7.1754227 6.664859 0.8690952 39964 a
 0.009687249 0.009670471 -0.0015563513 40164 g
 7.2592196 6.529587 0.81881696 40180 a
 -0.0374507 -0.0023137543 0.011226822 40359 g
 7.2448545 6.6469026 0.7811083 40363 a
 0.018741995 0.023518909 -0.011942679 40564 g
 7.257424 6.5307837 0.81761986 40567 a
 0.0485694 0.014730477 3.0786142E-4 40763 g
 7.167641 6.6654577 0.7673417 40767 a
 0.014747255 0.039764192 0.028271053 40962 g
 7.2149267 6.7486563 0.7344214 40965 a
 0.057624146 0.11300112 0.06449004 41166 g
 7.026982 6.697779 0.9427169 41170 a
 0.21847908 0.2349739 0.09751324 41364 g
 7.21373 6.3248825 0.92296475 41367 a
 0.38466033 0.023518909 0.08872481 41564 g
 6.7803793 7.5854297 1.1390414 41567 a
 0.44058672 0.635247 0.060228985 41763 g
 6.7085533 8.019978 -0.52732295 41766 a
 0.6195511 -0.49340066 0.11588905 41965 g
 5.406706 4.797382 -1.3060371 41970 a
 0.19184746 -0.68514824 -0.46121794 42168 g
 8.201338 4.459201 -2.3732524 42171 a
 0.19344537 -0.11070441 0.1595649 42363 g
 7.1544733 6.5457473 -2.2307975 42367 a
 0.16521585 0.1422959 0.050641607 42565 g
 7.5572977 5.707777 -2.1523874 42569 a
 0.28053072 0.11939271 -0.032715335 42763 g
 7.2328835 6.317101 -2.2601264 42767 a
 -0.097638145 -0.07954542 0.07141426 42962 g
 7.401076 5.9639564 -2.2457612 42966 a
 0.10742526 0.08210845 -0.03511218 43168 g
 7.363966 6.0782795 -2.2457612 43172 a
 0.060287308 0.12818114 -0.0042195125 43363 g
 7.231686 6.6205664 -2.0219033 43367 a
 0.12899686 -0.6619787 -0.054020625 43566 g
 7.7679873 5.7790046 -2.5899277 43570 a
 0.5087636 0.7846503 -0.26254612 43767 g
 7.5507135 5.5898623 -1.8064252 43771 a
 0.6307364 0.040296823 -0.3128799 43964 g
 7.635708 5.321113 -0.9588778 43967 a
 0.053895723 0.377453 -0.01673637 44170 g
 7.4776907 6.6750345 0.43155485 44173 a
 0.04244413 1.0669454 -7.5740303E-4 44362 g
 7.2286935 6.0327897 -0.99778354 44364 a
 -0.8707538 -0.04013064 0.63041174 44561 g
 7.2221093 6.439804 1.1055226 44565 a
 -0.08991498 0.29489502 0.3300072 44767 g
 7.689577 5.759252 2.4462755 44771 a
 -0.38739008 -0.09712229 0.0208142 44964 g
 6.9078703 5.7245364 0.20051439 44969 a
 0.32447287 -1.0393487 -0.17652604 45169 g
 7.244256 6.344036 -1.6699557 45189 a
 0.11834422 -0.39779317 -0.26627457 45364 g
 8.324639 5.999271 -1.5807717 45368 a
 -0.2888531 -0.54107124 0.098578505 45565 g
 7.4471645 6.2362967 -2.3139958 45568 a
 -0.69498515 -0.7368136 0.04211949 45769 g
 8.022371 5.5461683 -2.4109612 45773 a
 -0.62734085 -0.68834406 -0.20661975 45965 g
 7.1724296 7.0593038 -0.3172317 45969 a
 -2.8369656 -1.6502779 0.55903906 46168 g
 7.2023573 7.0024414 0.13706805 46172 a
 -1.0625014 0.21207072 0.04691318 46366 g
 7.678205 7.20535 2.3666685 46371 a
 -0.63506407 0.063466325 -0.0036868802 46567 g
 7.2831616 6.281787 2.5139117 46571 a
 0.25975809 0.09515794 0.02427631 46772 g
 7.375937 6.1381345 1.7908629 46777 a
 0.112218946 -0.027081152 0.022678414 46965 g
 7.1431007 6.395511 1.395221 46969 a
 0.09916946 0.13031167 -0.0023552997 47167 g
 6.947375 6.667253 1.5179238 47172 a
 0.041378867 0.0349705 -0.0100784665 47371 g
 6.8743515 6.801927 1.1611878 47374 a
 0.015812518 0.011534683 -0.05215641 47568 g
 7.180211 6.522404 1.5879543 47571 a
 -0.108557105 -0.096855976 -0.026590066 47771 g
 7.165846 6.673837 1.5682021 47775 a
 -0.16741297 -0.16157079 -0.005284777 47973 g
 7.1939774 6.4667387 1.6142905 47977 a
 -0.09817077 -0.09925282 -0.036177445 48167 g
 7.091625 6.5020533 1.5807717 48171 a
 -0.05742441 -0.08061069 -0.0068826736 48369 g
 7.2245035 6.47033 1.4808137 48373 a
 0.14311162 0.07172212 -0.025791118 48572 g
 7.016208 6.6145806 1.3599066 48576 a
 -0.018275943 -0.018292721 -0.003420564 48770 g
 7.0754647 6.619968 1.6101006 48774 a
 -0.041179128 -0.0361359 -0.009545835 48970 g
 6.962937 6.4817023 1.282095 48973 a
 0.028329376 -0.03400537 -0.006083725 49183 g
 7.0407486 6.5936313 1.3970166 49187 a
 -0.006558034 -0.039065376 -0.018866898 49366 g
 6.945579 6.839636 1.1623849 49370 a
 0.038449388 -0.016694823 -0.006083725 49570 g
 6.771401 6.7905545 1.2611457 49574 a
 -0.107491836 -0.092594914 0.021080518 49774 g
 6.9024835 6.857592 1.228824 49778 a
 -0.0025632926 0.0030125678 0.012292086 49969 g
 7.068282 6.625953 1.3850456 49973 a
 -0.041978076 0.017393637 0.014422615 50171 g
 7.0712748 6.5750766 1.4431051 50184 a
 -0.05769073 -0.010569554 0.0037699707 50373 g
 7.076063 6.5601125 1.4981717 50377 a
 -0.015346466 -0.015895875 -0.013806893 50571 g
 7.053318 6.5840545 1.501763 50574 a
 -0.059821256 -0.04385907 -0.007415306 50772 g
 7.1305313 6.4805055 1.5777789 50775 a
 -0.007889614 -0.005775864 -0.008746887 50972 g
 6.995259 6.691794 1.460463 50976 a
 0.014214622 8.309063E-5 -0.0036868802 51172 g
 7.0341644 6.770204 1.4748282 51176 a
 0.017943047 -0.011634818 0.008297345 51371 g
 6.96593 6.7534447 1.2988545 51375 a
 0.048303083 0.0019473034 0.0077647124 51573 g
 7.086837 6.6852098 1.401805 51579 a
 -0.04091281 -0.053180132 -0.009812151 51774 g
 6.995259 6.767211 1.2401965 51779 a
 0.046705186 0.004077832 -0.0026216158 51969 g
 7.098808 6.5607114 1.3245921 51973 a
 0.0070240875 0.015529425 0.001905758 52173 g
 6.9928646 6.7971387 1.3581109 52177 a
 0.03418833 0.036035765 0.0053678676 52372 g
 7.1586633 6.6103907 1.3317747 52375 a
 0.06215152 0.07678213 0.006699448 52571 g
 7.0251865 6.666056 1.2617443 52575 a
 -0.08911603 -0.046255913 -0.0012900352 52778 g
 7.073669 6.5882444 1.5221137 52782 a
 0.016078835 -0.014830612 -0.023926904 52971 g
 7.0341644 6.605004 1.3311762 52974 a
 -0.11867712 -0.016694823 0.026939472 53170 g
 7.1227503 6.4362125 1.5394717 53173 a
 0.07733154 -0.03666853 -0.050025884 53370 g
 7.0754647 6.7241154 1.3940239 53374 a
 -0.008155931 0.0027462516 0.026140524 53570 g
 6.8324533 6.683414 1.1318588 53573 a
 0.08132628 -0.05131592 -0.009545835 53770 g
 7.193379 6.5589156 1.4359225 53776 a
 -0.13545503 -0.070756994 0.019482622 53971 g
 7.0485296 6.83784 1.4562732 53975 a
 0.03711781 0.0035452 0.0013731258 54171 g
 7.077859 6.640917 1.2641385 54174 a
 -0.018009627 -0.004444283 0.001905758 54371 g
 7.1407065 6.525397 1.3317747 54374 a
 -0.048369665 -0.013499031 0.011759454 54572 g
 7.018004 6.679823 1.5047557 54575 a
 0.038715705 0.022719959 -0.008214254 54773 g
 7.0048356 6.6750345 1.3563153 54777 a
 -0.0033622407 0.012599948 0.0016394419 54972 g
 7.032369 6.6630635 1.4101849 54975 a
 0.01634515 0.0075399415 -0.0026216158 55172 g
 6.9288197 6.7480574 1.3204023 55176 a
 -0.0073569827 -0.007107444 0.006433132 55372 g
 7.0874357 6.6786256 1.4550761 55375 a
 -0.07393601 -0.052381184 0.013357351 55572 g
 7.0108213 6.597821 1.4101849 55576 a
 -0.0052264538 -0.011102186 0.0061668158 55773 g
 7.052121 6.667253 1.4275428 55779 a
 -0.01907489 -0.020689566 0.001905758 55972 g
 7.079056 6.5966244 1.4047978 55976 a
 0.016877783 0.0014146712 8.4049365E-4 56172 g
 7.056311 6.6361284 1.447295 56176 a
 0.0075567197 -9.821738E-4 -0.0036868802 56373 g
 7.140108 6.5738792 1.3640964 56376 a
 0.024867266 0.0030125678 -0.008214254 56573 g
 7.0467343 6.6175733 1.4143747 56576 a
 -0.031059116 -0.007906392 0.009895241 56773 g
 6.9982514 6.92044 1.3545196 56776 a
 0.06321678 0.03763366 -0.016203737 56974 g
 7.1059904 6.6905966 1.365892 56978 a
 -0.009221195 -0.007906392 -0.012741628 57173 g
 6.929418 6.7450647 1.2138603 57177 a
 0.022470422 0.016328374 0.011493138 57373 g
 7.0024414 6.715736 1.3305776 57377 a
 0.003828294 0.0043441486 0.0061668158 57573 g
 7.086837 6.815095 1.3335704 57577 a
 -0.006558034 0.022986276 0.006433132 57773 g
 7.1107793 6.5960255 1.2982559 57779 a
 0.03818307 0.021122063 -0.0026216158 57974 g
 7.067683 6.633734 1.2641385 57979 a
 0.014214622 0.016861005 -0.0044858283 58175 g
 6.895301 6.854001 1.2749124 58180 a
 -0.035053857 -0.016694823 0.009096293 58374 g
 7.098808 6.6852098 1.3569138 58379 a
 -0.0022969765 -0.015363243 -0.0076816217 58575 g
 7.03596 6.6666546 1.3551182 58580 a
 -0.010020143 -0.0020474382 -0.018334266 58775 g
 7.101801 6.6486983 1.1971009 58781 a
 0.038715705 -0.041728538 -0.025258485 58972 g
 6.8168907 7.3986816 0.8678981 58973 a
 -0.29923943 -0.05797382 0.104437456 59175 g
 6.4062853 7.425018 0.58538234 59180 a
 -0.5474461 -0.32775202 0.05916372 59376 g
 7.7949224 5.507861 0.7015011 59381 a
 -0.563425 -0.8217684 -0.6931793 59576 g
 6.8641763 6.7342906 0.45609543 59580 a
 -0.17540245 -0.46969852 -0.03724271 59776 g
 6.549339 7.511808 0.2908955 59783 a
 -0.15090136 -0.7077851 0.111361675 59977 g
 8.165425 7.9385743 -0.08559271 59982 a
 -0.03212438 -0.31683308 0.34412196 60308 g
