 -0.1430035 -0.31827277 -0.053155098 2 g
 2.0231004 0.98820674 9.694721 4 a
 0.14168842 0.21648996 -0.047296144 109 g
 0.9391256 1.1713632 10.015544 111 a
 0.007997739 -0.115606226 -0.0052181976 315 g
 1.7010803 0.9995792 9.174581 320 a
 0.04022199 0.0401887 0.0035702337 517 g
 1.6460136 0.98341835 9.24102 521 a
 -0.0114433365 -0.011476627 -0.020664532 713 g
 1.4993688 0.98222125 9.75697 718 a
 0.007997739 0.0127581395 0.0022386531 915 g
 1.572392 0.9451111 9.545682 920 a
 0.005600894 -0.0053513558 0.010494453 1113 g
 1.5688007 0.96785605 9.605537 1125 a
 0.014389326 0.00450234 0.017418671 1314 g
 1.6196774 0.96306765 9.591172 1319 a
 -0.0031875374 0.0029044435 0.0057007624 1515 g
 1.6130934 0.64583594 9.321824 1519 a
 -0.017568607 0.055368718 -0.0025550367 1719 g
 1.857302 0.7565677 9.625888 1723 a
 0.017052487 0.23433314 -0.02492559 1917 g
 0.15741876 0.5279215 9.371504 1921 a
 -0.007448595 0.13872565 0.27840847 2117 g
 0.40821138 0.64823014 9.42238 2121 a
 0.08043572 0.21116364 0.17028412 2320 g
 -0.092775315 1.1875241 10.104729 2323 a
 -0.10065924 -0.42000553 -0.030784544 2517 g
 1.1755531 1.1426327 9.461287 2521 a
 -0.08015289 -0.18697894 -0.042236138 2717 g
 1.5795746 0.15861586 9.500193 2721 a
 -0.25645417 0.08066875 -0.11813623 2922 g
 3.9731777 1.3323733 6.5750766 2926 a
 -0.46924073 -3.2213848 -0.7082927 3117 g
 6.1489086 0.0035913025 7.131728 3121 a
 -0.12649189 -3.0096633 -1.4132315 3317 g
 8.815451 0.5566519 4.6022544 3321 a
 -0.47643125 0.38293752 0.31569272 3520 g
 9.816826 1.7429788 6.0824695 3524 a
 0.10067575 0.18479834 -0.42812818 3717 g
 8.757391 2.0027497 0.37588966 3721 a
 -0.0604455 -0.40162972 0.26349476 3917 g
 9.605537 1.6124948 2.1649568 3921 a
 -0.44607124 -0.3204033 -0.5740694 4121 g
 8.661025 2.2260091 -4.409521 4125 a
 -0.45246282 -2.6583924 -0.029985595 4327 g
 7.8086886 1.501763 -4.4777555 4330 a
 -0.21011515 -0.62666684 0.15776727 4520 g
 6.83784 1.4999673 -6.3607955 4524 a
 0.31399494 -0.85676396 0.019282885 4722 g
 5.2367177 0.9888053 -7.80809 4727 a
 0.20693587 -1.9968632 -0.11866886 4922 g
 3.8588545 1.2306197 -9.051878 4926 a
 0.09108836 -0.15848312 -0.033714022 5122 g
 3.2375593 1.0432734 -9.074024 5127 a
 -0.015704395 0.26389423 -0.022262428 5321 g
 3.0400376 0.75956047 -9.436148 5326 a
 -0.019965453 -0.0721967 -0.07339512 5520 g
 2.1398177 1.2413936 -9.523536 5523 a
 -0.024759142 0.2697532 0.38413596 5721 g
 2.5983074 0.7038953 -9.664195 5725 a
 0.13263367 0.43513548 -0.088042505 5924 g
 2.4732103 0.9091981 -9.163807 5928 a
 -0.06124445 -0.49936774 0.0011733888 6123 g
 3.1501708 0.8936358 -9.209297 6128 a
 0.0042693135 0.31422797 0.00996182 6321 g
 3.6074634 0.9552865 -9.0476885 6325 a
 -0.009046492 -0.24237269 6.4075657E-4 6524 g
 3.352481 0.9564836 -9.417592 6529 a
 -0.014106498 -0.043168243 0.006766027 6722 g
 2.9987376 0.9828198 -9.999383 6727 a
 0.01545459 -0.09483357 -0.0283877 6924 g
 3.204639 0.97862995 -8.80767 6929 a
 -0.001855957 -0.0013566143 0.0038365498 7127 g
 2.8215668 0.93972415 -9.48044 7131 a
 0.0026714168 -0.023993483 -6.90824E-4 7322 g
 3.0232782 0.92416185 -9.363124 7327 a
 -0.0058506983 -0.13451467 -0.003353985 7523 g
 3.1082723 0.9283517 -9.465476 7527 a
 -5.243764E-4 -0.039706133 -6.90824E-4 7725 g
 3.0065188 0.93254155 -9.490616 7730 a
 0.0024051007 0.021013938 -4.245079E-4 7922 g
 3.015497 0.9451111 -9.47206 7926 a
 -5.243764E-4 0.032731846 0.001706021 8125 g
 3.0538042 0.93134445 -9.428367 8129 a
 8.072041E-4 0.043917123 0.0033039176 8327 g
 3.0005333 0.9151836 -9.450513 8330 a
 -0.0047854343 -0.10095884 -0.0044192495 8524 g
 2.9364884 0.9343372 -9.465476 8528 a
 0.0010735203 0.046580285 0.0049018143 8723 g
 2.9801826 0.92655605 -9.390059 8729 a
 -0.0034538535 -0.053820886 -0.0022887206 8928 g
 2.8832173 0.9367314 -9.505579 8932 a
 0.0013398363 0.05936346 0.004102866 9129 g
 2.9670146 0.9283517 -9.466075 9133 a
 8.255799E-6 0.034329746 0.004635498 9325 g
 3.0831332 0.9355343 -9.460688 9329 a
 -0.0026549052 0.055368718 0.004102866 9528 g
 3.2549171 0.908001 -9.229648 9532 a
 0.0024051007 -0.03038507 -0.0020224045 9724 g
 2.8341362 0.92057055 -9.555858 9729 a
 -0.0053180666 -0.2871138 -0.021197164 9925 g
 2.926313 0.919972 -9.288904 9928 a
 0.007465107 0.04897713 0.0022386531 10126 g
 2.7952304 0.9223662 -9.559449 10130 a
 -0.001855957 0.047112916 0.006499711 10325 g
 3.165733 0.91937345 -9.114127 10330 a
 0.0050682616 0.10410456 -0.0025550367 10526 g
 2.8167782 0.93014735 -9.568427 10530 a
 -0.00505175 -0.106551476 -6.90824E-4 10729 g
 3.0220811 0.90500826 -9.306861 10733 a
 0.0071987906 0.110229835 0.001706021 10931 g
 2.9340942 0.92176765 -9.476251 10934 a
 -0.002388589 -0.05888089 -6.90824E-4 11130 g
 2.9831753 0.9271546 -9.379884 11144 a
 0.0013398363 0.042851858 0.001706021 11330 g
 2.9939492 0.9187749 -9.415796 11334 a
 8.255799E-6 -0.017868213 0.0011733888 11527 g
 2.9771898 0.9139865 -9.387665 11531 a
 -2.5806032E-4 0.0026381274 6.4075657E-4 11728 g
 2.9706059 0.9223662 -9.399037 11732 a
 0.0013398363 -0.008280833 9.070727E-4 11931 g
 2.9526494 0.9103952 -9.4457245 11934 a
 0.0013398363 -0.012275575 3.7444045E-4 12123 g
 2.973 0.91578215 -9.465476 12129 a
 -2.5806032E-4 -0.0018892465 1.0812434E-4 12331 g
 2.959832 0.9307459 -9.460688 12334 a
 2.745719E-4 -0.0042860913 1.0812434E-4 12531 g
 2.954445 0.92057055 -9.43914 12535 a
 2.745719E-4 -0.0018892465 -4.245079E-4 12728 g
 2.947861 0.8996213 -9.45171 12732 a
 -7.906925E-4 -0.010145046 -6.90824E-4 12931 g
 2.9514523 0.9020155 -9.445126 12935 a
 -5.243764E-4 -0.0037534593 1.0812434E-4 13130 g
 2.9574378 0.92057055 -9.430161 13133 a
 0.0013398363 -2.9134983E-4 0.0022386531 13332 g
 2.9562407 0.9223662 -9.456498 13336 a
 5.40888E-4 0.009562346 0.0022386531 13530 g
 2.954445 0.90859956 -9.405023 13533 a
 -0.001855957 -0.0034871432 3.7444045E-4 13730 g
 2.9466639 0.91817635 -9.467272 13734 a
 -0.0026549052 -0.023194535 3.7444045E-4 13930 g
 2.9759927 0.92176765 -9.409811 13934 a
 5.40888E-4 0.009562346 0.0022386531 14137 g
 2.9472623 0.9259575 -9.439739 14144 a
 -5.243764E-4 -0.02079769 -0.003353985 14334 g
 2.9472623 0.9307459 -9.414599 14339 a
 8.072041E-4 -2.9134983E-4 -4.245079E-4 14531 g
 2.9412768 0.9151836 -9.438541 14534 a
 0.0016061524 0.006100237 1.0812434E-4 14731 g
 2.9508536 0.92057055 -9.444528 14735 a
 -0.0013233247 0.0018391791 0.0011733888 14933 g
 2.9825768 0.93134445 -9.437345 14937 a
 8.255799E-6 0.0013065469 -0.0017560885 15131 g
 2.9724014 0.919972 -9.432556 15135 a
 5.40888E-4 -2.9134983E-4 -6.90824E-4 15332 g
 2.9634233 0.9187749 -9.443929 15335 a
 8.072041E-4 0.0029044435 3.7444045E-4 15528 g
 2.9526494 0.92655605 -9.390059 15532 a
 -2.5806032E-4 0.0013065469 0.0011733888 15728 g
 2.954445 0.92535895 -9.428367 15731 a
 -0.0013233247 -0.013074523 3.7444045E-4 15923 g
 2.9299042 0.9020155 -9.400833 15925 a
 0.0018724685 -0.0074818847 1.0812434E-4 16127 g
 2.944868 0.91697925 -9.438541 16139 a
 -5.243764E-4 -0.010677678 3.7444045E-4 16327 g
 2.9514523 0.9295488 -9.458893 16331 a
 -0.009046492 -0.039173502 0.001972337 16530 g
 3.031658 0.9139865 -9.4774475 16534 a
 -0.0037201697 0.15736778 0.018750252 16730 g
 3.2980127 0.9504981 -9.384073 16734 a
 -0.017035974 0.13393196 0.014489194 16927 g
 3.6367924 1.0570401 -9.733627 16931 a
 0.0338304 0.77202535 0.03259869 17127 g
 5.4085016 1.0953473 -8.572439 17131 a
 -0.28415102 0.93021715 0.10157456 17329 g
 7.9194207 1.407192 -5.9920883 17332 a
 -0.124894 2.461801 0.3236822 17528 g
 9.677363 0.86011696 0.0796072 17531 a
 -0.39893326 0.6734884 0.17534412 17729 g
 9.816826 -0.15562311 0.6266823 17732 a
 0.08389783 0.55870616 0.044582915 17930 g
 9.390059 0.22685061 0.98102415 17934 a
 0.021047229 -0.23438321 0.104770355 18132 g
 10.240001 0.47285482 -0.3705027 18136 a
 -0.009046492 -0.1795221 0.08319875 18328 g
 10.475829 -0.52253455 0.41479546 18332 a
 -0.035678104 0.04152028 0.35271066 18531 g
 9.861717 -1.7585411 1.299453 18534 a
 0.3297076 0.88441074 0.42035493 18732 g
 8.204929 -2.4103625 5.2875943 18740 a
 0.72625226 0.2588342 0.7764196 18931 g
 8.513782 -3.0478187 4.4897265 18943 a
 1.1789896 0.8071791 1.1681706 19130 g
 4.209007 -1.9375077 7.5016327 19133 a
 1.2405087 2.4599369 1.0637747 19332 g
 -1.3982137 -1.471237 5.2379146 19334 a
 -0.49507338 0.7773517 0.67468685 19535 g
 1.0462662 -1.7603368 7.9307933 19539 a
 -0.2671068 1.0633752 0.45337814 19734 g
 -0.22625206 -3.004723 8.982447 19738 a
 -0.24100782 -0.20029475 0.166822 19935 g
 -0.2837129 -3.6858735 8.754398 19939 a
 -0.45166385 0.9382066 0.06136083 20135 g
 1.1599907 -4.629189 9.524135 20140 a
 -0.03434652 0.468425 -0.43372083 20339 g
 5.070919 -5.620987 11.104307 20343 a
 0.80348396 0.7126369 -0.0664709 20535 g
 -0.8379706 -2.3642743 4.497508 20540 a
 1.1875118 3.3768632 0.8581786 20733 g
 -7.9631147 -0.6973112 5.9244523 20737 a
 -1.7992233 4.082867 -1.4803431 20941 g
 -10.556035 -0.52073884 -0.0077811554 20945 a
 0.70761013 -0.7534333 4.343191 21135 g
 -11.259931 0.8475474 -3.8989575 21147 a
 0.31239706 -0.47752982 0.31888852 21335 g
 -9.816227 1.6484078 -2.260725 21349 a
 0.2554054 -0.4969709 0.18519782 21541 g
 -9.880272 1.4359225 -1.0809821 21545 a
 0.10999681 0.17174886 0.29305583 21734 g
 -9.23683 1.9913772 -1.927931 21738 a
 -0.19173934 0.07880454 -0.07446039 21935 g
 -9.36073 1.7040731 -2.0039468 21940 a
 -0.035411786 -0.052489307 0.024609206 22138 g
 -9.028535 2.3894134 -3.103484 22143 a
 -0.4122491 0.19758151 0.08772612 22335 g
 -9.7240505 2.2008698 -1.8351556 22340 a
 0.23782854 0.9246245 -0.016936107 22535 g
 -7.973889 4.0162735 -1.4197617 22540 a
 -0.25778574 -0.12572624 -0.07073196 22734 g
 -10.986393 1.2072762 -2.3768437 22738 a
 0.33503392 -0.19550106 0.011559717 22941 g
 -9.67018 1.4796166 -1.3269863 22945 a
 0.031433556 0.032199215 -0.11840254 23138 g
 -9.77373 1.697489 -1.602918 23143 a
 0.03329777 0.23912683 0.27015266 23341 g
 -9.029732 2.9311013 -2.7006595 23345 a
 0.16645582 -0.038640868 0.07281242 23538 g
 -9.41041 2.1769278 -2.4241292 23542 a
 -0.11850241 -0.06820196 -0.056084573 23736 g
 -9.428965 2.1416135 -1.9195513 23740 a
 -0.0053180666 -0.027721908 -0.005484514 23942 g
 -9.505579 2.2098482 -2.0458453 23947 a
 -2.5806032E-4 0.018617094 -0.0022887206 24138 g
 -9.439739 2.156577 -2.1338322 24143 a
 -0.004252802 0.0010402307 -0.0041529336 24335 g
 -9.448118 2.123657 -2.034473 24339 a
 -0.008780176 -0.0040197754 -0.0049518817 24541 g
 -9.424775 2.1218612 -2.086547 24545 a
 0.0042693135 0.00450234 -9.571401E-4 24737 g
 -9.416994 2.0949266 -2.088941 24742 a
 -0.0015896409 0.0034370758 -0.0014897723 24944 g
 -9.390059 2.0979192 -2.119467 24948 a
 0.005600894 0.0010402307 -1.5819176E-4 25142 g
 -9.436746 2.1547816 -2.1679497 25147 a
 0.002937733 -0.0010902982 0.0062333946 25340 g
 -9.424176 2.0919337 -2.1284454 25345 a
 0.0034703652 0.0029044435 -0.003087669 25540 g
 -9.482835 2.0853498 -2.1386206 25545 a
 -0.002122273 0.0013065469 -0.0020224045 25742 g
 -9.458294 2.086547 -2.136825 25746 a
 -0.010378072 -0.005883988 0.0022386531 25943 g
 -9.395446 2.1015105 -2.123657 25948 a
 0.0048019458 -0.0045524077 -0.0012234562 26133 g
 -9.440936 2.1350293 -2.0961237 26135 a
 -0.0013233247 0.012225507 -0.0012234562 26339 g
 -9.478046 2.1290438 -2.1188686 26340 a
 -0.0013233247 0.008763398 -0.0022887206 26542 g
 -9.415198 2.1200657 -2.0590134 26547 a
 0.0042693135 -0.0016229304 -0.0038866173 26742 g
 -9.408614 2.0811598 -2.1284454 26746 a
 0.0050682616 0.012225507 0.004102866 26950 g
 -9.437345 2.0979192 -2.132635 26954 a
 5.40888E-4 -0.002954511 0.004369182 27142 g
 -9.448717 2.112883 -2.0757728 27147 a
 0.0016061524 -0.0013566143 -0.0036203011 27343 g
 -9.1751795 2.1547816 -2.1613655 27347 a
 0.07537571 -0.15289047 0.02354394 27540 g
 -9.412804 2.2038627 -2.0338743 27545 a
 -0.01330755 0.016486565 -0.0068160943 27743 g
 -9.446921 2.0308816 -1.9728222 27747 a
 -0.010910705 0.00796445 -0.008946624 27946 g
 -9.466075 2.1589713 -2.1158757 27950 a
 -0.001855957 0.019682359 -0.007615043 28142 g
 -9.391854 2.1649568 -2.0679917 28146 a
 0.0024051007 0.0034370758 0.00996182 28342 g
 -9.450513 2.1218612 -2.1068976 28346 a
 0.004002997 0.0071655014 0.0049018143 28544 g
 -9.439739 2.106299 -2.088941 28548 a
 0.0037366813 -0.0013566143 9.070727E-4 28747 g
 -9.433155 2.1140802 -2.1613655 28751 a
 0.006133526 0.0053012883 6.4075657E-4 28949 g
 -9.41041 2.106299 -2.1086931 28953 a
 -0.007448595 0.011160242 0.0014397049 29144 g
 -9.383475 2.0973208 -2.1170728 29149 a
 -7.906925E-4 0.0076981336 0.004635498 29342 g
 -9.399037 2.0919337 -2.2038627 29346 a
 -5.243764E-4 -0.0037534593 0.0022386531 29543 g
 -9.427169 2.0787656 -2.160767 29547 a
 0.0021387846 -0.009612413 -0.0022887206 29746 g
 -9.427768 2.095525 -2.2056582 29749 a
 0.0024051007 -0.0034871432 -0.0020224045 29950 g
 -9.427169 2.034473 -2.147599 29953 a
 2.745719E-4 7.739146E-4 0.0011733888 30145 g
 -9.430161 2.1057005 -2.1045034 30149 a
 -7.906925E-4 0.0010402307 3.7444045E-4 30344 g
 -9.414001 2.0991163 -2.082357 30348 a
 0.0050682616 0.0023718113 -1.5819176E-4 30547 g
 -9.401431 2.0667946 -2.1625626 30551 a
 0.0018724685 0.0018391791 0.001706021 30744 g
 -9.466674 2.1039047 -2.195483 30748 a
 2.745719E-4 0.0021054952 -0.0022887206 30952 g
 -9.452907 2.12246 -2.034473 30955 a
 0.00586721 0.006632869 -6.90824E-4 31143 g
 -9.403826 2.112883 -2.058415 31145 a
 0.0050682616 0.006100237 -9.571401E-4 31345 g
 -9.454702 2.088941 -2.0871453 31359 a
 -0.003986486 0.0055676047 0.004369182 31547 g
 -9.482835 2.070386 -2.106299 31551 a
 -0.001855957 -0.008813465 0.0014397049 31747 g
 -9.428965 2.0775685 -2.1338322 31751 a
 0.0069324747 0.0023718113 0.00516813 31950 g
 -9.487623 2.099715 -2.1218612 31954 a
 -0.0061170147 2.412824E-4 0.0035702337 32149 g
 -9.457695 2.0626047 -2.130241 32153 a
 -0.0015896409 -0.0018892465 -9.571401E-4 32351 g
 -9.409213 2.1122844 -2.1416135 32355 a
 -0.0034538535 2.412824E-4 -0.0046855654 32549 g
 -9.443929 2.0614076 -2.1374235 32552 a
 0.007465107 0.00796445 0.0030376015 32745 g
 -9.446921 2.0787656 -2.1978772 32749 a
 -0.0047854343 -0.002954511 -1.5819176E-4 32954 g
 -9.422979 2.094328 -2.1176715 32959 a
 -0.0015896409 -0.0034871432 -0.003087669 33149 g
 -9.418191 2.0518308 -2.1428106 33153 a
 2.745719E-4 0.0021054952 -0.0022887206 33346 g
 -9.44333 2.047641 -2.1679497 33350 a
 -0.0026549052 0.0029044435 0.004635498 33549 g
 -9.478644 2.0691888 -2.1386206 33552 a
 -0.009046492 -0.003220827 -1.5819176E-4 33748 g
 -9.415796 2.1218612 -2.124854 33752 a
 -0.0034538535 -0.0061503043 -0.003353985 33950 g
 -9.455301 2.046444 -2.1332338 33954 a
 -0.003986486 -8.2398206E-4 -0.0038866173 34152 g
 -9.443929 2.0644004 -2.1853075 34157 a
 -5.243764E-4 -8.2398206E-4 6.4075657E-4 34350 g
 -9.439739 2.067393 -2.1410148 34354 a
 -0.007981228 -0.007748201 0.0022386531 34550 g
 -9.392453 2.083554 -2.123657 34554 a
 0.0045356294 -0.0026881949 -0.0041529336 34752 g
 -9.431957 2.0763714 -2.0847511 34756 a
 0.0037366813 0.0037033919 -0.003087669 34948 g
 -9.431359 2.0578163 -2.1529858 34952 a
 0.004002997 -0.0016229304 0.0038365498 35151 g
 -9.464279 2.0973208 -2.1811178 35154 a
 -0.0031875374 -0.003220827 0.0033039176 35353 g
 -9.397242 2.2505496 -2.134431 35361 a
 -0.0063833306 -0.01467242 0.015021826 35551 g
 -9.44752 2.1697452 -2.1559787 35555 a
 0.006133526 -0.025325064 -0.0028213528 35752 g
 -9.222465 2.0404584 -2.1027076 35756 a
 0.13716105 -0.0037534593 -0.0073487265 35954 g
 -9.817424 1.7591397 -1.4993688 35959 a
 -0.007981228 -0.029319806 -0.0433014 36152 g
 -9.974244 1.7316064 -2.356493 36156 a
 0.09694732 -0.22666004 -0.14423521 36352 g
 -9.808446 1.3970166 -0.7170634 36370 a
 0.3725845 -0.47460034 -0.4251987 36554 g
 -9.834782 0.83976626 -0.7350199 36560 a
 0.09348521 0.031932898 0.19984521 36752 g
 -10.201694 0.37588966 -1.4568717 36756 a
 0.26632437 -0.48951405 -0.5093546 36952 g
 -10.675147 -0.13706805 0.8026561 36960 a
 0.7118712 -0.65622795 -0.82440656 37155 g
 -10.3692875 -2.1188686 5.819706 37160 a
 0.3014781 -1.0559684 -0.7692791 37352 g
 -6.789956 -1.0001777 1.4598645 37357 a
 0.52092254 -0.45649084 -1.2076354 37552 g
 -6.180033 -4.0821137 7.4585366 37557 a
 -0.4111838 -0.5558267 -0.5255999 37756 g
 -3.196858 -5.1864395 8.156446 37761 a
 -0.5765661 -0.32306647 0.4230181 37952 g
 -5.1559134 -5.145139 6.2763996 37957 a
 0.5696584 -0.11241043 -0.028121384 38152 g
 -5.0787005 -3.3147724 9.238028 38157 a
 0.96087676 -0.6410479 0.57268775 38355 g
 -3.0556 -0.92057055 8.817844 38360 a
 1.040239 -0.84477973 0.7141016 38552 g
 -2.0135236 3.4991257 10.090961 38557 a
 0.6524827 -0.6277321 0.12927143 38752 g
 -3.168726 0.14963761 8.56825 38759 a
 1.2916414 -0.22426319 1.1380769 38955 g
 -2.3169887 0.17896658 9.431957 38962 a
 0.26898754 -0.8647534 0.15377252 39152 g
 -1.6561891 0.5895722 8.294712 39157 a
 0.29295596 -0.37393284 0.19531783 39352 g
 -1.8309658 0.7344214 9.329007 39357 a
 0.053005163 -0.045565087 -0.043567717 39555 g
 -1.0827777 1.1695676 10.144233 39560 a
 0.12783998 -0.18777789 0.0059670787 39752 g
 -1.4646529 1.5610195 10.183737 39757 a
 0.14541686 0.07800558 0.10983036 39952 g
 -1.869273 0.9900024 9.553463 39955 a
 0.027172498 -0.059946157 -0.03105086 40158 g
 -1.3030443 1.1318588 9.474455 40162 a
 -0.05565181 0.06602136 -0.007615043 40354 g
 -1.4478935 1.3491327 9.721656 40360 a
 0.00586721 0.22314787 0.061627146 40554 g
 -1.9123687 1.2012907 9.655815 40560 a
 0.027172498 -0.11454096 -0.0896404 40759 g
 -1.2042835 1.1994951 9.63726 40763 a
 0.027172498 -0.01733558 -0.012408732 40954 g
 -1.5993267 1.1300632 9.583989 40962 a
 0.022112492 0.064423464 0.032865006 41157 g
 -1.5251064 1.1510124 9.552266 41162 a
 -0.003986486 -0.021330323 -0.012675049 41358 g
 -1.6178818 0.9660604 9.653421 41369 a
 -0.021030717 -0.055951416 -0.0070824106 41554 g
 -1.3455414 1.0510546 9.648633 41560 a
 0.0111935325 -0.0136071555 -0.012675049 41754 g
 -1.536479 1.192911 9.560646 41760 a
 0.013057745 0.0071655014 -0.003087669 41958 g
 -1.4850036 1.1935096 9.565434 41962 a
 0.0082640555 -0.002954511 -0.0049518817 42166 g
 -1.501763 1.2000936 9.546281 42170 a
 -0.0037201697 -2.5033714E-5 -0.0014897723 42360 g
 -1.5221137 1.2180501 9.557653 42364 a
 -0.002122273 -0.0024218787 -4.245079E-4 42560 g
 -1.5867572 1.1713632 9.545682 42564 a
 0.0024051007 0.001572863 1.0812434E-4 42759 g
 -1.5053543 1.1593921 9.551069 42764 a
 5.40888E-4 -0.0048187235 0.0025049692 42960 g
 -1.4969746 1.1384429 9.576807 42966 a
 2.745719E-4 0.0071655014 0.0014397049 43160 g
 -1.4694413 1.1450269 9.523536 43164 a
 -7.906925E-4 -0.0053513558 -0.0014897723 43361 g
 -1.4867992 1.1366472 9.546281 43365 a
 -0.0026549052 -0.0018892465 -9.571401E-4 43554 g
 -1.471237 1.1510124 9.627085 43560 a
 0.010128268 -0.008014517 -0.0017560885 43763 g
 -1.5011644 1.1713632 9.570822 43767 a
 0.0016061524 0.0026381274 -9.571401E-4 43955 g
 -1.5077485 1.1498153 9.542689 43962 a
 5.40888E-4 0.001572863 -0.0020224045 44155 g
 -1.489792 1.1605892 9.57561 44160 a
 -2.5806032E-4 -8.2398206E-4 -0.0012234562 44357 g
 -1.5227122 1.1210849 9.564238 44361 a
 -0.0015896409 -0.0016229304 0.0049018143 44557 g
 -1.5119383 1.1749545 9.532514 44561 a
 -5.243764E-4 -0.0040197754 -0.0025550367 44756 g
 -1.4688427 1.1522095 9.5253315 44760 a
 8.072041E-4 -0.003220827 0.001706021 44957 g
 -1.5179238 1.158195 9.591172 44962 a
 -0.0010570086 -0.007748201 -0.0025550367 45157 g
 -1.5263035 1.1432313 9.515755 45161 a
 -0.0015896409 2.412824E-4 -0.0022887206 45357 g
 -1.4802152 1.1498153 9.556456 45361 a
 -7.906925E-4 -0.012009258 -9.571401E-4 45558 g
 -1.5011644 1.151611 9.5809965 45562 a
 0.0010735203 5.075985E-4 0.0011733888 45757 g
 -1.4969746 1.1384429 9.565434 45761 a
 0.0013398363 -0.0013566143 -0.0014897723 45958 g
 -1.5077485 1.1575965 9.507974 45962 a
 0.0018724685 -0.0026881949 -0.0012234562 46159 g
 -1.4748282 1.1204864 9.549872 46162 a
 -5.243764E-4 2.412824E-4 9.070727E-4 46358 g
 -1.4927847 1.146224 9.543886 46370 a
 0.005600894 -0.0045524077 -0.007881359 46560 g
 -1.4119805 1.1001357 9.590573 46563 a
 -0.0034538535 -0.0013566143 0.0049018143 46761 g
 -1.6478093 1.2384008 9.514558 46765 a
 -0.011177021 -0.0021555626 0.022478677 46959 g
 -1.4826094 1.1216835 9.565434 46963 a
 0.005600894 -0.0010902982 -0.0049518817 47159 g
 -1.4263457 1.1599907 9.554661 47163 a
 -0.0053180666 -0.010145046 9.070727E-4 47360 g
 -1.4987702 1.2360066 9.54209 47363 a
 0.0037366813 -0.0016229304 1.0812434E-4 47560 g
 -1.4329298 1.2000936 9.552865 47564 a
 0.0024051007 0.0023718113 -0.0017560885 47759 g
 -1.5113398 1.1366472 9.540894 47763 a
 -7.906925E-4 0.0055676047 0.0030376015 47960 g
 -1.4826094 1.1593921 9.573814 47964 a
 -0.0047854343 -0.0037534593 1.0812434E-4 48160 g
 -1.4544775 1.1605892 9.565434 48164 a
 0.0069324747 -8.2398206E-4 -1.5819176E-4 48360 g
 -1.4688427 1.1569979 9.562442 48364 a
 0.0013398363 -0.0010902982 0.0011733888 48561 g
 -1.5298948 1.0965444 9.609129 48564 a
 -0.012508601 -0.02692296 0.0025049692 48760 g
 -1.4706384 0.9947908 9.597756 48764 a
 -0.0034538535 -0.00508504 -0.01746874 48964 g
 -1.6717514 1.401805 9.241618 48968 a
 0.028237764 0.16455832 -0.019599268 49161 g
 -2.260725 0.7332243 8.996213 49164 a
 0.15580317 -0.46847507 -0.1093478 49360 g
 -0.19692309 1.3150153 9.831789 49364 a
 0.14994423 -0.402695 -0.047562458 49561 g
 -0.90740246 1.3640964 9.787497 49564 a
 -0.1315519 -0.16700523 -0.09629831 49761 g
 0.036511578 0.7260417 10.108319 49765 a
 0.06392412 0.02713921 -0.0049518817 49961 g
 -1.1779473 0.11552023 11.40059 49964 a
 0.10200732 -0.5763331 -0.20335738 50161 g
 1.9231426 0.42078096 6.2368956 50164 a
 -1.0487446 -2.0309517 -0.67420423 50362 g
 4.3185415 0.4405331 11.872847 50366 a
 0.37791082 0.30783638 0.31782323 50562 g
 2.5731683 -0.16220717 11.044453 50566 a
 0.66766274 0.73687166 -0.6920474 50762 g
 -0.24241292 1.3736732 10.05864 50766 a
 0.28896123 0.6942611 -0.26088166 50963 g
 -0.76075757 0.7170634 9.4295635 50967 a
 0.06978308 -0.06687038 0.08106822 51162 g
 1.6208745 0.6368576 9.569026 51167 a
 -0.11024661 -0.19550106 -0.4600861 51362 g
 1.8674773 1.1384429 9.627684 51373 a
 -0.08654448 0.07267927 0.045381863 51564 g
 1.2719196 0.2908955 9.907207 51568 a
 -0.71797997 -0.25861797 -0.73865277 51763 g
 1.4371196 -1.4909891 9.221867 51767 a
 -0.42157015 -0.16247787 -0.6539642 51963 g
 2.006341 -0.789488 9.816826 51967 a
 -0.0085138595 -0.13771047 -0.41454604 52164 g
 1.5143325 -0.55006784 10.147225 52168 a
 -0.12382873 0.2915911 0.08612823 52363 g
 1.3808558 -0.9271546 9.662399 52368 a
 0.05806517 0.07214663 0.055501875 52564 g
 2.047641 -1.122282 9.416994 52568 a
 0.11292628 0.00450234 0.00516813 52764 g
 1.9021933 -1.0366893 9.369708 52768 a
 -0.014106498 -0.017601896 0.004102866 52964 g
 1.9524715 -1.06123 9.510367 52968 a
 -0.10492029 0.14671513 0.03872396 53164 g
 1.927931 -1.484405 9.396643 53169 a
 0.32731074 0.1296709 0.71676475 53365 g
 1.4520833 -0.21667525 9.7803135 53369 a
 0.64502585 -0.23065478 1.2153085 53565 g
 2.6270378 2.248754 10.445304 53569 a
 0.52811307 0.1544383 0.6400657 53765 g
 2.023699 1.1360487 11.051037 53769 a
 0.14142211 -0.062076688 0.2706853 53965 g
 2.11827 0.8583213 9.813833 53970 a
 -0.0029212213 0.0551024 0.1633599 54165 g
 1.483208 0.7284359 9.639056 54169 a
 -0.05165707 -0.069533534 -0.13384888 54365 g
 1.6843209 0.61530983 9.5492735 54370 a
 -0.024759142 0.024476048 -0.00575083 54567 g
 1.543063 0.6159084 9.536704 54571 a
 -0.0013233247 -0.002954511 -0.013473997 54766 g
 1.5496471 0.5955577 9.537302 54770 a
 0.0034703652 0.012491823 -9.571401E-4 54967 g
 1.5693992 0.6302736 9.53012 54970 a
 0.007997739 -0.0010902982 0.0025049692 55167 g
 1.5813702 0.6015432 9.606135 55171 a
 0.0042693135 0.006899185 0.004369182 55367 g
 1.5765818 0.6254852 9.55885 55371 a
 2.745719E-4 0.0010402307 0.004635498 55568 g
 1.638831 0.58538234 9.554661 55571 a
 5.40888E-4 -0.0045524077 3.7444045E-4 55768 g
 1.6041151 0.6302736 9.563639 55772 a
 -0.004252802 0.004236024 -1.5819176E-4 55968 g
 1.590947 0.6452374 9.572019 55971 a
 8.255799E-6 -0.0018892465 -0.0014897723 56163 g
 1.5855601 0.64583594 9.576208 56164 a
 8.255799E-6 0.0029044435 -0.0020224045 56369 g
 1.5885528 0.61291564 9.562442 56382 a
 2.745719E-4 -0.0053513558 3.7444045E-4 56569 g
 1.5903485 0.6476316 9.56723 56573 a
 0.0013398363 0.006899185 0.0027712854 56771 g
 1.578976 0.66139823 9.574412 56774 a
 0.007731423 0.0021054952 -6.90824E-4 56969 g
 1.602918 0.6356605 9.61272 56973 a
 -0.0026549052 -8.2398206E-4 -0.0041529336 57169 g
 1.5610195 0.64463884 9.564836 57172 a
 0.002937733 -0.007215569 0.0059670787 57369 g
 1.5813702 0.6326678 9.566033 57373 a
 0.0063998424 0.004768656 0.0075649754 57570 g
 1.5891514 0.6374562 9.565434 57574 a
 8.072041E-4 -5.5766595E-4 0.004635498 57769 g
 1.572392 0.59495914 9.548675 57773 a
 -0.001855957 -0.0021555626 0.0030376015 57970 g
 1.6041151 0.6051345 9.572019 57973 a
 0.004002997 -0.0045524077 0.0025049692 58170 g
 1.5735891 0.635062 9.591172 58174 a
 0.004002997 -0.0026881949 0.0014397049 58370 g
 1.602918 0.65660983 9.565434 58374 a
 -0.004252802 0.0021054952 -0.0044192495 58570 g
 1.5987282 0.6440403 9.574412 58574 a
 0.0013398363 5.075985E-4 -6.90824E-4 58771 g
 1.5921441 0.61171854 9.604341 58774 a
 0.00586721 -0.0021555626 0.0054344465 58970 g
 1.6047137 0.6314707 9.566033 58974 a
 0.0024051007 0.0010402307 0.0075649754 59170 g
 1.6286557 0.65541273 9.593566 59174 a
 0.0010735203 -0.005883988 0.0038365498 59371 g
 1.5526398 0.6631939 9.577405 59375 a
 0.0042693135 -0.0016229304 0.008896556 59571 g
 1.6358383 0.6596026 9.583391 59574 a
 0.00586721 -0.0010902982 0.0027712854 59771 g
 1.6077064 0.5674258 9.544485 59775 a
 -7.906925E-4 0.012225507 3.7444045E-4 59972 g
 1.5610195 0.46088383 9.560646 59977 a
 0.0069324747 -0.008280833 -0.003087669 60299 g
