 0.5672616 -0.8775366 -0.9178835 7 g
 -4.6561236 -3.7116113 5.4114943 8 a
 0.7693955 3.8525038 2.1993465 107 g
 -7.189788 0.55126494 -0.4782418 112 a
 -0.819979 0.91237396 0.3849349 323 g
 -6.727707 -3.5009215 -0.018555064 326 a
 -1.087893 2.4974873 -0.7618223 521 g
 -9.944317 1.7717092 -1.4269443 524 a
 -0.8988086 0.26575845 0.88188076 721 g
 -9.394848 3.8361096 -1.8650831 724 a
 -0.57097346 0.11555616 -0.053155098 920 g
 -9.303867 3.7325604 -3.283049 924 a
 0.5337057 -0.36354652 -0.42546502 1122 g
 -8.042722 0.3800795 0.046686932 1128 a
 -0.48442075 -0.85383445 -0.89338243 1319 g
 -9.113529 -0.37229836 1.9093759 1323 a
 -0.22343096 -0.12972097 0.20943259 1520 g
 -9.898229 0.78410107 0.11192893 1523 a
 -0.0085138595 0.035927642 0.4805424 1719 g
 -9.620501 2.5737667 -0.80924016 1723 a
 -0.04473285 0.13872565 0.23659682 1919 g
 -9.994595 1.9740193 -0.23283611 1923 a
 -0.17549406 0.21995208 0.044050284 2121 g
 -9.521142 1.4568717 -0.045489833 2124 a
 0.055934638 -0.19683264 -0.121864654 2319 g
 -9.760562 1.8237832 -0.03232172 2323 a
 -0.056184445 0.011426559 0.12394512 2521 g
 -9.585187 2.160767 -0.40282443 2524 a
 0.0668536 0.022345519 0.01475551 2721 g
 -9.636064 2.0913353 -0.338181 2725 a
 -0.026357038 -0.0045524077 -0.019332951 2921 g
 -9.634866 1.9614497 -0.3298013 2924 a
 0.0050682616 0.0127581395 0.012092349 3122 g
 -9.654019 2.1057005 -0.32441434 3126 a
 0.0050682616 0.006899185 -0.0025550367 3339 g
 -9.604341 2.0350714 -0.30166942 3342 a
 0.0071987906 -0.038907185 -0.027056118 3521 g
 -9.715671 1.9207484 -0.3549404 3524 a
 0.08203362 -0.17286418 -0.060079318 3721 g
 -9.917382 1.6831238 0.16579847 3724 a
 0.27324858 -0.69164795 -0.47899455 3921 g
 -10.67814 -0.3441665 0.46746787 3925 a
 0.69456065 -0.39736867 -1.3288093 4121 g
 -9.533113 -2.1499932 0.23343466 4124 a
 0.9219946 -0.67993003 -0.9240088 4333 g
 -9.411008 -2.8550856 2.3295584 4337 a
 -0.046597064 -1.5193584 -0.8742077 4522 g
 -5.9603653 -4.3448777 6.4661403 4526 a
 0.21998537 -0.31800646 0.47548237 4721 g
 -4.8069587 -2.379238 3.4320881 4725 a
 0.29215702 -1.8698304 -1.822293 4922 g
 -0.25797522 -6.7091517 6.9144545 4926 a
 -0.49267656 -1.6682291 -1.3663598 5119 g
 -1.8297687 -2.0775685 1.2791022 5122 a
 -0.26311207 -0.19709896 0.620891 5321 g
 -0.2220622 -6.4386067 8.542512 5325 a
 0.8444966 -0.41494554 0.18093675 5523 g
 0.98102415 -4.2503066 8.978855 5527 a
 1.8109578 -0.7433133 0.409436 5725 g
 1.8423382 -0.7404069 8.865729 5729 a
 0.47911093 -0.500433 0.7487227 5924 g
 0.7068881 1.3359646 9.9712515 5928 a
 0.9219946 -0.24130742 0.9766893 6125 g
 2.461838 2.079364 3.9486372 6128 a
 -1.3036091 -4.611821 -2.5027306 6324 g
 11.987169 1.3335704 9.735423 6327 a
 -0.39573747 -0.6727395 0.25843474 6525 g
 11.757924 3.3267434 -1.780089 6529 a
 0.3829708 0.772558 0.48693398 6723 g
 10.262746 0.9175778 3.719991 6727 a
 -0.051124435 -0.5699415 0.09944403 6928 g
 10.588357 0.9379285 4.584896 6933 a
 -0.35339323 -0.5531636 -0.5415788 7130 g
 9.266758 1.4389153 1.9351135 7136 a
 0.13769369 0.16562359 0.22407997 7326 g
 9.220071 1.543063 2.658761 7330 a
 0.1313021 -0.009346098 0.01821762 7524 g
 9.026739 1.4580688 -0.7032967 7528 a
 0.14435159 -3.2120636 -0.043035086 7728 g
 7.98586 1.8662802 -7.0706763 7732 a
 0.05566832 0.0098286625 0.05044187 7924 g
 8.091804 1.4263457 -5.33488 7927 a
 -0.0029212213 0.6106378 0.048045024 8124 g
 8.875904 1.2551602 -3.7056258 8128 a
 0.017052487 0.4585713 0.038990278 8330 g
 8.97646 1.2467805 -3.5643678 8335 a
 -0.0061170147 -0.023727167 -0.0073487265 8520 g
 8.908825 1.2910733 -3.8696284 8524 a
 0.0010735203 -0.04476614 -0.003353985 8724 g
 8.911219 1.2521675 -3.83192 8727 a
 0.0018724685 0.022611836 6.4075657E-4 8923 g
 8.91481 1.2587515 -3.8744168 8927 a
 5.40888E-4 5.075985E-4 3.7444045E-4 9123 g
 8.922591 1.2749124 -3.8869865 9126 a
 8.255799E-6 -0.0066829366 -9.571401E-4 9326 g
 8.9279785 1.270124 -3.90614 9330 a
 -0.0015896409 0.004768656 0.001972337 9523 g
 8.889671 1.2611457 -3.899556 9527 a
 -7.906925E-4 -0.023194535 -0.0012234562 9723 g
 8.91062 1.276708 -3.9252937 9727 a
 2.745719E-4 -0.00854715 1.0812434E-4 9926 g
 8.902241 1.2719196 -3.934272 9931 a
 -5.243764E-4 -0.013340839 -0.003353985 10124 g
 8.904634 1.2683283 -3.8971617 10133 a
 8.255799E-6 -5.5766595E-4 -6.90824E-4 10324 g
 8.893861 1.2605472 -3.9211037 10325 a
 2.745719E-4 -0.016536633 -9.571401E-4 10527 g
 8.8884735 1.2844892 -3.933075 10532 a
 -0.0015896409 -0.010411362 -0.0020224045 10724 g
 8.887876 1.276708 -3.90614 10729 a
 2.745719E-4 -0.0018892465 1.0812434E-4 10925 g
 8.901642 1.2563573 -3.8959646 10929 a
 2.745719E-4 0.044449758 0.004369182 11131 g
 8.89446 1.2659341 -3.9354692 11140 a
 0.0016061524 -0.027455593 -0.003087669 11324 g
 8.883685 1.2862848 -3.8857894 11328 a
 -5.243764E-4 0.015687617 0.001972337 11524 g
 8.892664 1.2779051 -3.9378633 11528 a
 -0.0010570086 -0.00854715 -1.5819176E-4 11724 g
 8.933964 1.2814964 -3.8827965 11728 a
 -2.5806032E-4 0.010893927 -4.245079E-4 11924 g
 8.880095 1.2725182 -3.9264908 11928 a
 8.255799E-6 -0.0034871432 -0.0020224045 12126 g
 8.9124155 1.2826935 -3.9354692 12133 a
 -0.0010570086 -0.0074818847 -4.245079E-4 12329 g
 8.890269 1.2605472 -3.934272 12334 a
 -0.0053180666 -0.03704297 -0.0052181976 12526 g
 8.893861 1.2761095 -3.9366663 12530 a
 -0.007182279 0.015154985 -0.012675049 12726 g
 9.078215 1.3108255 -2.7263973 12730 a
 -0.053787597 0.43327126 0.017418671 12929 g
 9.038112 1.2964603 -3.626617 12934 a
 -0.021030717 -0.18191893 -0.0102782035 13126 g
 9.165603 1.6956934 -2.2296004 13130 a
 -0.31291318 1.8900204 -0.060079318 13326 g
 9.1668 1.6956934 2.0775685 13331 a
 0.046613574 1.0495267 0.11648826 13529 g
 9.606135 1.2653356 1.5161282 13534 a
 -0.18907619 -0.0788546 0.18945888 13726 g
 9.8198185 0.7338228 1.8106151 13730 a
 -0.030085465 0.4255481 0.11302616 13926 g
 8.437167 1.1408371 2.1978772 13930 a
 0.488432 0.77229166 0.43606758 14129 g
 8.62152 0.33039984 4.545392 14134 a
 -0.14433508 -1.2264107 0.10610194 14326 g
 9.528923 0.01616086 1.3730747 14331 a
 -0.10385503 0.097180344 0.015021826 14526 g
 9.44333 -0.08738836 5.0344076 14530 a
 -0.46258283 -1.2224159 0.95778084 14729 g
 9.937733 -1.0342951 3.4398694 14734 a
 0.78510815 1.6945443 0.45044866 14926 g
 2.791639 -0.37229836 3.5452142 14930 a
 -0.09053922 1.1613795 1.1796222 15126 g
 5.121796 0.0796072 6.8246717 15151 a
 0.08576204 0.44605446 -0.7791328 15332 g
 4.419098 -0.025737667 7.9170265 15336 a
 0.71107227 -0.10921464 0.65204996 15526 g
 5.5461683 0.3357868 8.687361 15531 a
 0.083365194 -0.115606226 0.1915894 15726 g
 4.4753613 0.26635495 7.7757688 15731 a
 0.14062317 0.47401765 0.09837877 15932 g
 5.1289787 -0.049679685 7.9661074 15936 a
 -0.0521897 0.101175085 0.018750252 16129 g
 5.315128 -0.7260417 8.310873 16133 a
 -0.18641302 0.1576341 -0.01800137 16331 g
 3.8804023 0.39624038 9.015367 16336 a
 0.027172498 -0.031982966 -0.02146348 16532 g
 2.7072437 0.1376666 7.2729864 16536 a
 0.08309888 0.045781337 0.32820958 16729 g
 4.0533834 0.46986207 8.327033 16733 a
 0.026107235 0.24871421 0.1335325 16929 g
 3.9504328 0.46986207 8.730456 16933 a
 -0.08974027 0.0055676047 0.071747154 17131 g
 4.1521444 0.55246204 8.616134 17135 a
 -0.013041234 -0.06527248 -0.019066636 17331 g
 4.2413282 0.74519527 8.920795 17336 a
 -0.13048664 0.08998981 0.111694574 17530 g
 4.1479545 -0.31184477 8.172607 17535 a
 0.030101975 -0.038374554 -0.15648575 17733 g
 4.3766007 0.65301853 8.6017685 17737 a
 -0.16350983 -0.06260932 0.034995534 17931 g
 4.313154 0.57879823 8.726865 17935 a
 -0.080419205 -0.0034871432 -0.054752994 18133 g
 4.551976 0.51834464 8.486248 18137 a
 -0.26337838 -0.20668633 -0.20815107 18341 g
 4.701015 0.08678981 8.619126 18352 a
 -0.5616524 -0.18484841 -0.56261784 18533 g
 5.3318872 -0.40102878 7.873931 18537 a
 -0.6340904 -0.085512504 -0.15675206 18733 g
 5.53719 -1.7010803 7.989451 18737 a
 -1.0351624 0.019948674 0.47867817 18934 g
 4.7141833 -4.5244427 6.9491706 18938 a
 -0.7448779 0.4899966 1.2496634 19133 g
 2.496554 -6.250662 6.6882024 19137 a
 -0.42476594 0.39838386 0.8661681 19334 g
 0.99778354 -6.3111157 5.861006 19338 a
 0.39788452 -0.06047879 0.40384334 19534 g
 -0.031124622 -5.943007 5.9052987 19538 a
 -0.4458049 0.7797485 0.8427323 19733 g
 1.2503718 -6.279991 7.2604165 19737 a
 0.23117064 -0.41494554 -0.11121201 19934 g
 1.3545196 -6.179435 7.342418 19937 a
 0.14594948 -0.08844198 0.009695504 20141 g
 1.0205284 -6.1644707 7.632715 20144 a
 0.058864117 0.05803188 0.07680716 20336 g
 0.90500826 -5.708974 7.6524673 20343 a
 -0.031949677 -0.07033248 -0.012142417 20534 g
 0.8146271 -5.935226 7.398083 20538 a
 0.027971447 -0.10575253 -0.011077153 20737 g
 1.0564415 -5.8604074 7.501034 20741 a
 -0.1001266 -0.022129271 -0.14663205 20935 g
 1.3682863 -6.1938 7.48607 20939 a
 -0.004252802 -0.0048187235 -0.025458222 21135 g
 1.09834 -5.872977 7.5944076 21139 a
 -0.012508601 -0.07006617 -0.048095092 21338 g
 0.79128367 -6.193201 7.93618 21342 a
 0.0436841 -0.043700874 -0.06780248 21534 g
 4.435259 -7.3190746 10.050261 21538 a
 0.36086658 -0.6937785 -0.2749964 21734 g
 4.2598834 -2.380435 2.9221232 21738 a
 0.6487543 3.6948447 1.0576494 21934 g
 -19.6133 0.7613561 1.3084313 21938 a
 -0.9299676 1.3600513 1.9077303 22134 g
 -5.768829 -1.8950106 3.7463272 22139 a
 -0.7115884 -0.34330648 -0.1969658 22339 g
 -8.400057 -1.1456255 2.8532898 22343 a
 -0.39067748 -0.09483357 -0.22865741 22536 g
 -9.278131 -0.6937199 2.1493945 22540 a
 -0.30385843 0.50198084 1.1300874 22736 g
 -10.408194 -0.11252748 2.319383 22741 a
 -0.20132673 0.09212034 0.17241465 22937 g
 -9.154829 0.49081135 1.5598224 22941 a
 0.034363035 0.7848085 0.82568806 23137 g
 -9.491214 2.5983074 -0.35314476 23141 a
 0.2902928 0.69559264 0.4065065 23339 g
 -9.331401 2.9005754 -1.3239936 23343 a
 0.32384863 -0.18404946 0.07840506 23534 g
 -9.9928 2.0524294 -0.23762453 23538 a
 -0.11956768 -0.18218525 -0.0041529336 23739 g
 -9.662399 2.1362264 0.095169514 23742 a
 -0.013840182 -0.013873471 -0.012941365 23938 g
 -9.595961 2.2649148 -0.094570965 23942 a
 8.072041E-4 0.006366553 -0.0073487265 24139 g
 -9.670779 2.043451 -0.31004912 24142 a
 -0.01943282 -0.016802948 -0.0041529336 24338 g
 -9.504981 2.2200236 -0.16938977 24345 a
 0.0071987906 -0.054619834 0.073877685 24535 g
 -9.688137 2.3008277 -0.10534488 24539 a
 0.043950412 -0.10149147 -0.037176132 24739 g
 -9.527725 1.9919758 0.4357447 24743 a
 0.052738845 0.06974979 -0.02279506 24940 g
 -9.929353 2.2589293 -0.1945289 24944 a
 -0.091604486 -0.08231671 -0.059546683 25137 g
 -9.7803135 1.6573862 0.61052144 25152 a
 -0.042602323 -0.39870024 -0.7197443 25344 g
 -9.056666 -0.108936176 1.5269021 25351 a
 0.34994763 -0.24397059 -0.7407833 25536 g
 -9.343372 -2.112883 1.5173253 25540 a
 0.16965161 -0.72307324 -0.67526954 25740 g
 -8.859743 -3.5775359 2.9945478 25744 a
 -0.020764401 -1.3832709 -0.8928498 25941 g
 -4.9721584 -5.2905874 5.732916 25944 a
 0.121182084 -0.7044311 -0.6787316 26142 g
 -5.4563856 -6.7905545 7.383718 26146 a
 0.32864234 -0.63705313 -0.40336078 26342 g
 -5.0661306 -5.3366756 7.6889787 26346 a
 0.72199124 -0.78885335 -0.14876258 26535 g
 -2.3175871 -4.1162314 5.351041 26538 a
 -0.10598555 -0.8791345 -0.9045677 26743 g
 -3.1070752 -5.9130797 8.441357 26747 a
 -0.49161127 0.8852097 -0.040904555 26942 g
 -3.2668881 -6.937798 5.5377884 26945 a
 0.7550144 0.32328272 1.006783 27141 g
 -1.7615339 -5.8382607 6.892308 27145 a
 0.83224607 -0.22026846 -0.010810836 27344 g
 -4.0198646 -3.6649241 8.9842415 27349 a
 0.89749354 0.18506466 0.59372675 27551 g
 -4.0677485 -0.12389994 9.068039 27555 a
 0.6349059 -0.41068447 0.38307068 27742 g
 -0.7200562 -0.10055647 9.8198185 27746 a
 1.4271963 -1.1401243 -0.2217332 27944 g
 -0.36152446 0.9744401 7.9708962 27949 a
 0.05167358 -1.196317 -0.8113571 28143 g
 -1.5346833 0.6607997 9.339182 28146 a
 -0.19253829 0.21356048 -0.1756605 28341 g
 -0.5590461 1.067814 9.56304 28345 a
 -0.50759023 -0.04822825 -0.22040161 28543 g
 -0.90500826 -0.15502456 9.55885 28547 a
 -0.65859145 0.3690891 -1.0686184 28743 g
 0.6422446 -0.9020155 9.766547 28747 a
 0.037558828 -0.047695618 -0.13118571 28943 g
 -1.1061212 -0.92535895 9.612122 28946 a
 -0.07775605 -0.17286418 -0.17858998 29145 g
 -1.3072342 -0.39683893 10.641029 29151 a
 -0.18028775 -0.34943175 -0.14663205 29343 g
 -0.83617496 -0.95109665 10.152014 29347 a
 -0.7302305 0.05456977 -0.8182813 29542 g
 -0.83617496 -3.3836055 8.309077 29546 a
 -1.7448949 0.9661698 0.41263178 29745 g
 -1.8752584 -5.231331 7.8452005 29751 a
 1.102557 -2.3643794 0.23313472 29943 g
 4.9823337 -3.6134489 5.9483943 29946 a
 0.2386275 -1.3561066 -1.1088321 30143 g
 8.461707 -0.46507367 5.2636523 30154 a
 -0.24766572 -1.5217552 -2.1791565 30345 g
 9.485229 1.6771383 6.5265937 30351 a
 0.17071688 -0.36274758 -1.0545037 30542 g
 8.956709 1.8614918 5.61979 30546 a
 0.45567513 0.3160922 -0.20149317 30743 g
 8.000225 2.236783 5.4504004 30747 a
 0.37231818 0.1890594 0.5087719 30946 g
 8.357559 1.543063 4.55856 30951 a
 0.9840463 -1.3862004 -0.2369132 31143 g
 8.684368 2.2212207 3.9055414 31147 a
 0.18163584 -0.11720412 0.1931873 31343 g
 9.317036 2.190096 2.3373394 31347 a
 0.03462935 -0.5355867 -0.109880425 31546 g
 9.112331 2.569577 0.94690675 31550 a
 -0.026623355 -0.35688862 -0.080053024 31743 g
 9.193734 2.6252422 1.5705963 31747 a
 0.092419945 -0.2855159 0.042452384 31943 g
 9.424775 1.8662802 1.6059108 31947 a
 0.024509337 0.8322128 0.0823998 32146 g
 9.804854 1.8459295 1.5275006 32151 a
 0.11612208 -1.0301358 0.28187057 32343 g
 9.0842 3.2010477 0.47764325 32347 a
 -0.8508717 3.0990956 0.8334112 32546 g
 8.95611 -0.9744401 7.3831196 32551 a
 0.063657805 -0.5963068 -0.5359862 32749 g
 7.48607 -1.4664485 5.872977 32753 a
 -0.18028775 -0.5465057 -0.3359828 32945 g
 8.689755 -1.4808137 5.7628436 32951 a
 -0.13900875 -0.88605875 -0.73332644 33145 g
 8.532935 -0.09995792 4.9146976 33151 a
 0.028770395 0.26043212 0.31569272 33349 g
 8.429385 -0.2657564 4.545392 33353 a
 0.0018724685 0.028204473 -0.024126641 33550 g
 8.63828 -0.29987377 4.6603136 33554 a
 -0.18215196 -0.5350541 -0.064873 33745 g
 8.717288 -0.20590134 4.213795 33751 a
 0.0018724685 0.1096972 0.033663955 33949 g
 8.296508 -0.108936176 5.1463366 33953 a
 0.0021387846 -0.024526116 -0.01400663 34145 g
 8.654441 -0.16519992 4.3556514 34151 a
 8.255799E-6 -0.12812307 -0.104021475 34345 g
 8.352771 0.04249708 4.970961 34351 a
 0.054869372 0.29052585 0.045115545 34554 g
 8.208521 -0.061650693 5.1846437 34557 a
 -0.007182279 0.0154213 0.013956562 34752 g
 8.262989 -0.1340753 5.077503 34755 a
 -0.0077149114 -0.015205052 0.01608709 34947 g
 8.250419 -0.12749124 5.1289787 34953 a
 -0.001855957 0.0023718113 -0.0014897723 35153 g
 8.253412 -0.12509704 5.09546 35165 a
 8.072041E-4 0.006100237 -6.90824E-4 35351 g
 8.257003 -0.15382746 5.1122193 35355 a
 -0.001855957 -0.014938735 -0.0012234562 35554 g
 8.237849 -0.14604631 5.1182046 35558 a
 -0.0015896409 -0.0021555626 0.001706021 35753 g
 8.255207 -0.142455 5.111022 35757 a
 0.0016061524 -0.0010902982 -0.0020224045 35951 g
 8.246229 -0.15861586 5.093664 35954 a
 -0.002388589 -0.017868213 -9.571401E-4 36151 g
 8.00621 0.10354923 5.2474914 36155 a
 0.08656099 0.535004 0.077872425 36353 g
 7.4561424 -0.17896658 6.3619924 36357 a
 0.058331482 0.048710816 0.11435773 36553 g
 8.22528 -0.18914193 5.8963203 36556 a
 -0.040205475 -0.03437981 -0.05581826 36751 g
 7.5441294 0.0688333 4.800973 36755 a
 -0.012508601 -1.3214855 -0.53971463 36953 g
 9.718663 1.0767922 3.204639 36957 a
 0.6141332 0.03938975 0.31888852 37152 g
 8.659229 -0.31603462 3.7086184 37155 a
 0.3414255 -0.09936094 0.39931598 37352 g
 10.771513 -0.60573304 3.8480806 37356 a
 0.120383136 -1.535071 0.41582757 37554 g
 6.5840545 -2.2984335 3.7696705 37558 a
 1.6003017 -1.4008478 2.6371703 37752 g
 4.4580035 -3.4219127 5.209184 37756 a
 1.564349 0.07374453 0.7314122 37953 g
 0.76315176 -2.110489 5.341464 37956 a
 -0.11983399 -0.2740643 0.9796188 38155 g
 4.347272 -5.3037553 5.5222263 38159 a
 -0.23701309 0.27800897 -9.571401E-4 38353 g
 4.1904516 -6.4727244 6.6283474 38357 a
 -0.12675822 -0.14410205 -0.40495867 38555 g
 4.051588 -5.3821654 6.293159 38558 a
 0.354475 -0.22666004 -0.19270474 38754 g
 5.787384 -4.1425676 6.3883286 38758 a
 0.2751128 -0.2160074 -0.529062 38954 g
 6.5966244 -3.3722332 6.2865753 38957 a
 0.5139983 -0.48818246 -1.2992482 39153 g
 5.9687448 -2.2391772 5.602432 39157 a
 -0.31051633 -0.39364025 -0.62307155 39356 g
 5.964555 -2.12246 5.41748 39360 a
 -0.14220454 0.23699631 0.10956404 39556 g
 6.685808 -2.44448 5.947197 39560 a
 -0.09266975 0.033530794 0.022744993 39754 g
 7.3579803 -2.2409728 6.432023 39757 a
 -0.52569973 -0.31481066 0.8925334 39954 g
 6.8366427 -5.7323174 4.605247 39959 a
 -0.2473994 0.94592977 1.7029333 40154 g
 3.2638955 -8.452729 5.7149596 40159 a
 -1.1006762 0.0633582 0.8962618 40355 g
 -0.43993455 -9.044696 4.4765587 40359 a
 -0.24340467 0.49692082 0.3074369 40559 g
 3.5697548 -10.195708 6.930017 40562 a
 -0.7976085 -1.0090967 -0.7908507 40755 g
 3.0777464 -9.842564 3.8097734 40759 a
 1.7853914 1.8063971 -0.16740471 40955 g
 0.2621651 -3.3357215 1.6843209 40959 a
 2.199513 3.3704717 0.23233578 41156 g
 -3.602675 -6.039374 12.927492 41161 a
 0.0037366813 -0.41867396 0.5934604 41355 g
 -3.5727475 -0.79008657 9.65821 41360 a
 1.4527626 0.8953297 1.4981363 41557 g
 -4.979341 2.4558525 8.477868 41561 a
 0.8442303 0.34378907 0.8898702 41756 g
 -4.9482164 3.6655228 8.283937 41761 a
 0.25913382 0.20850047 -0.059546683 41956 g
 -0.66379243 1.8291701 8.365939 41960 a
 -0.0077149114 -0.28977695 -0.11041306 42156 g
 -3.7014358 2.4498668 8.405443 42161 a
 0.06339149 0.2734816 -0.105885684 42357 g
 -3.828927 2.6623523 9.066842 42361 a
 -0.10065924 -0.071930386 -0.036643498 42557 g
 -2.6258407 2.3774424 9.129689 42561 a
 -0.22023517 -0.10921464 -0.059014052 42757 g
 -3.1376014 1.7591397 8.934562 42762 a
 0.09295258 -0.008813465 0.06828505 42960 g
 -3.2202013 2.7383683 8.743026 42964 a
 0.0436841 0.018883409 0.03313132 43157 g
 -3.4685998 2.4624364 8.89446 43162 a
 -0.07962026 -0.021862954 0.03393027 43357 g
 -3.2303767 1.8393455 9.100959 43362 a
 -0.12968768 -0.030917702 -0.03850771 43560 g
 -2.915539 1.8100165 9.151836 43564 a
 -0.039140213 -0.031450335 0.0054344465 43761 g
 -3.1052797 1.9267339 9.04709 43765 a
 -0.037276 -0.029586121 -6.90824E-4 43958 g
 -3.3063924 1.62686 9.173384 43962 a
 -0.0769571 -0.027189277 -0.014539261 44161 g
 -2.8987796 1.3634979 9.260174 44165 a
 -0.14034033 -0.08231671 -0.03451297 44357 g
 -2.6497827 1.4335283 9.397242 44361 a
 0.004002997 -0.06260932 0.023277625 44558 g
 -2.3828292 1.0887632 9.354146 44562 a
 -0.003986486 -0.0242598 -0.0073487265 44763 g
 -2.4971523 1.3239936 9.3583355 44768 a
 0.05566832 0.060961355 -0.022528745 44960 g
 -3.1789012 1.8166006 9.427169 44963 a
 -0.054053914 -0.046364035 0.02167973 45160 g
 -2.3762453 0.2896984 9.460688 45173 a
 0.22264852 0.119284585 0.05044187 45357 g
 -3.3889925 1.6047137 8.868722 45361 a
 0.4897636 0.36296383 -0.12692466 45557 g
 -4.2862196 4.635773 8.324639 45561 a
 0.35527393 -0.03677666 0.07307874 45761 g
 -1.9806033 2.2415714 7.904457 45765 a
 0.26579174 0.81010854 -0.44810188 45963 g
 -5.125387 5.2474914 7.8236527 45967 a
 -0.39520484 -0.47939402 0.1170209 46161 g
 -5.266645 3.9665937 7.730279 46165 a
 0.0050682616 -0.060212474 0.0906556 46361 g
 -4.6926355 3.4925418 7.913435 46365 a
 0.027705131 0.017285513 0.020348148 46563 g
 -4.0521865 2.8921957 7.827842 46567 a
 0.37977502 0.66922736 -0.17645946 46761 g
 -5.6527104 4.248511 5.9825115 46765 a
 0.6556785 0.83620757 -0.57806414 46961 g
 -7.9810715 0.9020155 0.80924016 46965 a
 -0.33608267 2.4977536 -4.8127565 47163 g
 -10.218452 -0.20290859 1.3162124 47168 a
 -0.39254168 -0.29803276 -0.18018788 47361 g
 -9.569624 -1.2078748 1.8046296 47365 a
 0.012791429 -0.42666343 -0.104021475 47560 g
 -9.791088 -1.0301052 2.9137435 47564 a
 -0.08015289 -0.36887285 -0.2086837 47763 g
 -9.197326 -1.412579 2.5306711 47767 a
 -0.032215994 0.10943089 -0.36261442 47961 g
 -8.971074 -2.0009542 3.1908724 47965 a
 -0.037542317 -0.6216068 -0.80975914 48161 g
 -7.162853 -4.1036615 4.1677065 48165 a
 -0.21064779 -0.89511347 -1.1072342 48363 g
 -4.5232453 -6.31351 6.1219735 48368 a
 0.08735994 -0.32226753 -0.74664223 48560 g
 -3.855862 -6.997653 6.415862 48564 a
 0.6703259 -0.7497049 -0.6963085 48761 g
 -1.3299791 -3.8839936 7.5094137 48765 a
 0.041553568 -0.9369251 -1.9802184 48963 g
 3.7463272 -4.0360255 7.45315 48969 a
 -0.5025302 -1.1422548 -0.52400196 49161 g
 3.433884 -10.193314 4.723161 49165 a
 -0.94514763 -0.8064302 -0.3258628 49361 g
 2.8161798 -5.3648076 7.4471645 49365 a
 0.44315827 0.33340272 0.5652309 49563 g
 1.9997569 -7.185598 7.393295 49568 a
 1.2032244 0.39438912 0.46696025 49763 g
 0.58538234 -3.2812533 8.261193 49768 a
 1.3739331 0.116355106 0.93807346 49964 g
 -0.7445967 -0.19273324 10.501567 49968 a
 1.6945777 -0.30655488 0.33939484 50164 g
 0.7110779 -0.6326678 7.9475527 50168 a
 0.037026193 -0.9925852 -0.5141483 50360 g
 1.0887632 0.17537527 9.024943 50364 a
 -0.010378072 -0.38059074 -0.3357165 50562 g
 2.9466639 0.33399114 9.13388 50566 a
 -0.032215994 0.08173401 -0.045698248 50764 g
 2.0733786 0.3800795 9.021951 50769 a
 -0.080419205 0.21755522 -0.0350456 50964 g
 0.6135142 1.1917139 9.881469 50968 a
 0.016253538 -0.24503586 0.06109451 51163 g
 2.8622682 0.45310268 9.199121 51168 a
 0.07990309 -0.18564735 0.02567447 51364 g
 2.7760768 1.0085574 9.336788 51368 a
 0.0042693135 0.036460273 -0.062209845 51564 g
 1.6938977 0.9139865 9.502586 51569 a
 0.033031452 0.034329746 0.025408154 51764 g
 2.4953568 0.9660604 9.363723 51770 a
 -0.004519118 -0.054087203 -0.016936107 51971 g
 2.1859062 1.0564415 9.3583355 51975 a
 0.0013398363 -0.0040197754 0.0035702337 52167 g
 2.2002714 1.1139023 9.389461 52171 a
 0.021313544 0.032998163 -0.028654015 52367 g
 2.3199813 1.0947487 9.399636 52372 a
 -0.012242286 -0.01733558 0.012624982 52570 g
 2.224812 1.186327 9.413403 52574 a
 0.019715648 0.0031707596 -0.014805578 52779 g
 2.3349452 1.1127052 9.421184 52789 a
 -0.007182279 0.012491823 0.017684987 52970 g
 2.2319946 0.985214 9.368511 52974 a
 0.005334578 0.006899185 -9.571401E-4 53171 g
 2.3187842 1.0133458 9.401431 53175 a
 0.0066661583 -0.008014517 0.015021826 53369 g
 2.224812 1.0426749 9.393052 53372 a
 0.0018724685 0.012491823 0.0057007624 53568 g
 2.3181858 0.9900024 9.386468 53572 a
 -0.0026549052 -0.0013566143 0.0049018143 53771 g
 2.3277626 1.062427 9.3661175 53775 a
 -0.0013233247 -0.008280833 -0.0044192495 53971 g
 2.3002293 1.0223241 9.404425 53975 a
 -0.0015896409 0.0037033919 -0.003087669 54169 g
 2.3187842 1.0564415 9.32781 54173 a
 -0.010111757 0.0029044435 -0.0012234562 54372 g
 2.2008698 1.1115081 9.412206 54376 a
 -0.038074948 -0.09110514 -0.036909815 54569 g
 2.381632 1.0342951 9.374496 54573 a
 -0.024226509 -0.017601896 0.08639454 54770 g
 1.9991584 1.401805 9.5492735 54774 a
 0.015188274 0.035927642 0.019016568 54962 g
 2.212841 1.287482 9.7719345 54963 a
 -0.0061170147 0.032731846 0.026207102 55165 g
 2.8042088 0.24241292 8.695142 55180 a
 0.26419383 -1.536669 -0.5357199 55371 g
 6.7749925 3.3973722 4.9182887 55375 a
 0.07883783 -2.8453462 -1.1724817 55575 g
 11.928512 2.2918496 4.5621514 55579 a
 -0.21011515 -1.0325326 1.2379454 55771 g
 7.413047 1.4407109 11.619659 55775 a
 0.41306454 2.0908227 -0.47633138 55971 g
 5.920861 1.3198037 6.8743515 55975 a
 0.19042428 -0.99578094 0.25444 56174 g
 6.9366007 -1.0959458 5.593454 56187 a
 -0.20079409 -0.19656631 0.25124422 56362 g
 6.5206084 -1.5765818 6.2847795 56363 a
 0.32864234 2.193088 0.31888852 56564 g
 8.463503 -0.8146271 3.520075 56566 a
 -0.51078606 0.8681655 1.0248924 56774 g
 4.337695 -0.88645315 8.394072 56778 a
 0.87512296 1.6354222 0.7258195 56970 g
 1.8836381 -2.3906105 8.770559 56974 a
 -0.8029348 0.83088124 0.00516813 57173 g
 4.741118 -3.2190042 10.714052 57177 a
 -0.47589862 -2.8711789 0.61396676 57373 g
 6.68102 -1.0247183 5.2923827 57376 a
 1.1664728 1.1408732 -0.26887116 57570 g
 9.137471 -3.6445735 11.021708 57574 a
 -0.68788624 0.14378567 -0.32719436 57773 g
 -1.4640543 -6.6624646 10.0029745 57777 a
 4.3971534 -0.8735419 3.6718082 57974 g
 -2.5037365 4.223372 10.690709 57978 a
 1.6977735 1.4130483 1.5372847 58171 g
 -5.2301335 -0.2693477 15.45577 58175 a
 1.4037604 4.081536 3.4411786 58375 g
 -5.317522 3.1920695 4.466982 58379 a
 0.9550178 0.6569768 1.6179785 58573 g
 -4.8081555 6.0010667 4.871003 58577 a
 -1.2064037 0.22288154 0.8176986 58771 g
 -4.298789 7.2310877 6.9485717 58775 a
 -0.0620434 0.21648996 0.1071672 58973 g
 -4.5992613 6.2003837 5.5084596 58977 a
 0.009861952 0.015953932 -0.05368773 59175 g
 -4.687847 5.892729 6.019023 59179 a
 0.072446235 0.061493985 -0.090971984 59375 g
 -4.8500543 5.7017913 6.184223 59380 a
 -0.0687013 -0.046364035 -0.037442446 59573 g
 -4.7267528 5.7454853 6.1626754 59576 a
 -0.05298865 0.006100237 -0.005484514 59770 g
 -4.872799 5.5467668 5.8837504 59774 a
 -0.19413619 -0.015205052 -0.07446039 59967 g
 -5.0523643 5.819107 5.9364233 59969 a
 -0.2734984 -0.089507245 -0.123728864 60299 g
