 0.5474042 -0.13573812 0.0036618465 5 g
 0.47285482 -6.535572 6.171055 13 a
 -0.054470167 -0.46383956 -0.35000595 115 g
 -1.1288661 -5.4737434 8.417415 117 a
 -0.13196816 -0.12162337 0.24201477 323 g
 -6.021417 -4.1695023 7.8607626 327 a
 -0.28430095 0.8227335 0.7783754 519 g
 -2.5037365 -6.4978633 5.106832 524 a
 0.1564522 0.31540138 0.06464823 719 g
 -2.4546554 -5.253477 8.522161 724 a
 0.12422794 0.013931528 -0.12470252 925 g
 -1.7483658 -5.3845596 7.6291237 929 a
 0.50452733 0.08876635 0.36132437 1127 g
 -1.2737153 -4.0156746 8.792706 1130 a
 0.8659183 -0.43534374 0.21698105 1321 g
 -0.9516952 -2.146402 10.071808 1325 a
 0.9841626 -0.39433107 0.0657135 1526 g
 -1.3790601 -1.0127473 8.991425 1530 a
 1.5863034 -0.43827322 -0.2006026 1722 g
 -2.0069396 -1.1552023 8.238448 1726 a
 -0.9737934 -1.0020645 -0.9982194 1920 g
 -0.5793968 0.53570265 10.390237 1924 a
 -0.34555367 0.06852633 0.025499767 2126 g
 0.587178 1.4454993 10.011953 2130 a
 -0.020381704 -0.282212 0.14134727 2325 g
 0.7410054 0.712275 9.78989 2329 a
 0.070165776 0.111136906 0.064115606 2522 g
 0.6338649 1.0636241 9.715072 2527 a
 9.235843E-4 0.0075399415 -0.017643442 2725 g
 0.60573304 0.8403648 9.668983 2729 a
 0.0035867454 0.0048767803 0.002596582 2925 g
 0.64942724 0.9331401 9.679159 2929 a
 0.0038530615 -0.01083587 -0.0035286883 3123 g
 0.5859809 0.9295488 9.697714 3128 a
 -1.4168017E-4 0.0035452 -0.0019307918 3326 g
 0.60693014 0.9259575 9.665392 3330 a
 -1.4168017E-4 -0.0023137543 -0.0013981595 3526 g
 0.58538234 0.96905315 9.6923275 3530 a
 -6.743124E-4 -0.0052432315 -0.0024634239 3722 g
 0.56922144 0.93852705 9.680955 3727 a
 -9.4062847E-4 0.0027462516 -0.0051265853 3928 g
 0.6063316 0.94331545 9.65821 3931 a
 -0.0014732607 -0.0025800704 -0.0011318434 4125 g
 0.5967548 0.9295488 9.665991 4129 a
 -0.002538525 -0.0031127026 -8.6552737E-4 4327 g
 0.5674258 0.96905315 9.661202 4330 a
 0.0011899003 -4.4954158E-4 -8.6552737E-4 4530 g
 0.55725044 1.0456676 9.6923275 4535 a
 0.0017225326 6.1572285E-4 -0.0016644757 4726 g
 0.7565677 0.8924387 9.704897 4730 a
 -0.0060006347 0.006208361 -0.029627668 4927 g
 0.19752164 0.95588505 9.715072 4930 a
 6.5726816E-4 -0.049185388 0.02949451 5122 g
 1.0755951 1.2473791 9.730036 5123 a
 0.012108861 0.029644178 -0.0104529075 5322 g
 0.36631286 0.93014735 9.739014 5329 a
 0.008380435 -0.0017811222 -0.030160299 5529 g
 0.6392518 0.90381116 9.675568 5532 a
 0.026756248 0.0349705 0.055859804 5730 g
 0.6171055 0.99179804 9.731233 5734 a
 0.009712016 -0.004976915 0.011118697 5927 g
 0.60333884 0.8948329 9.659407 5931 a
 -0.004669054 0.0048767803 -0.008056062 6129 g
 0.6769605 0.96905315 9.662998 6132 a
 -0.005201686 -0.011368502 -0.011518172 6330 g
 0.5943606 0.9888053 9.624691 6334 a
 -0.0017395768 -0.006308496 -0.00272974 6530 g
 0.6266823 0.95109665 9.676167 6534 a
 -0.0017395768 -7.158577E-4 -0.002197108 6728 g
 0.6404489 1.002572 9.720459 6731 a
 0.007315171 -0.007107444 -0.004593953 6928 g
 0.688333 0.97144735 9.665392 6932 a
 -0.004669054 -0.0103032375 -0.007789746 7130 g
 0.57281274 0.95588505 9.680356 7133 a
 -0.0020058928 -0.0017811222 -0.0035286883 7329 g
 0.6332663 0.9648633 9.63726 7333 a
 0.002521481 0.006474677 0.002596582 7538 g
 0.6206968 1.0097545 9.63726 7542 a
 -1.4168017E-4 -0.0047105993 -5.9921126E-4 7720 g
 0.52612585 0.98820674 9.643845 7721 a
 6.5726816E-4 -4.4954158E-4 0.0031292143 7921 g
 0.6344634 0.9283517 9.676167 7922 a
 -0.0020058928 0.010203103 0.0036618465 8130 g
 0.64583594 0.9911995 9.694721 8134 a
 -9.4062847E-4 -0.003911651 1.9973709E-4 8330 g
 0.5919664 0.93493575 9.681553 8335 a
 0.0033204292 -4.4954158E-4 0.0028628982 8530 g
 0.62967503 0.96546185 9.6767645 8535 a
 0.014772022 -0.004976915 0.007656588 8731 g
 0.6362591 1.0013748 9.683948 8735 a
 9.235843E-4 -0.0033790187 0.002596582 8929 g
 0.60453594 0.90381116 9.688137 8933 a
 -0.0020058928 0.005942045 -5.9921126E-4 9131 g
 0.66858083 0.97264445 9.688137 9136 a
 0.0033204292 0.0019473034 0.002330266 9332 g
 0.5542577 0.9756372 9.67856 9337 a
 0.008380435 -1.8322548E-4 0.004460795 9530 g
 0.64942724 0.99060094 9.6528225 9534 a
 1.2463593E-4 0.003811516 4.660532E-4 9729 g
 0.61171854 0.985214 9.67856 9733 a
 -0.0020058928 8.8203896E-4 -0.0032623722 9933 g
 0.6548142 0.95947635 9.656414 9938 a
 -0.002538525 -0.0028463865 -0.0011318434 10130 g
 0.6607997 0.91697925 9.68694 10138 a
 0.008646752 0.003811516 -0.009920275 10330 g
 0.62728083 0.97384155 9.642049 10333 a
 0.0035867454 -0.009504289 0.0015313176 10531 g
 0.5847838 0.9552865 9.682152 10536 a
 -6.743124E-4 0.0016809873 9.986854E-4 10732 g
 0.64583594 0.9564836 9.650429 10736 a
 -1.4168017E-4 -0.0028463865 -0.0032623722 10932 g
 0.6356605 0.997185 9.706094 10936 a
 9.235843E-4 -0.011368502 -0.002996056 11136 g
 0.6087258 0.94331545 9.679757 11139 a
 0.007581487 -0.0028463865 -0.0013981595 11332 g
 0.65421563 0.91338795 9.661202 11337 a
 -6.743124E-4 0.009936786 -6.657903E-5 11533 g
 0.65541273 0.93014735 9.687539 11537 a
 -1.4168017E-4 -0.0047105993 -0.0011318434 11737 g
 0.5566519 0.86729956 9.658808 11741 a
 -0.0038701056 -0.0033790187 0.005792375 11933 g
 0.59376204 1.0109516 9.689334 11937 a
 0.011842544 0.014730477 0.013249226 12137 g
 0.6793547 0.97503865 9.673772 12141 a
 -0.0028048411 -0.0047105993 0.0065913238 12336 g
 0.6386533 0.9391256 9.671976 12340 a
 -6.743124E-4 -0.0028463865 0.0015313176 12533 g
 0.6039374 0.9600749 9.654618 12538 a
 0.0033204292 0.0051430967 -0.00272974 12736 g
 0.6027403 0.8846575 9.668385 12740 a
 -0.0028048411 -0.003911651 -0.0043276367 12937 g
 0.6452374 0.9528923 9.673772 12938 a
 -1.4168017E-4 0.009137838 -0.0013981595 13138 g
 0.6500258 1.0001777 9.665392 13142 a
 0.0019888487 -0.004976915 0.0020639498 13335 g
 0.6003461 0.94690675 9.674371 13339 a
 -0.002538525 -0.0017811222 -0.0035286883 13538 g
 0.5967548 0.9672575 9.674969 13541 a
 0.0041193776 6.1572285E-4 0.0028628982 13735 g
 0.6584055 0.92895025 9.66659 13738 a
 3.9095205E-4 -0.0017811222 0.0047271107 13938 g
 0.62009823 1.0007763 9.630676 13942 a
 0.002521481 0.0072736256 -0.0019307918 14139 g
 0.6015432 0.94331545 9.679757 14143 a
 -0.0030711573 -0.005775864 -0.004593953 14336 g
 0.6254852 1.0061632 9.638457 14340 a
 -0.0012069446 -0.004444283 -0.002996056 14536 g
 0.6410475 0.9283517 9.651626 14540 a
 0.0017225326 0.0043441486 0.0012650015 14738 g
 0.6607997 0.9816227 9.7324295 14742 a
 0.005184642 -0.0025800704 -0.008056062 14939 g
 0.6290765 0.99299514 9.65821 14943 a
 -0.002272209 -0.0103032375 -0.0051265853 15146 g
 0.6123171 1.0067618 9.652225 15152 a
 -9.4062847E-4 -0.0020474382 -0.0035286883 15341 g
 0.6159084 0.9672575 9.671378 15346 a
 -0.0017395768 6.1572285E-4 -0.0019307918 15537 g
 0.6123171 0.98461545 9.648034 15541 a
 0.0017225326 0.0032788839 -0.0013981595 15736 g
 0.6326678 0.90141696 9.624092 15740 a
 0.0011899003 -1.8322548E-4 0.0028628982 15941 g
 0.6410475 1.0121487 9.677363 15946 a
 3.9095205E-4 0.008072574 0.008455536 16138 g
 0.6171055 0.98820674 9.642648 16142 a
 0.0035867454 0.006474677 0.0055260593 16338 g
 0.6805518 0.9624691 9.677961 16341 a
 6.5726816E-4 0.0051430967 7.323693E-4 16540 g
 0.5410896 0.95468795 9.696517 16545 a
 -0.002272209 -0.012966398 0.011118697 16738 g
 0.6410475 0.7649474 9.603742 16741 a
 0.02648993 0.017659953 0.004460795 16940 g
 0.6619968 1.0606314 9.652225 16945 a
 -0.0012069446 -0.0278801 7.323693E-4 17141 g
 0.57041854 1.0139444 9.662399 17151 a
 0.01557097 -0.03267379 -0.016045546 17337 g
 0.7745243 0.9624691 9.650429 17341 a
 -9.4062847E-4 0.006474677 7.323693E-4 17538 g
 0.62608373 1.0408791 9.720459 17541 a
 0.0022551648 -0.016428508 -0.019773971 17739 g
 0.6799533 0.99658644 9.671378 17745 a
 0.0041193776 0.0019473034 -0.0096539585 17937 g
 0.6985083 1.0773908 9.653421 17941 a
 -0.0033374734 -0.025216939 -0.016311862 18139 g
 0.6871359 0.9103952 9.64564 18143 a
 -0.002538525 -0.012966398 -0.0059255334 18339 g
 0.6811504 0.85173726 9.67856 18345 a
 0.002521481 0.029377863 0.017510284 18538 g
 0.7044938 0.9271546 9.578603 18541 a
 0.008114119 0.006208361 0.010319749 18737 g
 0.75477207 1.050456 9.639056 18741 a
 0.0011899003 0.024317857 0.01431449 18939 g
 0.53450555 1.1707647 9.882666 18945 a
 0.0094457 0.035769448 0.038549256 19140 g
 0.50038815 1.0618285 9.647436 19150 a
 0.040338367 -0.0015148061 0.06305034 19352 g
 0.51235914 1.1881226 9.755774 19356 a
 0.030750988 -0.10218229 -0.124169886 19532 g
 0.7918822 1.1336545 9.8198185 19533 a
 0.06883419 0.10394637 0.12084094 19743 g
 0.6374562 1.0354922 9.686341 19751 a
 -0.009462744 -0.058240138 -0.026165558 19940 g
 0.599149 0.99060094 9.662399 19945 a
 0.009978332 0.007806258 0.0041944785 20141 g
 0.6733692 1.0217255 9.675568 20153 a
 0.0035867454 -0.004177967 0.0017976337 20339 g
 0.6679823 0.9935937 9.712079 20343 a
 -0.0014732607 0.0014146712 0.004993427 20539 g
 0.62009823 0.9564836 9.668385 20543 a
 -0.0057343184 -0.0073737605 0.0017976337 20739 g
 0.6865373 1.0295067 9.755774 20743 a
 0.008114119 0.009670471 -0.0035286883 20939 g
 0.7188591 0.94690675 9.657611 20943 a
 -9.4062847E-4 -0.0020474382 -0.004593953 21145 g
 0.6961141 0.997185 9.659407 21149 a
 0.0041193776 -0.0020474382 0.0020639498 21340 g
 0.6584055 1.0205284 9.665392 21344 a
 6.5726816E-4 0.0048767803 7.323693E-4 21540 g
 0.66858083 1.0319009 9.660604 21544 a
 -0.0028048411 8.8203896E-4 9.986854E-4 21743 g
 0.6823475 1.0121487 9.6767645 21748 a
 0.008646752 0.0014146712 -0.0056592175 21947 g
 0.705691 1.0301052 9.618706 21951 a
 -9.4062847E-4 -0.007906392 -0.0011318434 22148 g
 0.62608373 1.0510546 9.663596 22151 a
 0.002787797 3.4940674E-4 0.0017976337 22343 g
 0.7194576 1.0241197 9.648034 22348 a
 -0.0017395768 0.003811516 -0.002197108 22547 g
 0.59017074 1.0749966 9.675568 22551 a
 0.0017225326 -0.007906392 9.986854E-4 22745 g
 0.6967127 1.0235212 9.671378 22748 a
 -0.0020058928 0.007806258 -0.0059255334 22945 g
 0.6428431 0.9900024 9.654618 22949 a
 -0.0038701056 -0.0073737605 0.0012650015 23150 g
 0.5117606 1.0815806 9.642049 23154 a
 -0.024642762 -0.010036921 0.046805054 23345 g
 0.4902128 1.1001357 9.582792 23349 a
 0.045931008 0.083440036 0.03908189 23545 g
 0.694917 1.0013748 9.705495 23549 a
 0.025690982 -0.029477997 0.014048175 23748 g
 0.6895301 1.1563994 9.775525 23752 a
 0.018234132 -0.011368502 0.00818922 23946 g
 0.65660983 0.866701 9.679159 23949 a
 -0.021180652 0.007806258 0.072904035 24148 g
 0.59495914 0.9804256 9.619304 24152 a
 0.00598359 0.032573655 0.0326903 24360 g
 0.55126494 1.0055647 9.6845455 24374 a
 0.012907809 -0.100584395 0.008721853 24542 g
 0.7445967 1.0444705 9.972448 24546 a
 0.02648993 0.06186843 -0.037883468 24741 g
 0.74878657 0.70509243 9.455301 24746 a
 -0.060595438 0.08690214 0.004993427 24942 g
 0.59495914 0.9451111 9.898229 24947 a
 -0.026506975 -0.017760089 -0.054395065 25143 g
 0.5883751 0.89543146 9.750386 25154 a
 0.013973073 -0.013765347 -0.042677157 25342 g
 0.5057751 1.1480197 9.312846 25347 a
 0.012375177 -0.12748232 -0.0056592175 25543 g
 0.5117606 0.9068039 9.595362 25548 a
 -0.004402738 -0.02255378 -0.017909758 25742 g
 0.6266823 1.003769 9.668983 25747 a
 0.010510964 -0.040663272 -0.012583436 25942 g
 0.91219085 1.1713632 9.654618 25947 a
 -0.016386963 0.115930595 -0.058389805 26145 g
 1.0007763 1.1025299 9.551069 26148 a
 -0.040888045 -0.17621817 -0.076232985 26343 g
 0.5590461 1.0630256 9.560646 26348 a
 -0.007864847 -0.008439025 -0.028828718 26543 g
 0.7110779 0.92655605 9.5971575 26548 a
 -0.0020058928 -0.007107444 -0.0032623722 26745 g
 0.81283146 1.1845313 9.718064 26748 a
 -6.743124E-4 0.066395804 -0.04107926 26943 g
 0.7577648 0.9756372 9.593566 26948 a
 -0.040355414 -0.18207712 -0.07543404 27145 g
 0.7272388 1.0923545 9.610326 27149 a
 -0.0060006347 6.1572285E-4 -0.013116068 27346 g
 0.60214174 0.9900024 9.613318 27349 a
 -0.0017395768 0.0022136194 0.002330266 27545 g
 0.736217 1.146224 9.670779 27548 a
 -0.007332215 -0.007107444 -0.016311862 27745 g
 0.57760113 0.97384155 9.584588 27748 a
 -0.007864847 -0.01696114 -0.012583436 27946 g
 0.6560113 1.0767922 9.6049385 27949 a
 -6.743124E-4 0.0014146712 0.0017976337 28146 g
 0.60812724 1.0654198 9.637859 28150 a
 1.2463593E-4 -0.0055095474 -0.010719223 28346 g
 0.66139823 0.99658644 9.624691 28350 a
 -0.0030711573 0.011534683 -0.004860269 28546 g
 0.65660983 0.98341835 9.615712 28550 a
 -9.4062847E-4 -0.004444283 0.0015313176 28746 g
 0.65541273 1.086369 9.65821 28750 a
 -6.743124E-4 -1.8322548E-4 -5.9921126E-4 28946 g
 0.6194997 1.0390835 9.667188 28950 a
 0.0011899003 -0.003911651 -0.0051265853 29148 g
 1.1438298 1.2814964 9.659407 29151 a
 -0.022245917 -0.010569554 -0.067178234 29347 g
 0.46746787 0.91338795 9.6288805 29350 a
 -0.03556172 -0.006574812 -0.07170561 29547 g
 0.8924387 0.9684546 9.584588 29550 a
 -0.03236593 -0.10005177 -0.06371613 29747 g
 0.7224504 1.0133458 9.648633 29751 a
 -0.0070658987 0.0030125678 -0.010719223 29948 g
 0.81043726 0.9451111 9.598354 29952 a
 -0.013723802 0.008605206 0.0020639498 30148 g
 0.6865373 0.9475053 9.648034 30152 a
 -0.023311181 -0.029477997 -0.011784487 30348 g
 0.75118077 1.0588357 9.613917 30351 a
 0.013440441 0.023785224 0.005792375 30548 g
 0.6428431 1.0031705 9.627684 30551 a
 0.0035867454 -0.0031127026 0.013781859 30748 g
 0.66139823 1.0564415 9.68275 30751 a
 0.0062499065 0.0094041545 0.002330266 30948 g
 0.62249243 1.0307038 9.667787 30952 a
 -0.0038701056 -0.004177967 -0.0019307918 31149 g
 0.65301853 1.01574 9.683349 31153 a
 -0.0012069446 0.009936786 -0.0056592175 31348 g
 0.6973112 1.0223241 9.648034 31352 a
 0.0011899003 0.0022136194 -0.0016644757 31549 g
 0.6679823 1.0163386 9.651626 31553 a
 -0.0012069446 8.8203896E-4 -8.6552737E-4 31748 g
 0.6979098 1.0714053 9.734225 31752 a
 0.0065162224 -0.006841128 -0.0032623722 31948 g
 0.6841431 1.0175357 9.660006 31952 a
 -0.0033374734 -0.007906392 -0.0013981595 32150 g
 0.6679823 1.0803835 9.636662 32154 a
 0.0019888487 -0.0031127026 0.0028628982 32349 g
 0.6985083 1.0235212 9.661202 32353 a
 0.0014562164 0.0048767803 0.0012650015 32551 g
 0.6937199 1.021127 9.657611 32555 a
 -0.0030711573 0.0027462516 -0.004593953 32749 g
 0.6889315 0.9636662 9.630077 32753 a
 -0.0041364217 -0.0033790187 -3.3289514E-4 32949 g
 0.6596026 1.0372878 9.639654 32953 a
 6.5726816E-4 0.006474677 -0.0016644757 33150 g
 0.6739678 1.0474633 9.687539 33155 a
 3.9095205E-4 -0.004177967 -0.0032623722 33351 g
 0.682946 1.0289081 9.640852 33356 a
 0.00598359 -0.0073737605 0.0017976337 33550 g
 0.6937199 1.0372878 9.657013 33554 a
 6.5726816E-4 0.0072736256 0.004993427 33750 g
 0.6721721 1.0223241 9.65821 33754 a
 -0.0030711573 -4.4954158E-4 -3.3289514E-4 33951 g
 0.6500258 1.0121487 9.685743 33955 a
 -6.743124E-4 0.0016809873 0.0015313176 34148 g
 0.6835446 1.0414777 9.661202 34150 a
 0.0038530615 8.8203896E-4 0.002330266 34351 g
 0.66618663 1.0175357 9.619903 34356 a
 9.235843E-4 0.0035452 1.9973709E-4 34555 g
 0.65660983 1.0342951 9.6845455 34558 a
 -0.0017395768 8.8203896E-4 -8.6552737E-4 34751 g
 0.6757634 0.9995792 9.683349 34755 a
 -0.0036037895 -0.0033790187 -0.004593953 34951 g
 0.6955156 0.9983821 9.65821 34955 a
 0.0067825387 0.01446416 -0.0024634239 35163 g
 0.66858083 1.0151415 9.620501 35173 a
 -1.4168017E-4 -0.012433766 0.0033955304 35352 g
 0.6380547 1.0229226 9.630077 35359 a
 6.5726816E-4 0.004077832 -5.9921126E-4 35552 g
 0.670975 1.0115502 9.67018 35558 a
 -0.0017395768 -0.0033790187 -0.0019307918 35753 g
 0.7044938 0.99060094 9.661801 35757 a
 0.0070488546 0.0022136194 -0.002996056 35952 g
 0.7062895 1.0366893 9.616311 35957 a
 3.9095205E-4 -0.008705341 -8.6552737E-4 36153 g
 0.6817489 1.0498575 9.646837 36158 a
 6.5726816E-4 -0.0055095474 0.0017976337 36354 g
 0.6464345 1.0564415 9.6528225 36358 a
 -0.002272209 -0.0017811222 -8.6552737E-4 36553 g
 0.6422446 1.0348936 9.630676 36557 a
 0.0019888487 -0.003911651 1.9973709E-4 36753 g
 0.6721721 1.055843 9.667188 36757 a
 3.9095205E-4 0.004077832 -0.0061918497 36955 g
 0.6775591 1.0181342 9.661801 36958 a
 -0.006799583 -0.013499031 -0.0067244815 37155 g
 0.6206968 1.0187328 9.674371 37159 a
 -4.0799627E-4 -0.004177967 -0.005392901 37355 g
 0.66738373 1.0007763 9.646238 37358 a
 0.0014562164 0.0024799355 0.0012650015 37555 g
 0.6805518 1.0606314 9.635465 37559 a
 0.007315171 0.0094041545 -0.0035286883 37754 g
 0.6925228 1.0019734 9.661202 37758 a
 -0.0028048411 0.0016809873 -0.0035286883 37955 g
 0.6817489 1.0247183 9.635465 37958 a
 -0.0017395768 3.4940674E-4 -0.0011318434 38156 g
 0.66858083 0.97982705 9.660006 38160 a
 3.9095205E-4 0.0019473034 0.0028628982 38356 g
 0.6679823 1.0085574 9.672575 38359 a
 0.009712016 0.005675729 0.007123956 38555 g
 0.6847417 1.027711 9.655815 38559 a
 3.9095205E-4 -0.0020474382 0.0012650015 38756 g
 0.6727707 1.0031705 9.630077 38759 a
 -1.4168017E-4 0.0014146712 -6.657903E-5 38956 g
 0.7020996 1.003769 9.665991 38959 a
 0.0017225326 0.0048767803 1.9973709E-4 39153 g
 0.6739678 1.003769 9.637859 39155 a
 -0.0020058928 -4.4954158E-4 -0.0043276367 39357 g
 0.6859388 0.9935937 9.621099 39362 a
 -0.0012069446 -0.009237973 -0.004860269 39556 g
 0.6596026 1.062427 9.6528225 39561 a
 6.5726816E-4 0.004077832 -5.9921126E-4 39757 g
 0.6512229 1.043872 9.686341 39760 a
 -0.0014732607 -0.004444283 -0.0016644757 39957 g
 0.6560113 0.98222125 9.647436 39961 a
 0.0014562164 3.4940674E-4 1.9973709E-4 40158 g
 0.6895301 1.0342951 9.639654 40162 a
 0.0041193776 0.007806258 -0.00272974 40358 g
 0.6739678 1.0097545 9.667787 40367 a
 -0.0033374734 -0.0028463865 -0.002996056 40561 g
 0.6727707 1.0462662 9.634268 40565 a
 0.0017225326 0.008871522 -5.9921126E-4 40758 g
 0.6967127 1.0402806 9.682152 40762 a
 -0.0020058928 0.0046104644 -0.0016644757 40958 g
 0.63087213 1.0253168 9.630077 40962 a
 0.0049183257 -0.0036453349 0.0041944785 41159 g
 0.6739678 1.0516531 9.704897 41163 a
 0.005184642 0.0054094126 0.0020639498 41358 g
 0.6895301 1.0301052 9.654618 41362 a
 -0.002272209 -0.0052432315 -0.0035286883 41558 g
 0.6901286 1.0181342 9.631873 41562 a
 -0.0012069446 0.0035452 -0.002996056 41759 g
 0.61291564 1.1055226 9.673772 41763 a
 9.235843E-4 -4.4954158E-4 -0.00272974 41958 g
 0.6488287 1.0642227 9.673173 41962 a
 -0.0060006347 -0.0023137543 -0.005392901 42159 g
 0.6619968 1.0378864 9.674969 42163 a
 -0.0041364217 -0.0023137543 -3.3289514E-4 42360 g
 0.65301853 1.0402806 9.645041 42364 a
 -6.743124E-4 0.0027462516 -8.6552737E-4 42559 g
 0.64703304 1.0540473 9.674969 42563 a
 0.0014562164 0.0014146712 0.0015313176 42759 g
 0.6691794 1.0265139 9.642049 42763 a
 0.011842544 -0.0015148061 0.0063250074 42959 g
 0.65900403 1.033098 9.645041 42964 a
 6.5726816E-4 0.008072574 0.0041944785 43160 g
 0.6745663 1.027711 9.665991 43165 a
 -0.0017395768 -0.0020474382 -0.0013981595 43360 g
 0.6434417 1.003769 9.633669 43365 a
 -0.002272209 -0.0031127026 -6.657903E-5 43560 g
 0.6961141 1.0205284 9.660604 43564 a
 0.005450958 -4.4954158E-4 -0.002996056 43760 g
 0.6781576 1.0187328 9.677363 43765 a
 1.2463593E-4 -0.009504289 1.9973709E-4 43960 g
 0.65780693 1.0235212 9.631873 43965 a
 0.0011899003 -0.0023137543 -0.0016644757 44162 g
 0.6697779 1.009156 9.654618 44166 a
 -9.4062847E-4 -0.00124849 -0.0013981595 44361 g
 0.6452374 1.0127473 9.646238 44365 a
 -0.0014732607 0.0019473034 -8.6552737E-4 44561 g
 0.7182605 0.91578215 9.613318 44565 a
 0.002787797 0.0027462516 0.0041944785 44761 g
 0.6901286 1.0043676 9.640253 44766 a
 -1.4168017E-4 0.009670471 0.007656588 44961 g
 0.6757634 1.0402806 9.672575 44966 a
 -9.4062847E-4 3.4940674E-4 -0.0016644757 45162 g
 0.6769605 1.0265139 9.674969 45166 a
 0.0019888487 -0.008439025 4.660532E-4 45362 g
 0.6961141 0.9528923 9.624092 45373 a
 -0.0012069446 0.0019473034 7.323693E-4 45561 g
 0.6631939 1.0145429 9.642049 45565 a
 1.2463593E-4 0.003811516 9.986854E-4 45762 g
 0.6781576 1.0456676 9.624691 45766 a
 -9.4062847E-4 3.4940674E-4 0.0012650015 45963 g
 0.6428431 1.0408791 9.665991 45967 a
 -1.4168017E-4 3.4940674E-4 -3.3289514E-4 46163 g
 0.6380547 1.0241197 9.650429 46167 a
 -0.002272209 0.0019473034 0.0031292143 46364 g
 0.664391 1.0564415 9.657611 46368 a
 -0.0026549052 0.0029044435 -0.0041529336 46563 g
 0.6847417 1.0007763 9.624691 46568 a
 -0.004519118 -0.0010902982 -0.0046855654 46763 g
 0.6428431 1.0175357 9.686341 46767 a
 5.40888E-4 0.0055676047 6.4075657E-4 46962 g
 0.6536171 1.0348936 9.642648 46966 a
 0.0018724685 0.004768656 0.0027712854 47165 g
 0.65421563 1.0348936 9.658808 47169 a
 0.008796687 0.0010402307 0.004369182 47364 g
 0.6841431 1.0313023 9.657611 47368 a
 0.0016061524 -0.0024218787 0.001972337 47564 g
 0.6781576 1.0073603 9.656414 47567 a
 -0.0013233247 -0.0016229304 -1.5819176E-4 47765 g
 0.65062433 1.0510546 9.638457 47768 a
 0.0016061524 0.0010402307 3.7444045E-4 47964 g
 0.7200562 0.99538934 9.646238 47968 a
 2.745719E-4 -0.0037534593 -0.0014897723 48165 g
 0.6835446 1.0169371 9.655815 48169 a
 -0.0029212213 0.0050349724 0.0027712854 48366 g
 0.664391 1.049259 9.665392 48369 a
 -0.0026549052 0.0050349724 -6.90824E-4 48565 g
 0.6596026 1.0348936 9.639654 48568 a
 -2.5806032E-4 -0.00508504 -0.003353985 48764 g
 0.6811504 1.0163386 9.6528225 48768 a
 8.255799E-6 0.0034370758 -0.0012234562 48966 g
 0.6973112 1.033098 9.652225 48969 a
 0.0018724685 -2.5033714E-5 1.0812434E-4 49166 g
 0.6631939 1.1007342 9.675568 49170 a
 5.40888E-4 -0.0061503043 -0.0022887206 49365 g
 0.66618663 1.0486604 9.660006 49369 a
 -0.0047854343 -0.009612413 -0.006017146 49566 g
 0.65780693 1.0085574 9.631275 49570 a
 0.0010735203 2.412824E-4 -6.90824E-4 49766 g
 0.6721721 1.0348936 9.673173 49769 a
 0.0010735203 0.0031707596 0.0030376015 49966 g
 0.6679823 1.0390835 9.64145 49970 a
 -2.5806032E-4 7.739146E-4 0.0030376015 50168 g
 0.6931214 0.98820674 9.630676 50172 a
 0.0082640555 -0.003220827 -0.0022887206 50367 g
 0.6913257 1.033098 9.657611 50381 a
 -0.0013233247 -0.0069492524 0.0011733888 50566 g
 0.6727707 1.0229226 9.643845 50570 a
 5.40888E-4 -0.0042860913 -1.5819176E-4 50767 g
 0.64583594 1.0229226 9.634866 50771 a
 5.40888E-4 -0.0013566143 3.7444045E-4 50967 g
 0.65062433 1.0313023 9.663596 50971 a
 2.745719E-4 0.001572863 0.001706021 51168 g
 0.65660983 1.0109516 9.635465 51171 a
 0.0010735203 -2.5033714E-5 1.0812434E-4 51368 g
 0.66020113 1.079785 9.671976 51372 a
 -0.0029212213 0.006366553 -0.005484514 51568 g
 0.6835446 1.0151415 9.677363 51571 a
 -0.003986486 -0.003220827 -0.0020224045 51768 g
 0.65301853 1.0414777 9.636662 51771 a
 5.40888E-4 0.0026381274 0.0022386531 51969 g
 0.6703765 1.0606314 9.639654 51972 a
 0.0016061524 0.0029044435 1.0812434E-4 52169 g
 0.7080852 0.9959879 9.64145 52173 a
 -5.243764E-4 -0.0040197754 0.001706021 52369 g
 0.70509243 0.9911995 9.665392 52372 a
 -0.0026549052 0.0023718113 0.0022386531 52569 g
 0.6727707 1.0516531 9.662998 52573 a
 -0.002122273 -0.0016229304 3.7444045E-4 52769 g
 0.65421563 1.0456676 9.622296 52772 a
 -0.0026549052 -5.5766595E-4 1.0812434E-4 52969 g
 0.66498953 1.0181342 9.63726 52973 a
 5.40888E-4 -0.0048187235 -6.90824E-4 53171 g
 0.6739678 1.0516531 9.600749 53175 a
 0.007465107 -0.0048187235 0.0054344465 53370 g
 0.66139823 1.0462662 9.658808 53374 a
 -0.001855957 0.0071655014 0.0038365498 53569 g
 0.664391 1.0486604 9.6528225 53573 a
 -0.004519118 -0.0013566143 -0.0028213528 53770 g
 0.7044938 1.0085574 9.619304 53774 a
 -2.5806032E-4 -0.0048187235 -0.00575083 53970 g
 0.641646 1.1019313 9.670779 53974 a
 0.0016061524 -0.0069492524 -0.0044192495 54171 g
 0.66618663 1.039682 9.655815 54175 a
 -0.0034538535 -0.010677678 -0.0068160943 54378 g
 0.6631939 1.0259154 9.626487 54382 a
 8.255799E-6 -2.5033714E-5 -9.571401E-4 54571 g
 0.664391 1.027711 9.635465 54575 a
 8.255799E-6 -0.0013566143 -0.0014897723 54771 g
 0.65900403 1.0247183 9.686341 54775 a
 0.0013398363 0.0018391791 0.0033039176 54972 g
 0.6619968 1.0336965 9.639056 54975 a
 0.0082640555 0.0018391791 0.004102866 55178 g
 0.6745663 1.0366893 9.651626 55182 a
 -0.0013233247 0.006899185 0.004635498 55387 g
 0.65900403 1.0570401 9.68275 55391 a
 -0.0034538535 0.0053012883 -0.0017560885 55580 g
 0.6859388 1.0324994 9.668983 55584 a
 -0.0029212213 -0.005883988 -0.006017146 55779 g
 0.6500258 1.0319009 9.657611 55782 a
 -0.0010570086 -5.5766595E-4 -9.571401E-4 55979 g
 0.6889315 0.9840169 9.625888 55982 a
 0.0018724685 -2.5033714E-5 6.4075657E-4 56180 g
 0.6937199 0.9900024 9.636662 56184 a
 -7.906925E-4 0.010361294 0.0025049692 56379 g
 0.6464345 1.039682 9.66659 56383 a
 -0.0013233247 0.001572863 -0.0012234562 56579 g
 0.6691794 1.0259154 9.646238 56582 a
 -2.5806032E-4 -0.0042860913 -0.0012234562 56779 g
 0.66259533 1.009156 9.64983 56783 a
 -2.5806032E-4 -2.5033714E-5 0.0014397049 56979 g
 0.64583594 1.0456676 9.637859 56982 a
 0.0042693135 0.0071655014 -9.571401E-4 57180 g
 0.6769605 1.0217255 9.643845 57184 a
 -0.0061170147 -0.0074818847 -0.0017560885 57384 g
 0.6607997 1.0271125 9.638457 57387 a
 8.255799E-6 -0.0040197754 -4.245079E-4 57580 g
 0.64823014 1.0235212 9.6288805 57583 a
 -2.5806032E-4 0.0029044435 1.0812434E-4 57779 g
 0.6913257 1.0073603 9.651027 57782 a
 0.0016061524 -2.5033714E-5 0.0022386531 57979 g
 0.6344634 1.027711 9.66659 57983 a
 0.005600894 -0.0024218787 0.004102866 58181 g
 0.66139823 1.0809821 9.636662 58185 a
 8.072041E-4 2.412824E-4 0.0014397049 58381 g
 0.6775591 1.0109516 9.651027 58385 a
 -0.0010570086 7.739146E-4 -0.0036203011 58581 g
 0.6919243 1.0372878 9.635465 58585 a
 8.072041E-4 -0.0048187235 -0.003087669 58779 g
 0.6961141 1.0348936 9.669582 58783 a
 0.009595635 -0.0026881949 -0.0046855654 58981 g
 0.7020996 1.0378864 9.662998 58984 a
 -0.0010570086 -0.013873471 -6.90824E-4 59181 g
 0.6488287 1.021127 9.643246 59184 a
 8.255799E-6 0.0010402307 -0.003087669 59380 g
 0.6697779 1.0235212 9.657013 59383 a
 -0.0015896409 -8.2398206E-4 9.070727E-4 59579 g
 0.6835446 0.99898064 9.673173 59583 a
 2.745719E-4 0.003969708 0.001706021 59780 g
 0.6607997 1.0444705 9.657013 59783 a
 0.005600894 -0.0018892465 6.4075657E-4 59979 g
 0.65421563 1.0336965 9.665991 59983 a
 -0.002122273 -0.00641662 -0.0028213528 60305 g
