 2.2723088 5.2494397 -0.85323524 7 g
 -11.075577 3.8253357 5.3701944 8 a
 -0.6688862 -1.4926187 -0.07958697 115 g
 -3.750517 -0.7116765 6.105214 117 a
 0.20170116 -2.0550783 0.51136845 318 g
 -4.4544125 -0.08619126 8.323442 323 a
 -0.75756943 0.9598863 0.15876594 522 g
 -8.565256 4.6363716 8.652645 526 a
 -0.62760717 -1.4838302 -0.11793649 720 g
 -1.7860745 1.1366472 8.516175 725 a
 -0.07686549 0.1241864 -0.13338283 919 g
 -6.126762 2.8299465 8.1558485 923 a
 -0.10429604 0.14282852 0.1084322 1122 g
 -3.8744168 -3.235165 8.132504 1127 a
 0.41635194 -0.66970193 0.09564903 1321 g
 -4.9643774 -0.090979666 6.2351 1325 a
 0.91782516 -0.99247706 0.22507866 1521 g
 -4.349666 0.0023942017 8.785523 1525 a
 -0.118410796 0.047753673 -0.13684493 1721 g
 -3.900753 -1.8896236 6.136339 1736 a
 -0.5226787 -0.3983258 -0.15815023 1921 g
 -5.1966147 -0.7086837 8.504803 1925 a
 -1.2055131 0.5987617 -0.60795814 2121 g
 -6.0627174 0.6362591 10.573992 2125 a
 -1.7863486 0.7723998 -0.8010373 2323 g
 -7.339425 2.8413188 11.909956 2328 a
 -0.20416458 0.06186843 0.1449175 2521 g
 -4.8285065 0.3238158 10.678739 2525 a
 1.5551196 -0.035603266 0.9292185 2721 g
 -3.679888 -1.002572 8.435371 2725 a
 2.292549 -0.10670967 0.7153666 2924 g
 -3.5242648 -1.2192472 7.409456 2928 a
 1.8320884 -0.37941736 0.5553106 3120 g
 -3.205836 -1.204882 6.7013707 3125 a
 -0.07686549 -0.4691659 -0.13231756 3322 g
 -2.5725696 -1.8022354 6.256049 3327 a
 -1.0137656 0.09089688 -0.68439084 3527 g
 -3.5889084 -1.3970166 8.21271 3530 a
 -1.7330854 0.81953776 -0.9853281 3722 g
 -6.0531406 0.50158525 11.373655 3726 a
 -1.4957978 0.30874345 -0.671874 3922 g
 -6.2261214 1.6364368 12.709022 3925 a
 0.05069993 -0.034538005 0.31456086 4123 g
 -4.678869 -0.29149407 10.607511 4128 a
 1.2355403 -0.013765347 0.76623297 4325 g
 -4.307169 -0.82899237 8.896853 4329 a
 1.729823 3.4940674E-4 0.756113 4527 g
 -4.2838254 -0.9504981 6.4266357 4531 a
 1.0504506 -0.35385102 0.49885163 4727 g
 -3.196858 -0.7026982 5.4366336 4731 a
 0.38865507 -0.5437344 0.11082905 4924 g
 -2.7485435 -1.745373 4.9901147 4928 a
 -0.61189455 -0.32269204 -0.4638811 5124 g
 -3.0550013 -2.1110873 6.205172 5129 a
 -1.7011274 0.33457613 -0.97227854 5327 g
 -4.768651 -0.90141696 8.470686 5331 a
 -2.09421 0.5159374 -1.0111607 5527 g
 -6.4601545 -0.034117375 11.820772 5531 a
 -1.913115 0.5409711 -0.81035835 5725 g
 -6.43741 3.0184898 13.661315 5730 a
 -0.7498463 0.39795935 0.14225435 5929 g
 -4.496909 0.18435353 11.473613 5936 a
 1.3830794 -0.6342819 0.81363726 6125 g
 -3.9546227 -1.2958617 8.779537 6132 a
 1.5370101 0.04748736 0.42108732 6323 g
 -5.1475334 -0.6410475 11.237784 6324 a
 0.47733834 0.13750221 0.4967211 6529 g
 -5.415684 0.15263036 11.580753 6533 a
 0.13911688 0.107142165 0.3097672 6729 g
 -6.005855 0.93613285 11.341932 6733 a
 0.31781498 -0.19139819 0.1893923 6927 g
 -4.18686 -0.19393034 11.156382 6931 a
 0.5471132 -0.2214919 0.22481234 7130 g
 -4.324527 -1.0714053 9.712678 7134 a
 0.9742842 -0.13813497 0.3087019 7328 g
 -3.9839516 0.03172317 7.5507135 7331 a
 0.6395248 0.28024763 0.39658624 7528 g
 -4.4765587 -1.1085154 7.0407486 7532 a
 0.17240639 -0.31310466 0.16355963 7732 g
 -3.7062242 -0.9187749 6.284181 7737 a
 -0.10882342 -0.38421106 -0.13577966 7928 g
 -3.0508115 -0.92176765 6.030994 7932 a
 -0.42201117 -0.14346129 0.04211949 8127 g
 -3.1471782 -1.1725603 6.3099184 8131 a
 -0.5160208 0.3441635 -0.007947938 8331 g
 -3.6990416 -0.94570965 7.1604586 8334 a
 -0.69525146 0.46027732 -0.19463553 8529 g
 -3.9199066 -0.26755205 7.739856 8532 a
 -0.94771916 0.423792 -0.29450408 8731 g
 -4.2251673 0.25498247 8.784326 8734 a
 -1.181012 0.36307195 -0.4439074 8931 g
 -4.705205 0.6183026 10.137649 8935 a
 -1.3876734 0.14016536 -0.5573581 9129 g
 -5.403713 0.8738836 12.206239 9133 a
 -1.4015218 0.116196916 -0.45962006 9327 g
 -6.241085 1.654992 13.50629 9331 a
 -1.1740879 0.228316 -0.37173575 9532 g
 -6.0621185 1.2844892 12.809578 9535 a
 0.078396805 -0.26463512 0.31482717 9732 g
 -4.361637 0.3633201 10.781689 9735 a
 0.842724 -0.17408764 0.39179254 9926 g
 -4.2024226 -0.3764882 8.06427 9930 a
 0.52101415 -0.12801495 0.21495864 10127 g
 -4.1916485 -0.24001873 8.704719 10131 a
 0.09916946 -0.10830756 0.045048967 10327 g
 -3.9857473 0.2657564 8.860342 10330 a
 0.0568252 -0.011368502 0.021346834 10527 g
 -4.225766 0.065242 8.780735 10530 a
 0.017144099 0.057074737 0.017352093 10728 g
 -4.2143936 0.374094 8.815451 10731 a
 -0.0020306604 -0.0443917 0.008563661 10928 g
 -4.2401314 -0.015562311 8.826823 10940 a
 -1.6644757E-4 0.06399896 -0.0042195125 11127 g
 -4.1892543 0.54168814 8.827422 11131 a
 0.02326937 0.02138838 0.010161557 11328 g
 -4.264672 -0.14903906 8.820239 11332 a
 0.02673148 0.07065686 -0.057216417 11528 g
 -4.132392 0.0688333 8.729858 11532 a
 -0.019873839 0.030709444 0.021346834 11728 g
 -4.3329067 0.049679685 8.860342 11732 a
 -0.007889614 0.0027462516 0.038923696 11930 g
 -4.2281604 0.40701428 8.738237 11933 a
 0.003561978 -0.03400537 0.02427631 12128 g
 -4.470573 0.20410569 8.659827 12132 a
 0.036052544 0.107142165 0.027205788 12329 g
 -4.4843397 0.46926352 8.66282 12332 a
 -0.0068243505 0.009137838 0.03253211 12529 g
 -5.381567 1.6358383 8.166023 12533 a
 -0.36102477 0.9532284 0.053571083 12730 g
 -4.8057613 1.6639702 9.683948 12733 a
 0.5582984 -0.27661934 0.11748695 12935 g
 -4.298789 -0.15801731 7.0090256 12940 a
 0.29251495 -0.19432767 0.18459861 13130 g
 -3.0011318 -0.9091981 5.879561 13133 a
 0.5812016 -0.42948478 0.038391065 13330 g
 -3.1519666 -2.3774424 5.8454432 13333 a
 -0.63213456 -0.7674399 -0.5781307 13539 g
 -5.5898623 -1.7130513 6.6846113 13545 a
 -1.646799 -0.1469234 -1.1088988 13737 g
 -7.7709804 1.5957354 10.644022 13741 a
 -1.7061875 0.33644032 -0.79304785 13930 g
 -6.057929 3.0262709 13.191453 13934 a
 -0.19351195 0.73191977 0.3497146 14130 g
 -4.309563 0.11252748 10.395624 14134 a
 1.4445984 0.20248333 0.8866079 14331 g
 -3.1040826 -0.6817489 8.971074 14334 a
 1.751661 0.21100545 0.73028034 14530 g
 -3.2668881 -1.3383588 7.1610575 14534 a
 1.2118381 -0.36077523 0.20244178 14731 g
 -2.2942438 -1.4101849 5.905897 14734 a
 0.32260868 -0.5554523 -0.34164202 14931 g
 -2.4378958 -1.5011644 8.969278 14935 a
 -0.46355647 0.39183408 -0.16294391 15132 g
 -3.4410665 0.7745243 7.8613615 15137 a
 0.005958823 0.053079996 0.0029710224 15331 g
 -3.9947255 0.046088383 8.934562 15335 a
 0.109289475 -0.023885358 0.045048967 15532 g
 -3.4231098 0.56323594 8.931569 15539 a
 0.097305246 0.0695916 0.043184754 15731 g
 -4.970961 0.2693477 8.26658 15735 a
 -0.015879098 1.0395149 0.17367965 15932 g
 -4.313154 -0.18375498 8.522161 15944 a
 0.17400429 -1.2635869 -0.15815023 16133 g
 -3.757101 0.6991069 8.728063 16137 a
 -0.2704773 -0.34719312 0.34412196 16332 g
 -3.1669302 0.22325931 9.416395 16337 a
 -0.03691807 -0.1650329 0.23360077 16532 g
 -3.1663318 0.06404489 10.301053 16539 a
 0.011551461 0.013398896 0.79073405 16733 g
 -3.3848026 1.1192893 8.680179 16738 a
 0.16894428 -0.2563793 0.7739562 16933 g
 -1.6765398 2.4827871 9.188946 16937 a
 -0.0622181 -0.45371956 -0.67320555 17134 g
 -3.2920272 0.51355624 8.622119 17138 a
 -0.12773186 -0.022287462 -0.3906442 17334 g
 -4.693234 0.37469256 7.6722193 17338 a
 -0.07526759 0.014996792 -0.07079854 17533 g
 -0.3321955 2.4013844 10.3639 17540 a
 0.036052544 -0.006308496 0.7252203 17733 g
 -2.908955 1.3443443 9.57561 17738 a
 0.27467176 -0.033739056 -1.0487113 17934 g
 -2.9759927 0.31124622 7.739856 17939 a
 -0.1844572 0.31220558 1.0887418 18134 g
 -0.80564886 1.3922282 9.555858 18138 a
 -0.15276557 -0.06702857 -0.372801 18334 g
 -4.69084 -0.5446809 7.4561424 18339 a
 0.3428487 -0.21669821 -0.87773633 18535 g
 -1.4173675 1.174356 9.947908 18544 a
 -0.2720752 0.0016809873 1.2599831 18740 g
 -1.7046716 2.207454 11.034277 18743 a
 -0.08725181 0.0051430967 -1.0697503 18935 g
 -4.3993454 -0.013766659 7.216124 18940 a
 -0.042510707 0.036568396 0.049842656 19137 g
 -1.6298528 2.4468741 10.067618 19141 a
 -0.045972817 -0.09712229 0.724954 19335 g
 -2.4211364 1.1348516 9.852738 19340 a
 0.005426191 0.01659469 -0.8239405 19535 g
 -3.4745853 1.0121487 8.19236 19545 a
 -0.0046938215 -0.081675954 0.37741145 19737 g
 -1.5939398 2.9765913 10.78109 19741 a
 0.11142 -0.030809578 0.25463974 19937 g
 -2.9981391 0.83976626 9.16261 19941 a
 0.037916757 0.079178974 -0.635655 20138 g
 -2.5659857 1.1552023 8.872911 20142 a
 0.0032956619 -0.060636982 0.601117 20338 g
 -1.7328035 1.9662381 10.478823 20342 a
 0.0485694 0.09648952 -0.23831137 20539 g
 -3.1723173 0.5446809 8.831013 20545 a
 0.032590434 0.10687585 -0.4753327 20737 g
 -1.9794062 1.2042835 9.346964 20741 a
 -0.05263072 -0.035869583 0.632276 20938 g
 -1.2791022 1.5945383 10.609905 20951 a
 0.021405157 0.07758108 -0.35682204 21137 g
 -3.3213563 0.51834464 8.638878 21141 a
 0.020073576 0.107142165 -0.45482635 21338 g
 -1.8680758 1.1857284 9.248202 21342 a
 -0.0704739 -0.007107444 0.5486527 21541 g
 -1.7741034 1.1737574 9.301474 21547 a
 -0.004427505 -0.08593701 -0.37972522 21739 g
 -3.7726634 0.5189432 8.377911 21742 a
 0.006225139 -0.02175483 -0.0100784665 21939 g
 -1.9482816 2.4432828 10.406398 21942 a
 0.014480938 -0.032407474 0.44106102 22140 g
 -2.6078842 1.0708067 9.55885 22143 a
 0.024334634 0.035769448 -0.6106213 22339 g
 -2.6910827 0.7930793 8.605359 22343 a
 0.0014314491 -0.026282204 0.4586379 22544 g
 -1.5747862 1.9327193 9.695918 22548 a
 -0.045972817 0.06506422 0.06182688 22740 g
 -2.8407204 0.2873042 9.184756 22744 a
 0.053629406 0.0016809873 -0.47799587 22940 g
 -1.834557 1.1677719 9.613318 22943 a
 -0.049434926 -0.035603266 0.71882874 23140 g
 -2.156577 1.5436616 9.7240505 23144 a
 -0.02999385 -0.14479287 -0.6926466 23340 g
 -2.8604724 0.66139823 8.680179 23344 a
 0.011551461 0.024317857 0.6477223 23545 g
 -1.192911 1.6879122 9.947908 23549 a
 -0.03771702 0.032573655 -0.28305247 23740 g
 -3.107674 0.09995792 8.616134 23744 a
 0.043509394 0.1225885 -0.42659685 23941 g
 -1.9458874 1.7310078 9.694721 23944 a
 -0.07793075 -0.0443917 0.8389373 24140 g
 -1.8710686 1.3718776 10.085575 24144 a
 0.015279886 -0.08620333 -0.5845223 24340 g
 -2.8592753 0.42676646 8.488642 24344 a
 0.057890464 0.04588946 0.54572326 24546 g
 -1.7088615 1.4544775 9.318831 24549 a
 -0.068876006 0.043492615 -0.23032188 24741 g
 -3.5511997 0.002992752 8.298303 24744 a
 0.07120627 0.07358634 -0.34750098 24941 g
 -1.6753427 2.321777 10.251373 24945 a
 0.018741995 -0.004444283 0.6368033 25142 g
 -2.0087352 1.1905168 9.993997 25147 a
 0.0051598744 -0.10191598 -0.7893194 25341 g
 -2.4181437 0.7649474 8.95611 25345 a
 -4.3276369E-4 -0.02654852 0.93454474 25541 g
 -1.5478514 2.3014264 9.958083 25545 a
 -0.10056762 0.035236817 -0.6050286 25743 g
 -3.9558198 -0.39504328 8.08881 25757 a
 0.015546203 0.1689275 -0.4076884 25938 g
 -2.7126305 1.1246762 9.356541 25945 a
 -0.03958123 0.29249817 -0.7632204 26143 g
 -2.8329391 -0.19393034 9.074623 26147 a
 -0.104562365 0.21340229 -0.5781307 26343 g
 -3.4883518 0.58298814 9.427169 26347 a
 0.12287159 -0.3208278 0.35930198 26543 g
 -3.0885203 0.712275 8.933964 26547 a
 0.2903844 -0.43987113 0.2242797 26743 g
 -2.1601684 0.8074445 9.329605 26747 a
 -0.110421315 0.011268367 -0.26387772 26944 g
 -2.256535 0.4249708 9.511565 26948 a
 -0.24198148 0.1292464 0.35743776 27144 g
 -3.0520086 0.56922144 8.884883 27148 a
 0.021138841 -0.16130447 0.338263 27343 g
 -2.1122844 1.3790601 9.888053 27348 a
 0.04723782 0.30261818 -0.54217803 27544 g
 -2.8054059 0.5201403 9.029732 27549 a
 0.0024967135 -0.28780463 0.6136339 27744 g
 -2.2242134 1.6124948 10.149021 27748 a
 -0.10988868 0.76467663 -0.6497698 27944 g
 -3.1794999 0.7272388 8.913014 27949 a
 -0.0012317119 -0.25584668 0.47994316 28145 g
 -2.3612814 1.7052702 10.233417 28150 a
 -0.12293817 0.49516472 -0.6492371 28344 g
 -3.1376014 0.7350199 8.9998045 28349 a
 0.019274628 -0.22202455 0.575817 28545 g
 -2.2284033 1.5628152 9.840768 28549 a
 -0.06514758 0.50342053 -0.8889216 28745 g
 -3.3375173 0.56802434 9.120711 28750 a
 0.009420932 -0.3104415 0.9784869 28945 g
 -2.492364 1.4873978 9.279327 28949 a
 0.016611468 0.3686646 -1.2130283 29147 g
 -3.0825348 0.38367084 9.330204 29150 a
 0.025666215 -0.35464996 1.256521 29347 g
 -2.854487 0.8858546 9.294291 29350 a
 0.17240639 0.2629371 -1.284401 29546 g
 -2.5905263 -0.09935937 9.216479 29550 a
 0.018741995 -0.3466605 1.5215055 29747 g
 -2.8532898 0.40821138 9.332 29750 a
 0.14337793 0.22139178 -1.243921 29947 g
 -1.9249382 0.13108255 9.071032 29951 a
 0.02673148 -0.27289093 0.6623697 30148 g
 -2.6120741 0.4261679 8.920197 30151 a
 0.08265786 0.055210523 -0.44657058 30347 g
 -2.202067 0.089184016 9.8042555 30350 a
 -0.043575972 -0.2081761 0.36702514 30548 g
 -2.5611973 0.5931635 8.683171 30551 a
 0.07679891 0.016328374 -0.19942921 30746 g
 -1.9261353 1.441908 9.994595 30750 a
 -0.29950574 0.46160892 -0.12725756 30947 g
 -2.8724434 0.81043726 8.418014 30962 a
 0.04244413 -0.17248975 0.19152282 31148 g
 -2.2188265 1.2922704 9.223063 31152 a
 -0.116546586 0.3372393 -0.5925118 31348 g
 -3.2860417 1.06123 9.26556 31351 a
 -0.012683305 -0.40045634 0.6298791 31548 g
 -2.5019407 1.110311 9.371504 31552 a
 0.06374942 0.35028878 -1.0010407 31749 g
 -2.698864 0.3693056 9.290101 31752 a
 0.036585175 -0.28380987 1.1145744 31948 g
 -2.8335378 0.5859809 9.297882 31952 a
 0.07200522 0.19476016 -0.97227854 32149 g
 -2.2301989 0.088585466 9.450513 32153 a
 -0.0030959249 -0.35438365 0.997129 32349 g
 -2.7311857 0.40342298 9.270947 32353 a
 0.08611997 0.13217588 -0.83326155 32549 g
 -2.0739772 0.52732295 9.952697 32553 a
 -0.12693292 -0.44493112 0.83334464 32749 g
 -2.6001031 0.38067806 8.605958 32753 a
 0.08611997 0.07678213 -0.52886224 32950 g
 -2.1625626 0.53809685 10.687118 32954 a
 -0.14184661 -0.03134221 0.13959119 33150 g
 -2.343325 0.60214174 8.479065 33154 a
 0.0022303974 -0.08300754 0.04078791 33350 g
 -2.3289597 1.2695254 9.431359 33353 a
 -0.099502355 0.35588142 -0.43751583 33551 g
 -3.3488896 0.6368576 9.018359 33554 a
 0.0070240875 -0.29819095 0.6956592 33750 g
 -2.4528596 1.1067197 9.387066 33754 a
 0.05868941 0.25068656 -0.95044065 33950 g
 -2.5929205 0.27952304 9.321226 33954 a
 0.024867266 -0.27475512 1.1052533 34152 g
 -2.778471 0.4961983 9.43495 34156 a
 0.11674632 0.17132434 -0.8865248 34351 g
 -1.8974048 0.40342298 10.010158 34354 a
 -0.07926233 -0.2875383 0.60670966 34551 g
 -2.4666264 0.39983168 8.787319 34555 a
 0.01634515 0.09569057 -0.238844 34752 g
 -2.3756466 0.66379243 9.596559 34756 a
 0.0016977652 -1.8322548E-4 -0.2106145 34951 g
 -2.4558525 0.6027403 9.370906 34955 a
 -0.020939104 -0.05664224 0.1944523 35152 g
 -2.4438813 1.0031705 11.215638 35157 a
 -1.6644757E-4 0.029910496 0.37048724 35352 g
 -2.8921957 0.46208093 8.637083 35356 a
 0.06854311 -0.14133076 -0.23644716 35552 g
 -1.91596 1.2898762 10.6637745 35556 a
 -0.20549616 0.15268221 0.08286586 35752 g
 -2.4797945 0.3298013 8.818443 35756 a
 -1.6644757E-4 -0.14266235 0.0868606 35953 g
 -1.9267339 0.9768343 8.916606 35964 a
 -0.09311077 0.3923667 -0.5304601 36153 g
 -3.453636 0.31364042 9.325416 36157 a
 0.06161889 -0.19033292 0.9321479 36353 g
 -2.4265234 0.866701 9.206305 36357 a
 0.04803677 0.17771593 -0.9349943 36554 g
 -2.0895395 0.44592008 9.547478 36558 a
 0.15190005 -0.36104155 0.95105636 36753 g
 -2.6982653 0.43155485 9.194932 36757 a
 0.023802003 0.19609174 -0.7395183 36953 g
 -2.1547816 0.52253455 9.8515415 36957 a
 -0.012683305 -0.2377372 0.4618337 37155 g
 -2.4001873 -0.19632454 9.062054 37159 a
 0.06428205 0.060004216 -0.37306732 37354 g
 -2.1757307 0.5279215 10.535086 37358 a
 -0.102431834 0.02405154 0.20723547 37554 g
 -2.6282349 0.26635495 8.568848 37558 a
 0.029927272 -0.0609033 -0.005284777 37755 g
 -2.4007857 1.3946224 10.423756 37759 a
 -0.21721408 0.33510876 -0.20155975 37954 g
 -2.823961 0.66858083 8.8088665 37959 a
 0.049368348 -0.1882024 0.28340188 38155 g
 -2.309806 1.447295 9.785701 38159 a
 -0.17407086 0.49330053 -0.41487893 38356 g
 -3.5326445 0.5494693 8.978256 38360 a
 0.066412576 -0.22069296 0.6426623 38555 g
 -2.5611973 1.3688848 9.554062 38559 a
 -0.031325433 0.36653405 -0.7632204 38767 g
 -3.354875 0.48961425 8.971074 38771 a
 0.07093995 -0.23667192 0.75691193 38956 g
 -2.532467 0.6757634 8.986636 38960 a
 -0.022803316 0.14043167 -0.8612248 39156 g
 -2.4229321 0.48841715 9.285912 39160 a
 0.13059476 -0.40391845 1.184083 39356 g
 -2.4516625 0.36631286 9.300875 39360 a
 0.06215152 0.17531909 -0.95257115 39557 g
 -2.1260512 -0.05207389 9.451111 39561 a
 0.100234725 -0.30165306 0.9156363 39764 g
 -2.7970262 0.42556936 9.381081 39776 a
 0.09464209 0.21979389 -0.7717425 39952 g
 -2.1254525 0.50757074 9.498397 39953 a
 -0.15835822 -0.37249315 0.9587795 40157 g
 -2.7497406 0.23822308 8.868722 40161 a
 0.1479053 0.026182069 -0.6273992 40357 g
 -2.0452468 0.7517793 10.441113 40361 a
 -0.12959607 -0.251053 0.42082098 40553 g
 -2.5570073 0.25378537 8.593389 40554 a
 0.039248336 0.014996792 -0.24097453 40763 g
 -2.043451 1.435324 10.642825 40767 a
 -0.2110888 0.28903607 -0.06600485 40962 g
 -2.6641479 0.59136784 8.550891 40975 a
 0.029660957 -0.12428653 0.058897406 41160 g
 -2.208651 1.5125369 9.41041 41164 a
 -0.09976867 0.36174035 -0.5549612 41362 g
 -3.4171243 0.85054016 8.820838 41366 a
 0.037384123 -0.28620672 0.52947795 41562 g
 -2.4271219 1.0666169 9.403826 41566 a
 0.018209364 0.2448276 -0.9491091 41766 g
 -2.8868086 0.36272156 9.3182335 41770 a
 0.0568252 -0.22655192 1.1273576 41962 g
 -2.8724434 0.712275 9.361329 41966 a
 0.10076736 0.23896864 -0.90783006 42161 g
 -2.171541 0.08319851 9.387066 42165 a
 -0.03292333 -0.37622157 1.1361461 42362 g
 -2.8078 0.5979519 9.005191 42366 a
 0.11248527 0.12791482 -0.82686996 42562 g
 -1.927931 0.38367084 9.772532 42566 a
 -0.12426975 -0.41457108 0.7023171 42765 g
 -2.6276364 0.2861071 8.814254 42769 a
 0.04990098 0.08184213 -0.3762631 42964 g
 -2.1206641 0.9900024 10.965444 42968 a
 -0.095507614 -0.012700083 0.20643653 43163 g
 -2.618658 1.055843 8.4108305 43167 a
 0.06401573 -0.14079814 0.03386369 43363 g
 -1.9829975 0.9343372 9.387665 43367 a
 -0.2092246 0.36307195 -0.4423095 43563 g
 -3.620033 0.19931729 9.247005 43567 a
 0.06827679 -0.19086556 0.5640991 43764 g
 -2.4223335 1.127669 9.667787 43767 a
 0.026465163 0.0845053 -0.692114 43962 g
 -2.1170728 1.0534488 9.43914 43966 a
 0.07573364 -0.06622962 0.3065714 44163 g
 -2.8233624 0.33997664 9.493608 44167 a
 0.069342054 0.27438867 -0.12779018 44364 g
 -3.1387985 0.95827925 9.333796 44368 a
 0.11594737 0.15321486 0.03386369 44564 g
 -3.2118216 0.8619126 9.050681 44567 a
 0.053629406 0.035503134 0.028537368 44764 g
 -2.971803 1.2731167 9.171588 44767 a
 0.009154616 -0.038000114 0.06395741 44973 g
 -3.70802 1.5233108 9.533113 44975 a
 -0.10429604 -0.21376875 -0.037509024 45163 g
 -3.3812113 0.9828198 9.690532 45166 a
 -0.024134897 0.14629063 0.22720918 45363 g
 -2.8341362 1.0223241 8.805874 45367 a
 6.3250074E-4 -0.015895875 -0.25642088 45564 g
 -3.3261447 0.3561375 9.205706 45567 a
 -0.027597006 -0.04838644 0.21682286 45763 g
 -2.9221232 0.86969376 9.444528 45767 a
 0.104229465 0.011002051 -0.105419636 45962 g
 -2.5833437 1.3664906 9.244612 45974 a
 0.1841243 0.23737074 -0.041770082 46164 g
 -3.4476504 1.0923545 8.677784 46167 a
 0.122072645 0.21073914 -0.023660589 46364 g
 -4.0815153 1.9111716 8.507197 46367 a
 0.09171261 0.029644178 -0.06414063 46562 g
 -3.5607765 0.9995792 8.738836 46566 a
 -0.036651753 -0.060104348 0.043184754 46764 g
 -3.9270895 1.407192 8.826823 46767 a
 -0.020672787 -0.06463172 0.07727322 46963 g
 -3.7343562 1.3730747 8.987235 46967 a
 0.006757771 -0.04146222 -0.022861639 47164 g
 -3.8624458 1.4143747 8.795698 47168 a
 -4.3276369E-4 0.025116805 0.0027047063 47364 g
 -3.7511156 1.5640123 8.769362 47367 a
 -0.013482253 -0.039864324 -0.0015563513 47563 g
 -3.9073372 1.4041992 8.922591 47567 a
 -0.0012317119 -0.0017811222 -0.0026216158 47764 g
 -3.8283286 1.5269021 8.865729 47768 a
 -0.011884356 -0.016694823 0.0059005 47965 g
 -3.7702692 1.459266 8.909423 47969 a
 0.01021988 -0.03001063 0.0021720743 48165 g
 -3.578733 1.3892355 8.89805 48169 a
 -0.095507614 0.046954725 0.030135265 48365 g
 -3.82773 1.3150153 8.719683 48369 a
 -0.08964866 -0.03347274 -0.0020889835 48566 g
 -3.7642837 1.1109096 8.903438 48570 a
 -0.053695984 0.0054094126 -0.04150377 48766 g
 -3.8606503 0.6548142 8.735844 48769 a
 -0.033189643 0.0067409934 -0.0130079435 48966 g
 -3.1411927 0.81761986 9.19972 48969 a
 0.0051598744 -0.21749717 -0.051890094 49167 g
 -2.6437972 0.7649474 9.499594 49171 a
 -0.13305819 -0.43055007 -0.14376915 49366 g
 -2.6258407 1.0821792 9.619304 49370 a
 -0.07899602 -0.20284978 0.36382934 49567 g
 -2.1021092 0.23283611 9.34397 49570 a
 0.022204105 0.019257851 -0.17998815 49767 g
 -2.3259668 0.581791 9.502586 49771 a
 0.061086256 -0.089931756 0.14118908 49967 g
 -2.2697031 0.82240826 9.522937 49970 a
 0.028329376 -0.013765347 -0.1743955 50168 g
 -2.463035 1.0648212 9.6923275 50171 a
 0.05336309 -0.020689566 0.13240065 50368 g
 -2.654571 0.5554548 9.336788 50371 a
 -0.038515966 -0.014031663 -0.015138472 50568 g
 -2.224812 0.5129577 9.4972 50571 a
 0.027530428 -0.119492844 -0.049226936 50772 g
 -2.0326772 0.7236475 7.8452005 50780 a
 -0.2819289 0.2546813 -0.058281682 50974 g
 -2.8999767 0.16460137 9.036316 50994 a
 0.0253999 -0.1237539 0.17075017 51174 g
 -2.291251 1.0480618 9.106346 51185 a
 -0.17060876 0.43710783 -0.5514991 51373 g
 -3.6768951 0.3333926 9.178172 51386 a
 0.08958208 -0.20737715 0.8708952 51575 g
 -2.3720553 1.1318588 9.455301 51588 a
 0.04803677 0.21286966 -1.0801365 51771 g
 -2.6084828 0.09876082 9.269152 51778 a
 0.031791486 -0.36423734 1.4003316 51971 g
 -2.866458 0.46208093 9.288904 51976 a
 0.17560218 0.10421269 -1.0606955 52175 g
 -2.1033063 0.2621651 9.639056 52187 a
 -0.13039503 -0.40045634 1.2365472 52373 g
 -3.0137014 -0.015562311 8.971074 52386 a
 0.15962322 0.057074737 -0.88253003 52574 g
 -1.8860323 0.13946225 9.946711 52587 a
 -0.17593507 -0.214834 0.65171707 52785 g
 -2.879626 -0.1364695 8.917803 52790 a
 0.054162037 -0.049984336 -0.51581275 52974 g
 -1.9363106 0.36391866 11.092337 52987 a
 -0.15915716 0.063466325 0.32867563 53180 g
 -2.6839 0.0700304 8.255806 53190 a
 0.029660957 0.057074737 -0.23564821 53386 g
 -2.166154 2.6671407 11.535264 53390 a
 -0.22573619 0.3987583 -0.2737314 53572 g
 -3.2746694 0.8714894 8.212111 53578 a
 -0.015080149 -0.16609816 0.25091133 53775 g
 -2.3989902 1.7615339 9.438541 53788 a
 -0.14291188 0.3295161 -0.6226055 53975 g
 -3.6727054 1.1258733 8.740632 53988 a
 0.023535686 -0.16902764 0.50710744 54186 g
 -2.5438392 1.7914615 9.057265 54191 a
 0.052297827 0.3146024 -0.8585616 54375 g
 -3.696049 0.4309563 9.170391 54389 a
 0.04777045 -0.153315 1.0083144 54587 g
 -2.7072437 0.6697779 9.012972 54592 a
 0.1361874 0.12684956 -1.023145 54779 g
 -2.2397757 0.13826515 9.26556 54789 a
 0.11568106 -0.2462593 1.0437343 54979 g
 -2.8245595 0.46088383 8.983045 54989 a
 0.14257899 0.030975759 -0.89611214 55174 g
 -2.4073699 0.3681085 9.382876 55187 a
 -0.006291718 -0.35757944 0.9435995 55380 g
 -2.9113493 0.34117374 9.169194 55384 a
 0.14657372 -0.045190647 -0.85350156 55586 g
 -1.9740193 0.47345337 9.487024 55590 a
 -0.07606654 -0.44386587 0.90125525 55773 g
 -2.9215245 0.10354923 8.879496 55787 a
 0.13112739 0.044824198 -0.76055723 55969 g
 -2.3331497 0.39384618 9.566631 55970 a
 -0.12719923 -0.35172048 0.73906875 56169 g
 -2.9682117 0.18614918 8.965687 56170 a
 0.13405687 -0.018559037 -0.63778555 56388 g
 -2.408567 0.5057751 9.655217 56392 a
 -0.12773186 -0.32109413 0.61043805 56587 g
 -3.043629 0.08678981 9.223662 56591 a
 0.10050104 -0.042261172 -0.5874518 56785 g
 -2.9113493 0.25258827 10.544662 56789 a
 -0.121606596 0.08397266 0.5238853 56988 g
 -2.867655 0.37588966 8.942942 56992 a
 0.025666215 0.08557056 -0.45109794 57186 g
 -2.32058 1.1414356 10.436325 57191 a
 -0.14877084 -0.15757604 0.58833385 57389 g
 -2.837129 -0.15083471 8.8364 57393 a
 0.06721153 -0.006841128 -0.37786102 57588 g
 -1.8435353 0.17896658 10.328587 57593 a
 -0.14610767 0.10554427 0.20696916 57788 g
 -2.8508956 0.17537527 8.696339 57792 a
 -0.0030959249 -0.00124849 -0.08517961 57988 g
 -2.1853075 1.033098 10.720038 57992 a
 -0.1482382 0.07971161 0.015221563 58189 g
 -2.8048072 0.31004912 8.4664955 58193 a
 0.026465163 -0.041195907 -0.046830088 58390 g
 -1.9195513 0.91338795 10.942101 58393 a
 -0.10695921 0.034704186 0.08499638 58589 g
 -2.866458 0.2885013 8.507795 58593 a
 0.04164518 -0.033739056 -0.08198381 58789 g
 -2.095525 1.1150994 10.757148 58793 a
 -0.13225923 0.12684956 0.010427874 58983 g
 -2.8514943 0.32142156 8.471883 58993 a
 0.014480938 -0.052114867 -0.007947938 59188 g
 -2.4480712 1.4478935 10.8624935 59193 a
 -0.1612877 0.155878 -0.063341685 59391 g
 -2.8538885 0.26874915 8.403049 59395 a
 0.007823036 -0.08806754 0.045315284 59589 g
 -2.0853498 1.6711528 10.617686 59593 a
 -0.10695921 0.2597413 -0.16560708 59789 g
 -3.0113072 0.3633201 8.541314 59793 a
 0.007823036 -0.13280864 0.07913743 59988 g
 -1.9620483 1.8489223 10.870275 59993 a
 -0.14956978 0.29835713 -0.18957552 60331 g
