 0.18199377 -1.5461482 -0.5839897 5 g
 1.9458874 5.61141 10.152014 7 a
 0.61848587 3.171908 2.5473552 119 g
 -6.211756 -2.3834279 16.980276 122 a
 -1.6145747 -1.0097876 -0.87107843 318 g
 -4.546589 6.8611836 9.133281 321 a
 0.2206096 3.489623 0.7204266 516 g
 -19.6133 5.09127 14.8237 520 a
 2.0715065 1.5929197 -0.18291762 717 g
 -9.786898 1.7675194 10.104729 721 a
 -1.7674401 -5.120909 -1.0513744 917 g
 -4.7578773 -0.59974754 6.8881183 920 a
 -0.2742057 -1.5432187 0.22055128 1119 g
 -4.134786 -0.09756372 8.225879 1123 a
 -0.20096879 -0.45531744 -0.26760614 1318 g
 -2.722806 0.748188 11.01273 1322 a
 -0.18898457 -0.31283835 -0.11261017 1517 g
 -4.1701007 -1.2174516 9.4696665 1521 a
 0.025666215 0.7375124 0.018417357 1718 g
 -4.818331 1.1713632 11.398195 1721 a
 -0.4257396 0.28850344 -0.18318394 1918 g
 -4.1515455 -0.16699557 8.444948 1922 a
 0.056558885 -0.5980629 0.018683672 2117 g
 -3.3488896 -0.019752163 8.5299425 2121 a
 -0.0041611893 0.10874006 -0.13524704 2318 g
 -3.7445314 -0.4830302 9.42238 2322 a
 0.16841164 -0.06622962 0.0013731258 2518 g
 -3.5128925 -0.43155485 8.444948 2522 a
 0.22007698 0.15800855 0.057565823 2718 g
 -3.4739866 0.8110358 8.847773 2722 a
 0.06801048 -0.20444769 -0.10249016 2918 g
 -3.0352492 -0.037708677 9.012374 2922 a
 -0.37860164 -0.019624302 -0.003953196 3119 g
 -3.7732618 -1.2491747 8.746018 3123 a
 -0.5679524 0.22272335 -0.21407661 3319 g
 -4.0587707 0.15023616 10.025121 3323 a
 0.85018086 -0.70112723 0.074610054 3518 g
 -3.4195185 -0.2789245 9.774328 3522 a
 0.24084963 -0.08513806 0.1449175 3720 g
 -3.3542767 -0.15981296 9.167398 3725 a
 0.07679891 -0.038799062 -0.003953196 3919 g
 -3.323152 -0.42078096 9.156026 3923 a
 0.019008312 -0.023885358 -0.002887932 4120 g
 -3.3381157 -0.33039984 9.1668 4123 a
 0.02326937 -0.028146416 0.016286828 4320 g
 -3.2794578 -0.24779987 9.078813 4324 a
 -0.0049601374 -0.055843294 0.00723208 4520 g
 -3.3171666 -0.320823 9.103952 4524 a
 -0.012150672 -0.042527486 0.047978446 4721 g
 -3.2692823 -0.39025488 9.138069 4725 a
 -0.013748569 -0.035603266 0.05783214 4921 g
 -3.549404 -0.045489833 9.257181 4925 a
 -0.001498028 -0.012966398 0.037858434 5117 g
 -3.5380316 0.077213004 9.2494 5119 a
 -0.020939104 0.010203103 0.0125584025 5321 g
 -3.3632548 0.18495208 9.43914 5325 a
 -0.12719923 0.02405154 0.007498396 5522 g
 -3.5775359 -1.0001777 8.535329 5526 a
 0.06321678 0.022986276 0.05516898 5722 g
 -3.513491 1.1593921 10.839748 5726 a
 0.029660957 0.018725218 -0.1147407 5922 g
 -3.4871547 0.19393034 9.690532 5926 a
 -0.03691807 -0.039065376 5.7417754E-4 6122 g
 -3.5152867 0.0712275 9.191938 6126 a
 -0.04650545 0.009670471 0.0053678676 6322 g
 -3.3566709 0.05925649 9.038112 6326 a
 -0.0012317119 -0.0015148061 -0.028454278 6522 g
 -3.3632548 0.029927522 9.138069 6526 a
 0.007823036 -0.0028463865 0.0037699707 6730 g
 -3.2004492 0.4405331 9.32362 6734 a
 0.013948306 0.10421269 0.045048967 6923 g
 -4.0378213 0.10115502 8.779537 6926 a
 -0.015346466 0.0879674 0.2668903 7123 g
 -3.6864722 -0.10594343 9.294889 7126 a
 0.027530428 -0.01083587 -0.192505 7324 g
 -2.9526494 0.07062895 8.989629 7327 a
 -0.031858064 -0.14505918 0.060495302 7523 g
 -3.2890346 -0.02873042 9.12131 7527 a
 0.01847568 0.06772738 0.029602634 7724 g
 -3.1890767 0.25917232 8.986037 7728 a
 -0.011351724 0.0075399415 -0.06493959 7925 g
 -3.376423 0.12389994 9.278131 7929 a
 -0.030260168 0.016861005 -0.046297457 8124 g
 -3.4703953 -0.20470424 9.317036 8127 a
 0.08132628 0.016062057 0.0051015513 8324 g
 -3.2261868 0.009576807 9.091981 8328 a
 -0.016944362 0.05281368 0.04824476 8525 g
 -3.681085 -0.29269117 9.920375 8528 a
 0.26774755 -0.1269497 0.042652123 8725 g
 -3.615843 0.47524905 9.285912 8730 a
 0.23632225 -0.33148047 -0.3645452 8925 g
 -2.5288756 1.7896658 10.164583 8929 a
 -0.20709406 -0.52322805 -0.04150377 9125 g
 -2.2361844 0.96905315 9.018958 9129 a
 0.14630741 -0.44280058 0.03945633 9325 g
 -3.0107086 1.6154876 10.627861 9329 a
 -0.74079156 1.2184793 0.5241516 9525 g
 -5.1984105 0.01316811 8.025963 9529 a
 -0.18099508 -0.5503923 0.8836784 9727 g
 -2.8287494 0.7739257 8.137293 9731 a
 0.18625483 -0.7176388 -1.8220932 9926 g
 -0.6314707 0.5374983 9.207501 9931 a
 -0.16688032 0.1241864 -0.0020889835 10126 g
 -1.7142484 0.908001 9.122507 10134 a
 0.033922013 -0.0017811222 0.2573029 10329 g
 -1.3994108 1.0486604 9.293693 10334 a
 -0.0046938215 -0.049984336 -0.46601164 10526 g
 -2.0871453 -0.23523031 10.038289 10531 a
 0.17506956 -0.18074554 0.56756115 10727 g
 -1.5915456 0.49679685 9.612122 10732 a
 0.028862009 0.014197844 -0.65323186 10928 g
 -1.4197617 0.60453594 9.663596 10932 a
 0.015546203 -0.06436541 0.38699886 11123 g
 -1.4867992 0.57161564 9.633669 11124 a
 0.001165133 0.06666212 -0.22366399 11328 g
 -1.2862848 0.7338228 9.7007065 11329 a
 0.0019640813 -0.0033790187 0.090589024 11528 g
 -1.3371617 0.64703304 9.612122 11532 a
 -0.0012317119 0.0019473034 -0.03857429 11727 g
 -1.3281834 0.6805518 9.631275 11731 a
 -4.3276369E-4 -0.004444283 0.029602634 11928 g
 -1.292869 0.6997054 9.651626 11932 a
 3.6618466E-4 0.0035452 -0.007415306 12128 g
 -1.365892 0.6919243 9.606135 12133 a
 -1.6644757E-4 0.0032788839 -0.010344783 12328 g
 -1.210269 0.61291564 9.598953 12332 a
 0.0048935586 0.003811516 -0.009013202 12528 g
 -1.3377602 0.65182143 9.652225 12532 a
 -0.010819091 -0.019357985 0.042385805 12729 g
 -1.270124 0.6721721 9.60853 12734 a
 0.003828294 0.050949465 -0.048427988 12930 g
 -1.1976994 0.62488663 9.599552 12934 a
 0.03152517 0.033372603 -0.040971134 13129 g
 -1.5275006 0.7170634 9.630676 13134 a
 0.012883042 0.039231557 -0.0010237191 13330 g
 -1.5640123 1.5047557 9.986216 13334 a
 -0.09497498 0.4400373 0.5334727 13529 g
 -2.7910407 0.32920274 9.057265 13534 a
 0.020872524 0.11779481 0.15370594 13731 g
 -2.5635915 1.002572 9.580399 13735 a
 0.112218946 -0.080877006 -0.69770664 13931 g
 -1.9794062 0.8912416 9.217078 13935 a
 0.17506956 0.12631692 -0.1658734 14133 g
 -3.4183214 1.1779473 9.050681 14137 a
 0.029128324 0.098353736 -0.030318491 14329 g
 -2.8856115 1.1067197 9.228451 14333 a
 -0.09604025 -0.3384047 0.042652123 14530 g
 -1.9297266 0.6428431 9.655815 14534 a
 -0.15489611 -0.29792464 0.2503787 14730 g
 -1.0474633 0.53091425 9.695918 14734 a
 -0.030260168 -0.11336757 0.026939472 14931 g
 -1.6543933 0.47644615 9.596559 14935 a
 -0.03958123 0.04109577 0.03679317 15142 g
 -1.9129672 0.40581718 9.640253 15148 a
 0.023802003 0.033905238 0.010427874 15331 g
 -1.6418238 0.5189432 9.331401 15335 a
 0.03152517 0.08264109 -0.10675121 15530 g
 -2.2756886 0.9127894 9.461885 15534 a
 0.066412576 0.14629063 0.035461586 15732 g
 -2.582745 0.7164649 9.175778 15736 a
 0.012616726 -0.041994855 0.004302603 15932 g
 -2.1086931 0.7870938 9.464878 15935 a
 -0.008155931 -0.10031808 0.038391065 16134 g
 -1.7399861 0.6344634 9.668385 16137 a
 0.047504134 -0.04092959 -0.033514284 16333 g
 -1.7513585 0.9044097 9.479841 16337 a
 -0.003894873 -0.053712763 0.09112165 16532 g
 -2.2780828 0.6901286 9.5809965 16536 a
 0.026465163 0.038166296 -0.18478183 16733 g
 -2.2427685 0.6955156 9.48882 16736 a
 0.08079365 -0.08620333 0.042385805 16934 g
 -1.70946 0.8750807 9.554062 16938 a
 -0.03292333 0.027247334 -0.07213012 17136 g
 -2.1763294 0.6386533 9.3182335 17139 a
 0.05815678 -0.027081152 0.049576342 17334 g
 -1.7848774 0.8690952 9.610326 17337 a
 -0.0030959249 0.0035452 -0.08810908 17534 g
 -2.0410569 0.8062474 9.405023 17538 a
 -0.025732793 0.020323114 0.0077647124 17734 g
 -1.9141643 0.6560113 9.589376 17738 a
 -0.003894873 -0.019624302 0.024542628 17934 g
 -1.9422961 0.8702923 9.513959 17938 a
 0.0070240875 -0.003911651 -0.011942679 18134 g
 -1.8489223 0.90859956 9.746795 18138 a
 -0.08245812 0.022719959 0.24318816 18334 g
 -2.1200657 0.5895722 9.426571 18338 a
 -0.063815996 0.023785224 0.1712828 18534 g
 -2.1703439 0.6937199 9.314043 18538 a
 0.09384314 0.008871522 -0.15628602 18735 g
 -2.0488381 1.0510546 9.385271 18739 a
 0.04803677 -0.04412538 -0.33072305 18935 g
 -1.929128 0.9044097 9.39365 18939 a
 0.012883042 -0.037733797 0.037858434 19135 g
 -2.184709 0.6147113 9.446322 19138 a
 0.0118177775 -0.036402214 0.048777394 19336 g
 -1.9949685 0.6063316 9.586982 19339 a
 0.033389382 -0.0052432315 -0.029253226 19535 g
 -2.0697873 0.7703344 9.515156 19539 a
 0.0070240875 -0.006841128 0.0037699707 19735 g
 -1.9806033 0.6997054 9.519346 19739 a
 -0.001498028 -0.0060421797 0.0024383902 19937 g
 -2.0189106 0.7625532 9.489418 19940 a
 -0.0046938215 -0.004976915 -0.0020889835 20136 g
 -2.0057425 0.7104794 9.495404 20139 a
 -0.016411731 -0.004177967 0.017618408 20336 g
 -1.9255368 0.86011696 9.548077 20339 a
 -0.01907489 0.006474677 0.045847915 20537 g
 -1.7663223 0.6811504 9.457097 20540 a
 -0.064614944 0.060803164 0.25677028 20737 g
 -2.3439236 0.533907 9.32781 20740 a
 0.13379055 -0.049451705 -0.16960181 20937 g
 -1.6430209 1.6238673 9.658808 20941 a
 0.06854311 -0.16876133 -0.51794326 21138 g
 -1.7531542 1.0313023 9.565434 21141 a
 -0.08325707 -0.09312755 0.24984606 21337 g
 -1.7256209 0.6757634 9.624691 21341 a
 0.003828294 -0.022021146 -0.117137544 21537 g
 -1.5286977 0.6997054 9.673173 21541 a
 -0.057957042 0.02405154 0.27487975 21738 g
 -1.6980876 0.6751649 9.739014 21742 a
 0.065081 -0.109639145 -0.21780503 21938 g
 -1.2318168 0.427365 9.511565 21942 a
 -0.08831708 0.15268221 -0.21940292 22138 g
 -1.5125369 0.78649527 9.795278 22141 a
 -0.04863598 0.025649438 0.06395741 22339 g
 -1.7423803 1.003769 9.715072 22343 a
 0.16148743 -0.014564295 0.1017743 22538 g
 -2.4498668 0.825401 10.041881 22542 a
 -0.4190817 0.7191366 0.23812814 22738 g
 -3.8504748 -0.86011696 8.300098 22742 a
 -0.18046245 0.30208555 -0.043367982 22940 g
 -3.8337154 1.2174516 11.097723 22944 a
 -0.6824683 -0.6617124 -0.718213 23139 g
 -2.44448 -0.99778354 8.209119 23144 a
 0.07120627 -0.18287608 -0.24230611 23339 g
 -3.2914288 0.11731588 9.3978405 23343 a
 0.093310505 0.014197844 -0.016203737 23540 g
 -2.8874073 -0.5069722 9.361329 23545 a
 -0.0020306604 0.009137838 0.13000381 23742 g
 -3.29502 0.17597382 9.065046 23755 a
 -0.010819091 -0.019624302 0.0125584025 23954 g
 -2.8904 -0.2765303 9.256582 23957 a
 0.013415674 -0.091795966 -0.10701753 24154 g
 -2.6922798 -0.46507367 9.351153 24158 a
 0.01980726 -0.06276751 -0.11580596 24341 g
 -2.6437972 -0.55964464 9.351752 24355 a
 0.015812518 -0.016428508 -0.035644814 24553 g
 -2.722806 -0.51954174 9.5971575 24557 a
 0.07227153 -0.1437276 -0.08757646 24755 g
 -2.6779146 -0.12569559 9.291298 24759 a
 0.03551991 -0.01909167 -0.0950333 24955 g
 -2.6743233 -0.54647654 9.175778 24958 a
 0.04164518 0.07518423 0.042385805 25153 g
 -3.080739 -0.34117374 9.22067 25156 a
 0.035253596 -0.0047105993 0.0032373385 25353 g
 -3.084929 -0.031124622 9.349358 25360 a
 0.009154616 0.06719475 0.02294473 25551 g
 -2.9741971 -0.55725044 9.126697 25557 a
 -0.03425491 0.10474532 0.023211047 25753 g
 -3.1322143 -0.0047884034 9.282919 25756 a
 -0.019607523 0.13377377 0.02640684 25957 g
 -3.5703533 -0.6015432 9.366715 25960 a
 -0.012683305 0.0123336315 -0.0012900352 26153 g
 -3.1884782 -0.33399114 9.48044 26156 a
 0.035786226 -0.016428508 -0.056683786 26354 g
 -2.8646624 -0.64463884 9.066243 26358 a
 -0.0052264538 -0.14612445 -0.09796278 26555 g
 -2.9634233 0.10414778 9.165004 26559 a
 -0.027330691 -0.15438025 -0.0063500414 26755 g
 -3.2172086 -0.22864626 9.278131 26758 a
 0.029927272 -0.04838644 -0.072396435 26956 g
 -2.9227216 0.02633622 9.26197 26960 a
 -0.056359146 -0.055843294 0.0037699707 27156 g
 -3.1094694 -0.060453594 9.094376 27160 a
 0.01021988 -0.014564295 -0.0023552997 27357 g
 -2.8670566 -0.19632454 9.165603 27361 a
 0.003828294 0.014730477 0.023211047 27555 g
 -3.016694 -0.2124854 9.18715 27559 a
 -0.0017643442 0.11965902 0.0035036546 27758 g
 -3.1836896 -0.20171149 9.10455 27762 a
 -0.0307928 0.09063057 0.06182688 27945 g
 -3.0119057 -0.2861071 9.236232 27950 a
 -0.0307928 0.111935854 0.046114232 28156 g
 -3.0292637 -0.5069722 9.260772 28160 a
 -0.0390486 0.07545055 0.078604795 28359 g
 -2.891597 -0.54049104 9.32362 28363 a
 -0.024933845 0.042161036 0.07514269 28556 g
 -3.0735564 -0.56084174 9.302073 28560 a
 0.006757771 0.08770109 0.042652123 28756 g
 -3.0125043 -0.700304 9.371504 28760 a
 -0.006291718 -0.009770606 0.065555304 28957 g
 -2.9418752 -0.5979519 9.48463 28960 a
 0.014747255 -0.029211681 -0.003154248 29158 g
 -2.903568 -0.5566519 9.518747 29162 a
 -0.016411731 0.032839973 0.046114232 29357 g
 -3.4452562 -0.3842694 8.097789 29361 a
 0.14817162 0.020056799 0.21842076 29557 g
 -2.5617957 -0.15382746 9.226056 29560 a
 0.3577624 -0.6284229 0.06821847 29759 g
 -3.168726 0.6278794 9.709086 29762 a
 -0.07340337 0.10288111 0.22614393 29960 g
 -2.7383683 -0.21906945 9.179968 29964 a
 0.12660001 0.04881894 -0.19783132 30164 g
 -2.7844565 0.007182605 9.02614 30167 a
 0.15509585 -0.020955881 0.025341576 30360 g
 -1.8112136 1.0480618 9.266758 30372 a
 0.008621984 -0.2462593 0.055701613 30553 g
 -2.3894134 0.8026561 9.703699 30561 a
 -0.013482253 0.024317857 -0.07426065 30760 g
 -2.292448 0.50757074 9.448717 30765 a
 0.0022303974 -0.035070635 0.019216305 30955 g
 -2.4678235 0.43394905 9.679159 30959 a
 0.07200522 0.038166296 0.004302603 31163 g
 -2.332551 0.41120413 9.371504 31167 a
 0.006757771 -0.0052432315 0.009096293 31360 g
 -2.3948002 0.4985925 9.394848 31365 a
 0.017943047 0.025116805 0.03199948 31558 g
 -2.2864625 0.4961983 9.518747 31562 a
 0.018209364 0.018991534 0.0125584025 31760 g
 -2.6605566 0.5033809 9.382876 31765 a
 0.032324117 0.020323114 0.0027047063 31960 g
 -2.3253684 0.40521863 9.490616 31965 a
 -0.018542258 -0.043326434 0.025874207 32160 g
 -2.4690206 0.8535329 9.467871 32165 a
 -0.020939104 -0.07395279 -0.032981653 32363 g
 -2.1613655 0.29149407 9.528923 32367 a
 0.02939464 0.053346314 0.035461586 32560 g
 -2.211644 0.61052144 9.512163 32565 a
 0.006225139 0.11832744 -0.06893433 32760 g
 -2.3864205 0.6781576 9.303269 32765 a
 -0.08991498 -0.032141156 -0.028720595 32960 g
 -2.327164 0.31244332 9.482835 32965 a
 0.008621984 -0.0015148061 -0.009013202 33160 g
 -2.3139958 0.46267948 9.446921 33165 a
 0.017144099 0.07571687 -0.00848057 33360 g
 -2.429516 0.7517793 9.411008 33365 a
 -0.04304334 0.02405154 -0.02019848 33563 g
 -2.2517467 0.33877954 9.7479925 33567 a
 -0.054494932 0.04588946 -0.032182705 33760 g
 -3.3842041 0.5710171 9.24521 33765 a
 0.05469467 -0.014297979 -0.24150716 33952 g
 -1.7980455 1.4760253 9.2494 33956 a
 -0.06088652 -0.21243717 0.3547746 34155 g
 -1.1917139 0.729633 8.956709 34159 a
 0.057890464 -0.673164 0.8301489 34357 g
 -2.4301147 0.5315128 9.838373 34360 a
 0.10662631 -0.118693896 0.09724692 34555 g
 -2.7156234 0.35673606 9.39365 34559 a
 0.2701444 -0.41510373 -1.4545771 34755 g
 0.027533319 -0.32680854 10.553641 34759 a
 0.008355668 -0.13254233 0.88820577 34958 g
 -2.4139538 0.34835634 8.769362 34962 a
 0.015013571 -0.06862646 -0.30702093 35156 g
 -0.051475335 0.78888947 9.54209 35159 a
 -0.04091281 -0.20071925 -0.39570418 35356 g
 -0.7469909 0.87089086 9.431957 35369 a
 0.02939464 0.015529425 0.35717145 35559 g
 -1.0720038 0.5967548 9.734824 35562 a
 0.017943047 0.011002051 -0.19143973 35756 g
 -1.4437037 0.6087258 9.59177 35760 a
 0.0019640813 -0.013499031 0.09591535 35957 g
 -1.0654198 0.6015432 9.640852 35960 a
 0.003828294 -9.821738E-4 -0.050292198 36159 g
 -1.3628993 0.57760113 9.630676 36164 a
 0.001165133 0.0011483551 0.0048352354 36357 g
 -1.174356 0.56323594 9.629479 36361 a
 -4.3276369E-4 0.0027462516 0.01202577 36557 g
 -1.2437878 0.5494693 9.662399 36561 a
 0.0019640813 0.0011483551 -0.016203737 36760 g
 -1.2509704 0.57281274 9.646238 36765 a
 -0.0020306604 0.003811516 0.0029710224 36957 g
 -1.2773066 0.54647654 9.773131 36961 a
 -6.9907977E-4 -0.008439025 0.01202577 37158 g
 -1.0672154 0.57999533 9.446921 37161 a
 -0.10589394 0.20834228 0.062359516 37357 g
 -1.8626889 0.46866497 9.59177 37361 a
 0.070141 -0.018825352 0.008297345 37560 g
 -0.7781156 0.37708676 9.660604 37565 a
 0.060020994 -0.02441799 -0.30062935 37757 g
 -1.4030021 0.3489549 9.610326 37761 a
 -0.0022969765 -0.012966398 0.14837962 37960 g
 -1.0384849 0.6937199 9.568427 37965 a
 0.011551461 -0.04838644 -0.1264586 38158 g
 -1.3994108 0.56323594 9.623494 38162 a
 3.6618466E-4 0.009670471 0.030667897 38356 g
 -1.13964 0.65541273 9.276335 38360 a
 -0.050233874 0.055210523 0.0154878795 38560 g
 -1.8118122 -0.023343466 9.642648 38564 a
 0.03551991 0.09595689 0.39685255 38758 g
 -1.4036007 0.81642276 9.673772 38762 a
 0.042710446 -0.20870873 -0.5714728 38958 g
 -1.6639702 0.40222588 10.041881 38962 a
 -0.031325433 0.008871522 0.9217616 39159 g
 -1.9859903 0.45729253 9.090784 39162 a
 0.04563992 -0.05451171 -0.6702761 39364 g
 -0.1448492 1.086369 10.691906 39368 a
 -0.2736731 0.55375427 0.30497348 39558 g
 -2.4953568 0.43634325 9.098565 39561 a
 0.04457466 -0.1834087 0.068751104 39759 g
 -0.545878 1.5777789 9.904214 39762 a
 -0.07739812 -0.13493918 -0.70063615 39958 g
 -1.5514427 0.83258367 9.56304 39961 a
 0.044042025 -0.04039696 0.3864662 40158 g
 -1.2629414 0.62249243 9.680955 40161 a
 0.022204105 -0.012966398 -0.27799246 40359 g
 -1.2336124 0.6075287 9.549872 40363 a
 0.05815678 -0.012433766 0.17314701 40561 g
 -2.2888567 -0.48123455 9.306861 40567 a
 -0.0473044 -0.022287462 -0.4521632 40758 g
 -1.5472529 0.34955344 9.436746 40763 a
 0.080527335 -0.13680339 0.13240065 40959 g
 -2.4827871 -0.12868834 10.33098 40962 a
 -0.39591217 0.33004874 -0.06813538 41158 g
 -1.151611 0.6631939 9.332599 41159 a
 0.14976951 -0.2595751 0.84026885 41360 g
 -3.5260606 0.7044938 8.977658 41365 a
 0.16494954 0.29516134 0.15130909 41566 g
 -0.7236475 1.7262194 10.05445 41569 a
 0.22140855 -0.19778977 0.2075018 41758 g
 -0.9463082 1.3940239 9.493608 41762 a
 0.2736065 -0.24066667 0.049842656 41960 g
 -0.6889315 2.2140381 8.608353 41964 a
 0.4472446 -0.5946008 0.1249438 42164 g
 1.0708067 4.361038 9.325416 42168 a
 0.45736462 -0.8081863 0.2535745 42360 g
 3.6002808 4.300585 8.392874 42364 a
 0.49278468 -0.57968706 0.122546956 42565 g
 1.8950106 3.3105824 8.619724 42569 a
 0.061086256 0.66880286 0.2011102 42767 g
 1.0031705 4.7429137 8.933964 42771 a
 -0.14131398 -0.22495402 -0.3743989 42965 g
 1.3994108 3.8534677 9.193136 42969 a
 0.030992538 -0.026282204 -0.084380664 43165 g
 1.8626889 4.2437224 8.796297 43169 a
 0.04510729 -0.063832775 0.014955248 43360 g
 2.030283 3.945046 8.388684 43365 a
 -0.024401214 -0.004444283 -0.009545835 43568 g
 2.2481554 4.395156 8.373122 43571 a
 -0.038782284 0.012067315 -0.014605841 43765 g
 1.8992004 4.292804 8.48146 43769 a
 -0.008954879 -0.008971657 0.009362609 43967 g
 1.8082209 4.3718123 8.553286 43971 a
 -0.008155931 0.0072736256 0.0013731258 44166 g
 1.958457 4.3640313 8.549694 44169 a
 0.0032956619 -0.006308496 -0.0026216158 44364 g
 1.8956091 4.347272 8.5299425 44368 a
 -6.9907977E-4 0.0072736256 -2.2477079E-4 44569 g
 1.8154035 4.3622355 8.498219 44573 a
 0.016877783 -0.026282204 0.015221563 44766 g
 1.7340006 4.1557355 8.607754 44770 a
 -0.0030959249 0.024317857 -0.0042195125 44966 g
 2.0428526 4.3927617 8.499416 44970 a
 -0.022537 -0.021222198 0.016286828 45168 g
 1.6591818 4.571728 8.543709 45172 a
 -0.015879098 -0.027347468 0.010960505 45365 g
 2.2744915 4.341286 8.651448 45377 a
 -0.09817077 -0.056375924 0.04078791 45570 g
 1.8357542 4.300585 8.920197 45574 a
 -0.6134924 0.18703699 -0.05242273 45770 g
 1.0019734 2.5683799 9.094974 45774 a
 -0.31921315 0.08610319 -0.23138715 45967 g
 1.5113398 2.5713725 8.950723 45971 a
 0.19770642 0.1060769 -0.058015365 46166 g
 2.1296425 3.2465374 8.9363575 46168 a
 -0.03958123 -0.5378755 0.111361675 46368 g
 -0.08379706 3.122039 12.35887 46371 a
 0.26055703 2.1194267 -0.04523219 46570 g
 -0.017956512 3.594894 8.965088 46574 a
 -0.0539623 -1.1080582 0.90311944 46768 g
 2.047641 2.5863364 9.035717 46772 a
 0.03418833 -0.05664224 0.20004494 46969 g
 3.7343562 2.509722 8.663419 46973 a
 0.0815926 0.23710443 0.11029641 47168 g
 6.373365 1.7770962 8.336012 47172 a
 -0.5226787 -0.055576976 0.5265485 47367 g
 3.8869865 2.429516 8.258201 47371 a
 0.016078835 -0.023885358 0.45703998 47569 g
 6.125565 1.9632454 7.7051396 47574 a
 -0.05263072 -0.7274925 -0.18025446 47771 g
 5.1984105 -0.533907 7.875128 47775 a
 -0.2603573 1.3854594 0.12893854 47969 g
 1.6406267 0.36272156 8.9758625 47973 a
 -0.27500466 1.0895823 0.11562274 48169 g
 0.7104794 0.19572599 10.049662 48174 a
 -0.10616026 -0.16423395 0.32414824 48369 g
 1.8459295 -0.9888053 9.5385 48374 a
 -0.23372567 0.091163196 0.21362707 48569 g
 1.3431472 -0.6985083 9.577405 48574 a
 -0.14264557 -0.06836015 -0.0130079435 48776 g
 2.5731683 -1.8674773 11.021109 48779 a
 1.0861369 -0.8484 -0.45748952 48970 g
 3.181894 1.5532384 7.744644 48974 a
 1.2509866 0.04242735 -0.9331301 49170 g
 -0.06344634 2.5079262 9.73662 49174 a
 -0.04384229 -0.41537005 0.40617362 49371 g
 5.2002063 4.735132 9.46009 49374 a
 0.45150566 -0.3932658 -1.2934558 49569 g
 1.7555484 5.503671 6.482301 49573 a
 -0.02946122 4.322926 0.2852661 49776 g
 -2.3624785 4.0916905 8.241441 49780 a
 -0.04437492 -0.006841128 0.0096289255 49974 g
 -3.3782187 5.345654 8.379107 49978 a
 -0.04517387 0.053346314 0.34252405 50169 g
 2.8209682 4.495114 7.339425 50174 a
 0.2733402 -1.4239092 0.30816928 50371 g
 0.3286042 3.5865142 8.998607 50384 a
 0.026997795 -0.31603414 0.1909902 50573 g
 1.0007763 3.4632127 8.560468 50577 a
 0.33485922 -0.31337097 0.19631651 50776 g
 1.0342951 5.217564 8.504205 50779 a
 0.31195602 0.053346314 0.13053644 50972 g
 1.3718776 5.270835 8.345589 50977 a
 0.004627242 0.03417155 0.0048352354 51175 g
 1.5520413 4.4382515 8.161834 51179 a
 -0.12853082 0.036834713 -0.026057433 51372 g
 1.7848774 4.9404354 8.300098 51376 a
 -0.16501611 -0.028146416 -0.035644814 51573 g
 1.5682021 4.851251 8.4234 51577 a
 0.053629406 -0.040663272 -0.050292198 51776 g
 1.4556746 4.781221 8.277354 51779 a
 -0.009221195 -0.023352727 -0.013806893 51974 g
 1.4766239 4.9164934 8.346786 51978 a
 0.010752513 -0.0036453349 0.006699448 52174 g
 1.5011644 4.831499 8.376115 52178 a
 0.0088883005 0.004077832 -0.0071489895 52376 g
 1.5035586 4.9254713 8.312668 52380 a
 8.9881686E-4 0.0016809873 0.0035036546 52574 g
 1.4879963 4.88477 8.340201 52578 a
 0.001165133 -0.004444283 0.006699448 52775 g
 1.5490485 4.836886 8.354567 52779 a
 0.014747255 0.008605206 -0.0068826736 52978 g
 1.4915876 4.9242744 8.300697 52982 a
 0.0075567197 -1.8322548E-4 -0.005817409 53175 g
 1.5658079 5.3743844 8.316858 53179 a
 -0.19244668 0.047753673 -0.008214254 53375 g
 1.2174516 4.0222588 8.915408 53378 a
 -1.0356035 0.0879674 -0.1794555 53577 g
 -0.21547815 1.4975731 9.208099 53582 a
 -1.1469237 0.75189346 -0.5594886 53775 g
 -1.6729485 -1.2084733 9.307459 53779 a
 -0.36608478 0.3790509 -0.039905872 53974 g
 -2.4241292 -0.6817489 8.4647 53978 a
 0.19184746 -0.3469268 0.3350672 54178 g
 -2.907758 2.48578 9.996989 54183 a
 0.75830185 0.42991728 0.07114795 54374 g
 -2.6258407 2.3612814 9.038112 54379 a
 0.27919915 0.87759465 -0.49557272 54575 g
 -3.1010897 2.7724855 8.41921 54579 a
 0.0118177775 -0.08433911 -0.50036645 54776 g
 -1.8668787 1.328782 9.925761 54780 a
 -0.16208664 -0.8398779 -0.17972183 54975 g
 -1.1779473 -1.3503298 8.603564 54979 a
 -0.018009627 -0.5242933 -0.058015365 55176 g
 0.44113165 1.0869676 9.680955 55179 a
 -0.08112654 -0.3519868 0.23493235 55377 g
 -0.18195933 1.158195 9.483433 55389 a
 -0.18498982 0.22858231 0.06502268 55575 g
 -1.2683283 0.53570265 9.861717 55579 a
 0.06987469 0.8451041 0.08659428 55775 g
 -2.4917655 0.15861586 9.326612 55779 a
 0.24617594 -0.2776846 -0.44736952 55978 g
 -0.8074445 1.6657659 10.655395 55982 a
 0.080261014 -0.16396762 0.29298925 56176 g
 0.14963761 1.5867572 9.281123 56179 a
 0.105294734 -0.010036921 0.13186802 56375 g
 -0.82360536 0.581791 9.463681 56379 a
 -0.1663477 0.2565455 -0.03724271 56578 g
 -0.6631939 0.34237084 9.76535 56582 a
 -0.09923604 0.022719959 0.09112165 56776 g
 -0.94092125 0.5279215 8.96449 56779 a
 0.060553625 -0.15304866 0.22960603 56976 g
 0.020350715 1.5233108 9.652225 56979 a
 -0.031591747 -0.1932624 -0.6228718 57179 g
 -1.2539631 0.5883751 9.229049 57183 a
 0.032057803 -0.36929736 0.41070098 57377 g
 -0.8331822 0.90500826 9.722853 57381 a
 -0.038515966 0.18597174 -0.26494297 57578 g
 -1.1779473 0.8062474 9.649231 57582 a
 -0.03212438 -0.019890618 0.09991009 57779 g
 -0.9792285 0.760159 9.654618 57785 a
 0.014747255 0.01792627 -0.06733643 57972 g
 -1.0510546 0.76434886 9.616311 57973 a
 0.00409461 -0.02654852 0.043184754 58179 g
 -1.003769 0.7990648 9.688736 58184 a
 -0.0012317119 0.009670471 -0.0047521447 58379 g
 -0.87807345 0.78050977 9.617508 58384 a
 -0.0017643442 -0.005775864 -0.016470054 58577 g
 -1.0289081 0.8170213 9.604341 58581 a
 0.005426191 -0.011901135 0.010161557 58777 g
 -0.85293436 0.7906851 9.627684 58781 a
 -0.0025632926 -0.0060421797 0.0048352354 58981 g
 -1.0283096 0.8002619 9.657013 58986 a
 -1.6644757E-4 -9.821738E-4 0.0027047063 59181 g
 -0.8984242 0.8122329 9.648633 59186 a
 0.003828294 -0.0017811222 -7.5740303E-4 59379 g
 -0.9175778 0.7697359 9.592369 59384 a
 0.0019640813 8.309063E-5 -0.0063500414 59585 g
 -0.87687635 0.7140707 9.646837 59588 a
 0.0030293458 -0.0076400763 0.0016394419 59781 g
 -0.9475053 0.7990648 9.637859 59786 a
 -0.0022969765 6.1572285E-4 0.0035036546 59981 g
 -0.93373865 0.81402856 9.665392 59986 a
 0.005426191 -0.006841128 5.7417754E-4 60322 g
