 0.11558945 -1.6903334 -0.89125186 2 g
 0.38965634 0.3184288 9.980828 4 a
 0.034096718 0.17041728 -0.34849966 113 g
 -0.374094 0.6607997 9.342773 118 a
 5.40888E-4 0.09558245 0.19265467 321 g
 0.3333926 0.55605334 9.345168 325 a
 -0.0061170147 -0.07352828 -0.051557202 519 g
 -0.05267244 0.53689975 9.956287 523 a
 0.016519854 0.11102878 0.01608709 721 g
 0.020350715 0.5554548 10.396821 725 a
 -0.042336006 -0.04876088 -0.13145204 919 g
 -0.061650693 0.38606504 9.771336 923 a
 -0.06843498 -0.13051993 -0.070998274 1118 g
 0.7942764 0.31483752 9.648034 1122 a
 -0.026357038 0.106235094 -0.047562458 1320 g
 -0.7882909 0.34356794 9.762956 1324 a
 0.032232504 0.07294558 0.06642084 1520 g
 0.021547815 0.6596026 9.649231 1524 a
 0.010394584 -0.1582168 -0.05022562 1722 g
 0.27952304 0.3609259 9.706094 1726 a
 -7.906925E-4 -0.035977706 0.024609206 1920 g
 0.2148796 0.54168814 9.720459 1924 a
 0.0021387846 0.020481307 -0.012408732 2121 g
 0.29448682 0.40222588 9.722853 2124 a
 -0.001855957 0.025274996 0.0152881425 2322 g
 0.01436521 0.5781997 9.637859 2334 a
 -7.906925E-4 -0.008813465 -0.015071894 2520 g
 0.16579847 0.5422867 9.706094 2524 a
 -0.00505175 -0.018667161 0.0030376015 2722 g
 0.25917232 0.43394905 9.759365 2729 a
 0.0037366813 0.011959191 -0.007881359 2920 g
 0.1921347 0.52073884 9.660006 2924 a
 0.0013398363 -0.00508504 -0.003087669 3120 g
 0.18076223 0.51954174 9.7162695 3124 a
 8.255799E-6 0.0010402307 0.009162872 3320 g
 0.22026655 0.4950012 9.730036 3324 a
 0.0013398363 2.412824E-4 -6.90824E-4 3520 g
 0.18016368 0.5153519 9.7162695 3524 a
 0.0024051007 -0.0018892465 0.0014397049 3720 g
 0.25498247 0.45669398 9.779716 3724 a
 0.010128268 -0.018400844 0.0014397049 3921 g
 0.24839842 0.6452374 9.648034 3924 a
 -0.0029212213 -0.018134529 -0.015870841 4120 g
 0.20350714 0.50876784 9.7084875 4123 a
 -0.0053180666 0.011692875 0.009429188 4331 g
 0.23942018 0.5470751 9.730635 4348 a
 -0.001855957 0.0031707596 -0.0036203011 4527 g
 0.23702596 0.5303157 9.730635 4531 a
 -0.010910705 0.0026381274 -0.0025550367 4718 g
 0.2100912 0.50158525 9.697116 4722 a
 0.0024051007 0.004768656 -0.0036203011 4922 g
 0.28431144 0.4961983 9.741408 4926 a
 -0.0013233247 -2.5033714E-5 -0.007881359 5121 g
 0.23762453 0.48602295 9.717466 5124 a
 -7.906925E-4 -2.9134983E-4 0.0038365498 5319 g
 0.25797522 0.5069722 9.713276 5323 a
 2.745719E-4 -0.0016229304 -0.0012234562 5519 g
 0.23283611 0.5398925 9.698911 5522 a
 0.0045356294 -0.0024218787 0.0049018143 5723 g
 0.23283611 0.45968673 9.687539 5727 a
 -0.002122273 0.0031707596 -1.5819176E-4 5923 g
 0.22325931 0.4997896 9.729437 5927 a
 0.0010735203 -0.0021555626 6.4075657E-4 6122 g
 0.22864626 0.51954174 9.7084875 6126 a
 5.40888E-4 0.003969708 0.001972337 6320 g
 0.19632454 0.50397944 9.673772 6324 a
 -0.002122273 0.0031707596 -0.0017560885 6523 g
 0.2208651 0.480636 9.69532 6527 a
 0.0013398363 -0.0018892465 -0.0022887206 6722 g
 0.19991584 0.49320555 9.7324295 6726 a
 0.0021387846 -0.0010902982 -1.5819176E-4 6928 g
 0.23702596 0.49799395 9.747394 6932 a
 -0.0026549052 0.0031707596 -0.0017560885 7128 g
 0.19692309 0.47884035 9.705495 7132 a
 0.0018724685 5.075985E-4 -6.90824E-4 7328 g
 0.21068975 0.51475334 9.7240505 7331 a
 -2.5806032E-4 7.739146E-4 -9.571401E-4 7529 g
 0.22984336 0.49081135 9.736021 7532 a
 8.072041E-4 0.00450234 9.070727E-4 7729 g
 0.2184709 0.51954174 9.731832 7733 a
 2.745719E-4 -5.5766595E-4 0.0025049692 7929 g
 0.20649989 0.51834464 9.704298 7933 a
 0.0013398363 -0.003220827 -0.0017560885 8130 g
 0.18854338 0.50278234 9.70789 8134 a
 0.0026714168 0.006100237 0.0014397049 8328 g
 0.21308395 0.48362875 9.679159 8331 a
 -0.0013233247 -0.0026881949 -0.003353985 8530 g
 0.18255788 0.5105635 9.697116 8534 a
 2.745719E-4 -2.9134983E-4 9.070727E-4 8729 g
 0.20410569 0.4758476 9.717466 8733 a
 -2.5806032E-4 -8.2398206E-4 -0.0041529336 8928 g
 0.19632454 0.49679685 9.703699 8932 a
 0.0016061524 0.0053012883 0.0014397049 9130 g
 0.19093758 0.5153519 9.7402115 9134 a
 2.745719E-4 2.412824E-4 -0.0041529336 9331 g
 0.18974048 0.4997896 9.721058 9335 a
 0.0013398363 -0.0037534593 -0.0017560885 9530 g
 0.19512744 0.51475334 9.7007065 9541 a
 0.0018724685 0.0018391791 -1.5819176E-4 9729 g
 0.2088941 0.48123455 9.689933 9732 a
 0.0024051007 -0.0021555626 -9.571401E-4 9926 g
 0.20231004 0.52492875 9.727043 9929 a
 -0.0013233247 -0.0037534593 0.0038365498 10123 g
 0.22625206 0.5129577 9.670779 10128 a
 0.003204049 -0.0010902982 -4.245079E-4 10325 g
 0.18914193 0.49799395 9.661801 10330 a
 -7.906925E-4 -2.9134983E-4 0.0027712854 10527 g
 0.18914193 0.521936 9.697714 10531 a
 -0.0015896409 -0.00641662 -0.0012234562 10724 g
 0.19692309 0.4830302 9.723452 10728 a
 -0.0063833306 0.0058339206 0.0014397049 10925 g
 0.18914193 0.51355624 9.677961 10929 a
 0.0018724685 5.075985E-4 -0.0020224045 11128 g
 0.17417817 0.4854244 9.721058 11131 a
 0.0034703652 0.0055676047 0.001706021 11327 g
 0.23523031 0.47105917 9.725247 11331 a
 -2.5806032E-4 0.001572863 -0.0036203011 11525 g
 0.18195933 0.5117606 9.725846 11529 a
 5.40888E-4 0.0010402307 6.4075657E-4 11729 g
 0.18195933 0.50757074 9.711481 11733 a
 -0.002122273 -0.0045524077 6.4075657E-4 11924 g
 0.19273324 0.50876784 9.765948 11929 a
 0.0018724685 -0.0037534593 1.0812434E-4 12127 g
 0.13826515 0.53450555 9.685743 12131 a
 -0.0034538535 0.004236024 0.0025049692 12328 g
 0.207697 0.5105635 9.722853 12332 a
 -7.906925E-4 -0.0034871432 -6.90824E-4 12526 g
 0.1921347 0.5243302 9.750386 12530 a
 -2.5806032E-4 -8.2398206E-4 0.0011733888 12727 g
 0.19512744 0.5081693 9.7162695 12730 a
 0.0063998424 -0.0010902982 -0.0020224045 12930 g
 0.18555063 0.5009867 9.73662 12934 a
 5.40888E-4 -5.5766595E-4 0.0030376015 13127 g
 0.23283611 0.51355624 9.725247 13131 a
 -0.0010570086 -0.0016229304 -6.90824E-4 13328 g
 0.19752164 0.53091425 9.69532 13332 a
 5.40888E-4 0.0023718113 0.0022386531 13530 g
 0.20709845 0.5363012 9.693524 13534 a
 0.0010735203 0.001572863 -1.5819176E-4 13727 g
 0.18435353 0.5189432 9.738416 13731 a
 -0.0015896409 -0.0013566143 9.070727E-4 13927 g
 0.20649989 0.4973954 9.69113 13931 a
 0.0024051007 -0.0010902982 -0.0017560885 14119 g
 0.1592144 0.50397944 9.729437 14120 a
 0.0021387846 0.004768656 -4.245079E-4 14334 g
 0.18016368 0.50637364 9.754577 14338 a
 0.0048019458 0.0018391791 0.001706021 14529 g
 0.16220717 0.5303157 9.722853 14532 a
 -7.906925E-4 -0.0053513558 0.0014397049 14729 g
 0.19273324 0.5243302 9.685144 14733 a
 0.003204049 -5.5766595E-4 0.0033039176 14927 g
 0.18136078 0.50637364 9.737218 14931 a
 -0.0013233247 2.412824E-4 0.0025049692 15126 g
 0.19393034 0.5009867 9.702502 15130 a
 0.002937733 -0.0021555626 0.001706021 15330 g
 0.15322891 0.5243302 9.701305 15336 a
 -0.0013233247 -0.0013566143 0.0011733888 15528 g
 0.19991584 0.51834464 9.704298 15532 a
 0.004002997 -8.2398206E-4 -9.571401E-4 15728 g
 0.1945289 0.50278234 9.715671 15732 a
 0.0018724685 7.739146E-4 0.001706021 15923 g
 0.23523031 0.4938041 9.691729 15924 a
 -7.906925E-4 -0.010411362 -0.0014897723 16128 g
 0.21188685 0.53330845 9.731233 16132 a
 -0.004519118 0.0037033919 -0.0014897723 16328 g
 0.18854338 0.49200845 9.69532 16332 a
 0.0021387846 0.003969708 -0.0022887206 16532 g
 0.17717093 0.52073884 9.679757 16538 a
 8.072041E-4 0.0127581395 -0.003353985 16730 g
 0.17776948 0.50876784 9.720459 16735 a
 0.0024051007 0.0021054952 -0.0012234562 16929 g
 0.17178397 0.533907 9.733028 16934 a
 0.0042693135 -0.002954511 -0.0049518817 17132 g
 0.17357962 0.5069722 9.696517 17137 a
 -0.0029212213 -0.0026881949 -1.5819176E-4 17330 g
 -0.092176765 0.6027403 9.85214 17335 a
 0.0082640555 -0.04476614 0.028071316 17532 g
 0.41120413 0.8295909 9.500193 17537 a
 -0.09000659 -0.027189277 -0.008680307 17732 g
 0.09816227 0.2208651 9.767744 17737 a
 -0.19573408 0.036193956 -0.016669791 17932 g
 -0.20171149 -0.10175357 9.76535 17937 a
 -0.08867501 0.1922552 -0.032116126 18130 g
 -0.26635495 0.17417817 9.68694 18135 a
 0.05779885 -0.06740301 -0.045165613 18332 g
 0.05746084 0.094570965 9.56304 18339 a
 0.11718734 -0.0042860913 0.0030376015 18532 g
 -0.19991584 0.480636 10.692505 18536 a
 -0.026357038 0.43140706 -0.0102782035 18731 g
 0.15083471 0.92775315 10.274118 18736 a
 -0.13368243 -0.015471368 0.033663955 18934 g
 -0.7428011 0.2777274 9.586384 18938 a
 -0.0455318 -0.09057251 0.22035155 19131 g
 -0.5722142 0.19512744 9.724648 19132 a
 -0.004519118 0.020481307 -0.009212939 19334 g
 -0.45130703 0.23702596 9.673173 19338 a
 -0.012774917 -0.028520858 -0.033714022 19539 g
 -0.5602432 0.19752164 9.69951 19543 a
 0.009063004 0.01755183 0.0195492 19733 g
 -0.59136784 0.2765303 9.709086 19740 a
 -7.906925E-4 -0.011742942 -0.010810836 19934 g
 -0.5686229 0.23822308 9.665991 19941 a
 -0.0013233247 0.004768656 0.006499711 20137 g
 -0.59256494 0.23942018 9.682152 20141 a
 -0.0015896409 7.739146E-4 3.7444045E-4 20334 g
 -0.54527944 0.23642741 9.727043 20339 a
 8.072041E-4 -0.0021555626 -9.571401E-4 20538 g
 -0.5446809 0.23942018 9.698911 20541 a
 0.0024051007 -0.009346098 -0.0025550367 20738 g
 -0.57281274 0.25558102 9.7007065 20742 a
 -5.243764E-4 -0.008813465 -0.0017560885 20935 g
 -0.54527944 0.23104046 9.731233 20939 a
 0.003204049 0.004768656 0.004369182 21135 g
 -0.54647654 0.19692309 9.6845455 21140 a
 -0.0047854343 0.0018391791 -0.0014897723 21339 g
 -0.54527944 0.24241292 9.679757 21344 a
 0.004002997 -0.0013566143 9.070727E-4 21538 g
 -0.55844754 0.23762453 9.713276 21542 a
 -0.002122273 -0.0013566143 0.0011733888 21736 g
 -0.5674258 0.2208651 9.721058 21740 a
 0.0013398363 2.412824E-4 -0.0028213528 21932 g
 -0.56682724 0.20949265 9.72824 21937 a
 -0.002122273 0.0010402307 -4.245079E-4 22137 g
 -0.51714754 0.20709845 9.703699 22140 a
 0.0026714168 -0.0098787295 0.0025049692 22337 g
 -0.5746084 0.2148796 9.704897 22341 a
 5.40888E-4 -0.0040197754 0.008363924 22535 g
 -0.54408234 0.23762453 9.6923275 22538 a
 -2.5806032E-4 -0.0010902982 -9.571401E-4 22740 g
 -0.54767364 0.26635495 9.686341 22743 a
 0.0034703652 -0.0066829366 -0.0025550367 22938 g
 -0.46567222 0.19812019 9.68694 22941 a
 0.0042693135 -0.005617672 -0.0070824106 23140 g
 -0.51475334 0.23942018 9.673173 23144 a
 -0.008247543 -2.5033714E-5 0.008896556 23338 g
 -0.54168814 0.22445641 9.71986 23342 a
 8.255799E-6 0.008497082 -0.0017560885 23538 g
 -0.5590461 0.21428105 9.710283 23542 a
 -0.001855957 -2.5033714E-5 0.001706021 23741 g
 -0.51954174 0.22385786 9.671976 23745 a
 0.0034703652 0.0026381274 -4.245079E-4 23939 g
 -0.5303157 0.25019407 9.694721 23942 a
 -0.0031875374 -5.5766595E-4 0.004635498 24139 g
 -0.55725044 0.22146365 9.70789 24142 a
 -5.243764E-4 0.004236024 -0.0028213528 24339 g
 -0.57400984 0.24241292 9.683948 24343 a
 -2.5806032E-4 -5.5766595E-4 0.0011733888 24539 g
 -0.50397944 0.21428105 9.709086 24543 a
 0.002937733 0.0026381274 1.0812434E-4 24743 g
 -0.5805939 0.219668 9.723452 24747 a
 0.0018724685 -0.0024218787 0.0035702337 24943 g
 -0.5494693 0.219668 9.70789 24947 a
 8.255799E-6 -0.0040197754 -0.0014897723 25140 g
 -0.545878 0.21787235 9.712678 25144 a
 0.0048019458 0.0021054952 0.010228137 25340 g
 -0.51954174 0.20590134 9.709086 25344 a
 0.007731423 -2.5033714E-5 -0.0014897723 25541 g
 -0.5590461 0.2172738 9.704897 25544 a
 -0.0010570086 -2.9134983E-4 0.009162872 25741 g
 -0.5398925 0.30346507 9.739014 25744 a
 -0.008247543 -0.012275575 -0.005484514 25942 g
 -0.50278234 0.23403321 9.7162695 25947 a
 5.40888E-4 -0.0040197754 -0.008147675 26141 g
 -0.5231331 0.20350714 9.677961 26145 a
 -0.008247543 -0.009612413 -0.006283462 26341 g
 -0.492607 0.18375498 9.704897 26345 a
 0.0069324747 0.013290771 0.010494453 26541 g
 -0.6015432 0.23822308 9.733627 26544 a
 0.0045356294 0.004768656 0.004369182 26743 g
 -0.5530606 0.24839842 9.706693 26748 a
 -0.0034538535 -0.0010902982 0.004635498 26941 g
 -0.62249243 0.26635495 9.713276 26945 a
 -0.0047854343 -0.027721908 -0.04063824 27141 g
 -0.43993455 0.23223756 9.690532 27145 a
 -0.0143728135 -0.03437981 -0.04596456 27344 g
 -0.3878607 0.24720132 9.782708 27348 a
 8.072041E-4 -0.009079781 -0.009479255 27548 g
 -0.46028528 0.12928689 9.67856 27552 a
 -0.014106498 0.0071655014 -0.0036203011 27742 g
 0.17717093 0.25498247 9.461287 27745 a
 0.005600894 -0.014406104 -0.027322434 27945 g
 -0.57281274 0.15322891 9.975441 27949 a
 -0.017834924 -0.029852437 -0.008147675 28142 g
 -0.30945057 0.22026655 9.737817 28147 a
 0.010394584 -0.038108237 -0.027322434 28342 g
 -0.37349546 0.29568392 9.633071 28347 a
 0.013590377 0.008497082 -0.02971928 28545 g
 -0.3788824 0.3453636 9.670779 28550 a
 -0.0047854343 -2.5033714E-5 0.03952291 28741 g
 -0.374094 0.20111294 9.698911 28745 a
 -0.007448595 -0.022129271 0.028870264 28942 g
 -0.4794389 0.016759412 9.731233 28945 a
 -0.004252802 -0.017601896 -0.047828775 29142 g
 -0.45250413 0.18614918 9.691729 29146 a
 0.026906183 -0.018400844 0.011027085 29339 g
 -0.53450555 0.23463176 9.701305 29342 a
 0.020514596 0.043384492 0.007298659 29540 g
 -0.6386533 0.26994625 9.735423 29541 a
 -2.5806032E-4 0.006100237 -0.013473997 29752 g
 -0.504578 0.18495208 9.698911 29760 a
 -0.013840182 -0.015205052 0.0022386531 29949 g
 -0.5255273 0.24839842 9.7162695 29953 a
 0.012791429 0.0633582 0.014489194 30144 g
 -0.55725044 0.24061728 9.679159 30148 a
 0.007465107 0.025274996 0.07627453 30348 g
 -0.74639237 0.32441434 9.716867 30352 a
 0.0026714168 0.026872894 0.044582915 30544 g
 -0.7428011 0.31064767 9.662998 30549 a
 8.255799E-6 -0.0061503043 0.007298659 30744 g
 -0.7206547 0.19033903 9.682152 30749 a
 -0.010111757 -0.0034871432 0.0035702337 30948 g
 -0.6679823 0.33159694 9.716867 30952 a
 -0.008780176 -0.016270317 -0.006283462 31144 g
 -0.7188591 0.19093758 9.683349 31148 a
 0.0024051007 0.006632869 -0.003353985 31344 g
 -0.5883751 0.20530279 9.721656 31349 a
 0.015188274 -2.9134983E-4 -0.015338209 31548 g
 -0.7422025 0.2112883 9.737817 31552 a
 -0.0114433365 -0.055418786 0.02301131 31744 g
 -0.44891283 0.1400608 9.646238 31749 a
 -0.025824407 -0.0474293 -0.007881359 31944 g
 -0.31783026 0.24959552 9.553463 31949 a
 -0.03434652 -0.05888089 0.032865006 32147 g
 -0.36870706 0.093972415 9.6767645 32152 a
 -0.0055843825 -0.005883988 -0.030251913 32344 g
 -0.47285482 0.30645782 9.707291 32349 a
 -0.0029212213 0.026872894 0.008363924 32544 g
 -0.6452374 0.27593175 9.674969 32549 a
 -2.5806032E-4 0.045781337 -0.003353985 32748 g
 -0.4321534 0.2825158 9.719262 32752 a
 0.0010735203 0.03752554 0.0027712854 32944 g
 -0.58897364 0.24660277 9.931747 32949 a
 0.05806517 -0.0407714 -0.122929916 33145 g
 -1.2000936 0.03172317 9.664794 33152 a
 0.08922415 -0.14063993 -0.15169206 33348 g
 0.078410104 0.78888947 9.646837 33352 a
 0.1677874 -0.06181037 -0.012142417 33544 g
 -0.02932897 0.7278373 9.3661175 33548 a
 -0.048993908 0.051373973 -0.11653833 33744 g
 -0.1412579 1.0887632 9.789292 33749 a
 0.041020937 -0.124394655 0.07840506 33951 g
 -0.39683893 0.8194155 9.824607 33955 a
 0.044483047 0.031133952 0.0123586655 34149 g
 -0.26994625 0.6194997 9.64983 34154 a
 0.0050682616 -0.0128082065 0.0059670787 34343 g
 -0.21068975 0.75596917 9.7084875 34348 a
 -0.012242286 0.015953932 0.01342393 34552 g
 -0.19393034 0.89782566 9.701305 34556 a
 0.008796687 -0.007748201 -0.006017146 34752 g
 -0.24779987 0.8690952 9.697116 34760 a
 -0.002388589 -0.0016229304 -0.0020224045 34947 g
 -0.16160862 0.8379706 9.733627 34952 a
 -0.004252802 0.006632869 -0.006017146 35152 g
 -0.26036942 0.7721301 9.662998 35156 a
 0.0010735203 -0.011476627 -0.0046855654 35347 g
 -0.31783026 0.7906851 9.697714 35352 a
 0.0010735203 0.004236024 -0.0012234562 35549 g
 -0.16220717 0.79487497 9.656414 35553 a
 0.0042693135 0.0050349724 9.070727E-4 35752 g
 -0.29987377 0.78290397 9.716867 35755 a
 0.002937733 -0.0048187235 -0.0012234562 35949 g
 -0.17597382 0.8265981 9.687539 35954 a
 -0.0034538535 -0.012275575 0.0030376015 36151 g
 -0.21308395 0.79487497 9.702502 36155 a
 0.009861952 0.01408972 0.007831291 36354 g
 -0.22984336 0.75596917 9.671378 36358 a
 0.005334578 7.739146E-4 0.007032343 36551 g
 -0.24959552 0.81881696 9.702502 36555 a
 0.006133526 -0.00508504 -0.0041529336 36751 g
 -0.17597382 0.75956047 9.703101 36755 a
 -0.0029212213 -0.0026881949 0.0030376015 36952 g
 -0.25438392 0.7966706 9.683349 36955 a
 0.0013398363 -2.5033714E-5 0.0027712854 37154 g
 -0.17896658 0.79367787 9.674371 37158 a
 0.002937733 0.009029713 0.008097608 37352 g
 -0.24361002 0.8170213 9.697714 37355 a
 -0.003986486 5.075985E-4 -0.008946624 37554 g
 -0.25079262 0.7673417 9.702502 37558 a
 8.072041E-4 -0.009079781 -0.0020224045 37752 g
 -0.219668 0.83258367 9.712678 37755 a
 -0.0010570086 0.0037033919 -0.0020224045 37952 g
 -0.2148796 0.7757214 9.727641 37955 a
 8.255799E-6 -0.0061503043 0.0059670787 38157 g
 -0.23283611 0.8122329 9.7084875 38161 a
 2.745719E-4 0.0034370758 0.004102866 38352 g
 -0.20231004 0.74758947 9.71986 38357 a
 -0.0015896409 7.739146E-4 0.0033039176 38553 g
 -0.19931729 0.84096336 9.675568 38556 a
 -0.0010570086 0.0029044435 -4.245079E-4 38755 g
 -0.22026655 0.78290397 9.718064 38760 a
 0.0018724685 0.003969708 0.0057007624 38952 g
 -0.22385786 0.79846627 9.726444 38956 a
 -0.0013233247 -0.0074818847 -0.003087669 39152 g
 -0.2184709 0.7978677 9.710882 39156 a
 2.745719E-4 -0.0034871432 -0.0025550367 39355 g
 -0.2112883 0.801459 9.68275 39359 a
 -7.906925E-4 0.0076981336 0.0025049692 39554 g
 -0.18195933 0.7918822 9.683349 39558 a
 -0.002122273 -0.0034871432 0.001972337 39754 g
 -0.1945289 0.8098387 9.709086 39765 a
 0.0013398363 0.008230765 -0.0012234562 39953 g
 -0.23283611 0.801459 9.682152 39957 a
 -0.0013233247 -0.002954511 0.0030376015 40154 g
 -0.2621651 0.7823054 9.681553 40159 a
 0.0021387846 0.0010402307 -4.245079E-4 40358 g
 -0.24061728 0.81163436 9.749189 40361 a
 5.40888E-4 -0.0040197754 -0.003087669 40558 g
 -0.22266077 0.79487497 9.687539 40562 a
 0.00586721 -2.5033714E-5 3.7444045E-4 40752 g
 -0.23104046 0.7846996 9.687539 40756 a
 -0.0058506983 -0.0053513558 0.001706021 40953 g
 -0.23403321 0.7954735 9.697116 40957 a
 0.0045356294 -0.0034871432 -0.0022887206 41156 g
 -0.19991584 0.80445176 9.701305 41160 a
 8.072041E-4 -0.0024218787 -0.0038866173 41373 g
 -0.21308395 0.8146271 9.701904 41377 a
 -0.002122273 -0.0026881949 0.0057007624 41556 g
 -0.25977087 0.84575176 9.697116 41560 a
 0.0010735203 7.739146E-4 0.0022386531 41757 g
 -0.24839842 0.80804306 9.7402115 41761 a
 -0.002388589 -0.0026881949 -0.0070824106 41953 g
 -0.24839842 0.7721301 9.668983 41957 a
 -0.0029212213 0.012225507 0.0027712854 42157 g
 -0.19393034 0.81402856 9.698313 42161 a
 -0.0013233247 -0.0066829366 -0.0070824106 42361 g
 -0.2669535 0.84335756 9.651027 42365 a
 0.002937733 -0.0037534593 -0.0012234562 42557 g
 -0.22685061 0.79008657 9.69113 42561 a
 -0.0026549052 0.0021054952 0.001706021 42758 g
 -0.24779987 0.79726917 9.698313 42761 a
 -0.002388589 0.0037033919 -0.009212939 42954 g
 -0.20709845 0.79966336 9.665991 42958 a
 0.0010735203 0.006632869 0.0014397049 43158 g
 -0.24361002 0.80564886 9.677363 43162 a
 0.003204049 -0.00641662 -0.0020224045 43361 g
 -0.19512744 0.81043726 9.689933 43364 a
 -5.243764E-4 0.009562346 0.0011733888 43560 g
 -0.2208651 0.80684596 9.713875 43564 a
 -0.0037201697 7.739146E-4 -0.0017560885 43759 g
 -0.24839842 0.82121116 9.701305 43762 a
 0.0026714168 -2.5033714E-5 3.7444045E-4 43954 g
 -0.22026655 0.81043726 9.710283 43958 a
 -5.243764E-4 5.075985E-4 0.0033039176 44161 g
 -0.20949265 0.81522566 9.718064 44164 a
 -2.5806032E-4 0.0013065469 -0.0014897723 44360 g
 -0.2184709 0.7882909 9.712678 44363 a
 0.0021387846 0.0013065469 -0.0028213528 44560 g
 -0.21906945 0.81283146 9.722255 44563 a
 2.745719E-4 -0.0018892465 -0.0012234562 44761 g
 -0.22385786 0.79248077 9.7240505 44774 a
 8.072041E-4 -0.0061503043 -9.571401E-4 44958 g
 -0.219668 0.80445176 9.685144 44962 a
 -0.0026549052 -0.008280833 -4.245079E-4 45160 g
 -0.22625206 0.81881696 9.718064 45164 a
 0.0034703652 2.412824E-4 1.0812434E-4 45362 g
 -0.22804771 0.80564886 9.685743 45367 a
 2.745719E-4 -0.0013566143 0.001706021 45561 g
 -0.20590134 0.81163436 9.7084875 45564 a
 -0.0010570086 7.739146E-4 -0.0020224045 45761 g
 -0.21787235 0.8002619 9.702502 45764 a
 -5.243764E-4 -0.0013566143 1.0812434E-4 45957 g
 -0.20590134 0.82360536 9.698313 45959 a
 8.072041E-4 -0.0013566143 0.0011733888 46161 g
 -0.24480712 0.81881696 9.687539 46164 a
 -5.243764E-4 -0.0010902982 0.001706021 46361 g
 -0.23223756 0.78649527 9.68275 46365 a
 -5.243764E-4 -0.0013566143 6.4075657E-4 46564 g
 -0.23942018 0.79487497 9.711481 46570 a
 -3.4141724E-4 0.0011150655 -5.7444384E-4 46763 g
 -0.23044191 0.7858967 9.710882 46768 a
 7.238472E-4 -2.1651499E-4 7.571367E-4 46960 g
 -0.23822308 0.81343 9.67018 46964 a
 1.9121496E-4 0.0013813816 -0.0019060244 47164 g
 -0.22325931 0.8242039 9.704298 47169 a
 -7.510114E-5 -0.0036786243 -4.181163E-5 47362 g
 -0.24720132 0.8098387 9.685144 47365 a
 0.0023217439 -0.0015480955 2.2450447E-4 47561 g
 -0.23403321 0.81522566 9.720459 47565 a
 -6.077334E-4 -0.0020807278 0.0031539816 47761 g
 -0.25019407 0.80804306 9.67856 47765 a
 4.5753107E-4 -0.0036786243 -0.0016397083 47962 g
 -0.23283611 0.80445176 9.6767645 47966 a
 -0.0019393138 3.1611722E-4 2.2450447E-4 48162 g
 -0.22385786 0.81343 9.6845455 48165 a
 -6.077334E-4 3.1611722E-4 2.2450447E-4 48364 g
 -0.23463176 0.82360536 9.67856 48370 a
 -6.077334E-4 0.0011150655 -5.7444384E-4 48562 g
 -0.24121583 0.7966706 9.718663 48565 a
 -0.0011403656 0.004577175 0.0018224011 48762 g
 -0.23523031 0.82899237 9.700109 48765 a
 -0.0030045784 0.0037782267 -0.0013733922 48965 g
 -0.25617957 0.79846627 9.712079 48969 a
 0.0015227955 0.0029792783 0.0018224011 49162 g
 -0.24959552 0.842759 9.717466 49165 a
 -0.0016729978 -0.002347044 0.0023550333 49362 g
 -0.25797522 0.8110358 9.689933 49365 a
 -0.0032708945 0.0035119106 0.0018224011 49564 g
 -0.23582886 0.80325466 9.69113 49569 a
 -3.4141724E-4 0.0032455944 0.0031539816 49762 g
 -0.23223756 0.80086046 9.700109 49765 a
 -7.510114E-5 0.0029792783 -5.7444384E-4 49962 g
 -0.23163901 0.7942764 9.715072 49966 a
 -0.0030045784 0.0016476978 0.001556085 50164 g
 -0.26396075 0.7846996 9.674969 50169 a
 0.0033870083 -0.003145992 0.001556085 50362 g
 -0.20410569 0.79607207 9.727043 50365 a
 -0.0016729978 0.0029792783 0.0026213494 50562 g
 -0.22924481 0.8086416 9.65821 50565 a
 -0.0019393138 -0.0020807278 0.0010234528 50764 g
 -0.24480712 0.7990648 9.731832 50769 a
 -6.077334E-4 -0.0036786243 -3.0812772E-4 50962 g
 -0.23163901 0.82240826 9.704897 50966 a
 -0.0030045784 0.0061750715 0.0020887172 51164 g
 -0.22864626 0.81881696 9.720459 51169 a
 -0.0014066817 0.004843491 -0.003503921 51369 g
 -0.2184709 0.82719666 9.718663 51373 a
 9.901633E-4 -7.491472E-4 0.0020887172 51564 g
 -0.23104046 0.79607207 9.683948 51569 a
 1.9121496E-4 0.002446646 0.0010234528 51764 g
 -0.23403321 0.79726917 9.697714 51771 a
 0.0012564794 -0.0010154633 4.9082056E-4 51967 g
 -0.23463176 0.7781156 9.698911 51971 a
 -7.510114E-5 0.0037782267 0.001556085 52164 g
 -0.22565351 0.80804306 9.715671 52168 a
 0.00258806 -4.828311E-4 0.004219246 52372 g
 -0.21787235 0.79487497 9.661202 52375 a
 -0.0011403656 -0.0044775726 -0.0027049726 52569 g
 -0.23762453 0.8158242 9.704298 52573 a
 7.238472E-4 0.002446646 7.571367E-4 52765 g
 -0.25797522 0.81642276 9.688137 52771 a
 -0.0019393138 0.0040445426 0.001556085 52967 g
 -0.207697 0.81881696 9.680955 52971 a
 0.003561978 0.0022136194 -0.0010237191 53170 g
 -0.23822308 0.8038532 9.705495 53173 a
 -4.3276369E-4 8.309063E-5 -7.5740303E-4 53364 g
 -0.21068975 0.7990648 9.726444 53369 a
 -0.0017643442 8.8203896E-4 3.0786142E-4 53569 g
 -0.22026655 0.82480246 9.704298 53573 a
 8.9881686E-4 -7.158577E-4 0.001905758 53771 g
 -0.24361002 0.8062474 9.677363 53774 a
 0.0022303974 -0.0031127026 -0.0015563513 53969 g
 -0.26276365 0.8283938 9.698313 53972 a
 6.3250074E-4 -0.0020474382 -0.0023552997 54168 g
 -0.24061728 0.8122329 9.709086 54172 a
 -1.6644757E-4 -4.4954158E-4 4.1545314E-5 54375 g
 -0.23702596 0.8038532 9.687539 54379 a
 -0.0025632926 6.1572285E-4 -7.5740303E-4 54571 g
 -0.23702596 0.7942764 9.722853 54575 a
 8.9881686E-4 -0.0031127026 -0.0026216158 54770 g
 -0.24839842 0.78050977 9.668385 54780 a
 0.0019640813 8.309063E-5 -0.0050184606 54971 g
 -0.1933318 0.7882909 9.69532 54975 a
 -0.0028296087 0.0014146712 -0.0020889835 55173 g
 -0.17776948 0.8242039 9.695918 55176 a
 0.0024967135 0.0046104644 -0.005284777 55373 g
 -0.40462008 0.8900445 9.715671 55376 a
 -0.0046938215 -0.023619043 0.016553143 55572 g
 -0.1933318 0.6955156 9.703101 55577 a
 0.0027630297 0.032307338 0.0029710224 55771 g
 -0.2717419 0.9163807 9.680356 55774 a
 -6.9907977E-4 0.019257851 0.004568919 55970 g
 -0.15861586 0.85772276 9.704298 55974 a
 0.016611468 0.013931528 0.0011068097 56172 g
 -0.43275195 0.8475474 9.677961 56176 a
 0.0088883005 0.019790482 -0.0063500414 56371 g
 -0.3585317 0.83497787 9.69951 56375 a
 -0.001498028 -0.020156933 3.0786142E-4 56572 g
 -0.31663316 0.8415619 9.64983 56575 a
 3.6618466E-4 0.016062057 0.0048352354 56774 g
 -0.30226797 0.82001406 9.6923275 56778 a
 -0.0041611893 -0.004976915 -0.0100784665 56971 g
 -0.26994625 0.8415619 9.680356 56975 a
 6.3250074E-4 0.0032788839 0.004568919 57171 g
 -0.1604115 0.8475474 9.643246 57175 a
 0.011551461 0.00833889 -0.010344783 57373 g
 -0.4297592 0.6925228 9.722255 57377 a
 -0.011351724 -0.030543262 0.008031028 57574 g
 -0.36750996 0.98102415 9.654618 57579 a
 -0.024134897 -0.031608526 0.0154878795 57772 g
 -0.11133038 0.89603 9.704298 57776 a
 0.016611468 -0.015096927 -0.015671104 57973 g
 -0.15203181 0.59855044 9.706693 57976 a
 0.0016977652 0.010469419 4.1545314E-5 58172 g
 -0.23702596 0.7356185 9.685144 58177 a
 -0.0054927696 -0.003911651 0.00723208 58373 g
 -0.20709845 0.78769237 9.710283 58377 a
 -0.0052264538 0.0075399415 0.0053678676 58578 g
 -0.26755205 0.81642276 9.72824 58581 a
 9.986854E-5 6.1572285E-4 -0.0012900352 58772 g
 -0.22565351 0.80684596 9.704298 58775 a
 0.003828294 0.0019473034 -2.2477079E-4 58973 g
 -0.21428105 0.770933 9.701904 58977 a
 0.00409461 0.0024799355 -0.0026216158 59173 g
 -0.27593175 0.79248077 9.700109 59176 a
 -6.9907977E-4 -0.0015148061 -0.003154248 59367 g
 -0.21906945 0.80564886 9.70789 59369 a
 -0.0022969765 0.0011483551 -0.0018226674 59567 g
 -0.25617957 0.8026561 9.68275 59570 a
 -9.653959E-4 -0.0015148061 -7.5740303E-4 59774 g
 -0.24480712 0.8265981 9.657013 59786 a
 -4.3276369E-4 -0.0036453349 -0.002887932 59976 g
 -0.22385786 0.7823054 9.68694 59979 a
 -0.0017643442 3.4940674E-4 -2.2477079E-4 60302 g
